0.12 0.5833
0.24 0.5399000000000003
0.33999999999999997 0.5842
0.33999999999999997 0.5801999999999999
0.33999999999999997 0.6138999999999993
0.26 0.6291999999999994
0.26 0.6273999999999997
0.33999999999999997 0.6397999999999997
0.33999999999999997 0.6679999999999997
0.33999999999999997 0.6395999999999993
0.36 0.6374999999999992
0.26 0.6034999999999994
0.28 0.6152999999999993
0.28 0.6298999999999992
0.36 0.6490999999999993
0.36 0.6568999999999992
0.36 0.6271999999999993
0.31999999999999995 0.6325999999999998
0.4 0.6642999999999993
0.36 0.6643999999999991
0.33999999999999997 0.6669999999999991
0.33999999999999997 0.6206999999999997
0.24 0.6278999999999997
0.24 0.6506000000000001
0.24 0.6227999999999995
0.26 0.6178999999999996
0.26 0.6578999999999995
0.26 0.6655999999999994
0.45999999999999996 0.6787999999999995
0.4 0.6451999999999994
0.48 0.6409999999999992
0.14 0.6171999999999997
0.33999999999999997 0.6539999999999992
0.36 0.6580999999999994
0.38 0.6529999999999991
0.42000000000000004 0.686699999999999
0.36 0.6701999999999992
0.48 0.6492999999999993
0.33999999999999997 0.6111999999999999
0.33999999999999997 0.6020999999999992
0.36 0.6053000000000001
0.33999999999999997 0.6048999999999997
0.33999999999999997 0.5692999999999997
0.42000000000000004 0.6289999999999994
0.42000000000000004 0.6025999999999994
0.42000000000000004 0.5968999999999997
0.18000000000000005 0.5675999999999997
0.18000000000000005 0.5574999999999997
0.14 0.5490000000000003
0.33999999999999997 0.4951999999999998
0.020000000000000018 0.46519999999999956
0.020000000000000018 0.4587999999999993
0.020000000000000018 0.47179999999999933
0.020000000000000018 0.5153999999999995
0.020000000000000018 0.45139999999999963
0.020000000000000018 0.3382999999999995
0.020000000000000018 0.3732999999999997
0.040000000000000036 0.2839999999999999
0.040000000000000036 0.3368000000000002
0.040000000000000036 0.26539999999999997
0.040000000000000036 0.31219999999999987
0.040000000000000036 0.31660000000000016
0.020000000000000018 0.3104000000000002
0.040000000000000036 0.21189999999999984
0.040000000000000036 0.3490999999999998
0.12 0.35789999999999983
0.28 0.35789999999999983
0.16000000000000003 0.34370000000000006
0.21999999999999997 0.349100000000001
0.30000000000000004 0.3443000000000012
0.24 0.3874000000000008
0.18000000000000005 0.3718000000000007
0.12 0.36220000000000085
0.16000000000000003 0.3937000000000005
0.16000000000000003 0.35060000000000113
0.16000000000000003 0.34290000000000126
0.19999999999999996 0.3315000000000016
0.19999999999999996 0.353100000000001
0.09999999999999998 0.359400000000001
0.12 0.35200000000000087
0.12 0.3074000000000013
0.020000000000000018 0.272100000000001
0.020000000000000018 0.2526000000000008
0.020000000000000018 0.2517000000000005
0.020000000000000018 0.22290000000000038
0.040000000000000036 0.1948000000000002
0.06000000000000005 0.3435999999999998
0.040000000000000036 0.1667999999999999
0.020000000000000018 0.33249999999999963
0.040000000000000036 0.3463999999999996
0.040000000000000036 0.3398
0.040000000000000036 0.207
0.06000000000000005 0.2990000000000004
0.040000000000000036 0.2518999999999999
0.040000000000000036 0.21030000000000001
0.040000000000000036 0.1894
0.06000000000000005 0.26449999999999974
0.040000000000000036 0.17720000000000005
0.040000000000000036 0.14900000000000008
0.040000000000000036 0.12710000000000002
0.040000000000000036 0.2763999999999997
0.020000000000000018 0.26150000000000007
0.020000000000000018 0.4140999999999995
0.020000000000000018 0.3620999999999998
0.020000000000000018 0.2798999999999999
0.040000000000000036 0.26580000000000004
0.040000000000000036 0.29699999999999993
0.040000000000000036 0.3216999999999997
0.040000000000000036 0.2377999999999998
0.040000000000000036 0.19489999999999977
0.040000000000000036 0.16839999999999988
0.020000000000000018 0.28429999999999983
0.040000000000000036 0.1591999999999999
0.040000000000000036 0.14559999999999987
0.040000000000000036 0.1447
0.040000000000000036 0.11899999999999997
0.040000000000000036 0.10439999999999997
0.040000000000000036 0.11920000000000001
0.040000000000000036 0.08780000000000003
0.040000000000000036 0.05750000000000005
0.040000000000000036 0.04490000000000003
0.040000000000000036 0.03759999999999999
0.040000000000000036 0.4318999999999991
0.020000000000000018 0.3925999999999994
0.040000000000000036 0.08170000000000012
0.040000000000000036 0.06910000000000005
0.040000000000000036 0.052399999999999995
0.040000000000000036 0.23309999999999992
0.040000000000000036 0.1215000000000001
0.040000000000000036 0.081
0.040000000000000036 0.33789999999999987
0.040000000000000036 0.37759999999999944
0.36 0.4734999999999996
0.42000000000000004 0.4499999999999995
0.020000000000000018 0.42959999999999954
0.020000000000000018 0.4112999999999999
0.040000000000000036 0.42749999999999977
0.06000000000000005 0.3978000000000003
0.06000000000000005 0.4282
0.040000000000000036 0.3880000000000002
0.21999999999999997 0.46260000000000007
0.21999999999999997 0.4647000000000002
0.24 0.4482000000000002
0.24 0.44340000000000046
0.06000000000000005 0.4171000000000004
0.12 0.4221000000000002
0.12 0.4106000000000003
0.12 0.38540000000000013
0.040000000000000036 0.33460000000000045
0.040000000000000036 0.2696000000000005
0.040000000000000036 0.22730000000000036
0.06000000000000005 0.2923999999999998
0.06000000000000005 0.1683
0.06000000000000005 0.3544999999999995
0.07999999999999996 0.29979999999999984
0.06000000000000005 0.2298000000000001
0.040000000000000036 0.26560000000000034
0.040000000000000036 0.3334000000000006
0.040000000000000036 0.3286000000000008
0.040000000000000036 0.3095000000000005
0.040000000000000036 0.2124000000000001
0.040000000000000036 0.21530000000000007
0.040000000000000036 0.19680000000000006
0.040000000000000036 0.2191
0.040000000000000036 0.2785
0.040000000000000036 0.25830000000000014
0.040000000000000036 0.27540000000000003
0.040000000000000036 0.35639999999999994
0.040000000000000036 0.18859999999999985
0.040000000000000036 0.19669999999999985
0.040000000000000036 0.18119999999999992
0.040000000000000036 0.15919999999999981
0.040000000000000036 0.12439999999999983
0.040000000000000036 0.0887999999999999
0.040000000000000036 0.1527
0.040000000000000036 0.10629999999999999
0.040000000000000036 0.08939999999999998
0.040000000000000036 0.2077999999999999
0.06000000000000005 0.16879999999999995
0.06000000000000005 0.14159999999999995
0.06000000000000005 0.11559999999999997
0.040000000000000036 0.17169999999999985
0.040000000000000036 0.1367999999999999
0.06000000000000005 0.13359999999999986
0.06000000000000005 0.21790000000000007
0.06000000000000005 0.16580000000000006
0.06000000000000005 0.20909999999999973
0.06000000000000005 0.2440999999999998
0.06000000000000005 0.19859999999999975
0.06000000000000005 0.26629999999999976
0.06000000000000005 0.11140000000000003
0.06000000000000005 0.09220000000000007
0.06000000000000005 0.07470000000000007
0.06000000000000005 0.07030000000000007
0.06000000000000005 0.0689000000000001
0.040000000000000036 0.06420000000000012
0.040000000000000036 0.06370000000000015
0.06000000000000005 0.06260000000000018
0.040000000000000036 0.07270000000000014
0.06000000000000005 0.08280000000000025
0.06000000000000005 0.06640000000000025
0.06000000000000005 0.2616999999999996
0.06000000000000005 0.2820999999999996
0.06000000000000005 0.19560000000000005
0.06000000000000005 0.28689999999999966
0.06000000000000005 0.3142999999999997
0.07999999999999996 0.4398999999999992
0.07999999999999996 0.4118999999999993
0.07999999999999996 0.30609999999999987
0.07999999999999996 0.22660000000000025
0.07999999999999996 0.13280000000000014
0.07999999999999996 0.1119000000000001
0.07999999999999996 0.08830000000000018
0.07999999999999996 0.07650000000000018
0.06000000000000005 0.0902000000000002
0.06000000000000005 0.07120000000000021
0.07999999999999996 0.06560000000000024
0.06000000000000005 0.06060000000000024
0.06000000000000005 0.05140000000000001
0.06000000000000005 0.05210000000000001
0.040000000000000036 0.057600000000000026
0.040000000000000036 0.05110000000000003
0.040000000000000036 0.056799999999999996
0.040000000000000036 0.05150000000000001
0.040000000000000036 0.049699999999999994
0.040000000000000036 0.05180000000000004
0.040000000000000036 0.06010000000000005
0.040000000000000036 0.06240000000000004
0.040000000000000036 0.06650000000000009
0.040000000000000036 0.10339999999999996
0.040000000000000036 0.05820000000000003
0.040000000000000036 0.07110000000000001
0.040000000000000036 0.08070000000000009
0.040000000000000036 0.06080000000000007
0.06000000000000005 0.12170000000000009
0.040000000000000036 0.06200000000000009
0.040000000000000036 0.0837000000000001
0.06000000000000005 0.14130000000000006
0.06000000000000005 0.0751000000000002
0.06000000000000005 0.06260000000000006
0.06000000000000005 0.05730000000000009
0.040000000000000036 0.08040000000000008
0.06000000000000005 0.06940000000000021
0.06000000000000005 0.07110000000000018
0.06000000000000005 0.08500000000000016
0.06000000000000005 0.20689999999999995
0.040000000000000036 0.1422
0.040000000000000036 0.27979999999999977
0.040000000000000036 0.18539999999999998
0.040000000000000036 0.16449999999999998
0.040000000000000036 0.122
0.040000000000000036 0.09840000000000003
0.06000000000000005 0.13980000000000006
0.06000000000000005 0.10310000000000004
0.06000000000000005 0.07670000000000016
0.06000000000000005 0.09670000000000012
0.06000000000000005 0.09520000000000012
0.06000000000000005 0.08900000000000015
0.06000000000000005 0.08440000000000014
0.06000000000000005 0.12210000000000014
0.06000000000000005 0.08340000000000013
0.06000000000000005 0.09300000000000004
0.040000000000000036 0.07710000000000009
0.06000000000000005 0.1089000000000001
0.040000000000000036 0.08280000000000004
0.040000000000000036 0.10830000000000005
0.06000000000000005 0.13480000000000017
0.040000000000000036 0.08540000000000003
0.06000000000000005 0.08450000000000013
0.06000000000000005 0.06780000000000015
0.06000000000000005 0.08410000000000012
0.06000000000000005 0.1997999999999999
0.06000000000000005 0.27159999999999984
0.06000000000000005 0.17600000000000002
0.06000000000000005 0.10820000000000003
0.06000000000000005 0.11610000000000004
0.06000000000000005 0.1325
0.06000000000000005 0.10530000000000003
0.06000000000000005 0.5159000000000008
0.06000000000000005 0.4716000000000008
0.040000000000000036 0.22049999999999995
0.19999999999999996 0.4921999999999992
0.040000000000000036 0.4650000000000005
0.040000000000000036 0.45080000000000064
0.040000000000000036 0.4395000000000002
0.040000000000000036 0.24640000000000006
0.040000000000000036 0.20230000000000006
0.040000000000000036 0.44000000000000106
0.040000000000000036 0.3975000000000012
0.040000000000000036 0.2313000000000003
0.040000000000000036 0.19410000000000027
0.040000000000000036 0.11220000000000002
0.040000000000000036 0.09600000000000003
0.040000000000000036 0.09550000000000004
0.040000000000000036 0.09530000000000002
0.040000000000000036 0.10600000000000007
0.040000000000000036 0.10120000000000004
0.040000000000000036 0.09680000000000001
0.040000000000000036 0.07340000000000005
0.040000000000000036 0.08020000000000009
0.040000000000000036 0.10210000000000002
0.040000000000000036 0.09410000000000006
0.040000000000000036 0.07960000000000003
0.040000000000000036 0.07390000000000001
0.040000000000000036 0.10720000000000006
0.040000000000000036 0.26700000000000035
0.040000000000000036 0.3399000000000006
0.040000000000000036 0.3710999999999991
0.040000000000000036 0.15940000000000001
0.040000000000000036 0.22180000000000008
0.040000000000000036 0.22450000000000006
0.040000000000000036 0.15650000000000006
0.040000000000000036 0.11320000000000004
0.040000000000000036 0.10980000000000001
0.040000000000000036 0.10520000000000002
0.040000000000000036 0.10150000000000002
0.21999999999999997 0.41980000000000056
0.21999999999999997 0.3977000000000004
0.12 0.34840000000000027
0.040000000000000036 0.10640000000000001
0.040000000000000036 0.10110000000000006
0.040000000000000036 0.09780000000000005
0.040000000000000036 0.08320000000000002
0.42000000000000004 0.5554999999999995
0.040000000000000036 0.11220000000000002
0.040000000000000036 0.08060000000000002
0.07999999999999996 0.29329999999999967
0.040000000000000036 0.09180000000000003
0.07999999999999996 0.27589999999999987
0.06000000000000005 0.23659999999999978
0.06000000000000005 0.2104999999999998
0.06000000000000005 0.21360000000000023
0.06000000000000005 0.169
0.06000000000000005 0.30549999999999977
0.06000000000000005 0.2108999999999998
0.06000000000000005 0.2036
0.06000000000000005 0.1781000000000001
0.040000000000000036 0.13489999999999996
0.040000000000000036 0.11430000000000001
0.040000000000000036 0.10799999999999997
0.040000000000000036 0.11930000000000004
0.040000000000000036 0.0753
0.040000000000000036 0.07880000000000002
0.040000000000000036 0.08000000000000002
0.040000000000000036 0.09280000000000004
0.040000000000000036 0.11600000000000002
0.040000000000000036 0.12120000000000003
0.040000000000000036 0.095
0.040000000000000036 0.2004
0.040000000000000036 0.10880000000000002
0.040000000000000036 0.10720000000000007
0.040000000000000036 0.10230000000000006
0.040000000000000036 0.2381999999999998
0.040000000000000036 0.16620000000000001
0.040000000000000036 0.2645999999999995
0.040000000000000036 0.1819000000000001
0.040000000000000036 0.12350000000000007
0.040000000000000036 0.12680000000000008
0.040000000000000036 0.14430000000000007
0.040000000000000036 0.12280000000000008
0.040000000000000036 0.09850000000000003
0.040000000000000036 0.10270000000000003
0.040000000000000036 0.09140000000000002
0.040000000000000036 0.11050000000000004
0.040000000000000036 0.09300000000000005
0.040000000000000036 0.08200000000000005
0.040000000000000036 0.07720000000000003
0.040000000000000036 0.10210000000000007
0.040000000000000036 0.11340000000000003
0.040000000000000036 0.08770000000000003
0.040000000000000036 0.09390000000000004
0.040000000000000036 0.09849999999999999
0.040000000000000036 0.10100000000000002
0.040000000000000036 0.08650000000000002
0.040000000000000036 0.22939999999999972
0.040000000000000036 0.13110000000000005
0.040000000000000036 0.11580000000000006
0.040000000000000036 0.09130000000000005
0.040000000000000036 0.08560000000000006
0.040000000000000036 0.09540000000000004
0.040000000000000036 0.19719999999999985
0.040000000000000036 0.11060000000000006
0.06000000000000005 0.32500000000000073
0.040000000000000036 0.2800000000000004
0.040000000000000036 0.21089999999999998
0.040000000000000036 0.19860000000000014
0.040000000000000036 0.17820000000000003
0.040000000000000036 0.17780000000000018
0.040000000000000036 0.28669999999999984
0.040000000000000036 0.3961000000000004
0.06000000000000005 0.17770000000000036
0.040000000000000036 0.2733000000000007
0.040000000000000036 0.15739999999999987
0.040000000000000036 0.22360000000000027
0.040000000000000036 0.1838
0.06000000000000005 0.22160000000000057
0.06000000000000005 0.0837
0.06000000000000005 0.0722
0.06000000000000005 0.13190000000000013
0.040000000000000036 0.14920000000000022
0.06000000000000005 0.20260000000000025
0.06000000000000005 0.24290000000000028
0.06000000000000005 0.16340000000000024
0.06000000000000005 0.11670000000000012
0.06000000000000005 0.06830000000000004
0.06000000000000005 0.08659999999999998
0.06000000000000005 0.08100000000000004
0.06000000000000005 0.07150000000000004
0.06000000000000005 0.07350000000000004
0.06000000000000005 0.05580000000000003
0.06000000000000005 0.08950000000000005
0.06000000000000005 0.1664000000000003
0.06000000000000005 0.15590000000000023
0.06000000000000005 0.3967999999999991
0.06000000000000005 0.1843000000000002
0.06000000000000005 0.1480000000000001
0.06000000000000005 0.1126000000000001
0.06000000000000005 0.13870000000000007
0.06000000000000005 0.11370000000000012
0.06000000000000005 0.08890000000000008
0.06000000000000005 0.08520000000000005
0.06000000000000005 0.09390000000000005
0.06000000000000005 0.09100000000000003
0.06000000000000005 0.08130000000000007
0.06000000000000005 0.07960000000000005
0.06000000000000005 0.0792000000000001
0.06000000000000005 0.08350000000000012
0.06000000000000005 0.07980000000000013
0.06000000000000005 0.09810000000000012
0.06000000000000005 0.07040000000000009
0.06000000000000005 0.07300000000000018
0.06000000000000005 0.07610000000000014
0.06000000000000005 0.08550000000000013
0.06000000000000005 0.08300000000000014
0.06000000000000005 0.06990000000000013
0.38 0.43859999999999977
0.040000000000000036 0.1124000000000002
0.040000000000000036 0.07710000000000011
0.040000000000000036 0.07930000000000008
0.040000000000000036 0.10190000000000012
0.040000000000000036 0.10240000000000013
0.040000000000000036 0.12430000000000017
0.040000000000000036 0.1186000000000001
0.040000000000000036 0.12280000000000012
0.040000000000000036 0.10120000000000004
0.06000000000000005 0.30669999999999936
0.06000000000000005 0.22260000000000002
0.06000000000000005 0.1444000000000002
0.43999999999999995 0.4398
0.43999999999999995 0.4358999999999999
0.040000000000000036 0.2132000000000001
0.040000000000000036 0.10320000000000011
0.42000000000000004 0.43230000000000024
0.040000000000000036 0.1240000000000002
0.040000000000000036 0.10710000000000014
0.040000000000000036 0.0966000000000001
0.040000000000000036 0.08930000000000005
0.040000000000000036 0.06310000000000007
0.040000000000000036 0.05590000000000008
0.040000000000000036 0.05930000000000004
0.040000000000000036 0.07110000000000002
0.040000000000000036 0.0617
0.040000000000000036 0.05580000000000003
0.040000000000000036 0.06250000000000004
0.040000000000000036 0.1061000000000001
0.040000000000000036 0.07920000000000002
0.040000000000000036 0.08080000000000002
0.040000000000000036 0.06910000000000002
0.040000000000000036 0.0858
0.040000000000000036 0.07790000000000002
0.040000000000000036 0.08030000000000005
0.040000000000000036 0.08360000000000001
0.040000000000000036 0.07700000000000004
0.040000000000000036 0.06300000000000003
0.040000000000000036 0.06990000000000003
0.040000000000000036 0.07489999999999998
0.040000000000000036 0.09090000000000004
0.040000000000000036 0.08200000000000003
0.040000000000000036 0.06680000000000001
0.040000000000000036 0.06170000000000003
0.040000000000000036 0.0644
0.040000000000000036 0.329700000000001
0.040000000000000036 0.12810000000000019
0.040000000000000036 0.10770000000000009
0.040000000000000036 0.08450000000000005
0.040000000000000036 0.05650000000000002
0.040000000000000036 0.25340000000000035
0.040000000000000036 0.2996000000000007
0.040000000000000036 0.2561000000000003
0.040000000000000036 0.3386000000000007
0.06000000000000005 0.22970000000000027
0.06000000000000005 0.25550000000000017
0.040000000000000036 0.45499999999999985
0.33999999999999997 0.4945000000000002
0.42000000000000004 0.47110000000000035
0.33999999999999997 0.4409000000000008
0.43999999999999995 0.4362000000000009
0.06000000000000005 0.30500000000000066
0.36 0.4011000000000003
0.33999999999999997 0.44330000000000075
