0.84 0.39755000000000146
0.73 0.39545000000000136
0.73 0.40030000000000127
0.7 0.43035000000000034
0.69 0.37400000000000105
0.69 0.41859999999999986
0.69 0.3966000000000012
0.69 0.3945500000000006
0.79 0.44939999999999886
0.95 0.4547499999999992
0.95 0.48884999999999934
0.82 0.4177000000000012
0.85 0.4602999999999997
0.73 0.5000499999999993
0.72 0.5412499999999993
0.74 0.5209999999999989
0.69 0.5063499999999992
0.75 0.5429000000000003
0.74 0.5066500000000002
0.71 0.5362499999999997
0.8 0.6138500000000009
0.82 0.597200000000001
0.83 0.6196499999999999
0.74 0.5752500000000011
0.74 0.5618499999999996
0.72 0.5286
0.8 0.53835
0.72 0.5059499999999999
0.69 0.4472499999999998
0.82 0.5835499999999998
0.85 0.6440499999999999
0.83 0.6313000000000004
0.83 0.5554999999999997
0.79 0.5486500000000003
0.78 0.5439500000000007
0.78 0.5927999999999998
0.84 0.6643499999999996
0.83 0.5937499999999999
0.79 0.6077499999999997
0.71 0.6159000000000004
0.74 0.6204500000000003
0.7 0.6247
0.72 0.6561000000000011
0.69 0.49569999999999936
0.7 0.5814500000000001
0.69 0.5835000000000004
0.72 0.6361000000000014
0.7 0.6621000000000004
0.71 0.4863000000000007
0.76 0.5219500000000002
0.73 0.5907999999999997
0.73 0.6656000000000002
0.72 0.6557000000000004
0.7 0.6673000000000009
0.74 0.6589000000000002
0.72 0.6570000000000004
0.73 0.6698000000000005
0.73 0.6807999999999994
0.73 0.5268499999999982
0.74 0.6148000000000006
0.78 0.6823
0.78 0.6662000000000005
0.78 0.6823499999999999
0.77 0.684949999999999
0.78 0.6255999999999989
0.71 0.6619999999999986
0.74 0.6522499999999992
0.74 0.6861999999999988
0.78 0.6729499999999986
0.69 0.4147999999999991
0.77 0.5500999999999978
0.77 0.5765499999999983
0.77 0.6819999999999999
0.78 0.5724499999999998
0.82 0.5823999999999999
0.79 0.5713499999999998
0.73 0.5152000000000001
0.69 0.5098
0.85 0.6373500000000007
0.85 0.6336500000000013
0.85 0.5978500000000004
0.85 0.663050000000002
0.85 0.6817000000000023
0.85 0.6477500000000007
0.85 0.560250000000001
0.91 0.6154499999999998
0.92 0.63885
0.92 0.6465499999999998
0.92 0.6507
0.82 0.6138500000000002
0.94 0.6425999999999997
0.94 0.722700000000001
0.94 0.664199999999999
0.94 0.722
0.96 0.7666000000000005
0.96 0.7386
0.96 0.7294000000000012
0.96 0.7631000000000013
0.96 0.7937000000000005
0.96 0.8230999999999997
0.96 0.6772000000000002
0.96 0.6991500000000017
0.96 0.6623500000000009
0.96 0.7452500000000027
0.96 0.7077000000000021
0.97 0.8177000000000014
0.96 0.674050000000002
0.94 0.6095000000000002
0.82 0.5891500000000005
0.96 0.5907499999999996
0.96 0.6480000000000007
0.96 0.5524500000000001
0.96 0.6263999999999998
0.86 0.5727499999999989
0.97 0.7576500000000014
0.96 0.6466000000000011
0.96 0.6463000000000008
0.96 0.6149000000000016
0.96 0.6221000000000011
0.96 0.6383000000000005
0.97 0.7912000000000008
0.97 0.7480499999999997
0.97 0.8568500000000008
0.97 0.7132000000000001
0.97 0.8202000000000009
0.97 0.7113999999999997
0.97 0.6536499999999998
0.97 0.6116999999999988
0.46 0.3615000000000003
0.63 0.4095499999999987
0.95 0.4457999999999985
0.97 0.509199999999999
0.95 0.5655500000000001
0.96 0.6478000000000016
0.96 0.5885500000000009
0.62 0.3134000000000008
0.34 0.3092500000000008
0.62 0.36900000000000127
0.31 0.3098000000000008
0.31 0.31000000000000083
0.48 0.3104500000000008
0.31 0.3099500000000008
0.31 0.31000000000000083
0.31 0.31000000000000083
0.31 0.30910000000000076
0.31 0.3094000000000008
0.62 0.33825000000000094
0.37 0.31235000000000085
0.37 0.31395000000000084
0.65 0.40630000000000094
0.65 0.42649999999999966
0.94 0.47914999999999774
0.96 0.5839499999999999
0.93 0.6119000000000008
0.65 0.6268000000000012
0.96 0.6760000000000024
0.96 0.4740999999999998
0.96 0.5032499999999986
0.96 0.6205500000000002
0.96 0.7374500000000009
0.97 0.783300000000001
0.96 0.6468000000000015
0.97 0.8828499999999986
0.97 0.8934499999999983
0.97 0.8752499999999992
0.97 0.8959499999999992
0.97 0.9025999999999993
0.97 0.8967999999999993
0.97 0.898649999999999
0.97 0.9016999999999988
0.97 0.7621000000000018
0.97 0.766050000000002
0.97 0.8432999999999987
0.97 0.9076499999999993
0.97 0.9111500000000001
0.96 0.6302000000000021
0.65 0.629600000000002
0.65 0.6262000000000022
0.65 0.622700000000002
0.65 0.3607000000000019
0.88 0.41000000000000214
0.65 0.41625000000000173
0.88 0.613800000000001
0.65 0.6165000000000016
0.96 0.6264000000000015
0.97 0.5414500000000017
0.97 0.5575500000000012
0.97 0.5650500000000006
0.96 0.6109000000000012
0.97 0.6582500000000019
0.97 0.773450000000001
0.97 0.8992499999999994
0.97 0.9135499999999994
0.97 0.9300999999999995
0.97 0.9397999999999996
0.97 0.9098
0.97 0.9210999999999998
0.97 0.882249999999999
0.97 0.8969499999999999
0.98 0.8906499999999987
0.98 0.9373499999999991
0.98 0.9461499999999994
0.98 0.9197999999999986
0.98 0.9609499999999991
0.98 0.9621499999999991
0.98 0.9055499999999984
0.98 0.9381499999999992
0.99 0.9579999999999991
0.99 0.8483499999999983
0.99 0.8125999999999982
0.99 0.8547499999999986
0.99 0.8633499999999988
0.99 0.8937499999999986
0.99 0.9202999999999991
0.99 0.9617000000000003
0.99 0.9767499999999992
0.99 0.977699999999997
0.99 0.9706999999999976
0.99 0.8946999999999976
0.99 0.9549499999999983
0.99 0.9483999999999981
0.99 0.9741999999999981
0.99 0.9774500000000002
0.99 0.9566999999999979
0.99 0.9830499999999992
0.99 0.9861500000000005
0.99 0.9757999999999994
0.99 0.9785
0.99 0.9761000000000007
0.99 0.9844500000000012
0.99 0.8649499999999968
0.99 0.9460499999999991
0.99 0.9591499999999985
0.99 0.9664999999999995
0.99 0.9808500000000002
0.99 0.9719500000000003
0.99 0.9813500000000001
0.99 0.9833500000000006
0.99 0.9458999999999981
0.99 0.737449999999999
0.99 0.812899999999998
0.99 0.8846999999999984
0.99 0.9299999999999988
0.65 0.6320500000000016
0.65 0.6342000000000008
0.99 0.6960000000000006
0.99 0.7207000000000013
0.99 0.6513000000000005
0.99 0.8740499999999999
0.99 0.930149999999999
0.99 0.9233999999999998
0.99 0.9578999999999992
0.99 0.9651499999999984
0.99 0.972049999999998
0.99 0.9754999999999989
0.99 0.9807499999999991
0.99 0.9783999999999997
0.99 0.9796
0.99 0.9781000000000006
0.99 0.9785500000000004
0.99 0.98405
0.99 0.9664499999999996
0.99 0.9721499999999996
0.99 0.9851500000000009
0.99 0.9855500000000004
0.99 0.953349999999999
0.99 0.9801999999999996
0.99 0.9193499999999968
0.99 0.9198999999999974
0.99 0.9224999999999983
0.99 0.9548999999999991
0.99 0.9580999999999985
0.99 0.7529999999999998
0.65 0.6375500000000008
0.65 0.6398000000000006
0.65 0.6380500000000003
0.65 0.64045
0.65 0.6270000000000016
0.66 0.6458500000000016
0.68 0.6347500000000007
0.66 0.6482500000000019
0.68 0.6147500000000004
0.7 0.5960000000000006
0.76 0.6070999999999995
0.76 0.6387500000000006
0.76 0.6527000000000018
0.76 0.6658500000000018
0.66 0.6509000000000023
0.68 0.6155500000000014
0.72 0.6419500000000018
0.88 0.6483500000000008
0.85 0.6629500000000008
0.94 0.6822000000000008
0.94 0.7096000000000003
0.91 0.6954500000000001
0.94 0.7133499999999994
0.86 0.6852500000000006
0.97 0.7282499999999997
0.95 0.7066000000000016
0.95 0.7167500000000021
0.95 0.7449500000000007
0.95 0.7734999999999991
0.87 0.6792500000000008
0.95 0.7256000000000001
0.9 0.7299500000000001
0.9 0.7687999999999997
0.96 0.8127500000000003
0.96 0.8317500000000004
0.9 0.8437
0.94 0.866649999999999
0.97 0.8953500000000001
0.96 0.8868999999999997
0.96 0.8758499999999998
0.97 0.8946999999999992
0.97 0.908349999999999
0.97 0.9068499999999992
0.97 0.9126999999999994
0.97 0.9338499999999985
0.97 0.938549999999998
0.97 0.9343499999999986
0.97 0.9107000000000005
0.97 0.9032000000000004
0.97 0.8411500000000005
0.97 0.8961000000000019
0.97 0.907850000000002
0.97 0.8846999999999996
0.9 0.7513499999999987
0.9 0.8029999999999987
0.9 0.8259500000000003
0.9 0.8458000000000016
0.9 0.8628000000000015
0.97 0.9071500000000009
0.97 0.9120000000000011
0.97 0.9188499999999995
0.99 0.9383499999999981
0.99 0.9314999999999981
0.99 0.9443999999999976
0.99 0.951499999999998
0.95 0.8627000000000006
0.95 0.872100000000001
0.97 0.8956499999999988
0.97 0.8956499999999995
0.97 0.91065
0.97 0.9249000000000014
0.97 0.9259500000000008
0.97 0.93505
0.97 0.9402999999999985
0.97 0.9376499999999992
0.97 0.9394999999999973
0.97 0.9470999999999968
0.98 0.9537499999999969
0.92 0.7032000000000018
0.97 0.7508000000000011
0.97 0.91455
0.92 0.7648000000000005
0.98 0.8947000000000004
0.92 0.8129500000000001
0.92 0.8530500000000005
0.99 0.8709000000000015
0.99 0.9074500000000013
0.99 0.926750000000002
0.99 0.9367499999999996
0.99 0.941399999999999
0.97 0.8262500000000014
0.99 0.9018999999999999
0.99 0.8889500000000001
0.99 0.8158000000000013
0.99 0.8679999999999999
0.99 0.9370999999999984
0.99 0.9371499999999984
0.99 0.9052000000000002
0.89 0.7747999999999997
0.9 0.8026999999999996
0.9 0.8135999999999997
0.9 0.8217000000000003
0.99 0.8224500000000008
0.98 0.8947499999999995
0.99 0.8715500000000012
0.99 0.8724500000000012
0.98 0.8273500000000006
0.98 0.9114499999999999
0.97 0.6588
0.97 0.8272500000000014
0.98 0.9100000000000008
0.98 0.9284999999999991
0.98 0.9084499999999991
0.98 0.9536999999999953
0.97 0.9473999999999966
0.98 0.9564999999999967
0.99 0.9616499999999992
0.99 0.9605499999999999
0.99 0.9671500000000017
0.99 0.9678000000000018
0.99 0.9055500000000003
0.99 0.9631500000000015
0.99 0.9237000000000007
0.99 0.9019999999999994
0.99 0.9608500000000022
0.99 0.9714500000000005
0.99 0.9652499999999992
0.99 0.979049999999997
0.99 0.9839499999999974
0.99 0.980999999999999
0.99 0.9799499999999991
0.99 0.9817499999999992
0.99 0.9785499999999994
0.99 0.9799500000000001
0.99 0.9807499999999998
0.99 0.9808000000000001
0.99 0.9867000000000001
0.99 0.9867500000000003
0.99 0.982349999999999
0.99 0.9739999999999983
0.99 0.9743499999999993
0.99 0.9807999999999989
0.99 0.9857499999999999
0.99 0.9834500000000002
0.99 0.9834
0.99 0.9800999999999993
0.99 0.9849499999999998
0.99 0.9785999999999995
0.99 0.9597499999999985
0.99 0.9778999999999993
0.99 0.9556499999999982
0.99 0.9820999999999985
0.99 0.9765999999999987
0.99 0.9844999999999999
0.99 0.9815999999999999
0.99 0.9861500000000005
0.97 0.964849999999999
0.99 0.9812999999999996
0.99 0.9870000000000004
0.99 0.9867000000000007
0.99 0.9843000000000007
0.99 0.9811000000000003
0.99 0.9813499999999997
0.99 0.9834499999999994
0.99 0.9823499999999992
0.99 0.977099999999999
0.99 0.8879000000000009
0.99 0.9751499999999987
0.99 0.9832999999999998
0.99 0.9628999999999993
0.99 0.9755000000000001
0.99 0.9839999999999998
0.99 0.9833000000000002
0.99 0.9391999999999985
0.99 0.9770999999999996
0.99 0.9753999999999996
0.99 0.9793499999999998
0.99 0.9836499999999994
0.99 0.9852999999999998
0.99 0.9838499999999998
0.99 0.9823999999999998
0.99 0.9769000000000001
0.99 0.98315
0.99 0.9810500000000003
0.99 0.9819500000000001
0.99 0.9842500000000003
0.99 0.9869500000000011
0.99 0.9827500000000007
0.99 0.9837000000000005
0.99 0.9834500000000007
0.99 0.9856000000000001
0.99 0.9857500000000005
0.99 0.9844500000000005
0.99 0.9852000000000005
0.99 0.9863000000000003
0.99 0.9608999999999998
0.99 0.9699500000000001
0.99 0.9733500000000004
0.99 0.9753500000000003
0.99 0.9452999999999999
0.99 0.9755500000000008
0.99 0.9782000000000005
0.99 0.9816000000000008
0.99 0.9856500000000006
0.99 0.9577000000000001
0.99 0.9516499999999989
0.99 0.9564499999999994
0.99 0.9825499999999998
0.99 0.9797500000000003
0.99 0.9854500000000005
0.99 0.9795999999999991
0.99 0.9800999999999996
0.99 0.9674000000000004
0.99 0.9811500000000006
0.97 0.964099999999999
0.97 0.964449999999999
0.97 0.9574499999999992
0.97 0.9623499999999993
0.97 0.9657499999999992
0.99 0.9856999999999998
0.97 0.9552999999999989
0.97 0.744299999999998
0.97 0.9207999999999998
0.97 0.9421999999999996
0.97 0.9200999999999995
0.97 0.8265999999999987
0.97 0.9536999999999994
