0.87 0.4102499999999994
0.69 0.42864999999999887
0.76 0.43599999999999833
0.76 0.43934999999999846
0.68 0.42169999999999896
0.68 0.4047999999999995
0.67 0.41834999999999944
0.77 0.42074999999999885
0.92 0.4167499999999991
0.67 0.38205000000000006
0.69 0.42569999999999875
0.77 0.43174999999999836
0.68 0.4075499999999994
0.71 0.4404499999999982
0.67 0.4210999999999989
0.8 0.43749999999999856
0.92 0.4672999999999981
0.91 0.4313999999999988
0.91 0.48374999999999857
0.78 0.4813999999999986
0.74 0.469399999999998
0.85 0.4772999999999976
0.68 0.4362499999999986
0.85 0.4578999999999983
0.85 0.4444999999999984
0.72 0.46579999999999777
0.68 0.448399999999998
0.67 0.413749999999999
0.67 0.41824999999999873
0.67 0.4454499999999982
0.67 0.38574999999999987
0.67 0.41689999999999894
0.68 0.4585499999999981
0.67 0.42759999999999865
0.65 0.38469999999999976
0.66 0.4288499999999984
0.6 0.3858499999999999
0.65 0.38769999999999966
0.67 0.4287999999999982
0.67 0.4318499999999981
0.68 0.4965999999999984
0.7 0.49724999999999886
0.82 0.5145499999999993
0.67 0.5056499999999993
0.76 0.5192999999999992
0.69 0.5542999999999993
0.82 0.5871999999999993
0.8 0.6147499999999999
0.8 0.6091500000000004
0.8 0.6406500000000005
0.83 0.5953499999999995
0.83 0.6201000000000002
0.83 0.6241999999999996
0.67 0.575399999999999
0.67 0.5943999999999998
0.67 0.5952499999999992
0.67 0.6003499999999995
0.67 0.507649999999998
0.67 0.5733499999999991
0.67 0.5736999999999994
0.67 0.5467499999999987
0.68 0.568549999999999
0.74 0.5648999999999992
0.86 0.5694499999999992
0.86 0.6050999999999997
0.86 0.6117499999999996
0.84 0.575349999999999
0.77 0.5818999999999996
0.78 0.5623999999999991
0.84 0.6194999999999998
0.83 0.6111000000000001
0.84 0.6055500000000003
0.84 0.5323999999999993
0.84 0.5924499999999998
0.85 0.6544499999999998
0.84 0.6528000000000003
0.94 0.6394999999999998
0.81 0.5433999999999986
0.94 0.6601
0.95 0.7011000000000007
0.94 0.7272000000000003
0.94 0.7592499999999991
0.95 0.7663000000000002
0.95 0.7869499999999993
0.95 0.7156500000000007
0.95 0.7272500000000001
0.95 0.7454500000000001
0.95 0.7208000000000006
0.95 0.7875999999999981
0.95 0.8299500000000007
0.95 0.7711500000000002
0.97 0.808999999999998
0.95 0.7001500000000006
0.96 0.7570499999999984
