0.4 0.6201999999999991
0.4 0.6068999999999993
0.21999999999999997 0.5904999999999994
0.24 0.5857999999999992
0.42000000000000004 0.6189999999999993
0.42000000000000004 0.6135999999999993
0.4 0.5963999999999994
0.42000000000000004 0.5962999999999996
0.38 0.5754999999999993
0.36 0.5695999999999996
0.45999999999999996 0.6228999999999995
0.38 0.6124999999999996
0.38 0.618599999999999
0.09999999999999998 0.5771999999999992
0.38 0.6317999999999993
0.4 0.6341999999999992
0.38 0.6028999999999994
0.38 0.5952999999999996
0.24 0.5636999999999995
0.24 0.6067999999999997
0.38 0.5979999999999994
0.31999999999999995 0.6212999999999994
0.38 0.6378999999999994
0.38 0.5821999999999995
0.18000000000000005 0.5481
0.06000000000000005 0.5727999999999993
0.18000000000000005 0.5688999999999997
0.4 0.5483
0.040000000000000036 0.4813000000000001
0.040000000000000036 0.42389999999999994
0.040000000000000036 0.4067999999999998
0.040000000000000036 0.41919999999999946
0.040000000000000036 0.37889999999999957
0.040000000000000036 0.3540999999999995
0.040000000000000036 0.4533999999999995
0.040000000000000036 0.3951999999999996
0.040000000000000036 0.32439999999999986
0.040000000000000036 0.4418999999999999
0.040000000000000036 0.43469999999999936
0.040000000000000036 0.42489999999999983
0.040000000000000036 0.37100000000000016
0.040000000000000036 0.46730000000000016
0.040000000000000036 0.5264999999999996
0.040000000000000036 0.5174999999999996
0.040000000000000036 0.4518
0.040000000000000036 0.34630000000000005
0.09999999999999998 0.26430000000000003
0.21999999999999997 0.35590000000000094
0.040000000000000036 0.4200000000000006
0.040000000000000036 0.37640000000000057
0.040000000000000036 0.3386000000000006
0.040000000000000036 0.3131000000000006
0.040000000000000036 0.3077000000000003
0.19999999999999996 0.3018000000000004
0.09999999999999998 0.35760000000000036
0.040000000000000036 0.3273000000000002
0.040000000000000036 0.414600000000001
0.19999999999999996 0.3336000000000005
0.21999999999999997 0.3497000000000006
0.33999999999999997 0.34730000000000055
0.21999999999999997 0.34010000000000035
0.21999999999999997 0.3325000000000004
0.31999999999999995 0.3593000000000008
0.30000000000000004 0.4209000000000007
0.43999999999999995 0.3663000000000004
0.36 0.3871000000000002
0.30000000000000004 0.42240000000000033
0.30000000000000004 0.4664000000000003
0.28 0.47909999999999914
0.28 0.39879999999999993
0.28 0.5186000000000006
0.45999999999999996 0.6367000000000003
0.52 0.6461999999999999
0.5 0.6476000000000006
0.48 0.6654000000000009
0.4 0.6531999999999998
0.4 0.6440999999999998
0.4 0.6226999999999989
0.28 0.5998999999999993
0.43999999999999995 0.6718999999999993
0.64 0.7202999999999995
0.48 0.7077999999999992
0.6599999999999999 0.7084999999999992
0.30000000000000004 0.7107999999999993
0.30000000000000004 0.7131999999999992
0.28 0.6871999999999991
0.28 0.7027999999999992
0.28 0.6649999999999993
0.28 0.6557999999999994
0.26 0.6366999999999995
0.19999999999999996 0.6243999999999993
0.28 0.5770999999999994
0.19999999999999996 0.5186999999999996
0.19999999999999996 0.5218999999999996
0.28 0.6266999999999996
0.28 0.6402999999999994
0.040000000000000036 0.5495999999999995
0.26 0.4484000000000004
0.12 0.5025000000000008
0.09999999999999998 0.5022000000000011
0.12 0.41150000000000064
0.12 0.36560000000000026
0.12 0.29049999999999987
0.09999999999999998 0.4399000000000004
0.040000000000000036 0.4791000000000006
0.06000000000000005 0.5168000000000006
0.06000000000000005 0.3134000000000001
0.07999999999999996 0.29530000000000034
0.07999999999999996 0.31370000000000015
0.040000000000000036 0.3135000000000001
0.14 0.2860000000000004
0.040000000000000036 0.2573000000000004
0.040000000000000036 0.46600000000000064
0.28 0.5534000000000012
0.040000000000000036 0.32240000000000024
0.07999999999999996 0.38130000000000047
0.07999999999999996 0.3030000000000004
0.33999999999999997 0.2714000000000007
0.040000000000000036 0.28759999999999997
0.040000000000000036 0.273
0.040000000000000036 0.1933000000000002
0.06000000000000005 0.36369999999999986
0.040000000000000036 0.2803
0.040000000000000036 0.2950000000000003
0.040000000000000036 0.22150000000000009
0.040000000000000036 0.1859000000000002
0.040000000000000036 0.19550000000000023
0.040000000000000036 0.18770000000000014
0.040000000000000036 0.18930000000000013
0.040000000000000036 0.2691000000000001
0.040000000000000036 0.22960000000000008
0.040000000000000036 0.19580000000000017
0.040000000000000036 0.17650000000000005
0.040000000000000036 0.16940000000000005
0.040000000000000036 0.13579999999999998
0.040000000000000036 0.1829999999999999
0.040000000000000036 0.20460000000000003
0.040000000000000036 0.16169999999999995
0.040000000000000036 0.16410000000000002
0.040000000000000036 0.13920000000000005
0.040000000000000036 0.19219999999999998
0.040000000000000036 0.1396
0.040000000000000036 0.1118
0.040000000000000036 0.0895
0.040000000000000036 0.09420000000000003
0.040000000000000036 0.21330000000000005
0.040000000000000036 0.0751
0.040000000000000036 0.06680000000000001
0.040000000000000036 0.05279999999999996
0.040000000000000036 0.05939999999999999
0.040000000000000036 0.12010000000000004
0.040000000000000036 0.06189999999999997
0.040000000000000036 0.06429999999999991
0.040000000000000036 0.05519999999999996
0.040000000000000036 0.05169999999999996
0.040000000000000036 0.06729999999999997
0.040000000000000036 0.05299999999999996
0.040000000000000036 0.05849999999999999
0.040000000000000036 0.04140000000000004
0.040000000000000036 0.044900000000000044
0.040000000000000036 0.047199999999999964
0.040000000000000036 0.05689999999999999
0.040000000000000036 0.07789999999999997
0.040000000000000036 0.07659999999999999
0.040000000000000036 0.0906
0.040000000000000036 0.10490000000000002
0.040000000000000036 0.10820000000000002
0.07999999999999996 0.16539999999999985
0.07999999999999996 0.12209999999999996
0.07999999999999996 0.12880000000000003
0.040000000000000036 0.20050000000000012
0.040000000000000036 0.14060000000000006
0.040000000000000036 0.10670000000000002
0.040000000000000036 0.0762
0.040000000000000036 0.11470000000000002
0.040000000000000036 0.12200000000000003
0.040000000000000036 0.08530000000000001
0.040000000000000036 0.10840000000000007
0.040000000000000036 0.2785999999999999
0.040000000000000036 0.10660000000000004
0.040000000000000036 0.07930000000000004
0.040000000000000036 0.10300000000000001
0.040000000000000036 0.14289999999999992
0.040000000000000036 0.2931000000000001
0.040000000000000036 0.29190000000000027
0.040000000000000036 0.21930000000000024
0.040000000000000036 0.1370000000000001
0.040000000000000036 0.08259999999999999
0.040000000000000036 0.06610000000000003
0.040000000000000036 0.05110000000000003
0.040000000000000036 0.0512
0.040000000000000036 0.054400000000000025
0.040000000000000036 0.05520000000000002
0.040000000000000036 0.05660000000000002
0.040000000000000036 0.09170000000000009
0.040000000000000036 0.06870000000000007
0.040000000000000036 0.06000000000000003
0.040000000000000036 0.07490000000000005
0.040000000000000036 0.07130000000000006
0.040000000000000036 0.07619999999999998
0.040000000000000036 0.08160000000000009
0.06000000000000005 0.1250000000000001
0.040000000000000036 0.2735000000000004
0.06000000000000005 0.27109999999999995
0.06000000000000005 0.14730000000000001
0.06000000000000005 0.07400000000000012
0.040000000000000036 0.12250000000000016
0.06000000000000005 0.16380000000000017
0.040000000000000036 0.20570000000000008
0.040000000000000036 0.1551999999999999
0.06000000000000005 0.20819999999999994
0.06000000000000005 0.19620000000000004
0.06000000000000005 0.18879999999999988
0.14 0.32989999999999997
0.14 0.24970000000000003
0.14 0.1355
0.14 0.11890000000000002
0.14 0.13020000000000004
0.45999999999999996 0.4732000000000005
0.040000000000000036 0.17279999999999995
0.040000000000000036 0.4462000000000006
0.040000000000000036 0.27080000000000004
0.09999999999999998 0.4452
0.09999999999999998 0.22150000000000003
0.09999999999999998 0.36769999999999997
0.06000000000000005 0.3805999999999999
0.06000000000000005 0.3213
0.06000000000000005 0.2296000000000001
0.06000000000000005 0.40400000000000064
0.040000000000000036 0.34290000000000026
0.040000000000000036 0.2828000000000002
0.040000000000000036 0.2072999999999999
0.040000000000000036 0.19580000000000009
0.040000000000000036 0.1478999999999999
0.040000000000000036 0.12529999999999997
0.040000000000000036 0.10120000000000004
0.040000000000000036 0.1076
0.040000000000000036 0.09940000000000002
0.040000000000000036 0.0943999999999999
0.040000000000000036 0.09209999999999996
0.040000000000000036 0.09799999999999999
0.040000000000000036 0.10770000000000003
0.09999999999999998 0.23269999999999993
0.09999999999999998 0.13479999999999995
0.09999999999999998 0.10799999999999996
0.09999999999999998 0.11270000000000004
0.09999999999999998 0.10300000000000004
0.09999999999999998 0.09290000000000001
0.09999999999999998 0.09149999999999998
0.09999999999999998 0.08669999999999992
0.09999999999999998 0.09059999999999997
0.09999999999999998 0.09259999999999993
0.09999999999999998 0.07919999999999998
0.09999999999999998 0.07599999999999993
0.09999999999999998 0.07010000000000001
0.09999999999999998 0.06949999999999994
0.09999999999999998 0.0821999999999999
0.09999999999999998 0.14589999999999992
0.09999999999999998 0.2844
0.09999999999999998 0.20610000000000006
0.09999999999999998 0.1387999999999999
0.09999999999999998 0.16619999999999993
0.09999999999999998 0.20339999999999997
0.09999999999999998 0.17249999999999993
0.09999999999999998 0.1433
0.09999999999999998 0.10119999999999996
0.09999999999999998 0.2264000000000002
0.020000000000000018 0.2025
0.09999999999999998 0.12309999999999999
0.09999999999999998 0.16549999999999992
0.09999999999999998 0.14459999999999992
0.09999999999999998 0.13929999999999995
0.09999999999999998 0.11269999999999988
0.09999999999999998 0.16150000000000012
0.09999999999999998 0.13720000000000002
0.09999999999999998 0.11749999999999991
0.09999999999999998 0.11949999999999993
0.09999999999999998 0.16159999999999983
0.09999999999999998 0.12899999999999984
0.09999999999999998 0.11489999999999984
0.09999999999999998 0.0943999999999999
0.09999999999999998 0.08899999999999988
0.09999999999999998 0.09089999999999986
0.09999999999999998 0.09679999999999987
0.09999999999999998 0.09759999999999995
0.07999999999999996 0.09669999999999992
0.07999999999999996 0.0935999999999999
0.07999999999999996 0.08839999999999992
0.07999999999999996 0.08979999999999987
0.07999999999999996 0.08289999999999993
0.07999999999999996 0.09349999999999994
0.07999999999999996 0.08679999999999988
0.09999999999999998 0.23450000000000018
0.09999999999999998 0.09279999999999987
0.09999999999999998 0.0820999999999999
0.09999999999999998 0.0867
0.09999999999999998 0.06929999999999993
0.09999999999999998 0.09609999999999991
0.09999999999999998 0.1228999999999999
0.040000000000000036 0.16069999999999993
0.040000000000000036 0.14969999999999992
0.040000000000000036 0.22530000000000008
0.040000000000000036 0.2416000000000002
0.09999999999999998 0.24980000000000044
0.09999999999999998 0.1921000000000003
0.09999999999999998 0.13909999999999997
0.09999999999999998 0.12129999999999992
0.12 0.1707000000000002
0.12 0.13439999999999996
0.12 0.12249999999999993
0.14 0.30380000000000046
0.14 0.27630000000000055
0.14 0.2472000000000004
0.040000000000000036 0.13769999999999988
0.14 0.24560000000000046
0.14 0.21470000000000034
0.19999999999999996 0.24170000000000016
0.19999999999999996 0.2679000000000002
0.07999999999999996 0.27890000000000026
0.07999999999999996 0.2723000000000001
0.19999999999999996 0.21859999999999996
0.040000000000000036 0.22940000000000038
0.07999999999999996 0.1830999999999997
0.09999999999999998 0.20170000000000024
0.09999999999999998 0.17040000000000027
0.040000000000000036 0.1892000000000001
0.040000000000000036 0.18749999999999992
0.040000000000000036 0.20779999999999973
0.040000000000000036 0.17739999999999972
0.040000000000000036 0.1369999999999999
0.040000000000000036 0.16810000000000003
0.14 0.4196000000000012
0.040000000000000036 0.20959999999999998
0.38 0.4066000000000009
0.040000000000000036 0.27400000000000035
0.38 0.4075000000000005
0.38 0.3931000000000002
0.38 0.39000000000000024
0.38 0.38970000000000043
0.38 0.39640000000000036
0.38 0.3900000000000003
0.38 0.39860000000000034
0.38 0.3857000000000004
0.38 0.3963000000000008
0.38 0.39410000000000067
0.38 0.3841000000000004
0.38 0.3954000000000007
0.38 0.3967000000000008
0.38 0.3889000000000005
0.38 0.39520000000000055
0.38 0.3850000000000003
0.38 0.3902000000000004
0.38 0.3835000000000004
0.38 0.3826000000000003
0.38 0.38240000000000035
0.38 0.3882000000000005
0.040000000000000036 0.31000000000000066
0.38 0.3885000000000005
0.38 0.38760000000000017
0.040000000000000036 0.34080000000000077
0.38 0.4030000000000004
0.38 0.39470000000000044
0.38 0.3925000000000003
0.12 0.28010000000000057
0.42000000000000004 0.38990000000000047
0.42000000000000004 0.3876000000000003
0.040000000000000036 0.34390000000000087
0.040000000000000036 0.3262000000000006
0.040000000000000036 0.1800999999999999
0.040000000000000036 0.12719999999999992
0.040000000000000036 0.14059999999999992
0.040000000000000036 0.12969999999999993
0.040000000000000036 0.11799999999999995
0.040000000000000036 0.1109
0.040000000000000036 0.11640000000000005
0.040000000000000036 0.23230000000000015
0.38 0.39370000000000077
0.38 0.3893000000000004
0.040000000000000036 0.20310000000000006
0.040000000000000036 0.1566999999999998
0.040000000000000036 0.1587999999999999
0.14 0.13019999999999995
0.040000000000000036 0.12209999999999993
0.040000000000000036 0.10649999999999996
0.14 0.10709999999999999
0.38 0.3858000000000005
0.38 0.3860000000000003
0.36 0.38730000000000075
0.4 0.3917000000000005
0.4 0.38410000000000016
0.4 0.3910000000000005
0.040000000000000036 0.1738999999999999
0.040000000000000036 0.19210000000000005
0.040000000000000036 0.12989999999999993
0.040000000000000036 0.09179999999999999
0.040000000000000036 0.0971
0.040000000000000036 0.07400000000000001
0.040000000000000036 0.07700000000000004
0.040000000000000036 0.0687
0.040000000000000036 0.08440000000000002
0.040000000000000036 0.08070000000000001
0.040000000000000036 0.07919999999999996
0.040000000000000036 0.08270000000000004
0.040000000000000036 0.0762999999999999
0.040000000000000036 0.07899999999999993
0.040000000000000036 0.08549999999999992
0.040000000000000036 0.09149999999999986
0.040000000000000036 0.10679999999999991
0.040000000000000036 0.09899999999999994
0.040000000000000036 0.0997999999999999
0.040000000000000036 0.09609999999999987
0.040000000000000036 0.08909999999999997
0.040000000000000036 0.0838999999999999
0.040000000000000036 0.09759999999999991
0.040000000000000036 0.09419999999999992
0.040000000000000036 0.0902
0.040000000000000036 0.07919999999999998
0.040000000000000036 0.0760000000000001
0.040000000000000036 0.07990000000000007
0.040000000000000036 0.07280000000000006
0.040000000000000036 0.06320000000000006
0.040000000000000036 0.06460000000000005
0.040000000000000036 0.07440000000000008
0.040000000000000036 0.06580000000000007
0.040000000000000036 0.07130000000000009
0.040000000000000036 0.05510000000000006
0.040000000000000036 0.06650000000000005
0.040000000000000036 0.06590000000000006
0.040000000000000036 0.07690000000000007
0.38 0.38550000000000056
0.040000000000000036 0.05740000000000006
0.040000000000000036 0.06280000000000006
0.040000000000000036 0.05560000000000006
0.040000000000000036 0.04730000000000005
0.040000000000000036 0.05780000000000005
0.040000000000000036 0.07120000000000008
0.040000000000000036 0.07200000000000009
0.040000000000000036 0.06230000000000004
0.040000000000000036 0.06420000000000005
0.040000000000000036 0.06590000000000004
0.040000000000000036 0.05250000000000005
0.040000000000000036 0.07780000000000008
0.040000000000000036 0.07080000000000006
0.040000000000000036 0.07560000000000007
0.040000000000000036 0.0750000000000001
0.040000000000000036 0.06840000000000007
0.040000000000000036 0.05930000000000005
0.040000000000000036 0.06610000000000006
0.040000000000000036 0.07800000000000008
0.040000000000000036 0.06100000000000007
0.040000000000000036 0.06760000000000006
0.040000000000000036 0.05490000000000005
0.040000000000000036 0.06370000000000008
0.040000000000000036 0.07040000000000007
0.040000000000000036 0.07640000000000008
0.040000000000000036 0.07480000000000006
0.040000000000000036 0.07290000000000008
0.040000000000000036 0.06400000000000007
0.040000000000000036 0.06820000000000007
0.040000000000000036 0.06530000000000008
0.38 0.3858000000000005
0.38 0.38780000000000037
0.38 0.3893000000000005
0.38 0.38550000000000034
0.38 0.3862000000000004
0.38 0.3861000000000002
0.38 0.38720000000000016
0.38 0.38800000000000023
0.38 0.3943000000000004
0.38 0.38620000000000027
0.38 0.3843000000000003
0.38 0.3850000000000003
0.38 0.3862000000000004
0.38 0.3942000000000004
0.38 0.3810000000000002
0.38 0.38300000000000034
0.38 0.38380000000000025
0.38 0.3848000000000003
0.38 0.38840000000000047
0.38 0.3834000000000003
0.38 0.38020000000000026
0.38 0.3813000000000003
0.38 0.39200000000000046
0.38 0.38680000000000037
0.38 0.3849000000000003
0.07999999999999996 0.37730000000000047
0.07999999999999996 0.3734000000000006
0.07999999999999996 0.36840000000000084
0.07999999999999996 0.34090000000000065
0.38 0.3855000000000004
0.38 0.39690000000000053
0.38 0.38500000000000034
0.38 0.3850000000000001
0.38 0.3936000000000006
0.38 0.3950000000000004
0.38 0.3944000000000003
0.38 0.38580000000000003
0.38 0.3896000000000004
0.38 0.38480000000000003
0.38 0.39150000000000035
