0.4 0.6179000000000001
0.36 0.5872
0.36 0.5747
0.4 0.6000999999999999
0.36 0.5892000000000001
0.4 0.5658
0.28 0.605
0.07999999999999996 0.6023999999999999
0.19999999999999996 0.5693999999999995
0.36 0.6147
0.26 0.5972
0.09999999999999998 0.5950999999999999
0.36 0.6308999999999998
0.07999999999999996 0.5835999999999999
0.24 0.5727999999999999
0.06000000000000005 0.5310999999999999
0.09999999999999998 0.5283999999999999
0.09999999999999998 0.5342
0.09999999999999998 0.5490999999999997
0.09999999999999998 0.5525999999999996
0.09999999999999998 0.5468999999999999
0.16000000000000003 0.5187999999999999
0.21999999999999997 0.5683999999999998
0.16000000000000003 0.5263
0.21999999999999997 0.5849999999999993
0.07999999999999996 0.5180999999999994
0.36 0.5727999999999998
0.36 0.6072000000000001
0.36 0.6027999999999996
0.36 0.6225999999999996
0.36 0.6291999999999998
0.36 0.6292999999999995
0.36 0.5678000000000001
0.36 0.5634
0.36 0.5503000000000002
0.36 0.5291999999999998
0.24 0.5506000000000001
0.36 0.5537000000000001
0.24 0.4931000000000003
0.21999999999999997 0.46620000000000006
0.21999999999999997 0.5371000000000001
0.21999999999999997 0.5148
0.09999999999999998 0.49560000000000054
0.09999999999999998 0.48090000000000044
0.18000000000000005 0.48120000000000035
0.040000000000000036 0.5355000000000004
0.040000000000000036 0.5467000000000007
0.09999999999999998 0.4429000000000003
0.06000000000000005 0.4197000000000006
0.07999999999999996 0.3959000000000003
0.07999999999999996 0.41580000000000017
0.07999999999999996 0.33159999999999973
0.06000000000000005 0.34320000000000017
0.06000000000000005 0.34409999999999985
0.06000000000000005 0.297
0.06000000000000005 0.2884999999999998
0.07999999999999996 0.3411999999999999
0.06000000000000005 0.4111999999999998
0.09999999999999998 0.4108000000000001
0.06000000000000005 0.3376000000000001
0.06000000000000005 0.2563000000000001
0.06000000000000005 0.28509999999999996
0.06000000000000005 0.1466
0.09999999999999998 0.3451000000000002
0.14 0.43230000000000063
0.14 0.32479999999999976
0.16000000000000003 0.4604000000000007
0.06000000000000005 0.4156000000000003
0.06000000000000005 0.25999999999999995
0.06000000000000005 0.20619999999999994
0.06000000000000005 0.15200000000000005
0.06000000000000005 0.13979999999999998
0.06000000000000005 0.12920000000000006
0.06000000000000005 0.2577999999999999
0.07999999999999996 0.27680000000000055
0.07999999999999996 0.2292000000000003
0.16000000000000003 0.5192000000000005
0.07999999999999996 0.2862999999999999
0.07999999999999996 0.3735
0.07999999999999996 0.21859999999999996
0.07999999999999996 0.21569999999999986
0.07999999999999996 0.21139999999999987
0.07999999999999996 0.1388999999999999
0.07999999999999996 0.16729999999999984
0.07999999999999996 0.24789999999999998
0.07999999999999996 0.2020999999999999
0.07999999999999996 0.37080000000000013
0.06000000000000005 0.22999999999999993
0.07999999999999996 0.23010000000000003
0.06000000000000005 0.3084999999999999
0.07999999999999996 0.33329999999999976
0.09999999999999998 0.3769999999999999
0.09999999999999998 0.3973
0.06000000000000005 0.3475999999999999
0.06000000000000005 0.4425000000000003
0.09999999999999998 0.4015999999999999
0.06000000000000005 0.3469999999999998
0.4 0.5837999999999994
0.4 0.6061999999999995
0.36 0.5289999999999994
0.36 0.4585999999999996
0.4 0.6088999999999993
0.36 0.5377999999999997
0.36 0.5153000000000006
0.21999999999999997 0.5053000000000005
0.16000000000000003 0.4661
0.16000000000000003 0.4059999999999999
0.06000000000000005 0.34299999999999975
0.06000000000000005 0.28219999999999984
0.06000000000000005 0.2882999999999998
0.06000000000000005 0.2596000000000002
0.07999999999999996 0.3569999999999998
0.07999999999999996 0.23640000000000005
0.06000000000000005 0.19999999999999982
0.06000000000000005 0.18679999999999983
0.06000000000000005 0.1389999999999997
0.06000000000000005 0.1282999999999998
0.06000000000000005 0.2052
0.06000000000000005 0.12019999999999997
0.06000000000000005 0.10720000000000005
0.06000000000000005 0.10150000000000003
0.06000000000000005 0.1300000000000001
0.06000000000000005 0.4962000000000005
0.06000000000000005 0.4057000000000002
0.06000000000000005 0.4099000000000007
0.06000000000000005 0.4088000000000004
0.06000000000000005 0.45050000000000057
0.06000000000000005 0.1702
0.06000000000000005 0.10640000000000001
0.06000000000000005 0.07580000000000005
0.06000000000000005 0.08280000000000007
0.06000000000000005 0.07710000000000003
0.06000000000000005 0.2640000000000004
0.06000000000000005 0.2549000000000004
0.09999999999999998 0.24580000000000027
0.07999999999999996 0.07720000000000014
0.07999999999999996 0.09330000000000016
0.07999999999999996 0.11620000000000019
0.07999999999999996 0.09720000000000016
0.07999999999999996 0.07790000000000016
0.09999999999999998 0.15070000000000022
0.07999999999999996 0.17090000000000022
0.07999999999999996 0.12030000000000021
0.07999999999999996 0.09520000000000017
0.07999999999999996 0.08110000000000016
0.07999999999999996 0.16220000000000034
0.07999999999999996 0.3321999999999996
0.07999999999999996 0.19069999999999987
0.07999999999999996 0.10250000000000004
0.07999999999999996 0.09860000000000012
0.07999999999999996 0.0838000000000001
0.07999999999999996 0.08060000000000012
0.06000000000000005 0.17699999999999994
0.06000000000000005 0.1104000000000001
0.06000000000000005 0.08170000000000006
0.06000000000000005 0.08120000000000005
0.06000000000000005 0.09130000000000014
0.06000000000000005 0.09440000000000015
0.07999999999999996 0.3274000000000006
0.07999999999999996 0.3101000000000002
0.07999999999999996 0.2002000000000002
0.06000000000000005 0.18510000000000018
0.07999999999999996 0.24060000000000012
0.07999999999999996 0.14900000000000005
0.07999999999999996 0.11460000000000015
0.07999999999999996 0.18870000000000012
0.07999999999999996 0.16790000000000005
0.06000000000000005 0.3516000000000005
0.36 0.38080000000000075
0.06000000000000005 0.2480999999999999
0.06000000000000005 0.26010000000000005
0.06000000000000005 0.12069999999999995
0.07999999999999996 0.41010000000000046
0.07999999999999996 0.3918999999999999
0.07999999999999996 0.15159999999999996
0.07999999999999996 0.2864999999999998
0.07999999999999996 0.22869999999999982
0.06000000000000005 0.2075000000000002
0.36 0.37900000000000056
0.09999999999999998 0.3761
0.12 0.24510000000000004
0.09999999999999998 0.19929999999999995
0.06000000000000005 0.22619999999999987
0.12 0.2647000000000001
0.12 0.2072
0.26 0.38130000000000036
0.06000000000000005 0.13409999999999994
0.12 0.2707000000000003
0.07999999999999996 0.2961000000000001
0.07999999999999996 0.48750000000000093
0.21999999999999997 0.4892000000000008
0.07999999999999996 0.40349999999999964
0.38 0.4847000000000004
0.36 0.44499999999999984
0.09999999999999998 0.3660999999999997
0.07999999999999996 0.23039999999999997
0.07999999999999996 0.17019999999999996
0.07999999999999996 0.22750000000000017
0.07999999999999996 0.46790000000000037
0.06000000000000005 0.18830000000000005
0.06000000000000005 0.24999999999999972
0.06000000000000005 0.2979999999999998
0.06000000000000005 0.1204
0.06000000000000005 0.13179999999999992
0.06000000000000005 0.1386999999999999
0.09999999999999998 0.16379999999999983
0.06000000000000005 0.17259999999999995
0.040000000000000036 0.20889999999999972
0.09999999999999998 0.33800000000000013
0.09999999999999998 0.32990000000000025
0.07999999999999996 0.2574000000000001
0.06000000000000005 0.385
0.06000000000000005 0.40250000000000036
0.020000000000000018 0.44969999999999977
0.38 0.4588999999999998
0.36 0.41709999999999886
0.36 0.3948999999999991
0.06000000000000005 0.3663999999999998
0.12 0.3725000000000002
0.06000000000000005 0.38969999999999994
0.07999999999999996 0.4488000000000001
0.07999999999999996 0.4719000000000003
0.12 0.5353000000000004
0.06000000000000005 0.267
0.12 0.23790000000000003
0.06000000000000005 0.19259999999999994
0.06000000000000005 0.22149999999999992
0.36 0.4331999999999999
0.36 0.39049999999999924
0.36 0.47160000000000024
0.36 0.4747000000000006
0.36 0.41769999999999974
0.38 0.5318999999999998
0.36 0.5426999999999996
0.36 0.6065999999999999
0.36 0.5489999999999994
0.36 0.4313000000000004
0.36 0.41229999999999967
0.36 0.4132999999999999
0.36 0.4459000000000002
0.36 0.38949999999999974
0.36 0.40619999999999984
0.36 0.37899999999999956
0.36 0.4276999999999996
0.36 0.41259999999999963
0.36 0.3767999999999995
0.36 0.41490000000000005
0.36 0.5588000000000001
0.36 0.5847000000000004
0.36 0.5391000000000002
0.36 0.5130000000000007
0.36 0.5926
0.48 0.6052000000000001
0.36 0.5703000000000003
0.4 0.5951000000000002
0.36 0.5500000000000006
0.36 0.5332000000000007
0.18000000000000005 0.4992000000000003
0.06000000000000005 0.3876999999999999
0.14 0.4074999999999998
0.18000000000000005 0.4910000000000001
0.5 0.6161000000000005
0.38 0.4866999999999996
0.38 0.43219999999999925
0.38 0.5447000000000002
0.38 0.5061000000000002
0.38 0.46890000000000015
0.38 0.4864000000000004
0.38 0.48740000000000017
0.38 0.5499000000000003
0.14 0.5218000000000004
0.19999999999999996 0.4584999999999998
0.09999999999999998 0.4338999999999997
0.06000000000000005 0.4206999999999998
0.12 0.44059999999999994
0.12 0.3883000000000002
0.12 0.3645000000000004
0.16000000000000003 0.4138000000000001
0.09999999999999998 0.32599999999999985
0.16000000000000003 0.40800000000000014
0.38 0.49689999999999984
0.38 0.4537000000000001
0.38 0.4170999999999995
0.38 0.4185000000000001
0.38 0.4243999999999996
0.38 0.419
0.38 0.4324000000000002
0.38 0.3955999999999998
0.38 0.3911000000000001
0.38 0.38700000000000073
0.36 0.41919999999999974
0.36 0.4229999999999997
0.36 0.4008000000000001
0.36 0.3911000000000003
0.36 0.4069000000000003
0.42000000000000004 0.5121000000000013
0.38 0.487300000000001
0.38 0.4295999999999999
0.38 0.40139999999999965
0.38 0.4025000000000001
0.38 0.41080000000000005
0.38 0.4263000000000001
0.38 0.4028999999999999
0.36 0.38740000000000063
0.36 0.39090000000000025
0.36 0.38800000000000034
0.36 0.3846000000000004
0.38 0.39370000000000016
0.38 0.39010000000000034
0.38 0.40280000000000016
0.38 0.39550000000000035
0.4 0.4597000000000008
0.4 0.43369999999999953
0.36 0.42109999999999964
0.36 0.39999999999999986
0.36 0.39429999999999965
0.38 0.40159999999999985
0.36 0.40409999999999974
0.38 0.39579999999999954
0.38 0.3860999999999998
0.38 0.37479999999999974
0.38 0.37309999999999977
0.38 0.3729999999999998
0.36 0.46269999999999994
0.36 0.4571000000000002
0.36 0.4747000000000003
0.36 0.4276
0.36 0.5238000000000005
0.38 0.5079000000000005
0.38 0.46070000000000016
0.38 0.45960000000000006
0.36 0.4138999999999999
0.36 0.4683
0.36 0.4410999999999998
0.36 0.4498999999999998
0.36 0.4273999999999996
0.36 0.41349999999999953
0.36 0.40049999999999986
0.36 0.39830000000000004
0.36 0.3968
0.36 0.3967000000000001
0.36 0.4156999999999998
0.36 0.43819999999999937
0.36 0.4113999999999994
0.36 0.4292999999999994
0.36 0.4146999999999994
0.36 0.41169999999999946
0.36 0.40539999999999976
0.36 0.43149999999999955
0.38 0.4693000000000002
0.36 0.4072999999999998
0.36 0.39410000000000006
0.36 0.3927000000000001
0.36 0.4025999999999998
0.36 0.3823000000000004
0.36 0.3815
0.36 0.37670000000000015
0.36 0.37620000000000003
0.36 0.3742999999999999
0.36 0.37279999999999996
0.36 0.3725999999999998
0.36 0.3741999999999999
0.36 0.37360000000000015
0.36 0.3746
0.36 0.3739
0.36 0.37650000000000006
0.36 0.37309999999999993
0.36 0.3738999999999997
0.36 0.375
0.36 0.3765999999999999
0.36 0.37379999999999997
0.36 0.37379999999999997
0.36 0.3742000000000001
0.36 0.3772
0.36 0.3757999999999999
0.36 0.3737000000000003
0.36 0.37059999999999993
0.36 0.3770000000000001
0.36 0.3755000000000001
0.36 0.42710000000000015
0.36 0.43210000000000015
0.36 0.48239999999999983
0.36 0.4094
0.36 0.3974
0.36 0.38720000000000027
0.36 0.38210000000000016
0.36 0.4351
0.36 0.4126000000000001
0.36 0.3940000000000002
0.36 0.3915000000000001
0.36 0.38839999999999997
0.36 0.38780000000000003
0.36 0.37940000000000007
0.36 0.3750999999999998
0.36 0.37169999999999975
0.36 0.3749999999999998
0.36 0.41810000000000014
0.36 0.5728000000000004
0.36 0.5040000000000001
0.36 0.4523
0.38 0.3863000000000001
0.38 0.44150000000000006
0.38 0.3989000000000002
0.38 0.37750000000000006
0.38 0.3771
0.07999999999999996 0.35690000000000005
0.38 0.3946000000000003
0.38 0.37609999999999993
0.38 0.3873
0.38 0.40909999999999996
0.36 0.4877
0.36 0.4570000000000001
0.36 0.4250999999999998
0.38 0.43149999999999994
0.36 0.4003
0.36 0.39320000000000005
0.38 0.3779
0.38 0.3817999999999998
0.36 0.5077
0.36 0.4612999999999999
0.36 0.39710000000000006
0.07999999999999996 0.3631
0.64 0.6406000000000003
0.64 0.6400000000000005
0.64 0.6400000000000005
0.09999999999999998 0.5363000000000003
0.09999999999999998 0.5120000000000002
0.09999999999999998 0.41510000000000014
0.64 0.6404000000000003
0.64 0.6403000000000004
0.64 0.6405000000000005
0.64 0.6403000000000003
0.64 0.6400000000000005
0.64 0.6404000000000005
0.64 0.6414000000000004
0.54 0.6393000000000005
0.36 0.6197000000000004
0.36 0.6061000000000003
0.36 0.5477000000000001
0.36 0.5277000000000001
0.18000000000000005 0.4835999999999998
0.14 0.4475999999999996
0.14 0.4127999999999999
0.14 0.38989999999999986
0.06000000000000005 0.3829
0.06000000000000005 0.3429999999999997
0.06000000000000005 0.3242999999999998
0.06000000000000005 0.27319999999999994
0.06000000000000005 0.2270999999999999
0.06000000000000005 0.20579999999999976
0.06000000000000005 0.21589999999999987
0.06000000000000005 0.16599999999999987
0.06000000000000005 0.13259999999999994
0.06000000000000005 0.1301
0.06000000000000005 0.12160000000000004
0.06000000000000005 0.1672000000000001
0.64 0.6404000000000005
0.36 0.3574000000000004
0.36 0.3492000000000002
0.6 0.6405000000000004
0.38 0.37229999999999974
0.38 0.36339999999999967
0.38 0.36139999999999967
0.38 0.36229999999999973
0.38 0.36619999999999975
0.38 0.38309999999999983
0.38 0.4222000000000003
0.38 0.39920000000000017
0.38 0.40960000000000024
0.38 0.3989000000000003
0.38 0.4138
0.38 0.386
0.38 0.38320000000000015
0.38 0.39610000000000006
0.38 0.5194000000000006
0.64 0.6400000000000005
0.64 0.6400000000000005
0.64 0.6400000000000005
0.64 0.6400000000000005
0.64 0.6400000000000005
0.64 0.6400000000000005
0.64 0.6400000000000005
0.64 0.6400000000000005
0.64 0.6400000000000005
0.64 0.6400000000000005
0.64 0.6400000000000005
0.5800000000000001 0.6394000000000005
0.5800000000000001 0.6385000000000005
0.56 0.6374000000000005
0.5 0.6345000000000005
0.4 0.6272000000000005
0.4 0.6220000000000003
0.4 0.6090999999999999
0.4 0.5907999999999997
0.4 0.5748999999999999
0.4 0.5491
0.38 0.5253000000000005
0.38 0.49550000000000066
0.38 0.47129999999999994
0.38 0.4502999999999997
