0.06000000000000005 0.6033000000000008
0.040000000000000036 0.5629400000000006
0.040000000000000036 0.5248799999999999
0.040000000000000036 0.5067199999999998
0.040000000000000036 0.48718000000000067
0.040000000000000036 0.46590000000000115
0.040000000000000036 0.4451
0.040000000000000036 0.4338800000000013
0.040000000000000036 0.41498000000000074
0.040000000000000036 0.4095999999999997
0.040000000000000036 0.3911999999999997
0.040000000000000036 0.38007999999999864
0.040000000000000036 0.365119999999999
0.040000000000000036 0.3586999999999989
0.040000000000000036 0.34225999999999784
0.040000000000000036 0.3365399999999988
0.040000000000000036 0.32895999999999864
0.040000000000000036 0.33079999999999854
0.040000000000000036 0.31725999999999804
0.040000000000000036 0.3028399999999988
0.040000000000000036 0.296859999999999
0.040000000000000036 0.27503999999999884
0.040000000000000036 0.267679999999999
0.040000000000000036 0.2565799999999989
0.040000000000000036 0.2657599999999991
0.040000000000000036 0.2704199999999991
0.040000000000000036 0.2626199999999994
0.040000000000000036 0.2610799999999994
0.040000000000000036 0.25027999999999956
0.040000000000000036 0.24231999999999956
0.040000000000000036 0.23151999999999967
0.040000000000000036 0.2360599999999995
0.040000000000000036 0.23639999999999986
0.040000000000000036 0.24883999999999953
0.040000000000000036 0.24744
0.040000000000000036 0.24385999999999972
0.040000000000000036 0.23214000000000012
0.040000000000000036 0.23445999999999964
0.040000000000000036 0.23633999999999986
0.040000000000000036 0.22447999999999987
0.040000000000000036 0.23211999999999985
0.040000000000000036 0.2302600000000004
0.040000000000000036 0.22424000000000002
0.040000000000000036 0.22526
0.040000000000000036 0.22425999999999985
0.040000000000000036 0.2323799999999995
0.040000000000000036 0.2104599999999999
0.040000000000000036 0.20896000000000045
0.040000000000000036 0.20952000000000032
0.040000000000000036 0.2207200000000002
0.040000000000000036 0.21832000000000015
0.040000000000000036 0.2218000000000001
0.040000000000000036 0.22408000000000025
0.040000000000000036 0.22102000000000047
0.040000000000000036 0.21394000000000055
0.040000000000000036 0.2055800000000003
0.040000000000000036 0.20784000000000008
0.040000000000000036 0.2076400000000002
0.040000000000000036 0.20190000000000038
0.040000000000000036 0.20230000000000012
0.040000000000000036 0.19274000000000024
0.040000000000000036 0.19334000000000023
0.040000000000000036 0.1922800000000004
0.040000000000000036 0.17362000000000016
0.040000000000000036 0.16711999999999985
0.040000000000000036 0.16359999999999983
0.040000000000000036 0.14911999999999978
0.040000000000000036 0.15863999999999978
0.040000000000000036 0.15845999999999988
0.040000000000000036 0.1471599999999998
0.040000000000000036 0.14755999999999975
0.040000000000000036 0.15407999999999988
0.040000000000000036 0.15517999999999987
0.040000000000000036 0.1466399999999997
0.040000000000000036 0.1585399999999999
0.040000000000000036 0.1502999999999998
0.040000000000000036 0.16620000000000015
0.040000000000000036 0.1582799999999999
0.040000000000000036 0.16093999999999972
0.040000000000000036 0.15019999999999978
0.040000000000000036 0.1579799999999998
0.040000000000000036 0.14663999999999977
0.040000000000000036 0.14053999999999972
0.040000000000000036 0.13249999999999965
0.040000000000000036 0.12765999999999975
0.040000000000000036 0.13897999999999974
0.040000000000000036 0.13671999999999973
0.040000000000000036 0.1453199999999997
0.040000000000000036 0.16313999999999976
0.040000000000000036 0.16650000000000018
0.040000000000000036 0.1624799999999999
0.040000000000000036 0.15795999999999996
0.040000000000000036 0.1502399999999997
0.040000000000000036 0.13647999999999974
0.040000000000000036 0.15629999999999966
0.040000000000000036 0.15749999999999978
0.040000000000000036 0.15865999999999986
0.040000000000000036 0.15375999999999976
0.040000000000000036 0.14381999999999986
0.040000000000000036 0.14975999999999987
