0.86 0.43207000000000506
0.86 0.473740000000006
0.92 0.5094800000000046
0.92 0.5382800000000024
0.93 0.5676200000000003
0.93 0.5873000000000005
0.95 0.6182100000000017
0.95 0.6478999999999998
0.95 0.6672499999999989
0.95 0.6746499999999933
0.95 0.6877099999999912
0.95 0.6948399999999932
0.97 0.6981499999999944
0.97 0.7100299999999952
0.97 0.7150699999999955
0.97 0.7092899999999955
0.97 0.7289899999999995
0.97 0.731400000000001
0.97 0.7431000000000034
0.97 0.743260000000002
0.97 0.750010000000005
0.97 0.7552400000000056
0.97 0.7577400000000042
0.98 0.7520200000000029
0.98 0.7589200000000054
0.98 0.7601400000000048
0.98 0.7549000000000033
0.98 0.7578600000000029
0.98 0.7673200000000071
0.98 0.7809500000000097
0.98 0.79057000000001
0.98 0.7974400000000095
0.98 0.7940200000000075
0.99 0.7966000000000056
0.99 0.8086900000000069
0.99 0.8087900000000063
0.99 0.8053900000000037
0.99 0.8158700000000055
0.99 0.8263400000000072
0.99 0.8287100000000046
0.99 0.8324700000000054
0.99 0.8364100000000045
0.99 0.8491300000000013
0.99 0.8562700000000033
0.99 0.8518000000000066
0.99 0.8484800000000023
0.99 0.8489600000000024
0.99 0.8463700000000016
0.99 0.8482099999999999
0.99 0.8558800000000004
0.99 0.8636299999999975
0.99 0.8631999999999993
0.99 0.86115
0.99 0.8642700000000002
0.99 0.8598599999999984
0.99 0.8468100000000033
0.99 0.8624599999999987
0.99 0.8572600000000008
0.99 0.8545600000000014
0.99 0.8632699999999973
0.99 0.8612499999999992
0.99 0.8501100000000004
0.99 0.8602699999999979
0.99 0.8580599999999986
0.99 0.8588700000000008
0.99 0.853210000000001
0.99 0.8595800000000001
0.99 0.8662299999999965
0.99 0.8633499999999984
0.99 0.8689899999999985
0.99 0.8617099999999985
0.99 0.8695099999999967
0.99 0.8712799999999962
0.99 0.8675899999999971
0.99 0.8691599999999977
0.99 0.8716699999999968
0.99 0.8625799999999977
0.99 0.8678099999999961
0.99 0.8591499999999993
0.99 0.8646399999999982
0.99 0.8546500000000012
0.99 0.8600000000000029
0.99 0.8599600000000028
0.99 0.8649100000000004
0.99 0.8604200000000009
0.99 0.8648600000000014
0.99 0.8665599999999994
0.99 0.8671099999999975
0.99 0.8635899999999975
0.99 0.8617199999999982
0.99 0.8705299999999988
0.99 0.8745799999999965
0.99 0.8605599999999984
0.99 0.871179999999998
0.99 0.8656299999999998
0.99 0.8685899999999984
0.99 0.8697399999999977
0.99 0.8695299999999967
0.99 0.8648899999999966
0.99 0.8697099999999984
