0.91 0.4090099999999962
0.91 0.443069999999998
0.91 0.4742899999999995
0.95 0.5033999999999981
0.97 0.5266799999999973
0.97 0.5612900000000025
0.97 0.5802100000000008
0.97 0.6043500000000002
0.98 0.6361600000000038
0.98 0.6567700000000022
0.99 0.6739900000000021
0.99 0.6839300000000005
0.99 0.6951899999999994
0.99 0.6989299999999982
0.99 0.7075899999999964
0.99 0.7088099999999982
0.99 0.7173699999999956
0.99 0.7297799999999957
0.99 0.736179999999995
0.99 0.7505200000000022
0.99 0.7574900000000026
0.99 0.7562400000000017
0.99 0.769010000000001
1.0 0.788840000000003
1.0 0.7860800000000052
1.0 0.7921000000000058
1.0 0.7952100000000063
1.0 0.7975400000000039
1.0 0.800880000000004
1.0 0.7997200000000044
1.0 0.8024600000000026
1.0 0.8164200000000006
1.0 0.8228000000000023
1.0 0.8295000000000003
1.0 0.8285999999999994
1.0 0.8203500000000019
1.0 0.8270800000000017
1.0 0.8372700000000004
1.0 0.8398799999999994
1.0 0.8364500000000008
1.0 0.8307600000000022
1.0 0.8470799999999994
1.0 0.8472100000000006
1.0 0.8312000000000002
1.0 0.8300600000000001
1.0 0.8309300000000014
1.0 0.826800000000002
1.0 0.8166700000000034
1.0 0.835260000000003
1.0 0.8369000000000034
1.0 0.8504700000000048
1.0 0.8520100000000035
1.0 0.8506300000000016
1.0 0.8648999999999993
1.0 0.8654400000000005
1.0 0.8732299999999981
1.0 0.8577000000000008
1.0 0.8639899999999977
1.0 0.8484200000000001
1.0 0.8504300000000032
1.0 0.849650000000003
1.0 0.8497700000000027
1.0 0.8598100000000022
1.0 0.8610700000000007
1.0 0.86371
1.0 0.8594500000000007
1.0 0.8684899999999988
1.0 0.8684499999999974
1.0 0.8724099999999977
1.0 0.8655399999999994
1.0 0.8711999999999989
1.0 0.8512000000000008
1.0 0.8499699999999997
1.0 0.8619999999999994
1.0 0.8653200000000019
1.0 0.8590900000000018
1.0 0.8559900000000003
1.0 0.8757600000000014
1.0 0.8812200000000032
1.0 0.8672800000000005
1.0 0.8613400000000002
1.0 0.8512000000000015
1.0 0.8507800000000021
1.0 0.8590099999999996
1.0 0.8561299999999995
1.0 0.86128
1.0 0.8608100000000013
1.0 0.8622500000000018
1.0 0.8665400000000023
1.0 0.8610000000000003
1.0 0.8631899999999992
1.0 0.8558899999999988
1.0 0.8602100000000013
1.0 0.8586300000000002
1.0 0.8693600000000002
1.0 0.8651600000000036
1.0 0.8737000000000046
1.0 0.8691000000000043
1.0 0.8527300000000027
1.0 0.8549300000000027
