0.020000000000000018 0.5754599999999978
0.040000000000000036 0.5422799999999991
0.040000000000000036 0.49660000000000004
0.040000000000000036 0.47730000000000034
0.040000000000000036 0.45068000000000114
0.040000000000000036 0.42270000000000063
0.040000000000000036 0.4023000000000005
0.040000000000000036 0.3918600000000002
0.040000000000000036 0.3648200000000009
0.06000000000000005 0.3525400000000013
0.06000000000000005 0.3412600000000009
0.06000000000000005 0.3268800000000004
0.06000000000000005 0.3214800000000009
0.06000000000000005 0.3135400000000007
0.06000000000000005 0.2981400000000003
0.06000000000000005 0.28258000000000033
0.040000000000000036 0.27634
0.040000000000000036 0.2752800000000001
0.040000000000000036 0.2684600000000001
0.040000000000000036 0.26205999999999985
0.040000000000000036 0.25962000000000024
0.040000000000000036 0.2501999999999999
0.040000000000000036 0.23807999999999993
0.040000000000000036 0.2417400000000002
0.040000000000000036 0.23872000000000015
0.040000000000000036 0.23180000000000056
0.040000000000000036 0.23409999999999986
0.040000000000000036 0.22812000000000027
0.040000000000000036 0.23170000000000002
0.040000000000000036 0.21972
0.040000000000000036 0.21426
0.040000000000000036 0.21500000000000014
0.040000000000000036 0.20951999999999993
0.040000000000000036 0.20468
0.040000000000000036 0.19453999999999974
0.040000000000000036 0.18127999999999994
0.040000000000000036 0.18833999999999979
0.040000000000000036 0.19269999999999982
0.040000000000000036 0.17007999999999993
0.040000000000000036 0.1564199999999998
0.040000000000000036 0.16477999999999965
0.040000000000000036 0.16545999999999988
0.040000000000000036 0.1541399999999995
0.040000000000000036 0.1426599999999995
0.040000000000000036 0.15177999999999947
0.040000000000000036 0.1476999999999994
0.040000000000000036 0.1510599999999995
0.040000000000000036 0.13607999999999962
0.040000000000000036 0.13563999999999962
0.040000000000000036 0.1337599999999996
0.040000000000000036 0.1340799999999997
0.040000000000000036 0.13089999999999974
0.040000000000000036 0.12217999999999976
0.040000000000000036 0.1250199999999997
0.040000000000000036 0.1185799999999998
0.040000000000000036 0.12075999999999973
0.040000000000000036 0.1248799999999997
0.040000000000000036 0.12629999999999975
0.040000000000000036 0.12391999999999977
0.040000000000000036 0.12103999999999963
0.040000000000000036 0.11939999999999971
0.040000000000000036 0.12067999999999969
0.040000000000000036 0.1189799999999998
0.040000000000000036 0.10907999999999973
0.040000000000000036 0.12089999999999981
0.040000000000000036 0.11451999999999982
0.040000000000000036 0.10691999999999993
0.040000000000000036 0.11441999999999983
0.040000000000000036 0.11737999999999985
0.040000000000000036 0.11419999999999982
0.040000000000000036 0.11913999999999995
0.040000000000000036 0.13093999999999983
0.040000000000000036 0.1280599999999999
0.040000000000000036 0.11482
0.040000000000000036 0.11085999999999993
0.040000000000000036 0.11083999999999991
0.040000000000000036 0.11191999999999973
0.040000000000000036 0.11431999999999984
0.040000000000000036 0.1159599999999999
0.040000000000000036 0.12723999999999983
0.040000000000000036 0.11931999999999988
0.040000000000000036 0.12537999999999982
0.040000000000000036 0.1225799999999999
0.040000000000000036 0.12553999999999987
0.040000000000000036 0.12413999999999989
0.040000000000000036 0.12309999999999989
0.040000000000000036 0.1236799999999999
0.040000000000000036 0.12711999999999996
0.040000000000000036 0.12707999999999983
0.040000000000000036 0.12325999999999977
0.040000000000000036 0.13153999999999977
0.040000000000000036 0.13001999999999986
0.040000000000000036 0.12603999999999976
0.040000000000000036 0.1181399999999999
0.040000000000000036 0.12173999999999983
0.040000000000000036 0.13365999999999983
0.040000000000000036 0.13437999999999986
0.040000000000000036 0.1301799999999999
0.040000000000000036 0.13243999999999975
0.040000000000000036 0.12751999999999974
