0.89 0.41579999999999334
0.94 0.4631899999999946
0.94 0.49000999999999634
0.96 0.5380800000000021
0.96 0.5521300000000033
0.96 0.5820900000000032
0.97 0.6064600000000057
0.97 0.6276400000000045
0.97 0.6424800000000065
0.97 0.6758700000000007
0.97 0.6837500000000004
0.97 0.6900699999999992
0.98 0.6859999999999993
0.98 0.6898799999999976
0.98 0.6956499999999968
0.98 0.709579999999995
0.99 0.7182999999999937
0.99 0.7256099999999908
0.99 0.7284499999999899
0.99 0.7212799999999919
0.99 0.7304899999999914
0.99 0.7454499999999884
0.99 0.7536299999999864
0.99 0.7495199999999879
0.99 0.7700399999999853
0.99 0.7687399999999849
0.99 0.7720999999999874
0.99 0.7778999999999915
0.99 0.7882199999999911
0.99 0.8000499999999928
0.99 0.788069999999992
0.99 0.8010299999999908
0.99 0.8037999999999919
0.99 0.8097899999999925
0.99 0.8208599999999928
0.99 0.8289699999999943
0.99 0.8284699999999933
0.99 0.8339399999999934
0.99 0.8395499999999967
0.99 0.8420599999999961
0.99 0.8419699999999964
0.99 0.840189999999996
0.99 0.8353699999999981
0.99 0.8316999999999958
0.99 0.8453899999999973
0.99 0.846869999999996
0.99 0.8602599999999937
0.99 0.866719999999993
0.99 0.8578699999999932
0.99 0.8620399999999927
0.99 0.8632499999999933
0.99 0.8628999999999927
0.99 0.8624999999999944
0.99 0.8568599999999943
0.99 0.8560899999999946
0.99 0.854749999999994
0.99 0.855739999999992
0.99 0.8713299999999942
0.99 0.8641699999999939
0.99 0.8685799999999935
0.99 0.8691799999999935
0.99 0.8719299999999945
0.99 0.8681899999999942
0.99 0.8659399999999948
0.99 0.869219999999996
0.99 0.8817599999999958
0.99 0.8797699999999968
0.99 0.8752999999999974
0.99 0.8803299999999975
0.99 0.8816399999999975
0.99 0.8765699999999955
0.99 0.8913699999999988
0.99 0.8851300000000003
0.99 0.8903300000000034
0.99 0.8887300000000011
0.99 0.8785
0.99 0.880550000000001
0.99 0.8898400000000016
0.99 0.885810000000003
0.99 0.8946200000000039
0.99 0.8845800000000013
0.99 0.8859900000000035
0.99 0.877849999999999
0.99 0.8743799999999987
0.99 0.8800300000000012
0.99 0.8826599999999994
0.99 0.8710999999999995
0.99 0.8814800000000015
0.99 0.8804099999999996
0.99 0.8813100000000017
0.99 0.8730099999999987
0.99 0.8723399999999979
0.99 0.8706999999999977
0.99 0.8648199999999945
0.99 0.8661399999999952
0.99 0.8716799999999982
0.99 0.8742899999999977
0.99 0.864529999999997
0.99 0.8669099999999966
0.99 0.8771899999999995
