0.94 0.4118799999999987
0.95 0.456399999999999
0.95 0.5001299999999999
0.95 0.5424800000000041
0.95 0.575700000000002
0.95 0.5887500000000008
0.95 0.6115599999999968
0.95 0.6166799999999958
0.95 0.625919999999997
0.97 0.643220000000001
0.97 0.6544300000000012
0.97 0.6577400000000001
0.97 0.6763700000000016
0.97 0.6870400000000019
0.97 0.6911900000000024
0.97 0.7026700000000032
0.97 0.7100400000000008
0.97 0.7173699999999983
0.97 0.7148499999999992
0.97 0.7174700000000005
0.97 0.7267699999999968
0.97 0.7375199999999956
0.97 0.7389299999999935
0.97 0.7377399999999942
0.97 0.7438299999999938
0.97 0.7505299999999935
0.98 0.7497599999999919
0.98 0.7532199999999908
0.98 0.7522899999999908
0.98 0.7572899999999912
0.98 0.7508399999999926
0.98 0.7570799999999909
0.98 0.760759999999989
0.98 0.7664999999999915
0.98 0.7784699999999944
0.98 0.772599999999992
0.98 0.7610299999999897
0.98 0.7718699999999925
0.98 0.7731999999999944
0.98 0.7728399999999931
0.98 0.7696899999999913
0.98 0.7922099999999943
0.98 0.7986899999999946
0.98 0.7974699999999951
0.98 0.7945499999999954
0.98 0.7981099999999919
0.98 0.7921199999999928
0.98 0.8047499999999944
0.98 0.812809999999994
0.98 0.8163899999999958
0.98 0.8171599999999969
0.98 0.8117999999999954
0.98 0.8140199999999956
0.98 0.8125499999999962
0.98 0.8277199999999977
0.98 0.822199999999995
0.98 0.8319799999999984
0.98 0.8326799999999973
0.98 0.836959999999999
0.98 0.8334399999999993
0.98 0.8372999999999982
0.98 0.8387299999999978
0.98 0.8285799999999988
0.98 0.8276199999999988
0.98 0.8390899999999969
0.98 0.8441999999999983
0.98 0.8361899999999975
0.98 0.8420199999999964
0.98 0.8310399999999959
0.98 0.8244399999999974
0.98 0.8348999999999965
0.98 0.838299999999996
0.98 0.8462499999999953
0.98 0.8469499999999969
0.98 0.8392499999999957
0.98 0.8511599999999957
0.98 0.8562299999999956
0.98 0.8538299999999982
0.98 0.846069999999997
0.98 0.8456599999999946
0.98 0.8449899999999946
0.98 0.8333099999999968
0.98 0.844979999999996
0.98 0.8462099999999962
0.98 0.8431599999999986
0.98 0.8528899999999972
0.98 0.8504399999999978
0.98 0.8746199999999966
0.98 0.8621499999999965
0.98 0.8604299999999959
0.98 0.8540599999999983
0.98 0.8548799999999962
0.98 0.8488699999999988
0.98 0.8482399999999969
0.98 0.8523799999999976
0.98 0.8458499999999982
0.98 0.8542899999999974
0.98 0.842099999999999
0.98 0.8400399999999985
0.98 0.8343999999999965
