0.21999999999999997 0.6145200000000045
0.12 0.5766400000000055
0.12 0.548440000000005
0.12 0.5203800000000046
0.12 0.4959600000000039
0.12 0.46366000000000246
0.12 0.4422000000000022
0.06000000000000005 0.4163000000000026
0.06000000000000005 0.3968000000000019
0.06000000000000005 0.38862000000000185
0.06000000000000005 0.3759800000000026
0.040000000000000036 0.37700000000000333
0.040000000000000036 0.3683800000000028
0.040000000000000036 0.3576200000000022
0.040000000000000036 0.35986000000000307
0.040000000000000036 0.33940000000000314
0.040000000000000036 0.32844000000000295
0.040000000000000036 0.325000000000003
0.040000000000000036 0.312320000000003
0.040000000000000036 0.31174000000000257
0.040000000000000036 0.31376000000000276
0.040000000000000036 0.3078000000000024
0.040000000000000036 0.3107000000000024
0.040000000000000036 0.30038000000000264
0.040000000000000036 0.2930200000000026
0.040000000000000036 0.28734000000000265
0.040000000000000036 0.28566000000000247
0.040000000000000036 0.2837000000000023
0.040000000000000036 0.27996000000000215
0.040000000000000036 0.2719800000000017
0.040000000000000036 0.2892200000000022
0.040000000000000036 0.28332000000000246
0.040000000000000036 0.2845600000000029
0.040000000000000036 0.28516000000000236
0.040000000000000036 0.28138000000000235
0.040000000000000036 0.2874400000000023
0.040000000000000036 0.28304000000000235
0.040000000000000036 0.2789200000000021
0.040000000000000036 0.27660000000000184
0.040000000000000036 0.2738400000000016
0.040000000000000036 0.28036000000000166
0.040000000000000036 0.2815600000000016
0.040000000000000036 0.2825600000000016
0.040000000000000036 0.27356000000000164
0.040000000000000036 0.27936000000000166
0.040000000000000036 0.26716000000000145
0.040000000000000036 0.26808000000000165
0.040000000000000036 0.26198000000000154
0.040000000000000036 0.2570000000000016
0.040000000000000036 0.25450000000000167
0.040000000000000036 0.2533000000000015
0.040000000000000036 0.25358000000000097
0.040000000000000036 0.24908000000000127
0.040000000000000036 0.2446600000000014
0.040000000000000036 0.24790000000000126
0.040000000000000036 0.2590000000000009
0.040000000000000036 0.25652000000000125
0.040000000000000036 0.2613400000000011
0.040000000000000036 0.2667400000000016
0.040000000000000036 0.2716800000000014
0.040000000000000036 0.26206000000000157
0.040000000000000036 0.2580200000000015
0.040000000000000036 0.2541800000000014
0.040000000000000036 0.25990000000000124
0.040000000000000036 0.2630400000000014
0.040000000000000036 0.2527000000000015
0.040000000000000036 0.24994000000000102
0.040000000000000036 0.2520600000000015
0.040000000000000036 0.24816000000000113
0.040000000000000036 0.2356400000000011
0.040000000000000036 0.23870000000000147
0.040000000000000036 0.23336000000000123
0.040000000000000036 0.23240000000000088
0.040000000000000036 0.22756000000000104
0.040000000000000036 0.22816000000000092
0.040000000000000036 0.22530000000000092
0.040000000000000036 0.2113400000000005
0.040000000000000036 0.20834000000000014
0.040000000000000036 0.2064200000000004
0.040000000000000036 0.19922000000000017
0.040000000000000036 0.19720000000000015
0.040000000000000036 0.19064000000000011
0.040000000000000036 0.18422000000000013
0.040000000000000036 0.19468000000000005
0.040000000000000036 0.19504000000000019
0.040000000000000036 0.20234000000000008
0.040000000000000036 0.19534000000000004
0.040000000000000036 0.18396000000000018
0.040000000000000036 0.17827999999999974
0.040000000000000036 0.1837599999999999
0.040000000000000036 0.1907599999999999
0.040000000000000036 0.1903999999999995
0.040000000000000036 0.1921199999999996
0.040000000000000036 0.18289999999999954
0.040000000000000036 0.18791999999999956
0.040000000000000036 0.19725999999999996
0.040000000000000036 0.18686
0.040000000000000036 0.19374000000000008
0.040000000000000036 0.1891000000000001
0.040000000000000036 0.19055999999999992
