0.56 0.6641999999999993
0.56 0.6085999999999994
0.56 0.6431999999999986
0.040000000000000036 0.6204999999999989
0.040000000000000036 0.599199999999999
0.18000000000000005 0.587799999999999
0.18000000000000005 0.6211999999999996
0.24 0.5764999999999995
0.5800000000000001 0.6717999999999995
0.56 0.6329000000000002
0.19999999999999996 0.6594000000000004
0.19999999999999996 0.6126000000000006
0.24 0.621800000000001
0.56 0.5528000000000006
0.16000000000000003 0.4799000000000001
0.09999999999999998 0.5136000000000007
0.19999999999999996 0.5513000000000008
0.09999999999999998 0.5605000000000007
0.16000000000000003 0.5402000000000003
0.24 0.5483000000000007
0.24 0.4805000000000005
0.020000000000000018 0.5228000000000003
0.14 0.5302
0.26 0.5070999999999996
0.14 0.5041000000000007
0.14 0.5160000000000003
0.30000000000000004 0.5616000000000009
0.14 0.5286000000000013
0.14 0.5257000000000009
0.54 0.5612000000000004
0.14 0.45190000000000063
0.09999999999999998 0.584000000000001
0.12 0.49150000000000044
0.12 0.4557000000000004
0.12 0.45650000000000035
0.52 0.4269000000000003
0.19999999999999996 0.4602000000000004
0.12 0.43510000000000026
0.18000000000000005 0.5459999999999997
0.18000000000000005 0.579499999999999
0.52 0.5788999999999989
0.52 0.5551999999999995
0.16000000000000003 0.5212999999999999
0.52 0.5632000000000004
0.19999999999999996 0.5260000000000001
0.19999999999999996 0.5340000000000001
0.52 0.5164000000000003
0.14 0.51
0.14 0.49060000000000015
0.19999999999999996 0.4899999999999999
0.14 0.4307000000000001
0.19999999999999996 0.4189000000000002
0.16000000000000003 0.44690000000000024
0.12 0.36620000000000025
0.06000000000000005 0.3150000000000002
0.06000000000000005 0.3141999999999998
0.21999999999999997 0.3613000000000006
0.19999999999999996 0.3101999999999998
0.06000000000000005 0.2972
0.14 0.30990000000000006
0.21999999999999997 0.27980000000000027
0.09999999999999998 0.27849999999999986
0.06000000000000005 0.2409999999999998
0.07999999999999996 0.21780000000000002
0.06000000000000005 0.24580000000000005
0.09999999999999998 0.2754000000000003
0.07999999999999996 0.23120000000000018
0.07999999999999996 0.24040000000000009
0.07999999999999996 0.23130000000000045
0.07999999999999996 0.22930000000000036
0.12 0.18090000000000012
0.12 0.16249999999999998
0.07999999999999996 0.19989999999999988
0.06000000000000005 0.23999999999999957
0.040000000000000036 0.1602999999999997
0.040000000000000036 0.11289999999999999
0.040000000000000036 0.10649999999999986
0.07999999999999996 0.08740000000000003
0.07999999999999996 0.08140000000000011
0.07999999999999996 0.0772000000000001
0.07999999999999996 0.08140000000000011
0.07999999999999996 0.08600000000000003
0.07999999999999996 0.07820000000000012
0.07999999999999996 0.08290000000000002
0.07999999999999996 0.07930000000000001
0.07999999999999996 0.06609999999999999
0.09999999999999998 0.06180000000000002
0.06000000000000005 0.0638
0.06000000000000005 0.06540000000000004
0.06000000000000005 0.07850000000000006
0.06000000000000005 0.06940000000000004
0.06000000000000005 0.08650000000000008
0.06000000000000005 0.0649000000000001
0.040000000000000036 0.06430000000000004
0.040000000000000036 0.0761
0.040000000000000036 0.06620000000000005
0.040000000000000036 0.06519999999999998
0.040000000000000036 0.06570000000000008
0.040000000000000036 0.07710000000000007
0.040000000000000036 0.1177999999999999
0.040000000000000036 0.08210000000000002
0.040000000000000036 0.14510000000000028
0.040000000000000036 0.08960000000000008
0.040000000000000036 0.08550000000000005
0.040000000000000036 0.06149999999999998
0.040000000000000036 0.057600000000000005
0.040000000000000036 0.054600000000000024
0.040000000000000036 0.05240000000000001
0.040000000000000036 0.0535
0.06000000000000005 0.051000000000000024
0.06000000000000005 0.055200000000000034
0.06000000000000005 0.08319999999999997
0.06000000000000005 0.08589999999999995
0.06000000000000005 0.07820000000000002
0.040000000000000036 0.1681999999999996
0.040000000000000036 0.1059
0.040000000000000036 0.1987999999999998
0.040000000000000036 0.20919999999999989
0.06000000000000005 0.29350000000000065
0.06000000000000005 0.2576000000000003
0.06000000000000005 0.15749999999999992
0.06000000000000005 0.12699999999999995
0.040000000000000036 0.2693000000000005
0.040000000000000036 0.31670000000000054
0.54 0.31339999999999996
0.020000000000000018 0.2734000000000001
0.12 0.23650000000000002
0.12 0.22149999999999995
0.020000000000000018 0.25880000000000036
0.0 0.2726000000000004
