0.020000000000000018 0.5517599999999975
0.020000000000000018 0.5298599999999971
0.09999999999999998 0.5109599999999959
0.09999999999999998 0.48545999999999634
0.09999999999999998 0.4535999999999959
0.09999999999999998 0.4433599999999959
0.09999999999999998 0.4023199999999977
0.09999999999999998 0.36961999999999795
0.09999999999999998 0.35631999999999825
0.09999999999999998 0.34011999999999837
0.09999999999999998 0.3240799999999984
0.09999999999999998 0.32855999999999846
0.09999999999999998 0.33117999999999953
0.09999999999999998 0.3183799999999997
0.09999999999999998 0.3067200000000001
0.09999999999999998 0.30428000000000016
0.09999999999999998 0.3075799999999999
0.09999999999999998 0.3047200000000011
0.09999999999999998 0.29514000000000085
0.020000000000000018 0.28038000000000113
0.020000000000000018 0.2650200000000014
0.020000000000000018 0.25080000000000174
0.020000000000000018 0.27312000000000075
0.020000000000000018 0.27006000000000074
0.020000000000000018 0.25414000000000153
0.020000000000000018 0.24816000000000177
0.020000000000000018 0.2443000000000013
0.020000000000000018 0.23910000000000126
0.020000000000000018 0.23106000000000101
0.020000000000000018 0.21454000000000065
0.020000000000000018 0.20960000000000076
0.020000000000000018 0.20012000000000055
0.020000000000000018 0.19100000000000053
0.020000000000000018 0.19198000000000026
0.020000000000000018 0.17508000000000012
0.020000000000000018 0.16942000000000004
0.020000000000000018 0.16874000000000047
0.020000000000000018 0.17623999999999998
0.020000000000000018 0.17596000000000012
0.020000000000000018 0.18564000000000022
0.020000000000000018 0.17336000000000013
0.020000000000000018 0.16949999999999998
0.020000000000000018 0.16406
0.020000000000000018 0.16432000000000002
0.020000000000000018 0.16502
0.020000000000000018 0.16586000000000015
0.020000000000000018 0.14980000000000007
0.020000000000000018 0.15128000000000005
0.020000000000000018 0.15712000000000015
0.020000000000000018 0.15114000000000022
0.020000000000000018 0.1507200000000001
0.020000000000000018 0.1603400000000001
0.020000000000000018 0.15336000000000016
0.020000000000000018 0.15876000000000026
0.020000000000000018 0.1617200000000001
0.020000000000000018 0.15220000000000025
0.020000000000000018 0.15720000000000023
0.020000000000000018 0.15290000000000029
0.020000000000000018 0.1524200000000002
0.020000000000000018 0.1504800000000001
0.020000000000000018 0.16138000000000027
0.020000000000000018 0.1516000000000002
0.020000000000000018 0.1464400000000002
0.020000000000000018 0.1511800000000001
0.020000000000000018 0.1506600000000002
0.020000000000000018 0.1569400000000004
0.020000000000000018 0.15938000000000024
0.020000000000000018 0.15968000000000013
0.020000000000000018 0.15952000000000027
0.020000000000000018 0.15642000000000036
0.020000000000000018 0.16380000000000036
0.020000000000000018 0.16696000000000027
0.020000000000000018 0.16276000000000007
0.020000000000000018 0.16726000000000013
0.020000000000000018 0.17014000000000004
0.020000000000000018 0.16874000000000014
0.020000000000000018 0.16714000000000012
0.020000000000000018 0.17064000000000018
0.020000000000000018 0.16190000000000032
0.020000000000000018 0.15246000000000012
0.020000000000000018 0.15582000000000013
0.020000000000000018 0.16424000000000016
0.020000000000000018 0.15404000000000032
0.020000000000000018 0.15940000000000035
0.020000000000000018 0.15430000000000046
0.020000000000000018 0.14826000000000036
0.020000000000000018 0.14756000000000027
0.020000000000000018 0.15034000000000008
0.020000000000000018 0.14774000000000037
0.020000000000000018 0.1554200000000005
0.020000000000000018 0.15920000000000037
0.020000000000000018 0.14932000000000037
0.020000000000000018 0.15220000000000028
0.020000000000000018 0.15986000000000014
0.020000000000000018 0.15806000000000042
0.020000000000000018 0.15636000000000042
0.020000000000000018 0.16450000000000042
0.020000000000000018 0.15150000000000047
0.020000000000000018 0.15734000000000037
0.020000000000000018 0.15576000000000054
