0.85 0.4235400000000016
0.85 0.46208000000000266
0.91 0.496640000000003
0.91 0.5292600000000037
0.91 0.5449900000000031
0.97 0.5746600000000026
0.97 0.5939000000000022
0.97 0.603800000000002
0.97 0.6297600000000029
0.97 0.6369400000000035
0.97 0.6611900000000043
0.98 0.6665100000000029
0.98 0.67409
0.98 0.694169999999996
0.98 0.6992399999999955
0.98 0.7087499999999946
0.98 0.7115699999999934
0.98 0.7067299999999938
0.98 0.7129199999999924
0.98 0.7303399999999893
0.98 0.7376699999999882
0.98 0.7452499999999873
0.98 0.7504699999999864
0.98 0.7589299999999847
0.98 0.7705299999999855
0.98 0.7691599999999874
0.98 0.7839499999999908
0.98 0.7863599999999895
0.98 0.774039999999991
0.98 0.7680499999999872
0.98 0.775349999999989
0.98 0.7740299999999873
0.98 0.7684399999999885
0.98 0.7748799999999916
0.98 0.7843599999999932
0.98 0.7925299999999924
0.98 0.8026199999999916
0.98 0.794339999999993
0.98 0.7956899999999916
0.98 0.8020599999999933
0.98 0.8121299999999904
0.98 0.810659999999992
0.98 0.8138299999999953
0.98 0.8140499999999943
0.98 0.8142699999999937
0.98 0.818659999999994
0.98 0.8160999999999928
0.98 0.8193099999999928
0.98 0.8161599999999954
0.98 0.8167599999999935
0.98 0.8262299999999947
0.98 0.8377399999999974
0.98 0.8360099999999966
0.98 0.8417699999999964
0.99 0.8311299999999958
0.99 0.8330499999999958
0.99 0.8378499999999955
0.99 0.8365499999999966
0.99 0.835739999999995
0.99 0.8461499999999981
0.99 0.8383599999999948
0.99 0.838619999999997
0.99 0.8481199999999938
0.99 0.8420799999999958
0.99 0.833899999999995
0.99 0.8463499999999937
0.99 0.8547999999999949
0.99 0.8622499999999939
0.99 0.8647799999999952
0.99 0.8653199999999948
0.99 0.8633399999999951
0.99 0.8637699999999934
0.99 0.865279999999995
0.99 0.8715099999999968
0.99 0.8685199999999974
0.99 0.8752199999999991
0.99 0.8555599999999967
0.99 0.8573099999999954
0.99 0.8637299999999956
0.99 0.8699899999999975
0.99 0.8714500000000004
0.99 0.8679400000000022
0.99 0.8700500000000042
0.99 0.8637400000000013
0.99 0.8705799999999991
0.99 0.8713400000000011
0.99 0.8798800000000021
0.99 0.8783700000000008
0.99 0.8661300000000008
0.99 0.8557299999999967
0.99 0.8610199999999962
0.99 0.8610399999999953
0.99 0.8520499999999989
0.99 0.8518899999999975
0.99 0.8623199999999988
0.99 0.8544199999999971
0.99 0.8645799999999981
0.99 0.863360000000001
0.99 0.8608899999999999
0.99 0.8593299999999987
