0.67 0.3673500000000013
0.68 0.3852500000000019
0.67 0.3810500000000019
0.68 0.3784500000000017
0.68 0.37410000000000176
0.68 0.3728500000000018
0.68 0.4074000000000019
0.68 0.38130000000000214
0.81 0.386050000000002
0.67 0.36035000000000167
0.68 0.38705000000000206
0.68 0.39580000000000176
0.68 0.4292000000000013
0.68 0.43310000000000154
0.74 0.42360000000000164
0.82 0.4193000000000019
0.75 0.43905000000000166
0.75 0.4494500000000015
0.84 0.45900000000000185
0.84 0.44950000000000145
0.96 0.5050000000000011
0.68 0.42025000000000184
0.74 0.4480500000000017
0.97 0.4888500000000009
0.93 0.48480000000000084
0.97 0.4966000000000011
0.97 0.5431000000000011
0.84 0.46085000000000087
0.78 0.4193500000000015
0.83 0.5493500000000002
0.83 0.5828999999999999
0.84 0.5961000000000002
0.91 0.6197000000000008
0.84 0.6469500000000015
0.86 0.5400000000000007
0.88 0.5068000000000005
0.68 0.4550500000000008
0.77 0.4992500000000011
0.86 0.5930000000000006
0.86 0.5782500000000004
0.86 0.6124000000000006
0.86 0.59625
0.86 0.6374500000000015
0.9 0.6517000000000014
0.86 0.6383500000000014
0.9 0.6472000000000012
0.95 0.6541500000000023
0.95 0.6543000000000023
0.95 0.6630500000000024
0.95 0.6870000000000023
0.95 0.664600000000002
0.95 0.6640000000000019
0.8 0.42025000000000184
0.8 0.4293500000000013
0.68 0.424200000000001
0.74 0.44645000000000046
0.95 0.6133500000000002
0.85 0.5621500000000009
0.95 0.6190000000000007
0.72 0.43985000000000096
0.66 0.45845000000000025
0.63 0.4013000000000013
0.85 0.4331500000000008
0.68 0.39725000000000166
0.67 0.4656500000000004
0.68 0.4486999999999999
0.77 0.47809999999999947
0.68 0.45955000000000007
0.68 0.4893499999999998
0.78 0.4960000000000004
0.77 0.4725500000000007
0.64 0.4646000000000005
0.67 0.47675000000000034
0.94 0.5008500000000007
0.94 0.5226500000000008
0.84 0.5038000000000004
0.68 0.5203000000000002
0.68 0.5178500000000004
0.67 0.5030000000000013
0.68 0.4968000000000008
0.68 0.5076500000000009
0.68 0.5385499999999996
0.68 0.5533999999999996
0.68 0.5696999999999994
0.68 0.5200000000000002
0.68 0.5463999999999994
0.68 0.5736999999999984
0.68 0.5770999999999988
0.68 0.5889499999999994
0.68 0.6055499999999998
0.68 0.6168000000000003
0.68 0.6247000000000008
0.68 0.625500000000001
0.68 0.6221000000000012
0.68 0.6249500000000014
0.68 0.6181000000000013
0.68 0.6123000000000013
0.68 0.6164000000000016
0.68 0.6227500000000016
0.68 0.6327000000000012
0.68 0.6357000000000014
0.68 0.6398000000000009
0.68 0.6515000000000005
0.68 0.6402000000000007
0.68 0.6555000000000006
0.68 0.6548500000000013
0.68 0.6602000000000017
0.68 0.6599500000000025
0.68 0.6566000000000025
0.68 0.6630000000000027
0.68 0.6604500000000025
0.68 0.6413500000000024
0.68 0.5766000000000008
0.68 0.5911500000000005
0.68 0.6127500000000007
0.68 0.6335500000000017
0.68 0.6554500000000028
0.68 0.6601000000000031
0.68 0.6511000000000027
0.68 0.6589500000000027
0.68 0.6522500000000028
0.68 0.6608000000000028
0.68 0.6652000000000031
0.68 0.6627000000000028
0.68 0.6705500000000029
0.68 0.5255000000000004
0.68 0.5018000000000001
0.68 0.6191000000000009
0.68 0.5657999999999999
0.68 0.6120000000000012
0.68 0.6556000000000023
0.68 0.6584000000000029
0.68 0.6627000000000031
0.68 0.6620500000000031
0.68 0.6501500000000026
0.68 0.6053500000000005
0.68 0.648700000000002
0.68 0.6581000000000027
0.68 0.6584000000000025
0.68 0.6619500000000028
0.68 0.6676000000000029
0.68 0.6694000000000028
0.68 0.6568500000000028
0.68 0.6335000000000024
0.68 0.6665500000000028
0.68 0.6562500000000024
0.68 0.6689000000000032
0.68 0.6669500000000032
0.68 0.6421500000000028
0.68 0.6545500000000026
0.68 0.6603000000000027
0.68 0.651050000000002
0.68 0.6571500000000028
0.68 0.6588000000000028
0.68 0.5823000000000019
0.68 0.6380500000000028
0.68 0.5881500000000021
0.68 0.5902500000000022
0.68 0.6311000000000024
0.68 0.6577000000000026
0.68 0.6675000000000031
0.68 0.5559000000000016
0.68 0.46890000000000187
0.68 0.464500000000002
0.68 0.5946000000000017
0.68 0.5951500000000021
0.68 0.5086500000000016
0.68 0.4541000000000019
0.68 0.43080000000000224
0.68 0.43855000000000216
0.68 0.4292000000000024
0.68 0.44375000000000236
0.68 0.4533000000000021
0.68 0.4687500000000016
0.68 0.530400000000001
0.68 0.5558000000000003
0.68 0.5796500000000007
0.68 0.6109500000000007
0.68 0.6201000000000009
0.68 0.6266000000000013
0.68 0.6178500000000017
0.68 0.634900000000002
0.68 0.6412000000000022
0.68 0.6549000000000025
0.68 0.6536500000000026
0.68 0.6510500000000026
0.68 0.6506500000000025
0.68 0.6449500000000028
0.68 0.6400500000000027
0.68 0.6360000000000025
0.68 0.6272000000000025
0.68 0.6301000000000022
0.68 0.6479000000000025
0.68 0.661050000000003
0.68 0.6659000000000028
0.68 0.6465000000000029
0.68 0.6566500000000031
0.68 0.6423500000000024
0.68 0.6535500000000026
0.68 0.6346500000000027
0.68 0.6341000000000028
0.68 0.6460000000000027
0.68 0.6229000000000022
0.68 0.6375000000000025
0.68 0.6190500000000021
0.68 0.6386500000000024
0.68 0.6193500000000022
0.68 0.6364500000000024
0.68 0.6377000000000026
0.68 0.601050000000002
0.68 0.46515000000000195
0.68 0.49325000000000174
0.68 0.5252500000000013
0.68 0.5554500000000006
0.68 0.5823500000000008
0.68 0.5950000000000016
0.68 0.5976500000000013
0.68 0.5943500000000012
0.68 0.5979000000000011
0.68 0.6200000000000018
0.68 0.6249000000000021
0.68 0.6203500000000022
0.68 0.6346500000000023
0.68 0.611000000000002
0.68 0.6304500000000024
0.68 0.6407500000000026
0.68 0.6320000000000028
0.68 0.6335000000000028
0.68 0.6281000000000027
0.68 0.6426000000000025
0.68 0.6467500000000025
0.68 0.6367500000000027
0.68 0.6508000000000028
0.68 0.6271500000000022
0.68 0.5916500000000019
0.68 0.6141500000000023
0.68 0.6208500000000019
0.68 0.6384000000000024
0.68 0.6493000000000028
0.68 0.6575000000000025
0.68 0.6423500000000024
0.68 0.6429000000000025
0.68 0.6469000000000027
0.68 0.6431000000000027
0.68 0.6456000000000028
0.68 0.6296000000000024
0.68 0.6421000000000023
0.68 0.6528000000000026
0.68 0.6455500000000023
0.68 0.6492000000000029
0.68 0.6466000000000028
0.68 0.646250000000003
0.68 0.6559000000000029
0.68 0.654750000000003
0.68 0.6552000000000029
0.68 0.6616000000000031
0.68 0.6621500000000029
0.68 0.6651000000000031
0.68 0.6547500000000029
0.68 0.6626000000000031
0.68 0.6426000000000025
0.68 0.6167500000000024
0.68 0.6465000000000026
0.68 0.6507500000000027
0.68 0.6620500000000028
0.68 0.5825000000000017
0.68 0.538050000000001
0.68 0.5798000000000012
0.68 0.6188500000000016
0.68 0.6395000000000021
0.68 0.6272500000000018
0.68 0.6409500000000017
0.68 0.6448000000000023
0.68 0.6355500000000023
0.68 0.6335000000000028
0.68 0.6188000000000027
0.68 0.6327500000000021
0.68 0.6535000000000025
0.68 0.5806500000000016
0.68 0.6351500000000023
0.68 0.6411500000000023
0.68 0.6534500000000026
0.68 0.6519000000000026
0.68 0.6613500000000027
0.68 0.6574000000000025
0.68 0.6570500000000027
0.68 0.6323500000000026
0.68 0.6397500000000023
0.68 0.6495000000000026
0.68 0.6590000000000029
0.68 0.6609500000000028
0.68 0.6509000000000027
0.68 0.6426500000000027
0.68 0.6502000000000028
0.68 0.6511000000000026
0.68 0.6466000000000026
0.68 0.6526500000000026
0.68 0.6432500000000024
0.68 0.6560500000000027
0.68 0.6501500000000029
0.68 0.660100000000003
0.68 0.6550500000000028
0.68 0.6439500000000027
0.68 0.6584000000000029
0.68 0.6551500000000027
0.68 0.6493500000000025
0.68 0.6543500000000025
0.68 0.6464000000000025
0.68 0.6501000000000029
0.68 0.6564500000000031
0.68 0.6521000000000029
0.68 0.6442000000000028
0.68 0.650000000000003
0.68 0.6510500000000031
0.68 0.6584500000000029
0.68 0.6537500000000032
0.68 0.6480000000000024
0.68 0.6459000000000021
0.68 0.6626000000000031
0.68 0.655650000000003
0.68 0.654400000000003
0.68 0.6549000000000029
0.68 0.6428000000000025
0.68 0.6501000000000026
0.68 0.6479000000000029
0.68 0.644400000000003
0.68 0.6360500000000028
0.68 0.6493000000000029
0.68 0.651300000000003
0.68 0.6502500000000029
0.68 0.6562500000000031
0.68 0.6552000000000031
0.68 0.6647500000000032
0.68 0.667150000000003
0.68 0.660900000000003
0.68 0.6679000000000032
0.68 0.6645500000000033
0.68 0.6665000000000032
0.68 0.6607500000000032
0.68 0.6567500000000028
0.68 0.6600000000000033
0.68 0.6482000000000028
0.68 0.6583000000000032
0.68 0.6577500000000032
0.68 0.5624500000000022
0.68 0.6483500000000026
0.68 0.6519000000000026
0.68 0.6478000000000026
0.68 0.6509500000000027
0.68 0.6375500000000025
0.68 0.6425000000000027
0.68 0.6601500000000027
0.68 0.6564000000000029
0.68 0.6518500000000028
0.68 0.6323500000000029
0.68 0.6047500000000022
0.68 0.6341000000000027
0.68 0.6346500000000025
0.68 0.6379000000000028
0.68 0.6444500000000026
0.68 0.5676500000000019
0.68 0.6278500000000025
0.68 0.6157500000000024
0.68 0.620900000000002
0.68 0.6432500000000023
0.68 0.6491500000000028
0.68 0.6522500000000029
0.68 0.6446500000000028
0.68 0.6541000000000028
0.68 0.6230500000000027
0.68 0.6009000000000022
0.68 0.5500500000000013
0.68 0.562200000000001
0.68 0.5650500000000014
0.68 0.578200000000001
0.68 0.6288500000000022
0.68 0.6258500000000025
0.68 0.6554500000000028
0.68 0.666750000000003
0.68 0.6674000000000031
0.68 0.6565000000000027
0.68 0.6573000000000029
0.68 0.6564500000000028
0.68 0.6602000000000031
0.68 0.6507000000000026
0.68 0.6374000000000024
0.68 0.6349000000000026
0.68 0.6553000000000027
0.68 0.6467000000000022
0.68 0.6601000000000028
0.68 0.618950000000002
0.68 0.6370500000000021
0.68 0.6289500000000019
0.68 0.6349500000000021
0.68 0.6486500000000025
0.68 0.6544500000000028
0.68 0.6554500000000029
0.68 0.6607000000000026
0.68 0.6531000000000029
0.68 0.6576500000000032
0.68 0.6547500000000026
0.68 0.6485000000000027
0.68 0.6572500000000031
0.68 0.6521500000000029
0.68 0.6529500000000028
0.68 0.6527500000000027
0.68 0.6531500000000028
0.68 0.6658000000000031
0.68 0.6623500000000029
0.68 0.6521000000000028
0.68 0.6522500000000027
0.68 0.6472500000000022
0.68 0.6680000000000027
0.68 0.6630000000000028
0.68 0.6673500000000029
0.68 0.6656000000000032
0.68 0.6571000000000028
0.68 0.6561000000000027
0.68 0.6658000000000028
0.68 0.6588500000000029
0.68 0.6578000000000026
0.68 0.6614500000000026
0.68 0.665450000000003
0.68 0.6702500000000032
0.68 0.671950000000003
0.68 0.6621000000000032
0.68 0.6658000000000033
0.68 0.661750000000003
0.68 0.662850000000003
0.68 0.6631000000000031
0.68 0.6609500000000031
0.68 0.6713500000000032
0.68 0.6619500000000029
0.68 0.6637000000000028
0.68 0.6691500000000028
0.68 0.6715000000000028
0.68 0.670100000000003
0.68 0.661950000000003
0.68 0.665300000000003
0.68 0.6643000000000033
0.68 0.6743500000000031
0.68 0.6637000000000031
0.68 0.6639000000000028
0.68 0.6623500000000029
0.68 0.6682500000000029
0.68 0.6669000000000032
0.68 0.6646500000000032
0.68 0.6708000000000033
0.68 0.6658000000000027
0.68 0.6697500000000027
0.68 0.6642500000000028
0.68 0.6624000000000028
0.68 0.672500000000003
0.68 0.6688500000000029
0.68 0.6711000000000031
0.68 0.6604500000000028
0.68 0.656050000000003
0.68 0.6676000000000031
0.68 0.6665000000000029
0.68 0.6701000000000035
0.68 0.671200000000003
0.68 0.6703500000000032
0.68 0.6632000000000033
0.68 0.6687000000000031
0.68 0.6674000000000031
0.68 0.6628000000000029
0.68 0.6677500000000031
0.68 0.6741000000000031
0.68 0.671950000000003
0.68 0.670700000000003
0.68 0.6731500000000028
0.68 0.6692500000000031
0.68 0.666250000000003
0.68 0.663500000000003
0.68 0.6665500000000031
0.68 0.6728000000000032
0.68 0.6732000000000034
0.68 0.6723000000000031
0.68 0.6700000000000031
0.68 0.6656000000000027
0.68 0.6597000000000028
0.68 0.672300000000003
0.68 0.676800000000003
0.68 0.6713500000000028
0.68 0.6552000000000026
0.68 0.6653000000000029
0.68 0.667900000000003
0.68 0.6742500000000028
0.68 0.6705500000000031
0.68 0.6694000000000031
0.68 0.6629500000000028
0.68 0.658950000000003
0.68 0.6648500000000032
0.68 0.6727500000000032
0.68 0.6660500000000034
0.68 0.6751500000000031
0.68 0.6726000000000031
0.68 0.6748000000000028
0.68 0.6627500000000027
0.68 0.6680000000000031
