0.71 0.38715000000000027
0.71 0.3864999999999992
0.71 0.393099999999999
0.71 0.3864999999999991
0.71 0.38364999999999955
0.79 0.38889999999999914
0.71 0.3998999999999988
0.84 0.4250499999999993
0.71 0.4447999999999993
0.71 0.4217999999999996
0.71 0.40884999999999977
0.71 0.4281000000000001
0.71 0.4275500000000001
0.71 0.4273500000000003
0.71 0.42455
0.71 0.4295000000000001
0.71 0.4391500000000002
0.71 0.4529000000000002
0.71 0.4467000000000004
0.71 0.4226000000000005
0.68 0.3997500000000004
0.68 0.4147000000000004
0.71 0.4052500000000005
0.71 0.41515000000000013
0.68 0.4120500000000004
0.71 0.4349000000000003
0.71 0.4261500000000003
0.71 0.4461000000000003
0.71 0.4195500000000004
0.71 0.4433500000000003
0.71 0.4344500000000003
0.71 0.4282000000000003
0.71 0.4514000000000001
0.71 0.46535000000000015
0.71 0.49435000000000023
0.71 0.5079500000000006
0.71 0.5046000000000004
0.71 0.5263499999999999
0.71 0.5672500000000001
0.71 0.5769000000000001
0.71 0.5421
0.71 0.5728500000000002
0.71 0.5778000000000003
0.71 0.5788000000000001
0.71 0.5534
0.71 0.5631000000000002
0.71 0.5425500000000005
0.71 0.5018499999999994
0.71 0.5247999999999997
0.71 0.5479000000000006
0.71 0.5432500000000001
0.71 0.5861500000000006
0.71 0.5989000000000003
0.71 0.5763
0.71 0.4146999999999983
0.71 0.4930000000000001
0.71 0.5251000000000003
0.71 0.5336500000000004
0.71 0.5649500000000007
0.71 0.4897000000000004
0.71 0.47775000000000034
0.71 0.5353000000000004
0.71 0.4934000000000005
0.71 0.5274000000000002
0.71 0.5265000000000007
0.71 0.5411500000000007
0.71 0.5422500000000003
0.71 0.6100999999999999
0.71 0.5855
0.71 0.5529499999999999
0.71 0.6147499999999994
0.71 0.6715499999999988
0.71 0.6732499999999983
0.71 0.6898999999999976
0.71 0.6970499999999972
0.71 0.6959999999999973
0.71 0.6872999999999975
0.71 0.6934999999999973
0.71 0.7032999999999978
0.71 0.7022499999999974
0.71 0.6982499999999976
0.71 0.6963999999999976
0.71 0.5841499999999997
0.71 0.6819499999999968
0.71 0.6880499999999974
0.71 0.6641999999999971
0.71 0.683999999999997
0.71 0.6571499999999978
0.71 0.6656499999999974
0.71 0.6783499999999977
0.71 0.6362999999999984
0.71 0.5584000000000008
0.71 0.6165999999999996
0.71 0.654699999999998
0.71 0.6533499999999981
0.71 0.6834499999999971
0.71 0.6904499999999969
0.71 0.6885499999999971
0.71 0.6957999999999971
0.71 0.6953999999999975
0.71 0.6916999999999974
0.71 0.7008499999999976
0.71 0.7000999999999974
0.71 0.6974499999999979
0.71 0.6958499999999976
0.71 0.700699999999998
0.71 0.6977999999999974
0.71 0.7079999999999983
0.71 0.6722499999999967
0.71 0.5996999999999996
0.71 0.6720499999999968
0.71 0.6627999999999975
0.71 0.6953499999999977
0.71 0.7050999999999981
0.71 0.6920999999999979
0.71 0.6589999999999976
0.71 0.670899999999997
0.71 0.6861499999999974
0.71 0.6946999999999978
0.71 0.6672999999999973
0.71 0.6800499999999973
0.71 0.6896999999999971
0.71 0.6948999999999975
0.71 0.6933999999999972
0.71 0.6966499999999969
0.71 0.6936499999999977
0.71 0.6926999999999975
0.71 0.6995999999999978
0.71 0.6840999999999974
0.71 0.6976499999999975
0.71 0.7040499999999981
0.71 0.7022499999999977
0.71 0.7044499999999981
0.71 0.6950499999999975
0.71 0.7005499999999976
0.71 0.5779499999999999
0.71 0.612449999999999
0.71 0.5970999999999996
0.71 0.622499999999999
0.71 0.6205999999999992
0.71 0.6532499999999979
0.71 0.6407999999999988
0.71 0.6491999999999984
0.71 0.6714999999999969
0.71 0.6807499999999971
0.71 0.6794999999999972
0.71 0.6845499999999966
0.71 0.6868999999999967
0.71 0.6705499999999968
0.71 0.6852999999999969
0.71 0.691749999999997
0.71 0.6968499999999976
0.71 0.6831499999999968
0.71 0.6718999999999967
0.71 0.6969499999999975
0.71 0.6905499999999977
0.71 0.6418999999999986
0.71 0.6598499999999973
0.71 0.6695499999999975
0.71 0.6516499999999981
0.71 0.6666999999999976
0.71 0.684599999999997
0.71 0.6937499999999972
0.71 0.673149999999997
0.71 0.6630499999999973
0.71 0.6923999999999971
0.71 0.6836999999999966
0.71 0.6847499999999969
0.71 0.6713999999999976
0.71 0.6270499999999991
0.71 0.6996499999999978
0.71 0.7070499999999982
0.71 0.6024999999999997
0.71 0.40790000000000043
0.71 0.5748000000000002
0.71 0.6760999999999973
0.71 0.6773499999999967
0.71 0.6497999999999984
0.71 0.6818999999999975
0.71 0.6930499999999975
0.71 0.680849999999997
0.71 0.6921999999999977
0.71 0.6941499999999975
0.71 0.6972999999999975
0.71 0.687999999999997
0.71 0.6966499999999975
0.71 0.7001999999999974
0.71 0.7015999999999976
0.71 0.6788999999999968
0.71 0.6860999999999968
0.71 0.6883499999999967
0.71 0.679449999999997
0.71 0.6803999999999973
0.71 0.6911999999999975
0.71 0.6867999999999972
0.71 0.687199999999997
0.71 0.7017499999999977
0.71 0.6937499999999972
0.71 0.7062999999999978
0.71 0.7029999999999975
0.71 0.7068999999999978
0.71 0.6991499999999973
0.71 0.706599999999998
0.71 0.6920499999999972
0.71 0.6923499999999971
0.71 0.6911499999999969
0.71 0.6968999999999974
0.71 0.6945499999999979
0.71 0.693299999999998
0.71 0.7066499999999981
0.71 0.6994999999999978
0.71 0.6916499999999977
0.71 0.6885499999999973
0.71 0.6930999999999973
0.71 0.702499999999998
0.71 0.6949499999999975
0.71 0.6994999999999978
0.71 0.6941999999999976
0.71 0.6900499999999973
0.71 0.6994499999999977
0.71 0.6973499999999979
0.71 0.6893999999999977
0.71 0.691599999999997
0.71 0.6988999999999977
0.71 0.6882999999999975
0.71 0.6535999999999976
0.71 0.6975499999999976
0.71 0.7000499999999978
0.71 0.6967999999999975
0.71 0.6988499999999978
0.71 0.6332499999999972
0.71 0.673799999999997
0.71 0.5823499999999971
0.71 0.5836499999999973
0.71 0.6044999999999977
0.71 0.6606999999999975
0.71 0.6834999999999968
0.71 0.6994499999999977
0.71 0.7022999999999979
0.71 0.7012999999999981
0.71 0.6973999999999977
0.71 0.7033499999999979
0.71 0.7042499999999982
0.71 0.6977499999999979
0.71 0.7017499999999981
0.71 0.7008999999999981
0.71 0.6972999999999975
0.71 0.6951999999999978
0.71 0.6931999999999977
0.71 0.7032499999999976
0.71 0.6998999999999975
0.71 0.7008999999999977
0.71 0.6982499999999975
0.71 0.6956999999999978
0.71 0.7034999999999977
0.71 0.7045999999999981
0.71 0.7010999999999982
0.71 0.6987999999999979
0.71 0.6932999999999973
0.71 0.7025999999999978
0.71 0.7054499999999979
0.71 0.7052499999999979
0.71 0.6947499999999975
0.71 0.6935999999999978
0.71 0.7060999999999982
0.71 0.7030999999999977
0.71 0.6973499999999977
0.71 0.6989999999999976
0.71 0.6951999999999976
0.71 0.6889999999999974
0.71 0.6921999999999973
0.71 0.6907999999999974
0.71 0.7029999999999981
0.71 0.702049999999998
0.71 0.6964499999999977
0.71 0.7000499999999978
0.71 0.6997999999999979
0.71 0.6978999999999977
0.71 0.6998499999999975
0.71 0.6877499999999968
0.71 0.6938499999999975
0.71 0.6989999999999977
0.71 0.6980999999999975
0.71 0.5971499999999995
0.71 0.621999999999999
0.71 0.6732499999999972
0.71 0.6534499999999984
0.71 0.6063999999999995
0.71 0.6412999999999985
0.71 0.6765999999999969
0.71 0.6911499999999974
0.71 0.7040499999999982
0.71 0.6515499999999983
0.71 0.6679499999999972
0.71 0.689049999999997
0.71 0.6867999999999972
0.71 0.6872999999999974
0.71 0.6886999999999978
0.71 0.699949999999998
0.71 0.7058999999999982
0.71 0.705049999999998
0.71 0.6955999999999974
0.71 0.7033499999999981
0.71 0.7016499999999981
0.71 0.707599999999998
0.71 0.6950499999999971
0.71 0.7010999999999978
0.71 0.6802499999999969
0.71 0.689349999999997
0.71 0.6899499999999974
0.71 0.6932499999999969
0.71 0.6964999999999972
0.71 0.6975999999999974
0.71 0.6978499999999976
0.71 0.6990999999999974
0.71 0.6989499999999979
0.71 0.6995999999999978
0.71 0.705299999999998
0.71 0.7044499999999979
0.71 0.704199999999998
0.71 0.7003499999999977
0.71 0.705949999999998
0.71 0.7033499999999978
0.71 0.7036499999999981
0.71 0.7064499999999981
0.71 0.7067499999999981
0.71 0.6826499999999969
0.71 0.6957999999999978
0.71 0.6727499999999967
0.71 0.6225499999999988
0.71 0.6821499999999975
0.71 0.6622999999999972
0.71 0.6498499999999978
0.71 0.6928499999999974
0.71 0.6958999999999976
0.71 0.7024999999999977
0.71 0.7012999999999977
0.71 0.6969499999999976
0.71 0.7022499999999978
0.71 0.6995999999999978
0.71 0.7008499999999978
0.71 0.4526000000000005
0.71 0.44725000000000054
0.71 0.5824499999999998
0.71 0.6815499999999972
0.71 0.5267000000000004
0.71 0.6709999999999969
0.71 0.6009999999999991
0.71 0.6786499999999969
0.71 0.6949999999999974
0.71 0.6714499999999967
0.71 0.6793499999999972
0.71 0.5080499999999972
0.71 0.5900499999999999
0.71 0.6056499999999996
0.71 0.629849999999999
0.71 0.674199999999997
0.71 0.6819499999999975
0.71 0.6903499999999978
0.71 0.6945499999999977
0.71 0.6913499999999974
0.71 0.6909499999999968
0.71 0.6490999999999982
0.71 0.5651500000000002
0.71 0.6914499999999975
0.71 0.6995999999999977
0.71 0.6941499999999974
0.71 0.6986999999999974
0.71 0.6947999999999973
0.71 0.6909499999999974
0.71 0.6915499999999972
0.71 0.6955999999999974
0.71 0.6909999999999973
0.71 0.7017999999999978
0.71 0.680849999999997
0.71 0.6982499999999976
0.71 0.6693999999999967
0.71 0.5879999999999993
0.71 0.5978499999999997
0.71 0.6565499999999977
0.71 0.678399999999997
0.71 0.6921499999999975
0.71 0.546299999999997
0.71 0.6314999999999976
0.71 0.6485999999999976
0.71 0.6804999999999972
0.71 0.6949499999999973
0.71 0.6935499999999978
0.71 0.6992999999999974
0.71 0.6927499999999971
0.71 0.6865499999999969
0.71 0.6726499999999969
0.71 0.6687499999999971
0.71 0.7025499999999977
0.71 0.5319499999999977
0.71 0.5860999999999992
0.71 0.5037500000000005
0.71 0.5920999999999997
0.71 0.3987000000000005
0.71 0.4005500000000005
0.71 0.41120000000000045
0.71 0.4318000000000004
0.71 0.4560000000000005
0.71 0.4740000000000005
0.71 0.5159000000000006
0.71 0.5297500000000002
0.71 0.5632000000000001
0.71 0.5755
0.71 0.6048999999999995
0.71 0.6549999999999985
0.71 0.6102499999999995
0.71 0.6358499999999989
0.71 0.6843499999999976
0.71 0.6874499999999973
0.71 0.6592999999999979
0.71 0.6919999999999977
0.71 0.6968999999999977
0.71 0.699949999999998
0.71 0.7002499999999975
0.71 0.7015999999999974
0.71 0.6953999999999972
0.71 0.6941499999999978
0.71 0.6965499999999974
0.71 0.6944499999999972
0.71 0.7013499999999979
0.71 0.6952999999999977
0.71 0.6955999999999978
0.71 0.6988499999999976
0.71 0.6973499999999977
0.71 0.6961499999999975
0.71 0.7034499999999979
0.71 0.702349999999998
0.71 0.6927999999999973
0.71 0.612999999999999
0.71 0.6358499999999985
0.71 0.6881999999999973
0.71 0.6944999999999978
0.71 0.6963999999999977
0.71 0.6956499999999974
0.71 0.6866999999999974
0.71 0.4365000000000004
0.71 0.44910000000000055
0.39 0.3900000000000005
0.39 0.3900000000000005
0.39 0.3900000000000005
0.39 0.3900000000000005
0.39 0.3900000000000005
0.71 0.40760000000000046
0.39 0.3900000000000005
0.71 0.3996000000000005
0.71 0.3996000000000005
0.71 0.4588500000000004
0.71 0.5301500000000005
0.71 0.6486999999999981
0.71 0.6305499999999984
0.71 0.6429999999999982
0.71 0.5993999999999995
0.39 0.3900000000000005
0.39 0.3900000000000005
0.71 0.42470000000000047
0.71 0.6032499999999992
0.71 0.6606999999999974
0.71 0.6444999999999982
0.71 0.5297000000000005
0.71 0.5547000000000001
0.71 0.6728499999999972
0.71 0.6914999999999969
0.71 0.6881499999999973
0.71 0.6948499999999974
0.71 0.6980999999999979
0.71 0.6956999999999977
0.71 0.7030499999999978
0.71 0.7003499999999977
0.71 0.6963999999999977
0.71 0.6872999999999972
0.71 0.6963999999999976
0.71 0.6947999999999975
0.71 0.691449999999997
0.71 0.6927499999999975
0.71 0.6961999999999974
0.71 0.7021999999999978
0.71 0.6873999999999972
0.71 0.690249999999997
0.71 0.690949999999997
0.71 0.6892499999999968
0.71 0.6905999999999972
0.71 0.6793999999999969
0.71 0.6937999999999973
0.71 0.6923999999999972
0.71 0.6783499999999972
0.71 0.681299999999997
0.71 0.6808999999999971
0.71 0.6792499999999968
0.71 0.6997499999999977
0.71 0.4298500000000005
0.71 0.4277500000000006
0.71 0.4363000000000005
0.71 0.6426499999999983
0.71 0.6858499999999974
0.71 0.5610000000000003
