0.75 0.3914000000000008
0.68 0.38885000000000164
0.67 0.3784500000000016
0.79 0.38795000000000107
0.94 0.4056500000000016
0.68 0.39985000000000126
0.68 0.40590000000000087
0.68 0.38745000000000124
0.92 0.3881500000000016
0.87 0.37955000000000183
0.68 0.3790500000000015
0.68 0.3777000000000016
0.66 0.3807500000000019
0.95 0.4141000000000017
0.81 0.3911500000000017
0.69 0.38875000000000226
0.69 0.40480000000000155
0.79 0.41010000000000163
0.9 0.4706000000000013
0.78 0.49790000000000134
0.9 0.49230000000000074
0.9 0.49990000000000095
0.79 0.5236500000000002
0.96 0.5088000000000008
0.97 0.516150000000001
0.77 0.5414500000000008
0.81 0.4801500000000004
0.81 0.5124000000000006
0.87 0.5126500000000007
0.66 0.36530000000000074
0.82 0.43240000000000123
0.83 0.5047000000000008
0.83 0.4840000000000011
0.83 0.5170500000000009
0.83 0.5623000000000001
0.83 0.42790000000000084
0.91 0.5628000000000001
0.91 0.5576500000000002
0.98 0.5649999999999998
0.98 0.5494999999999997
0.85 0.5338499999999996
0.7 0.5518500000000003
0.7 0.5434500000000001
0.72 0.5446500000000001
0.76 0.5443000000000003
0.85 0.6024499999999996
0.88 0.6169999999999993
0.88 0.5869499999999997
0.88 0.5756000000000002
0.94 0.5297499999999999
0.94 0.5876500000000002
0.94 0.5698000000000005
0.94 0.5790999999999997
0.9 0.49790000000000034
0.9 0.5649999999999998
0.69 0.5712999999999995
0.68 0.5846999999999993
0.68 0.5885999999999999
0.68 0.6201499999999985
0.94 0.5911999999999997
0.69 0.5249000000000007
0.67 0.3676000000000016
0.68 0.3922000000000013
0.67 0.3911500000000009
0.67 0.39980000000000165
0.68 0.3975000000000003
0.68 0.4037000000000013
0.68 0.4520500000000012
0.68 0.47950000000000154
0.68 0.42005000000000164
0.68 0.480100000000001
0.99 0.5294500000000005
0.68 0.5450499999999998
0.68 0.5152000000000011
0.74 0.6147
0.74 0.6115500000000003
0.77 0.60345
0.77 0.636450000000001
0.68 0.4887000000000015
0.68 0.4004000000000025
0.68 0.46520000000000167
0.68 0.4451500000000019
0.68 0.4953500000000007
0.68 0.5416000000000006
0.68 0.47230000000000105
0.68 0.466500000000001
0.68 0.449200000000001
0.68 0.4510500000000009
0.97 0.49110000000000026
0.68 0.46065000000000117
0.68 0.4773000000000009
0.68 0.47320000000000084
0.68 0.49770000000000075
0.68 0.5055500000000006
0.68 0.5397499999999998
0.68 0.45245000000000085
0.68 0.5160500000000005
0.68 0.45575000000000104
0.68 0.484450000000001
0.68 0.48910000000000003
0.68 0.5094000000000001
0.68 0.5260500000000007
0.68 0.495300000000001
0.68 0.5244000000000011
0.68 0.5304500000000003
0.68 0.5136500000000006
0.68 0.5254000000000004
0.68 0.5173000000000004
0.68 0.4209500000000013
0.68 0.46545000000000086
0.68 0.5056000000000005
0.68 0.5329500000000001
0.68 0.5150500000000007
0.68 0.5359500000000004
0.68 0.5821999999999989
0.68 0.5750999999999994
0.68 0.5647499999999992
0.68 0.5797499999999998
0.68 0.6081500000000002
0.68 0.5138000000000006
0.68 0.48470000000000146
0.68 0.5909000000000008
0.68 0.5875500000000009
0.68 0.5986500000000005
0.68 0.6134000000000004
0.68 0.616400000000001
0.68 0.6222000000000014
0.68 0.6218500000000009
0.68 0.6507500000000017
0.68 0.6271000000000018
0.68 0.6381000000000021
0.68 0.5926500000000007
0.68 0.6168000000000007
0.68 0.624600000000001
0.68 0.5895000000000014
0.68 0.6348000000000014
0.68 0.6264500000000011
0.68 0.6442000000000019
0.68 0.6309000000000016
0.68 0.6579500000000028
0.68 0.6388500000000019
0.68 0.6419000000000021
0.68 0.6265500000000015
0.68 0.644250000000002
0.68 0.6526000000000018
0.68 0.6358500000000022
0.68 0.6600000000000026
0.68 0.6473000000000023
0.68 0.6540500000000025
0.68 0.6388500000000024
0.68 0.6089500000000017
0.68 0.6297000000000023
0.68 0.5970500000000019
0.68 0.5222000000000011
0.68 0.4480000000000016
0.68 0.4818500000000015
0.56 0.3640000000000021
0.67 0.3869000000000022
0.66 0.33060000000000167
0.57 0.36435000000000206
0.57 0.386650000000002
0.57 0.41255000000000136
0.68 0.4276000000000007
0.68 0.3952000000000018
0.68 0.44295000000000145
0.66 0.4589000000000007
0.67 0.42005000000000126
0.68 0.4691000000000004
0.68 0.4914000000000008
0.68 0.418150000000001
0.57 0.44305000000000005
0.67 0.4616000000000002
0.57 0.48349999999999993
0.57 0.4912500000000003
0.57 0.5066999999999996
0.57 0.5174000000000002
0.65 0.5315500000000005
0.57 0.5427000000000008
0.62 0.5371500000000008
0.57 0.5400000000000008
0.63 0.5434000000000002
0.57 0.5400000000000004
0.57 0.5258500000000002
0.64 0.5149500000000007
0.64 0.502000000000001
0.57 0.5138500000000008
0.57 0.5278499999999997
0.57 0.5230999999999998
0.57 0.5409499999999986
0.57 0.5373999999999984
0.57 0.5370999999999984
0.57 0.5379999999999987
0.57 0.5544999999999978
0.57 0.5507499999999981
0.57 0.5497499999999986
0.57 0.552749999999998
0.57 0.556299999999998
0.57 0.5533999999999983
0.64 0.555349999999998
0.57 0.5474499999999984
0.64 0.5523999999999986
0.68 0.5534999999999979
0.57 0.5488499999999983
0.57 0.5487999999999982
0.57 0.5518499999999978
0.57 0.549599999999998
0.57 0.550199999999998
0.67 0.5453499999999988
0.67 0.5499499999999987
0.67 0.5498499999999987
0.68 0.5548499999999982
0.68 0.556449999999998
0.68 0.5571999999999985
0.68 0.5760999999999981
0.68 0.5804499999999979
0.68 0.5978499999999974
0.68 0.600399999999998
0.68 0.6063999999999985
0.68 0.6237999999999988
0.68 0.6325999999999992
0.68 0.6271000000000001
0.68 0.6390000000000008
0.68 0.5824000000000003
0.68 0.5768000000000001
0.68 0.4772500000000002
0.68 0.45240000000000063
0.68 0.47650000000000065
0.68 0.4686000000000004
0.68 0.46185000000000054
0.68 0.5332000000000005
0.68 0.5895500000000002
0.68 0.6036500000000007
0.68 0.5480000000000014
0.68 0.6063500000000012
0.68 0.6539000000000021
0.68 0.6702500000000022
0.68 0.6709500000000027
0.68 0.6652000000000027
0.68 0.6526000000000026
0.68 0.6482000000000028
0.68 0.661750000000003
0.68 0.6659500000000028
0.68 0.5423000000000009
0.68 0.644050000000002
0.68 0.6561500000000027
0.68 0.6615000000000029
0.68 0.5933500000000018
0.68 0.5820500000000016
0.68 0.4375500000000018
0.68 0.4268000000000016
0.68 0.4366500000000015
0.68 0.48285000000000095
0.68 0.3783500000000022
0.68 0.4382000000000012
0.68 0.4925500000000008
0.68 0.46640000000000087
0.68 0.569600000000001
0.68 0.6177500000000012
0.68 0.641600000000002
0.68 0.6500000000000026
0.68 0.6655500000000029
0.68 0.6663000000000029
0.68 0.6653500000000027
0.68 0.6602000000000028
0.68 0.629250000000002
0.68 0.6632500000000028
0.68 0.6606500000000023
0.68 0.6523500000000026
0.68 0.6709500000000027
0.68 0.6336000000000024
0.68 0.6503000000000024
0.68 0.6612000000000029
0.68 0.6409500000000024
0.68 0.662150000000003
0.68 0.670350000000003
0.68 0.6537000000000026
0.68 0.6565500000000029
0.68 0.6573500000000025
0.68 0.6628000000000026
0.68 0.6625000000000029
0.68 0.671250000000003
0.68 0.6604000000000027
0.68 0.655600000000003
0.68 0.6705000000000034
0.68 0.6484500000000026
0.68 0.6659000000000028
0.68 0.6662500000000032
0.68 0.6646000000000032
0.68 0.664350000000003
0.68 0.6698500000000028
0.68 0.6584000000000024
0.68 0.6501500000000026
0.68 0.6447000000000024
0.68 0.661450000000003
0.68 0.663850000000003
0.68 0.666700000000003
0.68 0.660350000000003
0.68 0.6733500000000029
0.68 0.6645500000000029
0.68 0.6678500000000028
0.68 0.663850000000003
0.68 0.665000000000003
0.68 0.6628000000000028
0.68 0.6468000000000025
0.68 0.6296000000000022
0.68 0.6580500000000025
0.68 0.6490000000000024
0.68 0.6499500000000026
0.68 0.6572500000000023
0.68 0.6541000000000023
0.68 0.6533000000000024
0.68 0.6605000000000029
0.68 0.6188000000000023
0.68 0.5354500000000008
0.68 0.5939000000000012
0.68 0.5979500000000008
0.68 0.618750000000001
0.68 0.6338500000000016
0.68 0.6522000000000024
0.68 0.6506500000000024
0.68 0.6556000000000027
0.68 0.6467500000000025
0.68 0.6429000000000026
0.68 0.6531000000000026
0.68 0.6483000000000022
0.68 0.6576500000000028
0.68 0.6594000000000031
0.68 0.6577000000000026
0.68 0.6589500000000029
0.68 0.6577500000000029
0.68 0.6638000000000029
0.68 0.664400000000003
0.68 0.6588000000000029
0.68 0.664400000000003
0.68 0.6629500000000031
0.68 0.6500500000000029
0.68 0.6451500000000026
0.68 0.6535500000000027
0.68 0.6508500000000026
0.68 0.6591500000000028
0.68 0.6517500000000025
0.68 0.6484000000000026
0.68 0.6514000000000025
0.68 0.6446500000000023
0.68 0.6370000000000022
0.68 0.6502500000000024
0.68 0.6544000000000024
0.68 0.6618500000000032
0.68 0.6619500000000028
0.68 0.6600500000000024
0.68 0.6499500000000025
0.68 0.6482000000000029
0.68 0.6472000000000026
0.68 0.6411000000000021
0.68 0.6448000000000023
0.68 0.616700000000002
0.68 0.6600500000000025
0.68 0.665800000000003
0.68 0.6563500000000023
0.68 0.6580500000000026
0.68 0.6594500000000028
0.68 0.6541500000000025
0.68 0.6567000000000026
0.68 0.6625000000000024
0.68 0.662150000000003
0.68 0.6482500000000023
0.68 0.6432000000000021
0.68 0.6567500000000025
0.68 0.5085000000000012
0.68 0.5511500000000013
0.68 0.5762000000000014
0.68 0.5695500000000017
0.68 0.6286500000000018
0.68 0.5999000000000013
0.68 0.5855500000000015
0.68 0.635850000000002
0.68 0.6305000000000023
0.68 0.5897500000000018
0.68 0.6162000000000017
0.68 0.46920000000000184
0.68 0.5208000000000014
0.68 0.49685000000000124
0.68 0.5345500000000007
0.68 0.5614500000000004
0.68 0.5984500000000008
0.68 0.5934000000000009
0.68 0.5874000000000007
0.68 0.6297000000000007
0.68 0.6220000000000016
0.68 0.6411500000000019
0.68 0.634850000000002
0.68 0.636150000000002
0.68 0.6432500000000023
0.68 0.6428000000000025
0.68 0.663850000000003
0.68 0.667850000000003
0.68 0.6590500000000028
0.68 0.6704500000000031
0.68 0.6676000000000027
0.68 0.665300000000003
0.68 0.6570500000000026
0.68 0.6504500000000024
0.68 0.6666500000000031
0.68 0.6690500000000028
0.68 0.6676500000000029
0.68 0.5398000000000016
0.68 0.6426000000000026
0.68 0.5996000000000024
0.68 0.6461500000000026
0.68 0.6640000000000031
0.68 0.6683500000000031
0.68 0.6590500000000026
0.68 0.6627500000000027
0.68 0.584900000000002
0.68 0.5838500000000016
0.68 0.6491000000000026
0.68 0.5912500000000015
0.68 0.6364500000000018
0.68 0.6542000000000021
0.68 0.6424000000000024
0.68 0.6150000000000021
0.68 0.6391500000000022
0.68 0.6600500000000027
0.68 0.6664000000000031
0.68 0.6417000000000023
0.68 0.6527000000000026
0.68 0.6336000000000026
0.68 0.6189000000000024
0.68 0.5483500000000016
0.68 0.5947500000000021
0.68 0.3783000000000022
0.46 0.3436000000000018
0.46 0.3468000000000018
0.68 0.38990000000000236
0.68 0.4973000000000013
0.68 0.5999500000000006
0.68 0.5652500000000004
0.68 0.5519499999999999
0.68 0.5929000000000005
0.68 0.625100000000001
0.68 0.654950000000002
0.68 0.6559000000000017
0.68 0.6605000000000025
0.68 0.6547000000000025
0.68 0.6585500000000024
0.68 0.5883000000000016
0.68 0.6438500000000025
0.68 0.6578000000000026
0.68 0.6152000000000019
0.68 0.6491000000000022
0.68 0.6587500000000026
0.68 0.6552500000000029
0.68 0.6363000000000025
0.68 0.6595000000000029
0.68 0.6274000000000023
0.68 0.6509500000000022
0.68 0.5882000000000018
0.68 0.6359500000000018
0.68 0.6313500000000023
0.68 0.6500000000000025
0.68 0.6452000000000025
0.68 0.6710000000000024
0.68 0.6587000000000028
0.68 0.6501500000000027
0.68 0.6523000000000025
0.68 0.6646500000000031
0.68 0.6566000000000028
0.68 0.5034000000000015
0.68 0.5009000000000013
0.68 0.6186500000000013
0.68 0.5540000000000004
0.68 0.5908500000000009
0.68 0.36320000000000197
0.68 0.46810000000000196
0.68 0.36915000000000203
0.34 0.3400000000000017
0.68 0.3818000000000022
0.63 0.3443500000000018
0.34 0.3400000000000017
0.34 0.3400000000000017
0.34 0.3400000000000017
0.68 0.5160500000000012
0.68 0.5437500000000011
0.68 0.530450000000001
0.68 0.600350000000001
0.68 0.5786500000000006
0.68 0.5276000000000012
0.68 0.5975000000000005
0.68 0.6331500000000013
0.68 0.6552500000000027
0.68 0.6548000000000022
0.68 0.6613000000000029
0.68 0.6557500000000027
0.68 0.6550000000000027
0.68 0.6515000000000026
0.66 0.3432000000000018
0.68 0.365850000000002
0.68 0.5995000000000007
0.68 0.6196000000000008
0.68 0.6399500000000015
