0.06000000000000005 0.5833600000000052
0.06000000000000005 0.552040000000004
0.06000000000000005 0.5162400000000035
0.06000000000000005 0.48398000000000263
0.06000000000000005 0.46202000000000143
0.06000000000000005 0.4345000000000012
0.040000000000000036 0.4179000000000015
0.040000000000000036 0.3915000000000022
0.07999999999999996 0.37692000000000264
0.07999999999999996 0.3547000000000029
0.07999999999999996 0.34700000000000225
0.07999999999999996 0.3344800000000019
0.07999999999999996 0.31842000000000265
0.07999999999999996 0.31474000000000285
0.06000000000000005 0.30100000000000315
0.06000000000000005 0.28240000000000304
0.06000000000000005 0.28000000000000336
0.06000000000000005 0.2764200000000028
0.06000000000000005 0.2650800000000022
0.06000000000000005 0.2584000000000023
0.06000000000000005 0.26518000000000186
0.06000000000000005 0.2534000000000022
0.06000000000000005 0.24880000000000208
0.06000000000000005 0.25478000000000206
0.040000000000000036 0.25268000000000207
0.040000000000000036 0.2450800000000016
0.040000000000000036 0.2316600000000011
0.040000000000000036 0.24452000000000115
0.040000000000000036 0.2314600000000015
0.040000000000000036 0.23566000000000137
0.040000000000000036 0.2253600000000009
0.040000000000000036 0.22328000000000042
0.040000000000000036 0.21822000000000072
0.040000000000000036 0.2016000000000007
0.040000000000000036 0.19138000000000027
0.040000000000000036 0.19172000000000017
0.040000000000000036 0.1914200000000004
0.040000000000000036 0.18924000000000027
0.040000000000000036 0.18651999999999982
0.040000000000000036 0.17453999999999992
0.040000000000000036 0.17560000000000034
0.040000000000000036 0.17657999999999993
0.040000000000000036 0.16805999999999993
0.040000000000000036 0.1652999999999998
0.040000000000000036 0.15319999999999967
0.040000000000000036 0.15137999999999951
0.040000000000000036 0.1559199999999996
0.040000000000000036 0.15607999999999972
0.040000000000000036 0.15139999999999923
0.040000000000000036 0.1522399999999993
0.040000000000000036 0.14747999999999944
0.040000000000000036 0.1516599999999994
0.040000000000000036 0.14475999999999958
0.040000000000000036 0.15113999999999933
0.040000000000000036 0.15269999999999959
0.040000000000000036 0.14183999999999958
0.040000000000000036 0.15111999999999928
0.040000000000000036 0.14199999999999938
0.040000000000000036 0.1290399999999996
0.040000000000000036 0.13093999999999967
0.040000000000000036 0.12471999999999973
0.040000000000000036 0.1299799999999998
0.040000000000000036 0.12467999999999968
0.040000000000000036 0.12881999999999968
0.040000000000000036 0.12843999999999978
0.040000000000000036 0.12837999999999966
0.040000000000000036 0.11941999999999961
0.040000000000000036 0.11869999999999963
0.040000000000000036 0.1140999999999996
0.040000000000000036 0.12021999999999959
0.040000000000000036 0.1270199999999997
0.040000000000000036 0.12999999999999973
0.040000000000000036 0.12217999999999969
0.040000000000000036 0.12759999999999969
0.040000000000000036 0.1236199999999997
0.040000000000000036 0.1369999999999996
0.040000000000000036 0.14127999999999954
0.040000000000000036 0.14035999999999946
0.040000000000000036 0.12983999999999957
0.040000000000000036 0.12885999999999956
0.040000000000000036 0.13753999999999958
0.040000000000000036 0.13449999999999962
0.040000000000000036 0.1344199999999996
0.040000000000000036 0.1263999999999996
0.040000000000000036 0.1311599999999996
0.040000000000000036 0.13025999999999963
0.040000000000000036 0.12595999999999968
0.040000000000000036 0.1361599999999996
0.040000000000000036 0.13289999999999969
0.040000000000000036 0.1276799999999998
0.040000000000000036 0.12805999999999984
0.040000000000000036 0.12385999999999969
0.040000000000000036 0.12847999999999976
0.040000000000000036 0.12303999999999968
0.040000000000000036 0.12397999999999962
0.040000000000000036 0.12241999999999964
0.040000000000000036 0.12045999999999966
0.040000000000000036 0.1216599999999996
0.040000000000000036 0.12099999999999968
0.040000000000000036 0.12009999999999973
