0.21999999999999997 0.5751000000000007
0.21999999999999997 0.5311800000000002
0.12 0.50738
0.09999999999999998 0.46192000000000055
0.09999999999999998 0.4499800000000009
0.09999999999999998 0.42561999999999994
0.09999999999999998 0.4012199999999997
0.09999999999999998 0.38232000000000055
0.09999999999999998 0.36400000000000177
0.09999999999999998 0.3526200000000018
0.09999999999999998 0.3411000000000021
0.09999999999999998 0.3317400000000025
0.09999999999999998 0.32774000000000275
0.09999999999999998 0.32128000000000206
0.07999999999999996 0.316560000000002
0.07999999999999996 0.30014000000000185
0.07999999999999996 0.29722000000000104
0.07999999999999996 0.2950000000000012
0.07999999999999996 0.3000200000000016
0.07999999999999996 0.28968000000000077
0.07999999999999996 0.28624000000000127
0.07999999999999996 0.28622000000000075
0.07999999999999996 0.2804800000000009
0.07999999999999996 0.2731600000000006
0.07999999999999996 0.2635200000000011
0.07999999999999996 0.25614000000000076
0.07999999999999996 0.26288000000000084
0.07999999999999996 0.2556000000000008
0.07999999999999996 0.25288000000000066
0.07999999999999996 0.2517600000000007
0.07999999999999996 0.2459800000000006
0.07999999999999996 0.24928000000000078
0.07999999999999996 0.25110000000000077
0.07999999999999996 0.23950000000000055
0.07999999999999996 0.2436400000000006
0.07999999999999996 0.22274000000000033
0.07999999999999996 0.22146000000000043
0.07999999999999996 0.22166000000000066
0.07999999999999996 0.22236000000000053
0.07999999999999996 0.2246400000000003
0.07999999999999996 0.22138000000000016
0.07999999999999996 0.21844000000000025
0.07999999999999996 0.21274000000000035
0.07999999999999996 0.21556000000000033
0.07999999999999996 0.21092000000000022
0.07999999999999996 0.19856000000000013
0.07999999999999996 0.21722000000000014
0.07999999999999996 0.21674000000000035
0.07999999999999996 0.21640000000000023
0.07999999999999996 0.2162400000000002
0.07999999999999996 0.21606000000000042
0.07999999999999996 0.2073600000000007
0.07999999999999996 0.2099400000000006
0.07999999999999996 0.21704000000000054
0.07999999999999996 0.21804000000000054
0.07999999999999996 0.2101800000000005
0.07999999999999996 0.20614000000000005
0.07999999999999996 0.2117799999999999
0.07999999999999996 0.22138000000000008
0.07999999999999996 0.22174000000000033
0.07999999999999996 0.2239800000000004
0.07999999999999996 0.22726000000000043
0.07999999999999996 0.2330800000000001
0.07999999999999996 0.2314800000000002
0.07999999999999996 0.22272000000000064
0.07999999999999996 0.21946000000000052
0.07999999999999996 0.21296000000000023
0.07999999999999996 0.2125400000000005
0.07999999999999996 0.2194800000000004
0.07999999999999996 0.21758000000000027
0.07999999999999996 0.20990000000000048
0.07999999999999996 0.20626000000000014
0.07999999999999996 0.20025999999999985
0.07999999999999996 0.20292000000000004
0.07999999999999996 0.19670000000000026
0.07999999999999996 0.20938000000000015
0.07999999999999996 0.2011000000000003
0.07999999999999996 0.19480000000000014
0.07999999999999996 0.20574000000000037
0.07999999999999996 0.20462000000000066
0.07999999999999996 0.22142000000000028
0.07999999999999996 0.21220000000000047
0.07999999999999996 0.21328000000000052
0.07999999999999996 0.2070400000000006
0.07999999999999996 0.21396000000000048
0.07999999999999996 0.21866000000000035
0.07999999999999996 0.21004000000000095
0.07999999999999996 0.20680000000000068
0.07999999999999996 0.21344000000000068
0.07999999999999996 0.20676000000000072
0.07999999999999996 0.21534000000000048
0.07999999999999996 0.23000000000000054
0.07999999999999996 0.22724000000000058
0.07999999999999996 0.22772000000000053
0.07999999999999996 0.2221200000000002
0.07999999999999996 0.22132000000000013
0.07999999999999996 0.22224000000000013
0.07999999999999996 0.22332000000000032
0.07999999999999996 0.21512000000000026
0.07999999999999996 0.20812000000000042
