0.89 0.4479299999999962
0.91 0.47961999999999627
0.92 0.514669999999997
0.94 0.5625499999999956
0.94 0.5916899999999953
0.95 0.6117499999999965
0.95 0.6370399999999997
0.96 0.6597200000000013
0.99 0.6766899999999968
0.99 0.6887999999999926
0.99 0.6935699999999918
0.99 0.7076899999999947
0.99 0.7225100000000003
0.99 0.7291400000000027
0.99 0.7320000000000013
0.99 0.7437600000000038
0.99 0.7417300000000041
0.99 0.7484600000000039
0.99 0.7559300000000071
0.99 0.7538900000000062
0.99 0.7666500000000086
0.99 0.7597000000000075
0.99 0.7609900000000083
1.0 0.7626400000000072
1.0 0.7657900000000072
1.0 0.7691600000000094
1.0 0.7724600000000099
1.0 0.783490000000006
1.0 0.7806200000000069
1.0 0.7807800000000066
1.0 0.7935300000000077
1.0 0.7845500000000075
1.0 0.7940700000000064
1.0 0.7966000000000063
1.0 0.7982800000000073
1.0 0.7902600000000088
1.0 0.7905600000000089
1.0 0.8149200000000064
1.0 0.8099300000000064
1.0 0.8191900000000052
1.0 0.8122000000000081
1.0 0.8050300000000077
1.0 0.8079100000000069
1.0 0.8144200000000074
1.0 0.8116300000000067
1.0 0.8190600000000056
1.0 0.8189500000000068
1.0 0.8214600000000083
1.0 0.8207900000000088
1.0 0.825400000000004
1.0 0.8288200000000047
1.0 0.8400700000000042
1.0 0.8389800000000045
1.0 0.8353800000000051
1.0 0.8224500000000051
1.0 0.8410900000000033
1.0 0.8536300000000028
1.0 0.8478000000000049
1.0 0.8532600000000019
1.0 0.8562800000000041
1.0 0.8578200000000039
1.0 0.8496200000000034
1.0 0.8496700000000044
1.0 0.8470000000000025
1.0 0.8589800000000036
1.0 0.8525100000000041
1.0 0.8618500000000026
1.0 0.8677000000000009
1.0 0.8684400000000014
1.0 0.8628300000000039
1.0 0.8716600000000004
1.0 0.8858500000000035
1.0 0.8769500000000007
1.0 0.8561700000000045
1.0 0.8628500000000023
1.0 0.8622900000000051
1.0 0.8642800000000052
1.0 0.8609000000000057
1.0 0.859360000000003
1.0 0.848520000000004
1.0 0.8439500000000066
1.0 0.8504100000000028
1.0 0.8590100000000036
1.0 0.8574400000000038
1.0 0.8496400000000046
1.0 0.8487500000000036
1.0 0.8548400000000025
1.0 0.864640000000003
1.0 0.8589500000000033
1.0 0.861670000000002
1.0 0.8621700000000019
1.0 0.8615800000000039
1.0 0.8640200000000042
1.0 0.861720000000004
1.0 0.8782400000000016
1.0 0.8782300000000054
1.0 0.8799000000000042
1.0 0.8844600000000012
1.0 0.8770500000000028
1.0 0.8726700000000034
