0.7 0.38685000000000114
0.7 0.40765000000000007
0.74 0.4047500000000007
0.74 0.4216500000000001
0.69 0.39405000000000084
0.69 0.4419500000000005
0.67 0.42374999999999985
0.76 0.4309000000000002
0.77 0.4191500000000001
0.78 0.448400000000001
0.82 0.4461500000000009
0.8 0.4637000000000009
0.95 0.4890500000000008
0.79 0.47490000000000115
0.67 0.5031500000000011
0.91 0.5263000000000007
0.79 0.4835500000000011
0.84 0.5094500000000006
0.84 0.4842000000000011
0.8 0.5314500000000008
0.79 0.5114500000000005
0.79 0.5270500000000008
0.93 0.62985
0.88 0.5702499999999999
0.89 0.5993999999999999
0.91 0.5356500000000005
