0.18000000000000005 0.6003600000000039
0.18000000000000005 0.5667600000000039
0.18000000000000005 0.5414000000000027
0.18000000000000005 0.5141000000000028
0.09999999999999998 0.4779800000000025
0.09999999999999998 0.4586400000000016
0.09999999999999998 0.4388200000000011
0.07999999999999996 0.4306400000000001
0.07999999999999996 0.42046000000000033
0.07999999999999996 0.4105399999999995
0.07999999999999996 0.4126199999999989
0.07999999999999996 0.4042999999999983
0.07999999999999996 0.39205999999999874
0.07999999999999996 0.38709999999999845
0.07999999999999996 0.37509999999999816
0.06000000000000005 0.3725399999999978
0.06000000000000005 0.36031999999999736
0.06000000000000005 0.3622399999999976
0.06000000000000005 0.35503999999999797
0.06000000000000005 0.33649999999999786
0.06000000000000005 0.3338799999999974
0.06000000000000005 0.34303999999999724
0.06000000000000005 0.33983999999999753
0.06000000000000005 0.32297999999999766
0.06000000000000005 0.32003999999999766
0.06000000000000005 0.3128399999999986
0.06000000000000005 0.3014399999999985
0.06000000000000005 0.2957199999999983
0.06000000000000005 0.2934599999999983
0.06000000000000005 0.2819199999999985
0.06000000000000005 0.2782199999999983
0.06000000000000005 0.27449999999999863
0.06000000000000005 0.27687999999999846
0.06000000000000005 0.2663199999999979
0.06000000000000005 0.26577999999999813
0.06000000000000005 0.2723799999999984
0.06000000000000005 0.27263999999999833
0.06000000000000005 0.2769399999999984
0.06000000000000005 0.27463999999999833
0.06000000000000005 0.2857799999999983
0.06000000000000005 0.29143999999999814
0.06000000000000005 0.2823199999999987
0.06000000000000005 0.27369999999999856
0.06000000000000005 0.2775399999999982
0.06000000000000005 0.2657399999999983
0.06000000000000005 0.2517999999999986
0.06000000000000005 0.2529399999999986
0.06000000000000005 0.26243999999999873
0.06000000000000005 0.26293999999999856
0.06000000000000005 0.24123999999999898
0.06000000000000005 0.23965999999999882
0.06000000000000005 0.23949999999999888
0.06000000000000005 0.23293999999999873
0.06000000000000005 0.22649999999999867
0.06000000000000005 0.2361799999999991
0.06000000000000005 0.22521999999999906
0.06000000000000005 0.21821999999999916
0.06000000000000005 0.22241999999999917
0.06000000000000005 0.2232799999999989
0.06000000000000005 0.23497999999999916
0.06000000000000005 0.21945999999999918
0.06000000000000005 0.22379999999999897
0.06000000000000005 0.21859999999999888
0.06000000000000005 0.22855999999999882
0.06000000000000005 0.23517999999999875
0.06000000000000005 0.2281599999999988
0.06000000000000005 0.22553999999999924
0.06000000000000005 0.22963999999999957
0.06000000000000005 0.22757999999999964
0.06000000000000005 0.23551999999999912
0.06000000000000005 0.23699999999999885
0.06000000000000005 0.23889999999999867
0.06000000000000005 0.23405999999999888
0.06000000000000005 0.2416399999999991
0.06000000000000005 0.22117999999999927
0.06000000000000005 0.2096799999999991
0.06000000000000005 0.2126399999999992
0.06000000000000005 0.20149999999999937
0.06000000000000005 0.20895999999999934
0.06000000000000005 0.19511999999999968
0.06000000000000005 0.19875999999999933
0.06000000000000005 0.19937999999999945
0.06000000000000005 0.19757999999999937
0.06000000000000005 0.2034599999999995
0.06000000000000005 0.21067999999999976
0.06000000000000005 0.20043999999999973
0.06000000000000005 0.20659999999999962
0.06000000000000005 0.21539999999999923
0.06000000000000005 0.2041599999999995
0.06000000000000005 0.19811999999999946
0.06000000000000005 0.19321999999999961
0.06000000000000005 0.1848599999999993
0.06000000000000005 0.19027999999999942
0.06000000000000005 0.19367999999999946
0.06000000000000005 0.18473999999999946
0.06000000000000005 0.18323999999999954
0.06000000000000005 0.18671999999999958
0.06000000000000005 0.19007999999999933
0.06000000000000005 0.19449999999999926
0.06000000000000005 0.19285999999999914
