0.69 0.3607000000000005
0.67 0.37294999999999995
0.73 0.4027499999999983
0.73 0.4021999999999982
0.69 0.40644999999999826
0.69 0.37814999999999843
0.69 0.37819999999999837
0.69 0.3843999999999994
0.69 0.3884999999999993
0.69 0.3961999999999996
0.69 0.388849999999999
0.69 0.3743999999999983
0.73 0.41989999999999944
0.69 0.406749999999999
0.75 0.42604999999999976
0.75 0.4297499999999998
0.69 0.4218999999999999
0.71 0.41479999999999967
0.69 0.4074499999999994
0.69 0.4226999999999997
0.7 0.4246499999999998
0.69 0.3983499999999994
0.71 0.41609999999999986
0.73 0.4098999999999998
0.75 0.4170499999999999
0.73 0.44705000000000067
0.74 0.43289999999999984
0.69 0.4560500000000011
0.69 0.45670000000000094
0.69 0.4461500000000007
0.69 0.44880000000000053
0.69 0.459700000000001
0.69 0.49440000000000134
0.69 0.5111000000000019
0.86 0.4970500000000013
0.69 0.4791500000000011
0.69 0.5154000000000014
0.69 0.5099500000000003
0.69 0.5247500000000013
0.69 0.535000000000001
0.69 0.5440500000000007
0.69 0.5471500000000002
0.85 0.5567000000000001
0.69 0.5716000000000002
0.69 0.6009000000000002
0.82 0.6112500000000005
0.69 0.5309500000000006
0.69 0.5596000000000008
0.69 0.41619999999999846
0.69 0.40169999999999917
0.67 0.3986999999999994
0.69 0.4312000000000002
0.68 0.4309499999999995
0.67 0.40134999999999776
0.69 0.462
0.69 0.44934999999999947
0.69 0.4154999999999972
0.69 0.47394999999999987
0.69 0.4947500000000018
0.69 0.4870500000000018
0.69 0.5172500000000013
0.69 0.4848500000000018
0.69 0.4966500000000017
0.69 0.48980000000000173
0.69 0.5384000000000012
0.69 0.4594500000000004
0.69 0.5529000000000011
0.69 0.4901000000000018
0.69 0.5848
0.69 0.5936999999999998
0.69 0.605150000000001
0.69 0.6274500000000006
0.69 0.6373500000000001
0.69 0.6373000000000003
0.69 0.6471499999999999
0.69 0.5819499999999995
0.69 0.5534999999999993
0.69 0.6064500000000006
0.69 0.5783999999999989
0.68 0.3888999999999983
0.69 0.49614999999999965
0.69 0.4780499999999991
0.69 0.40254999999999813
0.69 0.46259999999999735
0.69 0.4828999999999993
0.69 0.4922499999999982
0.69 0.5420500000000001
0.69 0.5507000000000005
0.69 0.56615
0.69 0.5783000000000007
0.69 0.5970500000000001
0.69 0.6174499999999999
0.69 0.6277500000000001
0.69 0.6357999999999998
0.69 0.6428999999999995
0.69 0.658449999999999
0.69 0.6441999999999988
0.69 0.6393499999999989
0.69 0.6497999999999986
0.69 0.6734499999999984
0.69 0.6704499999999985
0.69 0.6730999999999986
0.69 0.6623999999999988
0.69 0.6630999999999986
0.69 0.661649999999999
0.69 0.6491499999999985
0.69 0.6529999999999988
0.69 0.6487499999999988
0.69 0.6324999999999985
0.69 0.6285499999999993
0.69 0.6546499999999988
0.69 0.6623999999999988
0.69 0.6609999999999987
0.69 0.6762999999999987
0.69 0.6711499999999986
0.69 0.6580999999999988
0.69 0.6665999999999985
0.69 0.582699999999998
0.69 0.649049999999999
0.69 0.6551999999999987
0.69 0.6509499999999987
0.69 0.6550999999999988
0.69 0.4969499999999969
0.69 0.48434999999999717
0.69 0.5067499999999971
0.69 0.428799999999997
0.69 0.45534999999999826
0.69 0.535349999999998
0.69 0.43839999999999757
0.69 0.4721499999999969
0.69 0.49249999999999794
0.69 0.5246499999999986
0.69 0.5774999999999995
0.69 0.5956499999999996
0.69 0.6190499999999997
0.69 0.6205499999999994
0.69 0.6210999999999992
0.69 0.6392499999999994
0.69 0.6048499999999999
0.69 0.6364499999999996
0.69 0.6459999999999992
0.69 0.6179000000000002
0.69 0.6404499999999999
0.69 0.6617499999999992
0.69 0.6644499999999993
0.69 0.6479999999999988
0.69 0.6469999999999988
0.69 0.6334999999999986
0.69 0.6473499999999993
0.69 0.6678999999999989
0.69 0.6628499999999985
0.69 0.6678499999999987
0.69 0.6668999999999988
0.69 0.6690499999999987
0.69 0.6649999999999986
0.69 0.6568499999999987
0.69 0.6508499999999988
0.69 0.6568999999999988
0.69 0.6784999999999983
0.69 0.6662499999999986
0.69 0.6563999999999988
0.69 0.650149999999999
0.69 0.6466999999999992
0.69 0.642249999999999
0.69 0.6612499999999987
0.69 0.6173999999999998
0.69 0.6369499999999989
0.69 0.6039500000000003
0.69 0.6618999999999987
0.69 0.6763999999999984
0.69 0.6705499999999983
0.69 0.6673999999999985
0.69 0.6612999999999987
0.69 0.655149999999999
0.69 0.6485999999999993
0.69 0.6519499999999987
0.69 0.6550499999999988
0.69 0.6674999999999984
0.69 0.6538999999999987
0.69 0.6139499999999997
0.69 0.6591499999999987
0.69 0.5904000000000001
0.69 0.6677999999999987
0.69 0.6509499999999993
0.69 0.39199999999999996
0.69 0.4340500000000002
0.69 0.555150000000001
0.69 0.4956500000000019
0.69 0.6030999999999999
0.69 0.5289000000000015
0.69 0.5925999999999998
0.69 0.3987
0.69 0.4227000000000002
0.69 0.43105000000000027
0.69 0.4624500000000013
0.69 0.5265000000000017
0.69 0.5395000000000015
0.69 0.5794000000000009
0.69 0.5723000000000005
0.69 0.60525
0.69 0.5644
0.69 0.5651499999999994
0.69 0.6026999999999998
0.69 0.5976499999999993
0.69 0.548550000000001
0.69 0.5820999999999996
0.69 0.4491999999999988
0.69 0.5876499999999993
0.69 0.6356500000000002
0.69 0.6080999999999996
0.69 0.6039499999999991
0.69 0.6122999999999992
0.69 0.6437499999999994
0.69 0.6406499999999992
0.69 0.655349999999999
0.69 0.6264499999999991
0.69 0.6400999999999989
0.69 0.6671499999999989
0.69 0.6434999999999991
0.69 0.664049999999999
0.69 0.6685999999999988
0.69 0.6771999999999986
0.69 0.6638999999999987
0.69 0.6029500000000002
0.69 0.6531499999999988
0.69 0.646699999999999
0.69 0.6463499999999991
0.69 0.6123500000000001
0.69 0.6175499999999997
0.69 0.48715000000000125
0.69 0.6254499999999993
0.69 0.6390999999999987
0.69 0.640949999999999
0.69 0.6331499999999993
0.69 0.657699999999999
0.69 0.655299999999999
0.69 0.6686499999999985
0.69 0.6617999999999988
0.69 0.6543499999999987
0.69 0.6074499999999999
0.69 0.6486499999999993
0.69 0.6577999999999987
0.69 0.6449999999999991
0.69 0.6659499999999986
0.69 0.6670999999999984
0.69 0.6581499999999986
0.69 0.6597499999999991
0.69 0.6751999999999986
0.69 0.6753999999999983
0.69 0.6704999999999987
0.69 0.6785999999999985
0.69 0.6620499999999987
0.69 0.6712499999999987
0.69 0.6718499999999985
0.69 0.6727999999999983
0.69 0.6621499999999986
0.69 0.6594499999999986
0.69 0.6584499999999989
0.69 0.6689999999999988
0.69 0.6663999999999989
0.69 0.6673999999999988
0.69 0.6717499999999985
0.69 0.6627999999999986
0.69 0.6779499999999985
0.69 0.6580499999999984
0.69 0.6750499999999987
0.69 0.6686999999999987
0.69 0.6736999999999985
0.69 0.6741999999999986
0.69 0.6692999999999988
0.69 0.6638499999999989
0.69 0.6680999999999987
0.69 0.6785999999999984
0.69 0.6375499999999984
0.69 0.6568999999999993
0.69 0.6700499999999985
0.69 0.6779499999999985
0.76 0.6785499999999987
0.76 0.6697999999999986
0.76 0.6673999999999984
0.71 0.6658999999999986
0.71 0.6650499999999988
0.73 0.6569999999999989
0.76 0.6576999999999987
0.76 0.6665999999999985
0.76 0.6719499999999986
0.81 0.6798499999999986
0.81 0.6679999999999986
0.81 0.6510499999999986
0.81 0.661299999999999
0.81 0.661049999999999
0.81 0.644399999999999
0.97 0.6423999999999989
0.97 0.6611499999999988
0.97 0.6727499999999985
0.97 0.6673499999999984
0.97 0.6620999999999987
0.97 0.6643999999999987
0.97 0.6936999999999988
0.97 0.5300500000000019
0.97 0.5133000000000023
0.84 0.4784500000000013
0.97 0.503800000000002
0.97 0.5300500000000018
0.97 0.5793500000000017
0.97 0.6298500000000021
0.97 0.6392500000000011
0.97 0.6362000000000004
0.97 0.6626499999999999
0.97 0.6727000000000005
0.97 0.6706499999999993
0.97 0.6750000000000007
0.97 0.6974500000000003
0.97 0.7341500000000003
0.94 0.5908999999999986
0.97 0.6702499999999982
0.97 0.7918499999999985
0.97 0.7211999999999992
0.97 0.6631999999999987
0.97 0.6643999999999985
0.97 0.7090999999999995
0.97 0.6918499999999994
0.97 0.7053999999999996
0.97 0.7231499999999983
0.97 0.7664500000000001
0.97 0.78545
0.97 0.7933499999999998
0.97 0.6291499999999989
0.97 0.7345499999999998
0.97 0.7518499999999989
0.97 0.8036499999999992
0.97 0.8028499999999985
0.97 0.8273999999999988
0.97 0.8349999999999989
0.97 0.820099999999999
0.97 0.8293999999999981
0.97 0.6073499999999986
0.63 0.6158999999999989
0.63 0.6065999999999986
0.63 0.5987499999999989
0.63 0.6008999999999987
0.97 0.7520999999999987
0.97 0.6738999999999977
0.63 0.6103999999999989
0.97 0.6268499999999984
0.97 0.6616499999999975
0.63 0.6016999999999986
0.97 0.6636499999999979
0.97 0.7043999999999977
0.97 0.7546999999999983
0.97 0.7314499999999982
0.97 0.787949999999998
0.97 0.655549999999998
0.97 0.6292999999999984
0.63 0.5975999999999988
0.63 0.6077999999999987
0.63 0.6118999999999986
0.97 0.6213499999999985
0.63 0.6038499999999987
0.63 0.5935499999999987
0.63 0.5975499999999987
0.63 0.6060499999999988
0.63 0.6009999999999985
0.63 0.5861499999999983
0.69 0.5982999999999987
0.63 0.5914499999999986
0.77 0.4916999999999977
0.32 0.32000000000000023
0.64 0.39794999999999836
0.32 0.32000000000000023
0.32 0.32000000000000023
0.39 0.3207000000000002
0.39 0.3228000000000002
0.75 0.4117499999999981
0.76 0.39969999999999845
0.77 0.4238499999999981
0.83 0.4238499999999979
0.83 0.43974999999999737
0.89 0.4390999999999973
0.92 0.460649999999997
0.92 0.454899999999997
0.95 0.6004499999999987
0.95 0.5447999999999985
0.92 0.49994999999999756
0.95 0.5761999999999982
0.95 0.7144999999999991
0.95 0.7543999999999988
0.95 0.7731499999999982
0.95 0.7740999999999992
0.95 0.8036499999999994
0.95 0.796449999999999
0.95 0.7211999999999993
0.95 0.7341999999999987
0.95 0.8134499999999989
0.95 0.8179999999999992
0.95 0.8313999999999989
0.95 0.8134999999999987
0.95 0.8374999999999995
0.95 0.8476500000000006
0.95 0.8118999999999997
0.95 0.7741999999999991
0.95 0.8573500000000003
0.95 0.7623499999999992
0.95 0.7749999999999997
0.95 0.7811
0.95 0.7975500000000002
0.95 0.782899999999999
0.95 0.8236499999999998
0.95 0.85015
0.95 0.8535500000000009
0.95 0.8759000000000005
0.95 0.8691000000000001
0.95 0.8598500000000007
0.95 0.7935999999999995
0.95 0.8256499999999999
0.95 0.8061499999999989
0.95 0.8161999999999985
0.95 0.8196999999999999
0.95 0.8323500000000004
0.95 0.8300500000000003
0.95 0.8369000000000004
0.95 0.8519000000000005
0.95 0.8186500000000003
0.95 0.8310500000000008
0.95 0.8429000000000003
0.95 0.8356000000000001
0.95 0.8333000000000003
0.95 0.8157000000000006
0.95 0.8453500000000012
0.95 0.8696500000000016
0.95 0.8747500000000009
0.95 0.7987000000000007
0.95 0.7754500000000002
0.95 0.8037999999999995
0.95 0.8504500000000011
0.95 0.8497000000000006
0.95 0.8463500000000007
0.95 0.8332500000000007
0.95 0.8464000000000002
0.95 0.8319999999999997
0.95 0.8472000000000004
0.95 0.849150000000001
0.95 0.8446000000000007
0.95 0.8592000000000007
0.95 0.8505000000000004
0.95 0.8297000000000001
0.95 0.8449500000000009
0.95 0.8484999999999998
0.95 0.8357999999999999
0.95 0.8443000000000006
0.95 0.8465500000000007
0.95 0.8311999999999994
0.95 0.8368000000000005
0.95 0.86555
0.95 0.8485499999999996
0.95 0.8453499999999999
0.95 0.8336999999999994
0.95 0.8795500000000005
0.95 0.8759
0.95 0.875750000000001
0.95 0.8885500000000006
0.95 0.8709000000000009
0.95 0.8616000000000006
0.95 0.8932500000000005
0.95 0.8893500000000006
0.95 0.8626500000000002
0.95 0.7288500000000007
0.95 0.8438
0.95 0.8471000000000002
0.95 0.842000000000001
0.95 0.8483500000000018
0.95 0.867550000000001
0.95 0.8391000000000006
0.95 0.8444500000000005
0.95 0.8629000000000014
0.95 0.8623000000000007
0.95 0.8424500000000008
0.95 0.7778999999999996
0.95 0.8069999999999993
0.95 0.8532500000000011
0.95 0.8703500000000014
0.95 0.7918499999999995
0.95 0.8254999999999998
0.95 0.8513500000000009
0.95 0.7963000000000001
0.95 0.8255500000000013
0.95 0.7475000000000002
0.95 0.7297999999999998
0.95 0.8193
0.95 0.8177500000000003
0.95 0.83695
0.95 0.8305999999999996
0.95 0.8244500000000005
0.95 0.8512000000000005
0.95 0.6126500000000002
0.94 0.6276499999999997
0.95 0.746099999999999
0.95 0.774399999999999
0.95 0.769099999999999
0.95 0.8085999999999994
