0.38 0.6362000000000024
0.43999999999999995 0.6513000000000023
0.38 0.6298000000000019
0.38 0.6447000000000023
0.16000000000000003 0.636700000000002
0.38 0.619900000000002
0.30000000000000004 0.620200000000002
0.31999999999999995 0.6313000000000022
0.31999999999999995 0.6359000000000019
0.31999999999999995 0.6144000000000016
0.21999999999999997 0.626600000000002
0.30000000000000004 0.626300000000002
0.4 0.6552000000000017
0.4 0.645100000000002
0.4 0.6221000000000017
0.16000000000000003 0.6394000000000021
0.38 0.5991000000000019
0.38 0.6037000000000017
0.38 0.5906000000000015
0.38 0.5908000000000019
0.38 0.6175000000000018
0.31999999999999995 0.5926000000000015
0.26 0.5679000000000015
0.31999999999999995 0.5877000000000016
0.38 0.5877000000000013
0.19999999999999996 0.5631000000000017
0.18000000000000005 0.5255000000000013
0.21999999999999997 0.555100000000001
0.19999999999999996 0.5799000000000014
0.28 0.5766000000000016
0.38 0.5906000000000018
0.38 0.6183000000000017
0.38 0.6133000000000017
0.4 0.5786000000000017
0.38 0.597000000000002
0.42000000000000004 0.587300000000002
0.38 0.609300000000002
0.38 0.5957000000000017
0.38 0.5576000000000014
0.38 0.536100000000001
0.38 0.4731000000000008
0.12 0.5602000000000015
0.38 0.517300000000001
0.38 0.5894000000000016
0.38 0.5638000000000016
0.24 0.5987000000000013
0.020000000000000018 0.5488000000000014
0.020000000000000018 0.5223000000000013
0.06000000000000005 0.4930000000000008
0.06000000000000005 0.5416000000000017
0.06000000000000005 0.5161000000000011
0.38 0.5514000000000014
0.38 0.5352000000000012
0.38 0.5011000000000008
0.38 0.4912000000000005
0.19999999999999996 0.5014000000000007
0.38 0.5081000000000008
0.38 0.542800000000001
0.38 0.5723000000000014
0.38 0.5495000000000023
0.26 0.5832000000000019
0.38 0.602400000000002
0.38 0.6239000000000019
0.38 0.6138000000000019
0.38 0.6703000000000017
0.38 0.658400000000002
0.38 0.6197000000000019
0.38 0.5630000000000013
0.38 0.5892000000000016
0.38 0.5746000000000017
0.38 0.5453000000000011
0.38 0.5539000000000012
0.38 0.5278000000000009
0.38 0.5641000000000015
0.38 0.5346000000000017
0.38 0.5169000000000009
0.38 0.4985000000000009
0.38 0.5345000000000015
0.38 0.5954000000000027
0.38 0.5319000000000013
0.38 0.5558000000000023
0.38 0.5263000000000011
0.38 0.5250000000000012
0.38 0.5395000000000014
0.38 0.586900000000002
0.38 0.5312000000000012
0.38 0.5319000000000011
0.38 0.5204000000000011
0.38 0.4861000000000006
0.38 0.5103000000000006
0.38 0.5284000000000012
0.38 0.5044000000000006
0.38 0.5051000000000007
0.38 0.4940000000000008
0.38 0.505800000000001
0.38 0.5685000000000012
0.38 0.5557000000000015
0.38 0.6586000000000027
0.38 0.6158000000000021
0.38 0.6037000000000017
0.38 0.5609000000000014
0.38 0.5187000000000015
0.38 0.504100000000001
0.38 0.47390000000000093
0.38 0.464100000000001
0.38 0.4284000000000006
0.38 0.4255000000000009
0.38 0.4492000000000013
0.38 0.4475000000000011
0.38 0.45080000000000126
0.38 0.4293000000000009
0.38 0.400500000000001
0.38 0.4218000000000014
0.38 0.4064000000000012
0.38 0.4056000000000012
0.38 0.4136000000000012
0.38 0.49810000000000215
0.38 0.5325000000000021
0.4 0.5755000000000021
0.4 0.4747000000000012
0.4 0.4661000000000015
0.38 0.4665000000000012
0.4 0.43870000000000126
0.4 0.4143000000000013
0.38 0.4549000000000014
0.38 0.42050000000000076
0.38 0.426100000000001
0.38 0.4197000000000007
0.38 0.49030000000000173
0.38 0.5122000000000021
0.38 0.4853000000000016
0.38 0.4199000000000007
0.38 0.4144000000000008
0.38 0.3956000000000004
0.38 0.39110000000000045
0.38 0.417100000000001
0.38 0.47570000000000173
0.38 0.4284000000000014
0.38 0.4136000000000009
0.38 0.41360000000000113
0.38 0.40210000000000073
0.38 0.40970000000000034
0.38 0.4031000000000005
0.38 0.3963000000000004
0.38 0.40210000000000107
0.38 0.39720000000000055
0.38 0.4113000000000005
0.38 0.42060000000000103
0.4 0.543200000000001
0.4 0.4301000000000009
0.4 0.4205000000000008
0.4 0.40630000000000066
0.4 0.3990000000000007
0.4 0.3967000000000004
0.4 0.39900000000000063
0.4 0.39500000000000063
0.4 0.4124000000000008
0.4 0.44330000000000125
0.4 0.4079000000000007
0.38 0.4636000000000012
0.38 0.5073000000000006
0.38 0.4981000000000006
0.38 0.4812000000000006
0.38 0.4335000000000002
0.38 0.4216000000000005
0.38 0.42450000000000054
0.4 0.4877000000000011
0.4 0.44100000000000095
0.38 0.5978000000000026
0.38 0.6242000000000029
0.38 0.6076000000000022
0.38 0.5873000000000015
0.38 0.5664000000000015
0.38 0.5608000000000009
0.4 0.5391000000000009
0.4 0.5141000000000008
0.4 0.49480000000000074
0.4 0.4673000000000003
0.4 0.45460000000000006
0.4 0.48150000000000004
0.4 0.5078000000000016
0.4 0.484800000000001
0.4 0.5044000000000007
0.38 0.5903000000000014
0.4 0.5583000000000011
0.4 0.5273000000000012
0.38 0.5268000000000013
0.38 0.49800000000000083
0.38 0.5397000000000016
0.38 0.48050000000000054
0.38 0.4951000000000006
0.38 0.46780000000000044
0.38 0.4913000000000005
0.38 0.48080000000000056
0.38 0.46790000000000054
0.38 0.4517000000000003
0.38 0.4366000000000001
0.38 0.4683000000000008
0.38 0.4739000000000004
0.38 0.46290000000000037
0.38 0.4623000000000005
0.38 0.4221000000000008
0.38 0.40800000000000103
0.38 0.40820000000000084
0.38 0.4176000000000007
0.38 0.41050000000000075
0.38 0.4085000000000008
0.38 0.41360000000000086
0.38 0.39980000000000127
0.38 0.4030000000000014
0.38 0.406900000000001
0.38 0.42610000000000114
0.38 0.4203000000000013
0.38 0.41520000000000123
0.38 0.43830000000000086
0.38 0.4426000000000007
0.38 0.4461000000000011
0.38 0.4320000000000012
0.38 0.4375000000000011
0.38 0.4193000000000008
0.38 0.42570000000000086
0.38 0.4213000000000009
0.38 0.4162000000000009
0.38 0.4134000000000008
0.38 0.4250000000000012
0.38 0.4187000000000012
0.38 0.41280000000000144
0.38 0.4027000000000012
0.38 0.41110000000000135
0.38 0.3966000000000012
0.38 0.403200000000001
0.38 0.4020000000000011
0.38 0.405500000000001
0.38 0.4114000000000007
0.38 0.4198000000000007
0.38 0.4169000000000009
0.38 0.4120000000000011
0.38 0.41570000000000107
0.38 0.4254000000000007
0.38 0.4537000000000014
0.38 0.4313000000000009
0.38 0.4088000000000011
0.38 0.47070000000000145
0.38 0.4205000000000008
0.38 0.4221000000000008
0.38 0.4114000000000005
0.38 0.5003000000000016
0.38 0.41390000000000066
0.38 0.46390000000000114
0.38 0.4334000000000011
0.38 0.4218000000000008
0.38 0.46150000000000113
0.38 0.4340000000000008
0.38 0.43690000000000073
0.38 0.4299000000000007
0.38 0.475300000000001
0.38 0.4405000000000009
0.38 0.43150000000000044
0.38 0.41290000000000077
0.38 0.4716000000000017
0.38 0.44490000000000096
0.38 0.42390000000000094
0.38 0.4235000000000008
0.38 0.41320000000000084
0.38 0.4285000000000012
0.38 0.4237000000000012
0.38 0.423500000000001
0.38 0.3980000000000008
0.38 0.4039000000000008
0.38 0.3994000000000008
0.38 0.40990000000000104
0.38 0.40100000000000124
0.38 0.4133000000000014
0.38 0.41760000000000147
0.38 0.42040000000000144
0.38 0.42420000000000135
0.38 0.4265000000000015
0.38 0.3996000000000008
0.38 0.41750000000000137
0.38 0.4180000000000012
0.38 0.43690000000000145
0.38 0.42910000000000165
0.38 0.42020000000000146
0.38 0.41560000000000114
0.38 0.41190000000000127
0.38 0.4909000000000016
0.38 0.41510000000000113
0.38 0.4257000000000014
0.38 0.4132000000000013
0.38 0.4134000000000011
0.38 0.40740000000000137
0.38 0.39870000000000094
0.38 0.40910000000000113
0.38 0.41700000000000126
0.38 0.4052000000000011
0.38 0.3998000000000008
0.38 0.40630000000000116
0.38 0.42140000000000133
0.38 0.4247000000000012
0.38 0.42000000000000115
0.38 0.4143000000000013
0.38 0.41190000000000127
0.38 0.5529000000000022
0.38 0.529000000000002
0.38 0.47960000000000164
0.38 0.46540000000000104
0.38 0.4735000000000016
0.38 0.44700000000000123
0.38 0.4208000000000007
0.38 0.44000000000000106
0.38 0.4232000000000005
0.38 0.4345000000000009
0.38 0.45180000000000126
0.38 0.42470000000000074
0.38 0.4108000000000008
0.38 0.4140000000000009
0.38 0.4118000000000005
0.38 0.41170000000000107
0.38 0.40770000000000095
0.38 0.40270000000000095
0.38 0.403100000000001
0.38 0.39840000000000075
0.38 0.392200000000001
0.38 0.3955000000000007
0.38 0.4059000000000008
0.38 0.4133000000000011
0.38 0.40990000000000093
0.38 0.4016000000000014
0.38 0.4024000000000008
0.38 0.40490000000000104
0.38 0.40550000000000097
0.38 0.4032000000000008
0.38 0.4080000000000011
0.38 0.4037000000000009
0.38 0.4165000000000012
0.38 0.4227000000000007
0.38 0.4163000000000013
0.38 0.433400000000001
0.38 0.41650000000000065
0.38 0.47340000000000126
0.38 0.43450000000000055
0.38 0.44740000000000096
0.38 0.4743000000000013
0.38 0.46010000000000156
0.38 0.4306000000000011
0.38 0.41990000000000083
0.38 0.41390000000000116
0.38 0.44480000000000075
0.38 0.41500000000000137
0.38 0.436400000000001
0.38 0.41510000000000097
0.38 0.41340000000000104
0.38 0.40060000000000107
0.38 0.432500000000001
0.38 0.41610000000000125
0.38 0.44230000000000147
0.38 0.45460000000000106
0.38 0.4205000000000011
0.38 0.5065000000000011
0.38 0.5023000000000012
0.38 0.5023000000000009
0.38 0.44940000000000124
0.38 0.4500000000000011
0.38 0.44980000000000087
0.38 0.4472000000000007
0.38 0.41720000000000096
0.38 0.41690000000000077
0.38 0.4274000000000009
0.38 0.42460000000000114
0.38 0.4205000000000011
0.38 0.41450000000000137
0.38 0.4049000000000007
0.38 0.40290000000000076
0.38 0.39620000000000083
0.38 0.39840000000000075
0.38 0.40950000000000103
0.38 0.40080000000000093
0.38 0.41820000000000124
0.38 0.4351000000000012
0.38 0.612000000000003
0.38 0.6000000000000032
0.38 0.5777000000000031
0.38 0.5103000000000015
0.38 0.46540000000000065
0.38 0.4567000000000007
0.38 0.4375000000000008
0.38 0.4470000000000006
0.38 0.41610000000000086
0.38 0.41610000000000097
0.38 0.4100000000000012
0.38 0.4143000000000007
0.38 0.4316000000000008
0.38 0.427700000000001
0.38 0.4142000000000005
0.38 0.41560000000000064
0.38 0.41580000000000106
0.38 0.4041000000000009
0.38 0.407500000000001
0.38 0.4137000000000009
0.38 0.4170000000000009
0.38 0.4392000000000012
0.38 0.4159000000000013
0.38 0.41170000000000095
0.38 0.411500000000001
0.38 0.4279000000000016
0.38 0.42990000000000145
0.38 0.415200000000001
0.38 0.41830000000000106
0.38 0.42830000000000135
0.38 0.4551000000000016
0.38 0.4302000000000015
0.38 0.4256000000000011
0.38 0.414300000000001
0.38 0.4234000000000011
0.38 0.42420000000000135
0.38 0.4200000000000012
0.38 0.40840000000000104
0.38 0.41210000000000124
0.38 0.40750000000000114
0.38 0.41020000000000095
0.38 0.4146000000000011
0.38 0.41640000000000116
0.38 0.4243000000000013
0.38 0.42270000000000096
0.38 0.4309000000000012
0.38 0.4237000000000014
0.38 0.4073000000000009
0.38 0.4140000000000013
0.38 0.4137000000000012
0.38 0.42620000000000113
0.38 0.43330000000000135
0.38 0.43180000000000135
0.38 0.420300000000001
0.38 0.41250000000000125
0.38 0.4054000000000009
0.38 0.4135000000000011
0.38 0.41740000000000116
0.38 0.4185000000000009
0.38 0.411500000000001
0.38 0.4032000000000011
0.38 0.4150000000000009
0.38 0.41590000000000094
0.38 0.4039000000000012
0.38 0.41700000000000087
0.38 0.4187000000000009
0.38 0.4091000000000009
0.38 0.4170000000000013
0.38 0.4314000000000012
0.38 0.4121000000000013
0.38 0.4081000000000011
0.38 0.40960000000000124
0.38 0.4119000000000011
0.38 0.41750000000000137
0.38 0.4099000000000012
0.38 0.405700000000001
0.38 0.4155000000000012
0.38 0.41490000000000116
0.38 0.42090000000000155
0.38 0.4236000000000015
0.38 0.41480000000000117
0.38 0.3998000000000009
0.38 0.43070000000000114
0.38 0.39860000000000073
0.38 0.42630000000000123
0.38 0.44410000000000144
0.38 0.4097000000000013
0.38 0.4086000000000013
0.38 0.41480000000000106
0.38 0.40810000000000085
0.38 0.3994000000000009
0.38 0.40950000000000103
0.38 0.40510000000000107
0.38 0.4060000000000011
0.38 0.41950000000000126
0.38 0.4183000000000011
0.38 0.41530000000000117
0.38 0.4138000000000011
0.38 0.4274000000000013
0.38 0.43640000000000134
0.38 0.42840000000000145
0.38 0.41030000000000105
0.38 0.4232000000000011
0.38 0.4304000000000014
0.38 0.41950000000000137
0.38 0.4226000000000013
0.38 0.414200000000001
0.38 0.41400000000000114
0.38 0.4257000000000016
0.38 0.43140000000000156
0.38 0.4375000000000018
0.38 0.45230000000000126
0.38 0.4310000000000014
0.38 0.42560000000000103
0.38 0.43140000000000095
0.38 0.4282000000000014
0.38 0.4311000000000014
0.38 0.4391000000000014
0.38 0.4227000000000016
0.38 0.4213000000000014
0.38 0.42360000000000075
