0.38 0.6269000000000001
0.38 0.5932
0.38 0.5806999999999999
0.43999999999999995 0.5749999999999997
0.14 0.6028999999999995
0.36 0.6143
0.36 0.6001999999999998
0.38 0.6447999999999999
0.24 0.5993999999999998
0.36 0.6323999999999995
0.14 0.6039999999999998
0.36 0.6239999999999997
0.18000000000000005 0.6049999999999998
0.19999999999999996 0.6126999999999995
0.19999999999999996 0.6337999999999997
0.38 0.5890999999999998
0.19999999999999996 0.6104999999999998
0.19999999999999996 0.6061999999999997
0.19999999999999996 0.5873999999999997
0.26 0.6017999999999998
0.26 0.5728999999999997
0.26 0.5424999999999999
0.26 0.5555
0.24 0.5483999999999998
0.33999999999999997 0.6500999999999997
0.24 0.5493999999999998
0.24 0.4845000000000001
0.16000000000000003 0.5509000000000003
0.36 0.5645000000000001
0.21999999999999997 0.5108000000000003
0.09999999999999998 0.5092000000000001
0.09999999999999998 0.5161000000000001
0.040000000000000036 0.4873000000000001
0.040000000000000036 0.4755000000000003
0.040000000000000036 0.498
0.040000000000000036 0.47310000000000024
0.12 0.3828999999999999
0.09999999999999998 0.391
0.06000000000000005 0.33
0.06000000000000005 0.28490000000000015
0.06000000000000005 0.21409999999999996
0.09999999999999998 0.2956999999999999
0.09999999999999998 0.3566999999999998
0.09999999999999998 0.3832
0.09999999999999998 0.44290000000000007
0.42000000000000004 0.5397999999999995
0.09999999999999998 0.4009
0.040000000000000036 0.4061999999999994
0.12 0.2768999999999998
0.09999999999999998 0.5605
0.36 0.6261000000000005
0.18000000000000005 0.48540000000000005
0.36 0.5679000000000001
0.31999999999999995 0.6088
0.09999999999999998 0.43940000000000035
0.09999999999999998 0.49770000000000053
0.09999999999999998 0.44140000000000046
0.12 0.4510000000000005
0.09999999999999998 0.41890000000000005
0.09999999999999998 0.41679999999999995
0.21999999999999997 0.4589000000000002
0.09999999999999998 0.3454999999999998
0.09999999999999998 0.3346999999999998
0.09999999999999998 0.35789999999999994
0.09999999999999998 0.30389999999999984
0.09999999999999998 0.31580000000000025
0.4 0.41569999999999985
0.30000000000000004 0.44830000000000014
0.38 0.4557
0.4 0.4674999999999994
0.43999999999999995 0.4466999999999998
0.4 0.44409999999999983
0.4 0.45269999999999955
0.4 0.5321999999999992
0.36 0.4765999999999997
0.38 0.4583999999999993
0.38 0.5852999999999995
0.4 0.5752999999999996
0.4 0.4879999999999995
0.38 0.4628999999999992
0.4 0.4760999999999994
0.040000000000000036 0.4178999999999995
0.4 0.4449999999999995
0.38 0.42609999999999926
0.36 0.4281999999999991
0.36 0.41529999999999967
0.38 0.4073999999999999
0.38 0.40589999999999987
0.38 0.4046999999999997
0.38 0.4022999999999994
0.38 0.3978999999999997
0.38 0.39739999999999964
0.38 0.4127999999999994
0.38 0.41189999999999943
0.4 0.4090999999999994
0.4 0.43849999999999895
0.4 0.5041999999999993
0.4 0.46399999999999936
0.4 0.4492999999999991
0.38 0.4666999999999995
0.4 0.46289999999999976
0.38 0.42419999999999924
0.38 0.4193999999999989
0.4 0.4448999999999992
0.38 0.4284999999999988
0.4 0.5325000000000003
0.4 0.5154000000000005
0.4 0.4606999999999994
0.4 0.4569999999999994
0.4 0.5990000000000005
0.38 0.5266000000000001
0.38 0.5893000000000006
0.4 0.5629
0.4 0.5186000000000005
0.4 0.5038000000000001
0.4 0.485699999999999
0.43999999999999995 0.4643999999999992
0.43999999999999995 0.45299999999999946
0.43999999999999995 0.4578999999999993
0.43999999999999995 0.42750000000000016
0.43999999999999995 0.4255
0.43999999999999995 0.4212999999999997
0.43999999999999995 0.4333999999999996
0.43999999999999995 0.4275999999999995
0.07999999999999996 0.44089999999999924
0.040000000000000036 0.5126000000000002
0.09999999999999998 0.5139999999999999
0.040000000000000036 0.38630000000000014
0.040000000000000036 0.40449999999999986
0.040000000000000036 0.31840000000000024
0.040000000000000036 0.2220000000000002
0.040000000000000036 0.19700000000000004
0.040000000000000036 0.25969999999999993
0.040000000000000036 0.3950999999999998
0.040000000000000036 0.3146999999999995
0.040000000000000036 0.1322
0.040000000000000036 0.06860000000000004
0.040000000000000036 0.06810000000000001
0.040000000000000036 0.05909999999999999
0.040000000000000036 0.07150000000000004
0.040000000000000036 0.0684
0.040000000000000036 0.27929999999999955
0.040000000000000036 0.2864999999999995
0.040000000000000036 0.059200000000000016
0.07999999999999996 0.08850000000000006
0.07999999999999996 0.1844999999999998
0.07999999999999996 0.15719999999999992
0.07999999999999996 0.10479999999999996
0.07999999999999996 0.26249999999999996
0.07999999999999996 0.21870000000000003
0.07999999999999996 0.2768000000000001
0.07999999999999996 0.08390000000000006
0.040000000000000036 0.08320000000000008
0.040000000000000036 0.16120000000000004
0.06000000000000005 0.060899999999999996
0.040000000000000036 0.08100000000000004
0.040000000000000036 0.47970000000000035
0.040000000000000036 0.4918000000000004
0.040000000000000036 0.4006000000000003
0.040000000000000036 0.3175000000000002
0.040000000000000036 0.22040000000000018
0.040000000000000036 0.13700000000000004
0.040000000000000036 0.2332000000000001
0.040000000000000036 0.25330000000000014
0.040000000000000036 0.32780000000000004
0.040000000000000036 0.26990000000000025
0.040000000000000036 0.11060000000000002
0.040000000000000036 0.28290000000000004
0.040000000000000036 0.20809999999999992
0.040000000000000036 0.20949999999999996
0.040000000000000036 0.1652999999999999
0.040000000000000036 0.1082
0.040000000000000036 0.0743
0.040000000000000036 0.0702
0.040000000000000036 0.060900000000000024
0.040000000000000036 0.0568
0.040000000000000036 0.053200000000000004
0.040000000000000036 0.06120000000000001
0.040000000000000036 0.05710000000000002
0.040000000000000036 0.050400000000000035
0.040000000000000036 0.051000000000000004
0.040000000000000036 0.05039999999999999
0.040000000000000036 0.049300000000000024
0.040000000000000036 0.05310000000000002
0.040000000000000036 0.07439999999999997
0.040000000000000036 0.08639999999999999
0.040000000000000036 0.06589999999999996
0.040000000000000036 0.04479999999999999
0.040000000000000036 0.047700000000000006
0.040000000000000036 0.045
0.040000000000000036 0.04749999999999998
0.040000000000000036 0.03929999999999987
0.0 0.18900000000000017
