0.94 0.41342000000000323
0.94 0.4567600000000033
0.94 0.5046900000000034
0.98 0.5291899999999995
0.98 0.5540700000000002
0.98 0.5745000000000006
0.98 0.5857300000000002
0.99 0.5983499999999978
0.99 0.6279199999999969
0.99 0.6330599999999956
0.99 0.6406299999999939
0.99 0.6507799999999938
0.99 0.6641399999999925
0.99 0.6747299999999893
0.99 0.6701299999999897
0.99 0.6798299999999906
0.99 0.677449999999992
0.99 0.6873999999999909
0.99 0.6986699999999918
0.99 0.7017199999999928
0.99 0.7055199999999926
0.99 0.7097399999999913
0.99 0.7228199999999929
0.99 0.7351799999999932
0.99 0.7311099999999943
0.99 0.7331499999999933
0.99 0.7522399999999955
0.99 0.7541399999999947
0.99 0.7621599999999941
0.99 0.7809499999999951
0.99 0.7907799999999972
0.99 0.8132999999999934
0.99 0.8196399999999973
0.99 0.815019999999996
0.99 0.8173099999999974
0.99 0.83046
0.99 0.8288600000000005
0.99 0.8425500000000002
0.99 0.8399800000000024
0.99 0.8426000000000019
0.99 0.8476999999999989
0.99 0.85152
0.99 0.8583300000000017
0.99 0.864770000000005
0.99 0.8667900000000042
0.99 0.8688400000000032
0.99 0.8634300000000047
0.99 0.8602500000000062
0.99 0.8704600000000069
0.99 0.8765400000000056
0.99 0.8884800000000057
0.99 0.895140000000007
0.99 0.891280000000007
0.99 0.8875700000000071
0.99 0.8897300000000066
0.99 0.9005700000000069
0.99 0.8983800000000074
0.99 0.8909300000000067
0.99 0.8838400000000058
0.99 0.8868000000000075
0.99 0.8843100000000077
0.99 0.879020000000007
0.99 0.8837800000000064
0.99 0.8784000000000067
0.99 0.8853400000000079
0.99 0.8764200000000074
0.99 0.888210000000007
0.99 0.8888800000000062
0.99 0.8869100000000083
0.99 0.8864800000000068
0.99 0.8750100000000061
0.99 0.8799200000000055
0.99 0.8862600000000068
0.99 0.892820000000008
0.99 0.8856700000000077
0.99 0.8913500000000067
0.99 0.9000400000000087
0.99 0.901330000000009
0.99 0.8954300000000092
0.99 0.8969200000000088
0.99 0.8997900000000097
0.99 0.8959000000000077
0.99 0.9034700000000077
0.99 0.9063200000000076
0.99 0.8972300000000083
0.99 0.9015900000000082
0.99 0.8937700000000072
0.99 0.8767600000000059
0.99 0.8910700000000054
0.99 0.8984200000000055
0.99 0.8936500000000073
0.99 0.8977800000000071
0.99 0.889430000000006
0.99 0.8947200000000072
0.99 0.8898300000000071
0.99 0.9013000000000078
0.99 0.9018600000000091
0.99 0.8936200000000076
0.99 0.8944800000000079
0.99 0.9024700000000084
