0.09999999999999998 0.6055399999999974
0.12 0.573219999999998
0.12 0.5454799999999986
0.12 0.5136000000000002
0.06000000000000005 0.48055999999999904
0.06000000000000005 0.45041999999999965
0.06000000000000005 0.43494000000000094
0.06000000000000005 0.41036000000000084
0.06000000000000005 0.38328000000000145
0.06000000000000005 0.3525400000000013
0.040000000000000036 0.33758000000000116
0.040000000000000036 0.3277000000000012
0.040000000000000036 0.31528000000000156
0.040000000000000036 0.30680000000000185
0.040000000000000036 0.30360000000000176
0.040000000000000036 0.2910600000000024
0.020000000000000018 0.2761800000000015
0.020000000000000018 0.26790000000000164
0.020000000000000018 0.2570200000000014
0.020000000000000018 0.24056000000000072
0.020000000000000018 0.24226000000000067
0.020000000000000018 0.22480000000000105
0.020000000000000018 0.21946000000000107
0.020000000000000018 0.2119800000000007
0.020000000000000018 0.20644000000000015
0.020000000000000018 0.19572000000000045
0.020000000000000018 0.1950800000000004
0.020000000000000018 0.18076000000000023
0.020000000000000018 0.17390000000000005
0.020000000000000018 0.15263999999999972
0.020000000000000018 0.1567599999999996
0.020000000000000018 0.1510599999999995
0.020000000000000018 0.15121999999999955
0.020000000000000018 0.14699999999999955
0.020000000000000018 0.14741999999999963
0.020000000000000018 0.15355999999999984
0.020000000000000018 0.13579999999999973
0.020000000000000018 0.1471599999999996
0.020000000000000018 0.13697999999999952
0.020000000000000018 0.12997999999999957
0.020000000000000018 0.13371999999999964
0.020000000000000018 0.14005999999999963
0.020000000000000018 0.14591999999999986
0.020000000000000018 0.13505999999999962
0.020000000000000018 0.13901999999999956
0.020000000000000018 0.1300999999999997
0.020000000000000018 0.13633999999999957
0.020000000000000018 0.1312999999999996
0.020000000000000018 0.12749999999999967
0.020000000000000018 0.13063999999999965
0.020000000000000018 0.1283199999999997
0.020000000000000018 0.12951999999999975
0.020000000000000018 0.12449999999999965
0.020000000000000018 0.13423999999999983
0.020000000000000018 0.12329999999999976
0.020000000000000018 0.12663999999999975
0.020000000000000018 0.12415999999999972
0.020000000000000018 0.12613999999999972
0.020000000000000018 0.13371999999999973
0.020000000000000018 0.12513999999999983
0.020000000000000018 0.12421999999999965
0.020000000000000018 0.12077999999999964
0.020000000000000018 0.12839999999999963
0.020000000000000018 0.12345999999999979
0.020000000000000018 0.12577999999999964
0.020000000000000018 0.1282999999999996
0.020000000000000018 0.1318199999999997
0.020000000000000018 0.13113999999999967
0.020000000000000018 0.13375999999999963
0.020000000000000018 0.1216399999999997
0.020000000000000018 0.12337999999999977
0.020000000000000018 0.12357999999999969
0.020000000000000018 0.1189599999999997
0.020000000000000018 0.11579999999999968
0.020000000000000018 0.12649999999999972
0.020000000000000018 0.11775999999999975
0.020000000000000018 0.12233999999999973
0.020000000000000018 0.13081999999999966
0.020000000000000018 0.13309999999999972
0.020000000000000018 0.13957999999999987
0.020000000000000018 0.1486799999999997
0.020000000000000018 0.13825999999999958
0.020000000000000018 0.13289999999999952
0.020000000000000018 0.14435999999999946
0.020000000000000018 0.14241999999999957
0.020000000000000018 0.1442399999999997
0.020000000000000018 0.1268399999999997
0.020000000000000018 0.12573999999999966
0.020000000000000018 0.12869999999999973
0.020000000000000018 0.13407999999999948
0.020000000000000018 0.12821999999999972
0.020000000000000018 0.13717999999999964
0.020000000000000018 0.1386799999999995
0.020000000000000018 0.13229999999999947
0.020000000000000018 0.12765999999999944
0.020000000000000018 0.12985999999999964
0.020000000000000018 0.13115999999999967
0.020000000000000018 0.13015999999999964
0.020000000000000018 0.13635999999999948
0.020000000000000018 0.1375999999999995
