0.91 0.4245200000000019
0.91 0.4659000000000028
0.91 0.49785000000000235
0.92 0.5227099999999998
0.94 0.5443500000000029
0.94 0.5588200000000023
0.96 0.5842299999999965
0.96 0.6065300000000015
0.97 0.6322600000000042
0.97 0.6465100000000042
0.97 0.6605600000000046
0.97 0.6792900000000008
0.97 0.6839299999999997
0.99 0.680320000000001
0.99 0.6951199999999984
0.99 0.6985599999999977
0.99 0.7011299999999971
0.99 0.7131699999999953
0.99 0.7297499999999905
0.99 0.7397599999999955
0.99 0.762260000000003
0.99 0.7564399999999989
0.99 0.7623800000000021
0.99 0.7613799999999995
0.99 0.7730200000000033
0.99 0.7799000000000017
0.99 0.7763600000000013
0.99 0.788400000000001
0.99 0.7968300000000015
0.99 0.7869600000000032
0.99 0.781740000000004
0.99 0.8040000000000039
0.99 0.8178700000000051
0.99 0.8217800000000052
0.99 0.8229400000000019
0.99 0.8162300000000017
0.99 0.8129000000000016
0.99 0.8185400000000029
0.99 0.8408399999999985
0.99 0.8391999999999985
0.99 0.8297600000000004
0.99 0.8371099999999985
0.99 0.844319999999998
0.99 0.8440199999999991
0.99 0.8482799999999973
0.99 0.8475900000000013
0.99 0.8456400000000001
0.99 0.8513899999999993
0.99 0.8485699999999988
0.99 0.8551399999999978
0.99 0.8557399999999967
0.99 0.8595199999999966
0.99 0.8656299999999967
0.99 0.8729999999999936
0.99 0.8690699999999961
0.99 0.8561299999999973
0.99 0.8533999999999984
0.99 0.8634399999999987
0.99 0.8509899999999979
0.99 0.8506999999999975
0.99 0.8527899999999986
0.99 0.8544499999999968
0.99 0.8554399999999979
0.99 0.8552599999999986
0.99 0.857670000000001
0.99 0.8559699999999992
0.99 0.8406299999999985
0.99 0.8430499999999986
0.99 0.8485900000000001
0.99 0.8498000000000007
0.99 0.8613399999999986
0.99 0.8649400000000017
0.99 0.8723700000000019
0.99 0.8701400000000014
0.99 0.849970000000004
0.99 0.8556300000000011
0.99 0.8620400000000015
0.99 0.8650500000000017
0.99 0.8680700000000038
0.99 0.8709100000000043
0.99 0.8728200000000038
0.99 0.8833900000000041
0.99 0.876720000000003
0.99 0.8748800000000045
0.99 0.8680900000000037
0.99 0.8721400000000061
0.99 0.8794100000000049
0.99 0.8711600000000049
0.99 0.8640200000000042
0.99 0.8703900000000042
0.99 0.8851400000000086
0.99 0.8830500000000081
0.99 0.8852200000000099
0.99 0.8872300000000092
0.99 0.8782400000000097
0.99 0.8847900000000097
0.99 0.8902500000000103
0.99 0.8917100000000108
0.99 0.9003500000000109
0.99 0.8946000000000094
