0.4 0.6267000000000007
0.18000000000000005 0.6089000000000001
0.18000000000000005 0.5961999999999997
0.16000000000000003 0.6095
0.16000000000000003 0.6002999999999995
0.16000000000000003 0.6149999999999995
0.16000000000000003 0.6022999999999991
0.38 0.6474999999999987
0.38 0.6144999999999985
0.16000000000000003 0.628499999999999
0.09999999999999998 0.6508999999999991
0.38 0.6366999999999995
0.38 0.6835999999999988
0.28 0.6606999999999982
0.38 0.672699999999998
0.42000000000000004 0.6603999999999983
0.24 0.6287999999999986
0.38 0.6288999999999983
0.38 0.6010999999999984
0.38 0.6468999999999988
0.38 0.6323999999999986
0.4 0.6834999999999983
0.38 0.6803999999999978
0.07999999999999996 0.6628999999999979
0.38 0.6731999999999982
0.31999999999999995 0.5937999999999982
0.14 0.5535999999999993
0.26 0.5676999999999991
0.21999999999999997 0.49179999999999974
0.12 0.42370000000000013
0.26 0.5065999999999997
0.06000000000000005 0.39430000000000015
0.16000000000000003 0.4403
0.18000000000000005 0.3544000000000001
0.14 0.3385000000000003
0.09999999999999998 0.42569999999999986
0.09999999999999998 0.34720000000000006
0.09999999999999998 0.3380999999999998
0.14 0.4378000000000001
0.040000000000000036 0.2897999999999999
0.07999999999999996 0.36619999999999997
0.040000000000000036 0.2642000000000001
0.040000000000000036 0.2673000000000001
0.020000000000000018 0.1912999999999999
0.020000000000000018 0.1603
0.040000000000000036 0.14969999999999994
0.040000000000000036 0.18900000000000017
0.040000000000000036 0.13540000000000002
0.07999999999999996 0.13549999999999995
0.06000000000000005 0.17779999999999999
0.06000000000000005 0.14149999999999996
0.06000000000000005 0.13820000000000005
0.06000000000000005 0.10380000000000011
0.06000000000000005 0.21040000000000014
0.040000000000000036 0.20710000000000015
0.06000000000000005 0.23670000000000008
0.020000000000000018 0.22799999999999965
0.06000000000000005 0.22439999999999966
0.06000000000000005 0.30270000000000014
0.06000000000000005 0.25569999999999987
0.06000000000000005 0.31339999999999985
0.0 0.23299999999999976
