0.81 0.43069999999999886
0.81 0.4464500000000001
0.81 0.462650000000001
0.76 0.4846500000000013
0.76 0.41859999999999997
0.7 0.4307499999999999
0.7 0.4227499999999997
0.72 0.43255000000000055
0.7 0.4124999999999995
0.7 0.40709999999999935
0.7 0.41004999999999897
0.7 0.41734999999999955
0.7 0.44470000000000093
0.7 0.4487000000000005
0.7 0.4326999999999996
0.7 0.4701000000000012
0.7 0.483350000000001
0.7 0.47515000000000124
0.7 0.506850000000001
0.88 0.5446000000000005
0.82 0.5661000000000009
0.74 0.5202500000000004
0.76 0.4950500000000004
0.75 0.5926000000000008
0.8 0.6138500000000008
0.91 0.5972000000000006
0.73 0.6073500000000012
0.78 0.49640000000000045
0.83 0.49495000000000045
0.91 0.509750000000001
0.91 0.5218500000000009
0.91 0.5038500000000004
0.91 0.5840500000000001
0.93 0.6305000000000008
0.93 0.6357000000000007
0.93 0.6605000000000019
0.93 0.6757500000000014
0.93 0.6927500000000015
0.94 0.7209500000000013
