0.8 0.41306999999999505
0.86 0.4590499999999959
0.88 0.4926299999999979
0.9 0.5304399999999989
0.91 0.5673100000000026
0.93 0.5833299999999993
0.93 0.6041900000000026
0.93 0.6340100000000047
0.94 0.645800000000005
0.95 0.6722700000000075
0.95 0.6781100000000053
0.96 0.6819000000000051
0.96 0.6909900000000023
0.96 0.6954600000000009
0.97 0.7067299999999983
0.97 0.7111399999999982
0.97 0.7158099999999961
0.97 0.7122599999999962
0.97 0.7200399999999957
0.97 0.730049999999994
0.97 0.7518099999999897
0.97 0.7468099999999873
0.97 0.7533199999999879
0.97 0.764599999999992
0.97 0.7725899999999947
0.97 0.7777099999999959
0.97 0.7755199999999963
0.98 0.7837299999999953
0.98 0.7951799999999983
0.98 0.7971799999999953
0.98 0.803769999999995
0.98 0.8045299999999986
0.98 0.8116499999999975
0.98 0.8163399999999966
0.98 0.8250999999999973
0.98 0.830859999999998
0.98 0.8352499999999992
0.98 0.8344599999999976
0.98 0.8397499999999981
0.98 0.8353799999999971
0.98 0.8256199999999978
0.98 0.8324499999999996
0.98 0.8437899999999994
0.98 0.8392499999999987
0.98 0.833379999999999
0.98 0.830069999999998
0.98 0.8309799999999969
0.98 0.8446499999999957
0.98 0.8340599999999987
0.98 0.8295999999999967
0.98 0.8403799999999967
0.98 0.833829999999997
0.98 0.828949999999996
0.98 0.8403799999999966
0.98 0.8292199999999949
0.98 0.8340799999999952
0.98 0.8363099999999959
0.98 0.8387799999999968
0.98 0.8404399999999981
0.98 0.8408599999999965
0.98 0.848049999999996
0.98 0.8402899999999964
0.98 0.8385799999999947
0.98 0.8483999999999948
0.98 0.8441299999999956
0.98 0.8337699999999965
0.98 0.8423499999999966
0.98 0.8498399999999955
0.98 0.8430899999999952
0.98 0.8454399999999963
0.98 0.8425599999999958
0.98 0.8391599999999961
0.98 0.8473299999999967
0.98 0.8388999999999971
0.98 0.8391099999999995
0.98 0.839789999999996
0.98 0.8433099999999963
0.98 0.8426799999999955
0.98 0.8409799999999972
0.98 0.8316199999999949
0.98 0.8338199999999969
0.98 0.8308699999999952
0.98 0.8220499999999934
0.98 0.8264199999999936
0.98 0.832939999999997
0.98 0.8307599999999964
0.98 0.8425699999999939
0.98 0.8230099999999927
0.98 0.8248299999999942
0.98 0.8151699999999936
0.98 0.8214899999999928
0.98 0.8251399999999942
0.98 0.8308999999999943
0.98 0.8276199999999954
0.98 0.8382099999999949
0.98 0.8343899999999943
0.98 0.8389699999999948
0.98 0.8430699999999968
0.98 0.8362199999999973
0.98 0.8490799999999952
