0.06000000000000005 0.6052200000000035
0.06000000000000005 0.5692800000000031
0.06000000000000005 0.534600000000003
0.07999999999999996 0.5093200000000027
0.07999999999999996 0.4818400000000024
0.07999999999999996 0.4616800000000025
0.07999999999999996 0.43442000000000225
0.07999999999999996 0.4183400000000023
0.07999999999999996 0.4116200000000034
0.07999999999999996 0.40256000000000347
0.07999999999999996 0.3702600000000027
0.07999999999999996 0.35982000000000264
0.07999999999999996 0.3448200000000027
0.07999999999999996 0.33496000000000253
0.07999999999999996 0.3265200000000031
0.07999999999999996 0.30248000000000225
0.07999999999999996 0.29222000000000226
0.07999999999999996 0.29084000000000243
0.06000000000000005 0.2758800000000021
0.06000000000000005 0.28060000000000196
0.06000000000000005 0.2685600000000013
0.040000000000000036 0.2646800000000015
0.040000000000000036 0.26462000000000124
0.040000000000000036 0.25854000000000116
0.040000000000000036 0.2588800000000009
0.040000000000000036 0.25728000000000073
0.040000000000000036 0.24498000000000067
0.040000000000000036 0.23354000000000066
0.040000000000000036 0.23316000000000037
0.040000000000000036 0.21874000000000068
0.040000000000000036 0.21620000000000036
0.040000000000000036 0.21018000000000062
0.040000000000000036 0.20776000000000047
0.040000000000000036 0.21328000000000025
0.040000000000000036 0.2100400000000003
0.040000000000000036 0.20990000000000045
0.040000000000000036 0.2008200000000004
0.040000000000000036 0.18800000000000025
0.040000000000000036 0.18056000000000044
0.040000000000000036 0.18400000000000052
0.040000000000000036 0.18646000000000054
0.040000000000000036 0.18018000000000045
0.040000000000000036 0.17550000000000035
0.040000000000000036 0.18428000000000008
0.040000000000000036 0.1750799999999999
0.040000000000000036 0.16044000000000017
0.040000000000000036 0.15730000000000002
0.040000000000000036 0.14627999999999997
0.040000000000000036 0.15519999999999987
0.040000000000000036 0.15718000000000026
0.040000000000000036 0.15842000000000023
0.040000000000000036 0.154
0.040000000000000036 0.1690400000000002
0.040000000000000036 0.15631999999999982
0.040000000000000036 0.15902000000000008
0.040000000000000036 0.15223999999999982
0.040000000000000036 0.1482399999999999
0.040000000000000036 0.14067999999999983
0.040000000000000036 0.1423599999999999
0.040000000000000036 0.13875999999999974
0.040000000000000036 0.13561999999999974
0.040000000000000036 0.1321599999999999
0.040000000000000036 0.13951999999999987
0.040000000000000036 0.14045999999999986
0.040000000000000036 0.14583999999999983
0.040000000000000036 0.14083999999999997
0.040000000000000036 0.14535999999999985
0.040000000000000036 0.15116
0.040000000000000036 0.12881999999999988
0.0 0.13099999999999995
