0.36 0.6252999999999995
0.36 0.6137999999999998
0.33999999999999997 0.6295000000000005
0.36 0.6208999999999999
0.42000000000000004 0.6329000000000004
0.36 0.6407000000000006
0.33999999999999997 0.624400000000001
0.36 0.6221000000000015
0.33999999999999997 0.6420000000000019
0.33999999999999997 0.6396000000000022
0.36 0.643300000000002
0.33999999999999997 0.6057000000000023
0.42000000000000004 0.6102000000000022
0.33999999999999997 0.6118000000000023
0.16000000000000003 0.6310000000000024
0.19999999999999996 0.6167000000000022
0.12 0.6429000000000026
0.28 0.6295000000000021
0.26 0.6234000000000026
0.26 0.6097000000000026
0.33999999999999997 0.6204000000000021
0.33999999999999997 0.6467000000000027
0.33999999999999997 0.6322000000000026
0.33999999999999997 0.6302000000000024
0.33999999999999997 0.6353000000000022
0.33999999999999997 0.6206000000000027
0.33999999999999997 0.6097000000000026
0.33999999999999997 0.6389000000000027
0.33999999999999997 0.6021000000000022
0.33999999999999997 0.6313000000000022
0.33999999999999997 0.6228000000000021
0.12 0.6308000000000019
0.33999999999999997 0.6382000000000022
0.12 0.5719000000000023
0.26 0.5352000000000017
0.31999999999999995 0.5814000000000018
0.33999999999999997 0.5460000000000013
0.33999999999999997 0.5023000000000013
0.28 0.4412000000000011
0.21999999999999997 0.46080000000000076
0.21999999999999997 0.47569999999999985
0.24 0.4818000000000005
0.33999999999999997 0.4527000000000009
0.33999999999999997 0.419600000000001
0.33999999999999997 0.4123000000000009
0.31999999999999995 0.42760000000000126
0.33999999999999997 0.5858000000000024
0.12 0.5082000000000012
0.33999999999999997 0.4885000000000015
0.06000000000000005 0.42520000000000097
0.30000000000000004 0.420500000000001
0.30000000000000004 0.4075000000000011
0.24 0.4149000000000002
0.12 0.37280000000000074
0.040000000000000036 0.3902000000000001
0.040000000000000036 0.37100000000000066
0.09999999999999998 0.48429999999999906
0.040000000000000036 0.4023999999999998
0.040000000000000036 0.3764000000000003
0.040000000000000036 0.33860000000000057
0.040000000000000036 0.2895000000000004
0.040000000000000036 0.3664999999999996
0.040000000000000036 0.3055000000000004
0.040000000000000036 0.2979000000000002
0.040000000000000036 0.35569999999999946
0.040000000000000036 0.38200000000000023
0.18000000000000005 0.36090000000000017
0.040000000000000036 0.5110999999999981
0.040000000000000036 0.42119999999999913
0.040000000000000036 0.5173000000000009
0.14 0.40360000000000035
0.06000000000000005 0.5250000000000018
0.06000000000000005 0.5206000000000016
0.14 0.4626000000000004
0.040000000000000036 0.471300000000001
0.040000000000000036 0.4621000000000011
0.16000000000000003 0.49339999999999984
0.06000000000000005 0.4517000000000007
0.06000000000000005 0.4042000000000002
0.06000000000000005 0.40450000000000025
0.06000000000000005 0.4166000000000007
0.06000000000000005 0.4623000000000009
0.06000000000000005 0.38270000000000015
0.06000000000000005 0.36150000000000015
0.06000000000000005 0.3911000000000002
0.06000000000000005 0.41230000000000044
0.12 0.5006000000000016
0.38 0.5471000000000018
0.4 0.6189999999999994
0.33999999999999997 0.5733000000000017
0.33999999999999997 0.5451000000000018
0.4 0.6338999999999987
0.38 0.559100000000002
0.36 0.5312000000000004
0.36 0.5088999999999997
0.4 0.5841999999999989
0.33999999999999997 0.49269999999999947
0.4 0.5877999999999985
0.33999999999999997 0.4950999999999997
0.33999999999999997 0.46879999999999933
0.33999999999999997 0.5762999999999989
0.33999999999999997 0.5587999999999996
0.14 0.5084999999999992
0.14 0.48429999999999956
0.14 0.48219999999999963
0.18000000000000005 0.4497999999999998
0.18000000000000005 0.4051999999999997
0.26 0.4415999999999993
0.18000000000000005 0.3948000000000001
0.18000000000000005 0.37889999999999996
0.24 0.5000000000000007
0.24 0.4439000000000006
0.24 0.4399000000000005
0.24 0.43699999999999983
0.24 0.3951000000000001
0.040000000000000036 0.3573999999999999
0.040000000000000036 0.35059999999999986
0.040000000000000036 0.3281
0.040000000000000036 0.3204000000000001
0.040000000000000036 0.29530000000000006
0.040000000000000036 0.3449000000000004
0.06000000000000005 0.2640000000000002
0.06000000000000005 0.28920000000000007
0.06000000000000005 0.43130000000000096
0.040000000000000036 0.5526999999999999
0.38 0.5510000000000016
0.38 0.5416000000000014
0.16000000000000003 0.5340000000000019
0.040000000000000036 0.4648000000000006
0.040000000000000036 0.4534000000000008
0.040000000000000036 0.3504000000000005
0.040000000000000036 0.2968000000000002
0.040000000000000036 0.2388000000000001
0.040000000000000036 0.20980000000000001
0.040000000000000036 0.3500000000000002
0.06000000000000005 0.23569999999999997
0.06000000000000005 0.18149999999999994
0.06000000000000005 0.2365999999999999
0.06000000000000005 0.28969999999999985
0.06000000000000005 0.22669999999999985
0.06000000000000005 0.25139999999999985
0.06000000000000005 0.23859999999999978
0.06000000000000005 0.20860000000000004
0.06000000000000005 0.1909
0.06000000000000005 0.15949999999999995
0.06000000000000005 0.1397
0.06000000000000005 0.13299999999999995
0.06000000000000005 0.20319999999999983
0.06000000000000005 0.21659999999999976
0.06000000000000005 0.14920000000000003
0.06000000000000005 0.27569999999999945
0.06000000000000005 0.3080999999999992
0.06000000000000005 0.3075999999999993
0.06000000000000005 0.2936999999999996
0.06000000000000005 0.22669999999999987
0.06000000000000005 0.19149999999999992
0.06000000000000005 0.20689999999999992
0.06000000000000005 0.20739999999999992
0.06000000000000005 0.22749999999999995
0.06000000000000005 0.305
0.06000000000000005 0.36389999999999967
0.06000000000000005 0.34159999999999974
0.06000000000000005 0.3328999999999999
0.06000000000000005 0.35179999999999984
0.06000000000000005 0.5042999999999985
0.06000000000000005 0.3863999999999995
0.06000000000000005 0.3677999999999995
0.06000000000000005 0.3723999999999995
0.06000000000000005 0.3376999999999999
0.06000000000000005 0.43129999999999924
0.06000000000000005 0.451099999999999
0.06000000000000005 0.40159999999999935
0.06000000000000005 0.3961999999999995
0.06000000000000005 0.3630999999999998
0.06000000000000005 0.3936999999999995
0.06000000000000005 0.40559999999999946
0.06000000000000005 0.40019999999999967
0.06000000000000005 0.4036999999999998
0.06000000000000005 0.374
0.06000000000000005 0.39719999999999955
0.06000000000000005 0.3657999999999997
0.06000000000000005 0.37419999999999976
0.06000000000000005 0.3685999999999997
0.06000000000000005 0.3504
0.06000000000000005 0.36419999999999975
0.06000000000000005 0.3811999999999997
0.06000000000000005 0.3684999999999997
0.06000000000000005 0.3642999999999999
0.06000000000000005 0.34789999999999993
0.33999999999999997 0.36310000000000003
0.33999999999999997 0.35769999999999996
0.33999999999999997 0.343
0.33999999999999997 0.34550000000000003
0.33999999999999997 0.354
0.12 0.3615
0.33999999999999997 0.3780999999999997
0.14 0.36589999999999995
0.06000000000000005 0.3637999999999998
0.06000000000000005 0.3242999999999998
0.06000000000000005 0.3083999999999999
0.06000000000000005 0.2806
0.06000000000000005 0.28399999999999986
0.06000000000000005 0.2874999999999999
0.06000000000000005 0.2973
0.06000000000000005 0.32909999999999995
0.06000000000000005 0.3405999999999998
0.06000000000000005 0.3436
0.06000000000000005 0.3466999999999998
0.06000000000000005 0.33059999999999995
0.06000000000000005 0.3233999999999999
0.06000000000000005 0.3147
0.06000000000000005 0.30939999999999995
0.06000000000000005 0.3193
0.06000000000000005 0.3406000000000004
0.06000000000000005 0.30290000000000006
0.06000000000000005 0.3029
0.06000000000000005 0.28260000000000024
0.06000000000000005 0.2646000000000001
0.06000000000000005 0.2552000000000001
0.06000000000000005 0.24449999999999997
0.06000000000000005 0.2139000000000001
0.06000000000000005 0.19709999999999994
0.06000000000000005 0.2024
0.06000000000000005 0.1941
0.06000000000000005 0.18119999999999992
0.06000000000000005 0.34760000000000135
0.16000000000000003 0.35340000000000105
0.16000000000000003 0.3468000000000008
0.06000000000000005 0.3272000000000005
0.06000000000000005 0.24479999999999993
0.06000000000000005 0.24019999999999989
0.06000000000000005 0.20319999999999983
0.06000000000000005 0.20889999999999997
0.06000000000000005 0.18420000000000003
0.06000000000000005 0.1867
0.06000000000000005 0.17899999999999994
0.06000000000000005 0.16509999999999997
0.06000000000000005 0.16499999999999995
0.06000000000000005 0.17269999999999996
0.06000000000000005 0.17229999999999993
0.06000000000000005 0.16819999999999996
0.06000000000000005 0.16910000000000008
0.06000000000000005 0.1487
0.06000000000000005 0.15499999999999997
0.06000000000000005 0.3105000000000004
0.06000000000000005 0.3471000000000009
0.14 0.37130000000000096
0.06000000000000005 0.25409999999999994
0.06000000000000005 0.28130000000000005
0.06000000000000005 0.19589999999999985
0.06000000000000005 0.17419999999999994
0.06000000000000005 0.2087
0.06000000000000005 0.20359999999999986
0.06000000000000005 0.1666
0.06000000000000005 0.15900000000000009
0.06000000000000005 0.16700000000000007
0.06000000000000005 0.18989999999999999
0.24 0.3526000000000014
0.06000000000000005 0.32250000000000106
0.06000000000000005 0.3051000000000011
0.06000000000000005 0.34740000000000143
0.24 0.34650000000000153
0.24 0.35080000000000117
0.24 0.34490000000000104
0.020000000000000018 0.34900000000000114
0.020000000000000018 0.33710000000000095
0.020000000000000018 0.3345000000000008
0.040000000000000036 0.30550000000000066
0.040000000000000036 0.30300000000000055
0.040000000000000036 0.3383000000000002
0.040000000000000036 0.3076000000000006
0.24 0.3121000000000011
0.24 0.3149000000000008
0.020000000000000018 0.3002000000000006
0.020000000000000018 0.29570000000000063
0.24 0.3031000000000008
0.24 0.29400000000000076
0.24 0.28430000000000044
0.24 0.27500000000000013
0.24 0.2682
0.24 0.27250000000000013
0.24 0.26369999999999993
0.24 0.28029999999999994
0.24 0.2921
0.24 0.27430000000000027
0.24 0.2710000000000002
0.24 0.27259999999999995
0.24 0.2877999999999998
0.24 0.2895999999999999
0.24 0.2887999999999996
0.24 0.2860999999999995
0.24 0.2859999999999994
0.24 0.2942999999999996
0.24 0.2828999999999998
0.24 0.27549999999999975
0.24 0.2869999999999998
0.24 0.31629999999999997
0.24 0.3055000000000001
0.24 0.2888
0.24 0.28180000000000005
0.24 0.28780000000000006
0.24 0.29019999999999974
0.24 0.2841999999999998
0.24 0.27369999999999967
0.24 0.28179999999999966
0.24 0.3069999999999997
0.24 0.32709999999999995
0.24 0.3018
0.24 0.3281000000000003
0.24 0.30380000000000024
0.24 0.2759999999999999
0.24 0.27659999999999996
0.24 0.2808999999999997
0.24 0.29129999999999967
0.24 0.29959999999999964
0.24 0.29089999999999966
0.24 0.2806999999999997
0.24 0.29669999999999974
0.24 0.30099999999999993
0.24 0.2763999999999998
0.24 0.2743999999999998
0.24 0.27099999999999996
0.24 0.2826999999999997
0.24 0.27309999999999957
0.24 0.2899999999999996
0.24 0.30289999999999984
0.24 0.2854999999999999
0.24 0.27349999999999985
0.18000000000000005 0.3035
0.24 0.2912999999999998
0.18000000000000005 0.30810000000000015
0.18000000000000005 0.30700000000000016
0.24 0.2973999999999999
0.24 0.29609999999999986
0.24 0.2881999999999997
0.24 0.2725999999999997
0.24 0.2922999999999998
0.24 0.30499999999999994
0.24 0.2915999999999998
0.24 0.3051999999999999
0.24 0.29600000000000004
0.24 0.2854999999999997
0.24 0.29069999999999974
0.24 0.2786999999999998
0.18000000000000005 0.30110000000000003
0.24 0.29059999999999986
0.24 0.28079999999999955
0.24 0.2731999999999996
0.24 0.29879999999999984
0.24 0.29629999999999973
0.24 0.31369999999999976
0.06000000000000005 0.31919999999999965
0.06000000000000005 0.3056999999999998
0.19999999999999996 0.2999999999999999
0.06000000000000005 0.28340000000000004
0.06000000000000005 0.2791000000000001
0.06000000000000005 0.25289999999999996
0.06000000000000005 0.25299999999999995
0.06000000000000005 0.24570000000000003
0.06000000000000005 0.22589999999999993
0.06000000000000005 0.22030000000000008
0.06000000000000005 0.22599999999999998
0.06000000000000005 0.24549999999999994
0.06000000000000005 0.25579999999999986
0.06000000000000005 0.25109999999999993
0.06000000000000005 0.2601
0.06000000000000005 0.2576000000000001
0.06000000000000005 0.24380000000000016
0.06000000000000005 0.2498000000000001
0.06000000000000005 0.25529999999999997
0.06000000000000005 0.2544999999999999
0.06000000000000005 0.2443
0.06000000000000005 0.19889999999999994
0.06000000000000005 0.1795999999999999
0.06000000000000005 0.18479999999999994
0.06000000000000005 0.17220000000000005
0.06000000000000005 0.15280000000000007
0.06000000000000005 0.16000000000000011
0.06000000000000005 0.16950000000000007
0.06000000000000005 0.17380000000000007
0.06000000000000005 0.16400000000000006
0.06000000000000005 0.1671
0.06000000000000005 0.15370000000000006
0.06000000000000005 0.1469000000000001
0.06000000000000005 0.2377000000000001
0.06000000000000005 0.18400000000000002
0.06000000000000005 0.18350000000000002
0.06000000000000005 0.20199999999999993
0.06000000000000005 0.1875999999999999
0.06000000000000005 0.19049999999999997
0.06000000000000005 0.18849999999999992
0.06000000000000005 0.17690000000000006
0.06000000000000005 0.17819999999999994
0.06000000000000005 0.18619999999999995
0.06000000000000005 0.16820000000000002
0.06000000000000005 0.25230000000000014
0.06000000000000005 0.37140000000000084
0.06000000000000005 0.355800000000001
0.06000000000000005 0.3410000000000008
0.06000000000000005 0.3382000000000007
0.24 0.3794000000000011
0.24 0.36510000000000026
0.24 0.3378000000000004
0.020000000000000018 0.33870000000000067
0.14 0.3024000000000005
0.020000000000000018 0.35360000000000086
0.16000000000000003 0.3408000000000007
0.16000000000000003 0.33400000000000074
0.21999999999999997 0.3684000000000016
0.16000000000000003 0.35650000000000115
0.16000000000000003 0.36830000000000146
0.33999999999999997 0.3654000000000017
0.33999999999999997 0.3959000000000017
0.33999999999999997 0.3684000000000017
0.33999999999999997 0.35200000000000153
0.12 0.3498000000000011
0.12 0.3532000000000015
0.33999999999999997 0.3727000000000018
0.33999999999999997 0.36770000000000186
0.33999999999999997 0.3583000000000017
0.33999999999999997 0.3903000000000018
0.33999999999999997 0.43670000000000164
0.33999999999999997 0.44920000000000143
0.12 0.3946000000000013
0.24 0.3554999999999997
0.14 0.3339000000000003
0.24 0.3438000000000002
0.24 0.3328000000000004
0.24 0.31050000000000055
0.020000000000000018 0.3205000000000001
0.16000000000000003 0.3208999999999999
0.040000000000000036 0.29249999999999987
0.06000000000000005 0.2919999999999999
0.06000000000000005 0.30819999999999986
0.06000000000000005 0.2811
0.06000000000000005 0.2578000000000002
0.06000000000000005 0.2558000000000002
0.06000000000000005 0.2618
0.06000000000000005 0.24329999999999988
0.06000000000000005 0.24649999999999989
0.06000000000000005 0.2263
0.06000000000000005 0.23529999999999995
0.06000000000000005 0.20019999999999988
0.06000000000000005 0.1796
0.06000000000000005 0.17759999999999995
0.06000000000000005 0.16950000000000004
0.06000000000000005 0.1598
0.06000000000000005 0.1820999999999999
0.06000000000000005 0.16679999999999995
0.06000000000000005 0.1705
0.06000000000000005 0.15559999999999996
0.06000000000000005 0.16709999999999986
0.06000000000000005 0.16209999999999994
0.06000000000000005 0.16489999999999994
0.06000000000000005 0.1636
0.06000000000000005 0.18469999999999995
0.06000000000000005 0.18380000000000002
0.06000000000000005 0.19099999999999998
0.06000000000000005 0.18879999999999997
0.06000000000000005 0.28410000000000046
0.06000000000000005 0.2893000000000008
0.06000000000000005 0.30840000000000084
0.06000000000000005 0.32000000000000106
0.06000000000000005 0.30790000000000106
0.06000000000000005 0.2579000000000002
0.06000000000000005 0.29540000000000066
0.06000000000000005 0.28920000000000057
0.06000000000000005 0.26160000000000055
0.06000000000000005 0.25500000000000017
0.06000000000000005 0.25570000000000037
0.06000000000000005 0.2429000000000004
0.06000000000000005 0.23209999999999997
0.06000000000000005 0.2854
0.12 0.28599999999999987
0.06000000000000005 0.2546000000000002
0.24 0.2596000000000003
0.06000000000000005 0.24480000000000024
0.06000000000000005 0.23490000000000033
0.06000000000000005 0.2286000000000005
0.12 0.2619000000000005
0.12 0.27660000000000023
0.040000000000000036 0.2635000000000004
0.040000000000000036 0.24739999999999995
0.040000000000000036 0.2218000000000001
0.040000000000000036 0.21440000000000003
0.06000000000000005 0.23500000000000015
0.06000000000000005 0.2494999999999999
0.06000000000000005 0.32030000000000003
0.24 0.3210000000000002
0.24 0.3352999999999998
0.040000000000000036 0.2942
0.06000000000000005 0.2866999999999998
0.040000000000000036 0.38469999999999965
0.06000000000000005 0.31030000000000013
0.24 0.30860000000000026
0.24 0.29730000000000023
0.24 0.2818000000000004
0.24 0.2662000000000001
0.24 0.3004
0.24 0.27050000000000013
