0.73 0.3688000000000009
0.73 0.40705000000000086
0.79 0.4536500000000005
0.78 0.4500000000000004
0.74 0.46095000000000014
0.82 0.4863000000000002
0.7 0.4977999999999998
0.71 0.4602000000000006
0.7 0.4720000000000005
0.7 0.4345500000000001
0.8 0.4237000000000007
0.71 0.4343499999999999
0.71 0.4492000000000001
0.7 0.44129999999999997
0.68 0.4462999999999998
0.73 0.4777
0.7 0.4696000000000006
0.84 0.46134999999999976
0.7 0.4459999999999999
0.7 0.4750000000000002
0.7 0.5155999999999998
0.7 0.4832499999999997
0.7 0.45684999999999965
0.72 0.4207999999999994
0.7 0.38830000000000003
0.72 0.46180000000000004
0.77 0.45990000000000003
0.75 0.4356000000000008
0.75 0.5015500000000004
0.79 0.5050999999999994
0.79 0.5230499999999998
0.74 0.4731000000000006
0.73 0.39844999999999936
0.77 0.4078499999999996
0.68 0.41094999999999976
0.67 0.4321499999999998
0.77 0.4604499999999998
0.79 0.47785000000000044
0.7 0.48785000000000034
0.82 0.5051000000000003
0.67 0.4915500000000001
0.68 0.5410499999999988
0.91 0.5411999999999992
0.77 0.4344999999999996
0.71 0.4406000000000002
0.77 0.45625000000000027
0.64 0.4027500000000004
0.66 0.4731000000000011
0.69 0.4042500000000018
0.66 0.4253500000000007
0.66 0.49590000000000145
0.64 0.4592500000000008
0.65 0.4576000000000013
0.7 0.5150500000000006
0.64 0.5097500000000008
0.64 0.39925000000000227
0.64 0.4565500000000016
0.64 0.5480000000000006
0.7 0.4981000000000004
0.74 0.5651999999999999
0.65 0.5629000000000003
0.73 0.553000000000001
0.73 0.5219500000000016
0.69 0.5758
0.73 0.5686000000000002
0.67 0.5593500000000001
0.67 0.5913000000000004
0.64 0.5214
0.64 0.5464500000000001
0.64 0.41255000000000003
0.58 0.3648000000000004
0.64 0.4309500000000013
0.64 0.465700000000001
0.64 0.5540500000000003
0.64 0.6129000000000007
0.64 0.5681500000000002
0.64 0.6069000000000003
0.64 0.6260500000000004
0.64 0.6106000000000005
0.64 0.6115999999999999
0.64 0.5231499999999998
0.64 0.5810500000000001
0.64 0.6029999999999998
0.64 0.5958999999999995
0.64 0.5735999999999998
0.64 0.6083499999999998
0.64 0.6024499999999996
0.64 0.6292999999999997
0.64 0.6103999999999996
0.64 0.6379500000000001
0.64 0.62135
0.64 0.6357000000000003
0.64 0.6247000000000005
0.64 0.496100000000001
0.64 0.4884000000000011
0.64 0.4653000000000002
0.64 0.44145
0.64 0.4805499999999997
0.64 0.4233500000000003
0.64 0.4478499999999994
0.64 0.412600000000001
0.64 0.49920000000000003
0.64 0.3829000000000022
0.64 0.5168500000000005
0.64 0.5054500000000002
0.64 0.5388499999999996
0.64 0.5737499999999998
0.64 0.5597999999999995
0.64 0.5452999999999996
0.64 0.5555499999999999
0.64 0.5562499999999997
0.64 0.5792000000000003
0.64 0.6012000000000006
0.64 0.5834499999999998
0.64 0.5877999999999995
0.64 0.5832999999999994
0.64 0.5941500000000001
0.64 0.5287499999999996
0.64 0.5724499999999992
0.64 0.5973999999999996
0.64 0.6093
0.64 0.5972000000000005
0.64 0.6283500000000004
0.64 0.6345000000000002
0.64 0.6391000000000004
0.64 0.6390500000000003
0.64 0.6306000000000002
0.64 0.6386500000000005
0.64 0.6396000000000006
0.64 0.6383000000000004
0.64 0.6380500000000005
0.64 0.6296500000000005
0.64 0.6276500000000004
0.64 0.6297500000000005
0.64 0.6323000000000003
0.64 0.6360000000000003
0.64 0.6291000000000002
0.64 0.6312000000000004
0.64 0.6316000000000004
0.64 0.6301500000000003
0.64 0.6329000000000005
0.64 0.6340500000000004
0.64 0.6335000000000004
0.64 0.6399500000000005
0.64 0.6382500000000004
0.64 0.6336500000000005
0.64 0.6289000000000003
0.64 0.6334000000000003
0.64 0.6296000000000004
0.64 0.6191500000000001
0.64 0.6318500000000004
0.64 0.6197000000000005
0.64 0.6245000000000004
0.64 0.6352000000000003
0.64 0.6337500000000005
0.64 0.6320500000000004
0.64 0.6317000000000006
0.64 0.6284500000000006
0.64 0.6370500000000004
0.64 0.6311500000000004
0.64 0.6364000000000004
0.64 0.6289500000000003
0.64 0.6132000000000004
0.64 0.4909999999999992
0.64 0.5111499999999992
0.64 0.5384499999999997
0.64 0.5749
0.64 0.6136000000000003
0.64 0.6298500000000001
0.64 0.6353000000000002
0.64 0.6302000000000004
0.64 0.6328500000000004
0.64 0.6379000000000002
0.64 0.6342500000000002
0.64 0.6364500000000004
0.64 0.6353000000000005
0.64 0.6363500000000004
0.64 0.6363500000000005
0.64 0.6376000000000004
0.64 0.6383500000000005
0.64 0.6374500000000005
0.64 0.6350500000000003
0.64 0.6396500000000005
0.64 0.6397500000000005
0.64 0.6331500000000004
0.64 0.6334500000000005
0.64 0.6288000000000005
0.64 0.6363000000000004
0.64 0.6375500000000004
0.64 0.6393500000000004
0.64 0.6383000000000005
0.64 0.6398000000000006
0.64 0.6399000000000005
0.64 0.6400000000000005
0.64 0.6397000000000005
0.64 0.6400000000000005
0.64 0.6395500000000005
0.64 0.6357000000000004
0.64 0.6396000000000005
0.64 0.6359500000000005
0.64 0.6380000000000005
0.64 0.6400000000000005
0.64 0.6387000000000005
0.64 0.6381000000000003
0.64 0.6400000000000005
0.64 0.6383000000000004
0.64 0.6389000000000004
0.64 0.6343000000000005
0.64 0.6389000000000005
0.64 0.6315500000000004
0.64 0.6366000000000005
0.64 0.6392500000000005
0.64 0.6400000000000005
0.64 0.6368000000000005
0.64 0.6383500000000004
0.64 0.6399000000000005
0.64 0.6382500000000004
0.64 0.6336500000000005
0.64 0.6347500000000005
0.64 0.6397000000000005
0.64 0.6344000000000005
0.64 0.6367500000000005
0.64 0.6361500000000005
0.64 0.6395500000000005
0.64 0.6344500000000004
0.64 0.6336500000000004
0.64 0.6364000000000004
0.64 0.6324500000000005
0.64 0.6381000000000003
0.64 0.6399000000000005
0.64 0.6382500000000004
0.64 0.6362500000000005
0.64 0.6385000000000005
0.64 0.6399000000000005
0.64 0.6394500000000004
0.64 0.6377500000000005
0.64 0.6382500000000004
0.64 0.6392500000000004
0.64 0.6341000000000004
0.64 0.6390000000000005
0.64 0.6366000000000005
0.64 0.6400000000000005
0.64 0.6375000000000004
0.64 0.6393000000000005
0.64 0.6389500000000006
0.64 0.6399000000000005
0.64 0.6400000000000005
0.64 0.6366000000000005
0.64 0.6390500000000006
0.64 0.6368500000000005
0.64 0.6368000000000005
0.64 0.6315500000000004
0.64 0.6387000000000005
0.64 0.6372500000000004
0.64 0.6357000000000004
0.64 0.6342000000000003
0.64 0.6332500000000004
0.64 0.6331000000000004
0.64 0.6341000000000004
0.64 0.6319500000000005
0.64 0.6290500000000006
0.64 0.6306000000000005
0.64 0.6348000000000005
0.64 0.6362000000000004
0.64 0.6315000000000004
0.64 0.6379000000000005
0.64 0.6346500000000004
0.64 0.6365000000000004
0.64 0.6376000000000004
0.64 0.6362000000000005
0.64 0.6385000000000004
0.64 0.6316500000000004
0.64 0.6370500000000006
0.64 0.6381500000000004
0.64 0.6350000000000005
0.64 0.6397000000000005
0.64 0.6388000000000005
0.64 0.6400000000000005
0.64 0.6399000000000005
0.64 0.6373000000000005
0.64 0.6356000000000003
0.64 0.6343500000000004
0.64 0.6385000000000004
0.64 0.6393000000000004
0.64 0.6395000000000005
0.64 0.6389000000000005
0.64 0.6374500000000005
0.64 0.6382000000000005
0.64 0.6354500000000005
0.64 0.6395500000000005
0.64 0.6391500000000004
0.64 0.6376500000000004
0.64 0.6353500000000005
0.64 0.6396000000000005
0.64 0.6391000000000004
0.64 0.6398500000000005
0.64 0.6400000000000005
0.64 0.6360000000000006
0.64 0.6349500000000002
0.64 0.6377000000000005
0.64 0.6390500000000006
0.64 0.6388000000000005
0.64 0.6388500000000005
0.64 0.6389500000000005
0.64 0.6391500000000004
0.64 0.6397000000000005
0.64 0.6385500000000005
0.64 0.6398000000000005
0.64 0.6381000000000003
0.64 0.6400000000000005
0.64 0.6377500000000005
0.64 0.6395000000000005
0.64 0.6384500000000005
0.64 0.6395000000000005
0.64 0.6386000000000005
0.64 0.6387000000000005
0.64 0.6388500000000005
0.64 0.6397500000000005
0.64 0.6282500000000004
0.64 0.6223000000000005
0.64 0.6381000000000006
0.64 0.6400000000000005
0.64 0.6400000000000005
0.64 0.6364000000000004
0.64 0.6382500000000005
0.64 0.6378500000000006
0.64 0.6366000000000005
0.64 0.6336000000000004
0.64 0.6346000000000004
0.64 0.6333500000000004
0.64 0.6344000000000005
0.64 0.6339500000000003
0.64 0.6337500000000005
0.64 0.6339500000000003
0.64 0.6380500000000005
0.64 0.6161500000000002
0.64 0.6238000000000002
0.64 0.6313500000000004
0.64 0.6268500000000004
0.64 0.6309500000000005
0.64 0.6312000000000004
0.64 0.6261000000000003
0.64 0.6366000000000005
0.64 0.6400000000000005
0.64 0.5974500000000001
0.64 0.6301000000000004
0.64 0.6374500000000005
0.64 0.6334000000000004
0.64 0.6340500000000006
0.64 0.6319000000000004
0.64 0.6362500000000005
0.64 0.6318000000000005
0.64 0.6247000000000004
0.64 0.6316500000000005
0.64 0.6337000000000005
0.64 0.6335500000000004
0.64 0.6294500000000004
0.64 0.6369500000000005
0.64 0.6374000000000004
0.64 0.6366500000000005
0.64 0.6351000000000004
0.64 0.6347000000000004
0.64 0.6337500000000005
0.64 0.6362000000000004
0.64 0.6389500000000006
0.64 0.6369000000000005
0.64 0.6350000000000006
0.64 0.6394500000000005
0.64 0.6377000000000005
0.64 0.6047000000000002
0.64 0.6363000000000004
0.64 0.6377000000000005
0.64 0.5539499999999996
0.64 0.448249999999999
0.64 0.6095000000000003
0.64 0.5235999999999996
0.64 0.5626499999999999
0.64 0.5869500000000002
0.64 0.6287500000000005
0.64 0.6204500000000004
0.64 0.6266000000000005
0.64 0.6371000000000004
0.64 0.6370000000000005
0.64 0.6033000000000001
0.64 0.6219000000000001
0.64 0.61165
0.64 0.6269000000000005
0.64 0.6259000000000006
0.64 0.6311500000000003
0.64 0.6364000000000004
0.64 0.6309000000000003
0.64 0.6356000000000005
0.64 0.6386500000000005
0.64 0.6344000000000005
0.64 0.6097500000000001
0.64 0.6254000000000002
0.64 0.6309000000000003
0.64 0.6105500000000003
0.64 0.6280000000000004
0.64 0.6289500000000003
0.64 0.6262000000000003
0.64 0.6267000000000003
0.64 0.6283000000000003
0.64 0.6308500000000005
0.64 0.6333000000000004
0.64 0.6369000000000005
0.64 0.6310500000000003
0.64 0.6355500000000004
0.64 0.6338500000000005
0.64 0.6286000000000004
0.64 0.6316000000000004
0.64 0.6302000000000003
0.64 0.6333000000000004
0.64 0.6347000000000005
0.64 0.6353000000000005
0.64 0.6394500000000005
0.64 0.6376000000000005
0.64 0.6353500000000004
0.64 0.6376500000000004
0.64 0.6393000000000004
0.64 0.6361500000000004
0.64 0.6370500000000004
0.64 0.6387000000000005
0.64 0.6388500000000006
0.64 0.6327000000000004
0.64 0.6370500000000004
0.64 0.6370000000000006
0.64 0.6353500000000004
0.64 0.6383000000000005
0.64 0.6397500000000005
0.64 0.6359000000000005
0.64 0.6363000000000004
0.64 0.6374500000000005
0.64 0.6375500000000005
0.64 0.6330000000000005
0.64 0.6246500000000005
0.64 0.6317500000000004
0.64 0.6348000000000004
0.64 0.6356500000000004
0.64 0.6398000000000005
0.64 0.6246500000000005
0.64 0.6226000000000006
0.64 0.5892500000000009
0.64 0.6312000000000005
0.64 0.6383000000000004
0.64 0.6388500000000005
0.64 0.6398500000000005
0.64 0.6396000000000004
0.64 0.6390000000000005
0.64 0.6352500000000004
0.64 0.6113000000000007
0.64 0.6010000000000008
0.64 0.6264500000000006
0.64 0.6327000000000005
0.64 0.6264000000000005
0.64 0.5645500000000011
0.64 0.6375500000000005
0.64 0.5466500000000013
0.64 0.5258500000000016
0.64 0.6281500000000007
0.64 0.6374500000000005
0.64 0.6213000000000007
0.64 0.6364000000000005
0.64 0.6014500000000008
0.64 0.6204500000000006
0.64 0.6343000000000005
0.64 0.6164000000000006
0.64 0.5438500000000018
0.64 0.5400000000000008
0.64 0.48700000000000154
0.64 0.5308000000000005
0.64 0.5799000000000006
0.64 0.6132500000000005
0.64 0.6196500000000005
0.64 0.6354000000000005
0.64 0.6124000000000006
0.64 0.6169000000000008
0.64 0.5782000000000008
0.64 0.5855500000000008
0.64 0.5794500000000005
0.64 0.6118500000000006
0.64 0.5905000000000006
0.64 0.6065000000000004
0.64 0.6067500000000002
0.64 0.6160000000000003
0.64 0.6278000000000002
0.64 0.6237000000000006
0.64 0.6296000000000005
0.64 0.6290000000000006
0.64 0.6366000000000005
0.64 0.6295500000000005
0.64 0.6329000000000005
0.64 0.6284000000000005
0.64 0.6305000000000005
0.64 0.6227000000000005
0.64 0.6220000000000006
0.64 0.5093000000000015
0.64 0.5633000000000008
0.62 0.3361000000000016
0.64 0.5882000000000006
