0.19999999999999996 0.6087000000000008
0.14 0.5739200000000012
0.14 0.5411200000000003
0.14 0.5125200000000011
0.14 0.4833800000000011
0.07999999999999996 0.4590600000000011
0.07999999999999996 0.4234600000000011
0.07999999999999996 0.40716000000000097
0.07999999999999996 0.39269999999999994
0.07999999999999996 0.38927999999999935
0.07999999999999996 0.3852199999999988
0.07999999999999996 0.3750599999999986
0.07999999999999996 0.3692599999999974
0.06000000000000005 0.36229999999999746
0.06000000000000005 0.3563599999999975
0.06000000000000005 0.34301999999999816
0.06000000000000005 0.33977999999999775
0.06000000000000005 0.32667999999999836
0.06000000000000005 0.33239999999999786
0.06000000000000005 0.3321799999999981
0.06000000000000005 0.3179999999999985
0.06000000000000005 0.3140999999999982
0.06000000000000005 0.3001399999999989
0.06000000000000005 0.2990999999999987
0.06000000000000005 0.29221999999999854
0.06000000000000005 0.29017999999999883
0.06000000000000005 0.28663999999999873
0.06000000000000005 0.2871599999999991
0.06000000000000005 0.2945199999999989
0.07999999999999996 0.29247999999999885
0.07999999999999996 0.2872999999999988
0.07999999999999996 0.29169999999999835
0.07999999999999996 0.28755999999999865
0.07999999999999996 0.28109999999999935
0.07999999999999996 0.29201999999999856
0.07999999999999996 0.2961799999999991
0.07999999999999996 0.2962999999999988
0.07999999999999996 0.2900599999999991
0.07999999999999996 0.2947399999999992
0.07999999999999996 0.2970999999999989
0.07999999999999996 0.2902999999999986
0.07999999999999996 0.28247999999999907
0.07999999999999996 0.26717999999999864
0.07999999999999996 0.27619999999999856
0.07999999999999996 0.26831999999999867
0.07999999999999996 0.27255999999999897
0.07999999999999996 0.27781999999999885
0.07999999999999996 0.2599199999999986
0.07999999999999996 0.26249999999999873
0.07999999999999996 0.25127999999999895
0.07999999999999996 0.25037999999999877
0.07999999999999996 0.23917999999999914
0.07999999999999996 0.24617999999999896
0.07999999999999996 0.23919999999999925
0.07999999999999996 0.2521999999999989
0.07999999999999996 0.23927999999999902
0.07999999999999996 0.24215999999999968
0.07999999999999996 0.22971999999999929
0.07999999999999996 0.23177999999999913
0.07999999999999996 0.22861999999999938
0.07999999999999996 0.22099999999999964
0.07999999999999996 0.2127399999999999
0.07999999999999996 0.20981999999999992
0.07999999999999996 0.19634
0.07999999999999996 0.18830000000000024
0.07999999999999996 0.1854000000000001
0.07999999999999996 0.17735999999999982
0.07999999999999996 0.17895999999999987
0.07999999999999996 0.1707200000000001
0.07999999999999996 0.16657999999999998
0.07999999999999996 0.15385999999999997
0.07999999999999996 0.15285999999999994
0.07999999999999996 0.15303999999999987
0.07999999999999996 0.14875999999999964
0.07999999999999996 0.1472199999999997
0.07999999999999996 0.14343999999999987
0.07999999999999996 0.14661999999999994
0.07999999999999996 0.16035999999999984
0.07999999999999996 0.1696000000000001
0.07999999999999996 0.16084
0.07999999999999996 0.1570200000000001
0.07999999999999996 0.1527199999999999
0.07999999999999996 0.16671999999999987
0.07999999999999996 0.16850000000000015
0.07999999999999996 0.1620999999999999
0.07999999999999996 0.1583200000000001
0.07999999999999996 0.1472799999999999
0.07999999999999996 0.1463199999999999
0.07999999999999996 0.15141999999999986
0.07999999999999996 0.15327999999999997
0.07999999999999996 0.16325999999999993
0.07999999999999996 0.16083999999999993
0.07999999999999996 0.15576
0.07999999999999996 0.15414000000000008
0.07999999999999996 0.15542000000000014
0.07999999999999996 0.1406599999999999
0.07999999999999996 0.1448799999999998
0.07999999999999996 0.1407999999999999
0.07999999999999996 0.14913999999999997
0.07999999999999996 0.15505999999999973
