0.95 0.415339999999997
0.95 0.4612299999999985
0.95 0.5007799999999994
0.96 0.5278499999999979
0.96 0.5528300000000033
0.96 0.5719700000000013
0.97 0.6050400000000009
0.97 0.6269400000000005
0.97 0.6381200000000011
0.97 0.6450800000000009
0.97 0.6657499999999986
0.97 0.6761599999999948
0.98 0.692359999999992
0.98 0.6935999999999953
0.99 0.7060899999999959
0.99 0.701309999999997
0.99 0.7090799999999975
0.99 0.7161500000000023
0.99 0.7236200000000025
0.99 0.7401000000000068
0.99 0.748590000000007
0.99 0.7614700000000054
0.99 0.7702700000000074
0.99 0.7752100000000082
0.99 0.7821100000000079
0.99 0.7950200000000084
0.99 0.8007800000000076
0.99 0.8089000000000055
0.99 0.8191200000000033
0.99 0.8285900000000053
0.99 0.8242200000000028
0.99 0.8253600000000039
0.99 0.8301100000000028
0.99 0.836640000000002
0.99 0.8529200000000021
0.99 0.8555800000000032
0.99 0.8594600000000046
0.99 0.8657300000000023
0.99 0.8723000000000014
0.99 0.8668700000000026
0.99 0.87627
0.99 0.8749600000000014
0.99 0.8775800000000047
0.99 0.8770500000000028
0.99 0.8747100000000032
0.99 0.8691900000000043
0.99 0.869970000000005
0.99 0.8825900000000073
0.99 0.8740000000000041
0.99 0.878510000000003
0.99 0.8754900000000039
0.99 0.8740100000000038
0.99 0.8761300000000052
0.99 0.8866700000000044
0.99 0.890380000000008
0.99 0.8945500000000091
0.99 0.8895300000000067
0.99 0.8832100000000088
0.99 0.8837700000000096
0.99 0.8851300000000095
0.99 0.8837300000000072
0.99 0.8867000000000079
0.99 0.888220000000011
0.99 0.8869700000000097
0.99 0.8886200000000123
0.99 0.8967100000000108
0.99 0.8918000000000114
0.99 0.8979700000000099
0.99 0.8921800000000089
0.99 0.8917400000000106
0.99 0.8895100000000102
0.99 0.8949700000000125
0.99 0.900270000000013
0.99 0.9008200000000128
0.99 0.8945700000000099
0.99 0.8788100000000086
0.99 0.8893900000000103
0.99 0.8921700000000091
0.99 0.8901700000000097
0.99 0.8963600000000101
0.99 0.8959700000000108
0.99 0.898900000000012
0.99 0.8895100000000102
0.99 0.8847200000000073
0.99 0.8762500000000055
0.99 0.8799500000000062
0.99 0.8896200000000085
0.99 0.9034000000000102
0.99 0.8993500000000088
0.99 0.8998800000000114
0.99 0.8894200000000106
0.99 0.8973000000000094
0.99 0.8984200000000104
0.99 0.8886400000000104
0.99 0.8920300000000104
0.99 0.8995600000000119
0.99 0.8935200000000105
0.99 0.8901100000000078
0.99 0.8953600000000084
0.99 0.893440000000008
