0.66 0.36440000000000095
0.7 0.38225000000000087
0.7 0.3851000000000006
0.7 0.39215000000000033
0.7 0.41119999999999995
0.79 0.4000500000000004
0.82 0.4167500000000002
0.7 0.43380000000000024
0.74 0.41834999999999994
0.7 0.4532999999999997
0.7 0.4242999999999995
0.75 0.42174999999999985
0.73 0.4291499999999999
0.73 0.4238499999999998
0.77 0.4340999999999997
0.73 0.40509999999999957
0.7 0.39934999999999987
0.7 0.3885499999999999
0.76 0.42319999999999985
0.71 0.4141999999999997
0.7 0.43559999999999965
0.7 0.4282499999999996
0.7 0.44909999999999944
0.7 0.4446999999999995
0.7 0.4732999999999999
0.71 0.48095000000000004
0.71 0.48445000000000044
0.71 0.5267499999999999
0.7 0.5125000000000002
0.7 0.5180499999999999
0.7 0.4903999999999998
0.7 0.48054999999999987
0.7 0.4737499999999997
0.7 0.5292499999999998
0.7 0.5244500000000003
0.7 0.5182
0.7 0.5264500000000002
0.7 0.5303499999999999
0.7 0.5385999999999995
0.7 0.5515500000000001
0.7 0.5269999999999995
0.7 0.5397500000000001
0.7 0.5168
0.7 0.5259499999999998
0.7 0.5185499999999998
0.7 0.5417499999999997
0.7 0.5572999999999999
0.7 0.5540000000000005
0.7 0.5871000000000011
0.7 0.5701000000000008
0.7 0.5531000000000007
0.7 0.5440000000000008
0.7 0.5431000000000006
0.7 0.5739000000000005
0.7 0.5529500000000006
0.7 0.6007500000000008
0.7 0.625950000000001
0.7 0.6235500000000014
0.7 0.6217500000000018
0.7 0.6428000000000016
0.7 0.46865000000000095
0.7 0.594000000000001
0.7 0.5485000000000013
0.7 0.5895500000000012
0.7 0.5926500000000013
0.7 0.5871000000000008
0.7 0.5553000000000012
0.7 0.5893500000000013
0.7 0.600100000000001
0.7 0.6237500000000011
0.7 0.6252000000000013
0.7 0.6416000000000014
0.7 0.6069500000000015
0.7 0.44470000000000154
0.7 0.5022000000000009
0.7 0.47370000000000045
0.7 0.49639999999999995
0.7 0.5003999999999994
0.7 0.5779000000000003
0.7 0.5793500000000007
0.7 0.5060499999999997
0.7 0.5721499999999999
0.7 0.6242000000000002
0.7 0.6315500000000003
0.7 0.6233500000000005
0.7 0.5804000000000005
0.7 0.5725000000000002
0.7 0.5975499999999999
0.7 0.5760999999999998
0.7 0.5257499999999999
0.7 0.5953000000000008
0.7 0.4203499999999996
0.36 0.3599999999999996
0.7 0.6229000000000005
0.7 0.6137000000000004
0.7 0.6333000000000005
0.7 0.6147000000000007
0.7 0.6263500000000009
0.7 0.6618000000000022
0.7 0.6773000000000019
0.7 0.6698000000000022
0.7 0.6535000000000017
0.7 0.6615500000000023
0.7 0.658650000000002
0.7 0.6458000000000014
0.7 0.6511500000000018
0.7 0.6729000000000022
0.7 0.6627500000000021
0.7 0.4348499999999996
0.7 0.615650000000001
0.7 0.6231500000000009
0.7 0.5837500000000005
0.7 0.6204500000000014
0.7 0.6076500000000012
0.7 0.5582000000000003
0.7 0.6480500000000017
0.7 0.6419500000000015
0.7 0.6321500000000012
0.7 0.5619500000000006
0.7 0.6112000000000009
0.7 0.6510000000000015
0.7 0.4885499999999996
0.7 0.4309999999999996
0.4 0.36039999999999955
0.7 0.4869499999999993
0.7 0.5791500000000004
0.7 0.6243000000000011
0.7 0.6479000000000013
0.7 0.5599500000000003
0.7 0.6361500000000011
0.7 0.6351500000000012
0.7 0.6556500000000018
0.7 0.6641000000000022
0.7 0.5485000000000002
0.7 0.6499500000000009
0.7 0.6665000000000021
0.7 0.6800000000000024
0.7 0.6702000000000023
0.7 0.6724500000000024
0.7 0.6701000000000025
0.7 0.6713000000000023
0.7 0.6531000000000019
0.7 0.6837000000000016
0.7 0.6852500000000019
0.7 0.6830000000000019
0.7 0.673850000000002
0.7 0.6751000000000021
0.7 0.6608500000000022
0.7 0.669750000000002
0.7 0.6779500000000023
0.7 0.661200000000002
0.7 0.6868000000000021
0.7 0.6549000000000018
0.7 0.6501500000000014
0.7 0.668100000000002
0.7 0.6669500000000024
0.7 0.6713000000000026
0.7 0.6870000000000022
0.7 0.6852500000000021
0.7 0.6838000000000021
0.7 0.684550000000002
0.7 0.6830500000000018
0.7 0.6821500000000025
0.7 0.6766500000000022
0.7 0.6724500000000024
0.7 0.6830500000000022
0.7 0.6843500000000017
0.7 0.6881500000000016
0.7 0.6766000000000022
0.7 0.6220500000000013
0.7 0.6651500000000025
0.7 0.6728000000000018
0.7 0.6725500000000018
0.7 0.675800000000002
0.7 0.6916000000000018
0.7 0.6825500000000018
0.7 0.6827500000000017
0.7 0.6823000000000021
0.7 0.6826000000000022
0.7 0.6839000000000022
0.7 0.6795500000000024
0.7 0.682450000000002
0.7 0.6743500000000021
0.7 0.662850000000002
0.7 0.6743500000000018
0.7 0.6814500000000018
0.7 0.6537500000000018
0.7 0.6704500000000018
0.7 0.6713500000000014
0.7 0.6753500000000018
0.7 0.6793000000000017
0.7 0.6866000000000018
0.7 0.6794000000000026
0.7 0.6782000000000018
0.7 0.6715500000000023
0.7 0.6742000000000025
0.7 0.6761500000000024
0.7 0.6783500000000022
0.7 0.6811000000000021
0.7 0.6808500000000022
0.7 0.6835000000000018
0.7 0.6682000000000022
0.7 0.6658000000000023
0.7 0.6824500000000022
0.7 0.6683000000000024
0.7 0.6793000000000018
0.7 0.681000000000002
0.7 0.6723500000000021
0.7 0.6697500000000022
0.7 0.6732500000000021
0.7 0.6652000000000026
0.7 0.6809500000000019
0.7 0.6735000000000023
0.7 0.6824000000000021
0.7 0.689300000000002
0.7 0.6666500000000022
0.7 0.666750000000002
0.7 0.6724000000000022
0.7 0.6879000000000017
0.7 0.6846500000000019
0.7 0.6802500000000024
0.7 0.6699500000000025
0.7 0.6815000000000022
0.7 0.6676000000000022
0.7 0.6766000000000022
0.7 0.6758500000000022
0.7 0.6864000000000019
0.7 0.6848000000000021
0.7 0.6832000000000019
0.7 0.6858500000000021
0.7 0.6877500000000021
0.7 0.6765500000000021
0.7 0.6731500000000022
0.7 0.6705000000000024
0.7 0.6759500000000024
0.7 0.6730500000000021
0.7 0.6877500000000019
0.7 0.6855000000000022
0.7 0.6799500000000019
0.7 0.6806500000000016
0.7 0.6701000000000018
0.7 0.6716000000000021
0.7 0.679500000000002
0.7 0.6766000000000022
0.7 0.681050000000002
0.7 0.6759000000000022
0.7 0.6727500000000021
0.7 0.6701000000000025
0.7 0.6691500000000025
0.7 0.679050000000002
0.7 0.6644000000000024
0.7 0.6241500000000013
0.7 0.4233499999999995
0.7 0.6590000000000019
0.7 0.5024499999999995
0.7 0.6321000000000009
0.7 0.6030500000000008
0.7 0.6551500000000016
0.7 0.6432500000000012
0.7 0.6760500000000019
0.7 0.6737500000000022
0.7 0.6765000000000022
0.7 0.6895500000000019
0.7 0.681450000000002
0.7 0.6755000000000018
0.7 0.684350000000002
0.7 0.6873000000000016
0.7 0.6850000000000018
0.7 0.6804000000000022
0.7 0.667850000000002
0.7 0.667400000000002
0.7 0.6132000000000015
0.7 0.6632500000000023
0.7 0.6699000000000019
0.7 0.6567000000000021
0.7 0.5394500000000018
0.7 0.5759500000000018
0.7 0.6288000000000011
0.7 0.4748000000000012
0.7 0.5235000000000014
0.7 0.5851500000000011
0.7 0.6227500000000015
0.7 0.6374500000000013
0.7 0.6502500000000018
0.7 0.6539500000000017
0.7 0.5882500000000015
0.7 0.3905500000000023
0.7 0.3987000000000023
0.7 0.4309000000000014
0.7 0.44545000000000123
0.7 0.4957500000000002
0.7 0.49760000000000004
0.7 0.5561000000000003
0.7 0.5745000000000007
0.7 0.5933000000000004
0.7 0.609600000000001
0.7 0.6124500000000013
0.7 0.6098000000000011
0.7 0.6236000000000012
0.7 0.6312000000000013
0.7 0.6461000000000015
0.7 0.6595000000000019
0.7 0.6752500000000018
0.7 0.6643000000000022
0.7 0.6730500000000024
0.7 0.6732000000000019
0.7 0.659350000000002
0.7 0.6651500000000017
0.7 0.6697000000000023
0.7 0.6713500000000022
0.7 0.6555000000000022
0.7 0.6588500000000022
0.7 0.651300000000002
0.7 0.6539000000000018
0.7 0.6518000000000018
0.7 0.6483500000000013
0.7 0.6624500000000022
0.7 0.6643000000000018
0.7 0.6711500000000019
0.7 0.6669500000000019
0.7 0.661350000000002
0.7 0.6445000000000014
0.7 0.6279500000000011
0.7 0.630550000000001
0.7 0.6361500000000013
0.7 0.6579000000000015
0.7 0.6538000000000015
0.7 0.6516500000000011
0.7 0.6544500000000018
0.7 0.6571500000000018
0.7 0.662900000000002
0.7 0.6705500000000019
0.7 0.6492500000000014
0.7 0.6609000000000017
0.7 0.6564500000000014
0.7 0.6615500000000017
0.7 0.6607500000000018
0.7 0.6533500000000012
0.7 0.6583500000000018
0.7 0.6768500000000021
0.7 0.661250000000002
0.7 0.6701000000000019
0.7 0.6645000000000018
0.7 0.6759500000000017
0.7 0.6597500000000016
0.7 0.6702000000000018
0.7 0.666200000000002
0.7 0.6747000000000013
0.7 0.6599500000000021
0.7 0.6731500000000018
0.7 0.6532500000000014
0.7 0.6640500000000021
0.7 0.6652000000000013
0.7 0.6588000000000014
0.7 0.6762000000000019
0.7 0.6569500000000023
0.7 0.6730000000000019
0.7 0.6704000000000019
0.7 0.6866000000000012
0.7 0.6541500000000017
0.7 0.6648000000000018
0.7 0.657150000000002
0.7 0.663250000000002
0.7 0.6673000000000023
0.7 0.6727500000000023
0.7 0.6512000000000016
0.7 0.661850000000002
0.7 0.6725000000000015
0.7 0.6592500000000017
0.7 0.6546500000000015
0.7 0.6461000000000011
0.7 0.6537000000000017
0.7 0.6612000000000022
0.7 0.6560500000000019
0.7 0.672750000000002
0.7 0.676000000000002
0.7 0.669950000000002
0.7 0.6763000000000021
0.7 0.6675500000000022
0.7 0.6753000000000025
0.7 0.6757500000000022
0.7 0.6817500000000019
0.7 0.6716500000000021
0.7 0.677450000000002
0.7 0.6736500000000017
0.7 0.6671000000000019
0.7 0.6549500000000017
0.7 0.662400000000002
0.7 0.6620500000000018
0.7 0.6730000000000017
0.7 0.6646000000000017
0.7 0.6602000000000019
0.7 0.6797000000000019
0.7 0.678550000000002
0.7 0.680150000000002
0.7 0.6831000000000015
0.7 0.6883000000000017
0.7 0.6732000000000019
0.7 0.6832000000000019
0.7 0.6670500000000024
0.7 0.6759000000000018
0.7 0.6472000000000014
0.7 0.6751500000000021
0.7 0.6817000000000019
0.7 0.683450000000002
0.7 0.6820500000000019
0.7 0.6884000000000019
0.7 0.6724000000000018
0.7 0.6775000000000024
0.7 0.6842500000000018
0.7 0.6718500000000022
0.7 0.6668500000000023
0.7 0.6901500000000016
0.7 0.687350000000002
0.7 0.6500000000000017
0.7 0.6786500000000018
0.7 0.6870500000000017
0.7 0.6818500000000021
0.7 0.678450000000002
0.7 0.6801000000000021
0.7 0.6811500000000018
0.7 0.6906000000000013
0.7 0.6675500000000026
0.7 0.6792000000000019
0.7 0.6829000000000021
0.7 0.687800000000002
0.7 0.6852500000000024
0.7 0.6906500000000015
0.7 0.686750000000002
0.7 0.6854500000000021
0.7 0.6726000000000023
0.7 0.670900000000002
0.7 0.6815500000000019
0.7 0.6738000000000022
0.7 0.682700000000002
0.7 0.6724000000000022
0.7 0.6795500000000021
0.7 0.6855000000000022
0.7 0.6879500000000022
0.7 0.6902500000000016
0.7 0.6817000000000019
0.7 0.6813500000000018
0.7 0.6865000000000018
0.7 0.6913500000000015
0.7 0.681600000000002
0.7 0.6626500000000025
0.7 0.6857000000000021
0.7 0.678450000000002
0.7 0.6872500000000017
0.7 0.6751500000000022
0.7 0.683200000000002
0.7 0.666550000000002
0.7 0.6655500000000023
0.7 0.6705500000000022
0.7 0.6680500000000018
0.7 0.686800000000002
0.7 0.6766000000000022
0.7 0.6770500000000022
0.7 0.6925500000000017
0.7 0.6893000000000018
0.7 0.687900000000002
0.7 0.6799500000000019
0.7 0.6843500000000017
0.7 0.686950000000002
0.7 0.6885000000000019
0.7 0.6921000000000015
0.7 0.6845000000000023
0.7 0.682950000000002
0.7 0.6871000000000019
0.7 0.6850500000000018
0.7 0.6860500000000022
0.7 0.6877000000000018
0.7 0.691900000000002
0.7 0.6896000000000021
0.7 0.6836000000000019
0.7 0.6894000000000016
0.7 0.6921500000000015
0.7 0.6922500000000015
0.7 0.6894000000000018
0.7 0.6796000000000022
0.7 0.6910000000000015
0.7 0.6903500000000017
0.7 0.6939500000000014
0.7 0.6922500000000019
0.7 0.6913000000000019
0.7 0.687900000000002
0.7 0.6742000000000017
0.7 0.6742500000000018
0.7 0.6831000000000021
0.7 0.6864500000000018
0.7 0.6890500000000018
0.7 0.679650000000002
0.7 0.6814500000000021
0.7 0.6675000000000024
0.7 0.6856000000000018
0.7 0.6880000000000019
0.7 0.6933000000000017
0.7 0.6934000000000016
0.7 0.6910000000000014
0.7 0.6925000000000016
