0.4 0.6031999999999988
0.42000000000000004 0.606199999999999
0.42000000000000004 0.5847999999999992
0.18000000000000005 0.5938999999999988
0.31999999999999995 0.5813999999999989
0.16000000000000003 0.600299999999999
0.16000000000000003 0.5836999999999987
0.06000000000000005 0.5886999999999989
0.4 0.6077999999999987
0.26 0.6092999999999984
0.31999999999999995 0.6178999999999989
0.21999999999999997 0.6212999999999986
0.4 0.6337999999999987
0.4 0.6259999999999987
0.33999999999999997 0.6034999999999985
0.31999999999999995 0.5857999999999989
0.06000000000000005 0.5054999999999993
0.06000000000000005 0.541599999999999
0.06000000000000005 0.5410999999999988
0.06000000000000005 0.4800999999999992
0.040000000000000036 0.5963999999999985
0.040000000000000036 0.5440999999999988
0.31999999999999995 0.5991999999999985
0.30000000000000004 0.5164999999999988
0.33999999999999997 0.5437999999999988
0.30000000000000004 0.549499999999999
0.28 0.5316999999999991
0.28 0.47039999999999965
0.28 0.48869999999999997
0.31999999999999995 0.4602999999999997
0.040000000000000036 0.5326999999999992
0.19999999999999996 0.5567999999999986
0.09999999999999998 0.5364999999999989
0.07999999999999996 0.514099999999999
0.19999999999999996 0.5320999999999991
0.020000000000000018 0.5508999999999991
0.36 0.6306999999999983
0.4 0.6072999999999983
0.040000000000000036 0.5778999999999987
0.36 0.5808999999999983
0.21999999999999997 0.5713999999999985
0.19999999999999996 0.5605999999999988
0.18000000000000005 0.4914999999999992
0.020000000000000018 0.46419999999999945
0.07999999999999996 0.5416999999999991
0.040000000000000036 0.4760999999999992
0.040000000000000036 0.5223999999999995
0.06000000000000005 0.49899999999999906
0.040000000000000036 0.43399999999999944
0.06000000000000005 0.5510999999999995
0.16000000000000003 0.3827
0.12 0.3984999999999996
0.06000000000000005 0.5368999999999995
0.09999999999999998 0.3430999999999998
0.040000000000000036 0.32480000000000026
0.040000000000000036 0.28000000000000014
0.040000000000000036 0.2051000000000002
0.040000000000000036 0.22000000000000008
0.06000000000000005 0.26230000000000037
0.06000000000000005 0.2988000000000002
0.06000000000000005 0.2145000000000004
0.040000000000000036 0.17040000000000036
0.040000000000000036 0.16320000000000007
0.040000000000000036 0.11030000000000006
0.06000000000000005 0.19639999999999994
0.06000000000000005 0.10599999999999998
0.06000000000000005 0.10140000000000007
0.06000000000000005 0.08190000000000003
0.06000000000000005 0.07160000000000011
0.06000000000000005 0.06730000000000011
0.06000000000000005 0.07830000000000018
0.06000000000000005 0.06900000000000017
0.06000000000000005 0.25620000000000037
0.06000000000000005 0.26680000000000015
0.16000000000000003 0.3309000000000004
0.19999999999999996 0.4094000000000005
0.36 0.4600000000000001
0.06000000000000005 0.4332000000000001
0.06000000000000005 0.3789000000000005
0.06000000000000005 0.3692000000000003
0.06000000000000005 0.3272000000000002
0.16000000000000003 0.4097999999999995
0.06000000000000005 0.3722999999999994
0.19999999999999996 0.29819999999999947
0.19999999999999996 0.30079999999999957
0.040000000000000036 0.19400000000000006
0.19999999999999996 0.30259999999999987
0.16000000000000003 0.3029999999999995
0.18000000000000005 0.469099999999999
0.16000000000000003 0.3456000000000002
0.16000000000000003 0.42299999999999927
0.18000000000000005 0.42969999999999914
0.16000000000000003 0.3765999999999991
0.4 0.42940000000000006
0.42000000000000004 0.48089999999999883
0.040000000000000036 0.4074999999999996
0.18000000000000005 0.43909999999999966
0.18000000000000005 0.4092999999999998
0.4 0.43139999999999923
0.4 0.6273999999999978
0.16000000000000003 0.5149999999999987
0.16000000000000003 0.4822999999999989
0.18000000000000005 0.3112999999999994
0.18000000000000005 0.3116999999999995
0.16000000000000003 0.3684999999999996
0.16000000000000003 0.25649999999999973
0.19999999999999996 0.2556999999999995
0.19999999999999996 0.25599999999999956
0.19999999999999996 0.2479999999999999
0.19999999999999996 0.23199999999999968
0.19999999999999996 0.3794000000000001
0.24 0.5269
0.18000000000000005 0.45999999999999935
0.42000000000000004 0.43069999999999914
0.42000000000000004 0.4224999999999991
0.19999999999999996 0.4043999999999993
0.4 0.4095999999999991
0.19999999999999996 0.39429999999999976
0.19999999999999996 0.3342999999999992
0.19999999999999996 0.2871999999999996
0.19999999999999996 0.2818
0.19999999999999996 0.2174999999999999
0.16000000000000003 0.21629999999999985
0.12 0.3407999999999997
0.12 0.2598000000000002
0.040000000000000036 0.282
0.040000000000000036 0.24959999999999982
0.07999999999999996 0.3020999999999999
0.07999999999999996 0.2669000000000001
0.07999999999999996 0.2572
0.020000000000000018 0.19219999999999984
0.020000000000000018 0.3473999999999998
0.020000000000000018 0.24440000000000012
0.06000000000000005 0.2087999999999997
0.06000000000000005 0.1952999999999997
0.19999999999999996 0.32799999999999996
0.19999999999999996 0.2189999999999997
0.19999999999999996 0.2018999999999997
0.19999999999999996 0.2169999999999996
0.19999999999999996 0.5919999999999981
0.19999999999999996 0.593999999999998
0.72 0.6024999999999979
0.64 0.6041999999999983
0.64 0.6203999999999984
0.45999999999999996 0.6082999999999977
0.45999999999999996 0.6090999999999975
0.45999999999999996 0.6145999999999988
0.45999999999999996 0.5936999999999976
0.45999999999999996 0.5873999999999978
0.45999999999999996 0.5704999999999996
0.45999999999999996 0.572299999999998
0.28 0.5490999999999991
0.56 0.5995999999999979
0.24 0.5618999999999984
0.42000000000000004 0.5994999999999979
0.42000000000000004 0.597199999999998
0.42000000000000004 0.6033999999999982
0.42000000000000004 0.6140999999999984
0.30000000000000004 0.5959999999999986
0.36 0.5830999999999982
0.36 0.5588999999999982
0.36 0.5459999999999987
0.36 0.49800000000000005
0.38 0.47530000000000044
0.26 0.5323999999999995
0.38 0.5508999999999997
0.28 0.5226000000000005
0.24 0.4770999999999999
0.19999999999999996 0.4222999999999996
0.31999999999999995 0.46789999999999965
0.21999999999999997 0.4234000000000001
0.19999999999999996 0.3529999999999998
0.26 0.4221999999999999
0.26 0.3748999999999999
0.26 0.3600000000000001
0.19999999999999996 0.3236
0.12 0.3197999999999999
0.12 0.3394999999999999
0.16000000000000003 0.3799
0.30000000000000004 0.5619999999999984
0.36 0.6448999999999983
0.19999999999999996 0.5686999999999983
0.19999999999999996 0.5662999999999987
0.19999999999999996 0.5289999999999986
0.12 0.4178999999999995
0.12 0.3251
0.12 0.3125
0.19999999999999996 0.6063999999999984
0.12 0.5405999999999989
0.19999999999999996 0.7045999999999989
0.12 0.5663999999999986
0.38 0.6331999999999998
0.12 0.5215999999999993
0.040000000000000036 0.46399999999999997
0.040000000000000036 0.3381000000000002
0.040000000000000036 0.2591000000000003
0.07999999999999996 0.23059999999999994
0.07999999999999996 0.3175000000000002
0.07999999999999996 0.32630000000000026
0.12 0.24930000000000008
0.040000000000000036 0.1747
0.040000000000000036 0.17480000000000007
0.040000000000000036 0.18359999999999987
0.14 0.32299999999999984
0.040000000000000036 0.2651000000000001
0.12 0.2381000000000001
0.12 0.17459999999999987
0.21999999999999997 0.4931000000000004
0.16000000000000003 0.5233999999999996
0.16000000000000003 0.47020000000000023
0.12 0.41420000000000057
0.12 0.4074000000000004
0.12 0.43720000000000037
0.12 0.3873000000000002
0.12 0.5190999999999988
0.45999999999999996 0.46499999999999936
0.38 0.5624999999999981
0.38 0.5120999999999997
0.12 0.4793999999999995
0.43999999999999995 0.5646999999999988
0.31999999999999995 0.5669999999999988
0.36 0.6166999999999982
0.020000000000000018 0.4194999999999999
0.020000000000000018 0.49009999999999976
0.24 0.46129999999999965
0.09999999999999998 0.29650000000000015
0.09999999999999998 0.25360000000000016
0.09999999999999998 0.26769999999999994
0.09999999999999998 0.22069999999999992
0.09999999999999998 0.12820000000000004
0.040000000000000036 0.21620000000000011
0.020000000000000018 0.5574000000000002
0.09999999999999998 0.1121
0.020000000000000018 0.35290000000000016
0.020000000000000018 0.45969999999999994
0.09999999999999998 0.5203999999999998
0.09999999999999998 0.37610000000000027
0.040000000000000036 0.3862000000000002
0.12 0.3305999999999997
0.09999999999999998 0.37300000000000016
0.12 0.4541999999999998
0.020000000000000018 0.42279999999999957
0.19999999999999996 0.5750999999999986
0.020000000000000018 0.5875999999999987
0.36 0.6495999999999982
0.4 0.5599999999999996
0.38 0.4961000000000002
0.4 0.5240999999999998
0.42000000000000004 0.5268999999999996
0.38 0.43599999999999967
0.42000000000000004 0.4886000000000005
0.42000000000000004 0.49050000000000055
0.42000000000000004 0.4857000000000009
0.42000000000000004 0.47370000000000007
0.42000000000000004 0.4971999999999999
0.42000000000000004 0.49629999999999996
0.42000000000000004 0.5118000000000001
0.42000000000000004 0.46099999999999947
0.42000000000000004 0.45930000000000004
0.42000000000000004 0.4506000000000007
0.42000000000000004 0.44840000000000046
0.42000000000000004 0.45010000000000017
0.42000000000000004 0.4631000000000005
0.42000000000000004 0.4642000000000003
0.42000000000000004 0.4663000000000001
0.42000000000000004 0.45130000000000015
0.42000000000000004 0.4450000000000001
0.42000000000000004 0.4426000000000001
0.42000000000000004 0.4475000000000003
0.42000000000000004 0.44600000000000023
0.42000000000000004 0.44090000000000024
0.42000000000000004 0.43500000000000016
0.42000000000000004 0.4271000000000006
0.21999999999999997 0.4263000000000001
0.42000000000000004 0.4497999999999997
0.42000000000000004 0.47839999999999955
0.42000000000000004 0.4418000000000001
0.42000000000000004 0.44049999999999956
0.42000000000000004 0.44329999999999997
0.42000000000000004 0.4391999999999999
0.42000000000000004 0.4324000000000003
0.42000000000000004 0.4374000000000002
0.42000000000000004 0.4413000000000003
0.38 0.4319000000000002
0.42000000000000004 0.43270000000000025
0.42000000000000004 0.42910000000000037
0.42000000000000004 0.4271000000000003
0.42000000000000004 0.42780000000000046
0.42000000000000004 0.4220000000000006
0.26 0.4094000000000006
0.4 0.41900000000000054
0.14 0.4175000000000006
0.42000000000000004 0.4155000000000005
0.38 0.4099000000000003
0.38 0.41510000000000047
0.06000000000000005 0.39190000000000064
0.06000000000000005 0.3891000000000006
0.06000000000000005 0.3926000000000005
0.06000000000000005 0.3901000000000004
0.06000000000000005 0.4154000000000002
0.24 0.4053000000000006
0.4 0.5999999999999984
0.24 0.5661999999999988
0.4 0.4615999999999996
0.38 0.5256999999999987
0.42000000000000004 0.5719999999999987
0.42000000000000004 0.6235999999999984
0.42000000000000004 0.5793999999999986
0.42000000000000004 0.5605999999999985
0.42000000000000004 0.5300999999999988
0.21999999999999997 0.5179999999999988
0.21999999999999997 0.4823999999999994
0.12 0.45240000000000014
0.42000000000000004 0.46430000000000005
0.42000000000000004 0.43690000000000034
0.38 0.5213999999999993
0.38 0.5140999999999998
0.38 0.5253999999999991
0.4 0.5624999999999981
0.4 0.5205000000000007
0.26 0.5059000000000013
0.26 0.5037000000000014
0.26 0.4877000000000009
0.19999999999999996 0.4724999999999999
0.19999999999999996 0.4357999999999993
0.07999999999999996 0.41479999999999945
0.07999999999999996 0.4312999999999998
0.07999999999999996 0.43989999999999907
0.040000000000000036 0.36029999999999984
0.040000000000000036 0.3593999999999999
0.040000000000000036 0.3186000000000003
0.040000000000000036 0.2768000000000004
0.040000000000000036 0.32330000000000014
0.040000000000000036 0.30680000000000024
0.040000000000000036 0.2549000000000002
0.040000000000000036 0.30140000000000017
0.040000000000000036 0.2848000000000002
0.040000000000000036 0.4557999999999992
0.040000000000000036 0.3635999999999997
0.040000000000000036 0.22819999999999996
0.040000000000000036 0.2577999999999997
0.040000000000000036 0.1801
0.040000000000000036 0.1905
0.040000000000000036 0.41559999999999975
0.040000000000000036 0.21259999999999996
0.040000000000000036 0.20520000000000008
0.040000000000000036 0.1743
0.040000000000000036 0.15649999999999994
0.040000000000000036 0.06450000000000004
0.040000000000000036 0.04990000000000006
0.040000000000000036 0.08639999999999998
0.040000000000000036 0.047200000000000034
0.040000000000000036 0.0706000000000001
0.040000000000000036 0.05580000000000004
0.040000000000000036 0.05290000000000004
0.040000000000000036 0.05130000000000003
0.040000000000000036 0.07010000000000007
0.040000000000000036 0.0895
0.040000000000000036 0.046300000000000036
0.040000000000000036 0.1873000000000002
0.040000000000000036 0.171
0.040000000000000036 0.09400000000000006
0.040000000000000036 0.10610000000000004
0.040000000000000036 0.08440000000000007
0.040000000000000036 0.06480000000000007
0.040000000000000036 0.20909999999999973
0.040000000000000036 0.1372999999999999
0.040000000000000036 0.3208999999999993
0.040000000000000036 0.20849999999999977
0.040000000000000036 0.05570000000000003
0.040000000000000036 0.05060000000000002
0.040000000000000036 0.048400000000000026
0.040000000000000036 0.04620000000000004
0.040000000000000036 0.1586000000000002
0.040000000000000036 0.19819999999999996
0.040000000000000036 0.09380000000000001
0.040000000000000036 0.05240000000000003
0.040000000000000036 0.07060000000000005
0.040000000000000036 0.06460000000000003
0.040000000000000036 0.053600000000000037
0.040000000000000036 0.05400000000000003
0.040000000000000036 0.11710000000000004
0.040000000000000036 0.2666000000000004
0.040000000000000036 0.2478000000000003
0.040000000000000036 0.18580000000000033
0.040000000000000036 0.12940000000000018
0.040000000000000036 0.1072000000000001
0.040000000000000036 0.1086000000000001
0.040000000000000036 0.05750000000000004
0.040000000000000036 0.06370000000000006
0.040000000000000036 0.055200000000000034
0.040000000000000036 0.17619999999999994
0.040000000000000036 0.19210000000000008
0.040000000000000036 0.043200000000000044
0.040000000000000036 0.06050000000000007
0.040000000000000036 0.05320000000000005
0.040000000000000036 0.04610000000000003
0.040000000000000036 0.04400000000000003
0.040000000000000036 0.04900000000000004
0.040000000000000036 0.06270000000000006
0.040000000000000036 0.05030000000000003
0.040000000000000036 0.04910000000000004
0.040000000000000036 0.11549999999999998
0.040000000000000036 0.04730000000000002
0.040000000000000036 0.05520000000000002
0.040000000000000036 0.047300000000000036
0.040000000000000036 0.042500000000000024
0.040000000000000036 0.04370000000000003
0.040000000000000036 0.04600000000000004
0.040000000000000036 0.05590000000000003
0.040000000000000036 0.04760000000000003
0.040000000000000036 0.048700000000000035
0.040000000000000036 0.044600000000000035
0.040000000000000036 0.043400000000000036
0.040000000000000036 0.04690000000000004
0.040000000000000036 0.04360000000000003
0.040000000000000036 0.04330000000000003
0.040000000000000036 0.045400000000000044
0.040000000000000036 0.05170000000000004
0.040000000000000036 0.04330000000000003
0.040000000000000036 0.044200000000000024
0.040000000000000036 0.12709999999999994
0.040000000000000036 0.11160000000000013
0.040000000000000036 0.05900000000000003
0.040000000000000036 0.06410000000000005
0.040000000000000036 0.1236000000000001
0.040000000000000036 0.23070000000000007
0.040000000000000036 0.3375
0.040000000000000036 0.1506000000000002
0.040000000000000036 0.1037000000000001
0.040000000000000036 0.15250000000000027
0.040000000000000036 0.06620000000000005
0.040000000000000036 0.06130000000000003
0.040000000000000036 0.04880000000000004
0.040000000000000036 0.05920000000000004
0.040000000000000036 0.13660000000000008
0.040000000000000036 0.11100000000000004
0.040000000000000036 0.05920000000000004
0.040000000000000036 0.08289999999999999
0.040000000000000036 0.07420000000000002
0.040000000000000036 0.3469000000000001
0.040000000000000036 0.23949999999999994
0.040000000000000036 0.12800000000000003
0.040000000000000036 0.1404
0.040000000000000036 0.11460000000000002
0.040000000000000036 0.07730000000000008
0.040000000000000036 0.07600000000000005
0.040000000000000036 0.04570000000000003
0.040000000000000036 0.04940000000000003
0.040000000000000036 0.046200000000000026
0.040000000000000036 0.04420000000000004
0.040000000000000036 0.12380000000000001
0.040000000000000036 0.20880000000000012
0.040000000000000036 0.31960000000000066
0.040000000000000036 0.2618000000000004
0.040000000000000036 0.21150000000000013
0.040000000000000036 0.22120000000000029
0.040000000000000036 0.21440000000000037
0.040000000000000036 0.0639
0.040000000000000036 0.2842000000000003
0.040000000000000036 0.2537000000000003
0.040000000000000036 0.28220000000000034
0.040000000000000036 0.2556000000000003
0.040000000000000036 0.2289000000000002
0.040000000000000036 0.2276000000000003
0.040000000000000036 0.14940000000000034
0.040000000000000036 0.08820000000000004
0.040000000000000036 0.11300000000000013
0.040000000000000036 0.16480000000000025
0.06000000000000005 0.2467000000000001
0.06000000000000005 0.23370000000000027
0.040000000000000036 0.11540000000000016
0.040000000000000036 0.341
0.040000000000000036 0.15090000000000015
0.040000000000000036 0.12070000000000014
0.040000000000000036 0.1425000000000002
0.040000000000000036 0.12930000000000022
0.040000000000000036 0.09690000000000008
0.040000000000000036 0.07310000000000015
0.040000000000000036 0.05250000000000006
0.040000000000000036 0.05340000000000005
0.040000000000000036 0.06000000000000005
0.040000000000000036 0.05190000000000005
0.040000000000000036 0.05400000000000005
0.040000000000000036 0.06400000000000002
0.040000000000000036 0.10330000000000006
0.040000000000000036 0.07260000000000003
0.040000000000000036 0.07190000000000002
0.040000000000000036 0.06460000000000003
0.040000000000000036 0.07210000000000003
0.040000000000000036 0.1252
0.040000000000000036 0.07800000000000003
0.040000000000000036 0.40039999999999976
0.040000000000000036 0.05370000000000001
0.040000000000000036 0.06090000000000005
0.040000000000000036 0.04320000000000004
0.040000000000000036 0.15459999999999996
0.040000000000000036 0.3286000000000008
0.040000000000000036 0.34960000000000063
0.040000000000000036 0.19950000000000007
