0.42000000000000004 0.6224000000000001
0.42000000000000004 0.6135
0.42000000000000004 0.5837999999999998
0.42000000000000004 0.6013000000000001
0.42000000000000004 0.5731000000000005
0.21999999999999997 0.6215000000000007
0.16000000000000003 0.6185000000000012
0.38 0.6140000000000011
0.26 0.6041000000000007
0.36 0.5883000000000012
0.36 0.5960000000000011
0.38 0.5900000000000009
0.38 0.6240000000000011
0.38 0.6165000000000009
0.21999999999999997 0.603200000000001
0.28 0.5691000000000007
0.12 0.609200000000001
0.12 0.5775000000000009
0.12 0.5219000000000006
0.18000000000000005 0.4845000000000004
0.12 0.5067
0.06000000000000005 0.5060000000000004
0.06000000000000005 0.46569999999999984
0.06000000000000005 0.4520000000000003
0.06000000000000005 0.4111000000000003
0.06000000000000005 0.43480000000000013
0.09999999999999998 0.43719999999999976
0.16000000000000003 0.4685999999999998
0.12 0.5092000000000004
0.26 0.5216000000000001
0.16000000000000003 0.5031999999999998
0.12 0.48870000000000025
0.16000000000000003 0.5041000000000002
0.09999999999999998 0.4856000000000003
0.07999999999999996 0.40930000000000016
0.16000000000000003 0.4574999999999998
0.19999999999999996 0.4681999999999995
0.14 0.4361
0.14 0.4212000000000002
0.09999999999999998 0.43260000000000004
0.21999999999999997 0.4264000000000003
0.19999999999999996 0.40640000000000015
0.19999999999999996 0.4576000000000003
0.21999999999999997 0.4411000000000003
0.14 0.4052000000000004
0.09999999999999998 0.4158000000000004
0.07999999999999996 0.44020000000000004
0.040000000000000036 0.34320000000000017
0.09999999999999998 0.3297000000000002
0.09999999999999998 0.2972999999999998
0.07999999999999996 0.30949999999999983
0.07999999999999996 0.3534999999999998
0.06000000000000005 0.41300000000000053
0.040000000000000036 0.4028000000000004
0.040000000000000036 0.38470000000000015
0.06000000000000005 0.32630000000000003
0.06000000000000005 0.3355999999999999
0.06000000000000005 0.2664999999999999
0.07999999999999996 0.25579999999999986
0.06000000000000005 0.2538999999999997
0.09999999999999998 0.4096000000000001
0.040000000000000036 0.2519
0.09999999999999998 0.3094000000000002
0.06000000000000005 0.2781
0.040000000000000036 0.15179999999999993
0.020000000000000018 0.15339999999999993
0.06000000000000005 0.12229999999999994
0.06000000000000005 0.12769999999999998
0.06000000000000005 0.1378
0.020000000000000018 0.14669999999999989
0.06000000000000005 0.19189999999999988
0.06000000000000005 0.14150000000000001
0.07999999999999996 0.12589999999999998
0.07999999999999996 0.1052
0.07999999999999996 0.07679999999999994
0.07999999999999996 0.08850000000000001
0.07999999999999996 0.11839999999999992
0.07999999999999996 0.09369999999999999
0.07999999999999996 0.09539999999999998
0.09999999999999998 0.4037000000000001
0.19999999999999996 0.4055000000000003
0.26 0.4060000000000005
0.18000000000000005 0.4132000000000005
0.06000000000000005 0.32340000000000024
0.020000000000000018 0.3606000000000003
0.14 0.36820000000000036
0.07999999999999996 0.35560000000000047
0.07999999999999996 0.3013000000000002
0.09999999999999998 0.2010999999999998
0.09999999999999998 0.20149999999999987
0.040000000000000036 0.26
0.06000000000000005 0.2648000000000002
0.06000000000000005 0.2686
0.24 0.3222000000000005
0.16000000000000003 0.30270000000000025
0.4 0.41260000000000036
0.36 0.3876000000000005
0.36 0.3809
0.36 0.3715
0.19999999999999996 0.36109999999999964
0.18000000000000005 0.33709999999999984
0.12 0.26439999999999986
0.16000000000000003 0.33160000000000006
0.24 0.36039999999999955
0.12 0.3384999999999998
0.21999999999999997 0.39719999999999983
0.26 0.3829999999999997
0.16000000000000003 0.37
0.18000000000000005 0.37659999999999977
0.21999999999999997 0.36689999999999967
0.18000000000000005 0.3482999999999997
0.09999999999999998 0.3145999999999998
0.18000000000000005 0.33789999999999987
0.09999999999999998 0.3049999999999998
0.06000000000000005 0.28340000000000015
0.040000000000000036 0.24810000000000026
0.040000000000000036 0.24010000000000006
0.09999999999999998 0.2685000000000003
0.040000000000000036 0.17709999999999984
0.07999999999999996 0.15629999999999972
0.07999999999999996 0.12799999999999997
0.06000000000000005 0.1404999999999998
0.06000000000000005 0.12289999999999984
0.040000000000000036 0.11659999999999986
0.06000000000000005 0.0874999999999999
0.07999999999999996 0.1055999999999999
0.07999999999999996 0.10869999999999985
0.07999999999999996 0.0812
0.07999999999999996 0.06269999999999995
0.07999999999999996 0.04579999999999997
0.020000000000000018 0.04849999999999997
0.06000000000000005 0.06819999999999998
0.06000000000000005 0.04499999999999991
0.06000000000000005 0.05129999999999993
0.06000000000000005 0.06469999999999994
0.06000000000000005 0.05589999999999991
0.06000000000000005 0.07329999999999992
0.020000000000000018 0.0879
0.040000000000000036 0.11039999999999997
0.020000000000000018 0.28059999999999996
0.020000000000000018 0.21700000000000003
0.040000000000000036 0.2139
0.020000000000000018 0.38870000000000005
0.42000000000000004 0.41040000000000026
0.42000000000000004 0.39819999999999994
0.020000000000000018 0.3873999999999998
0.040000000000000036 0.35599999999999954
0.020000000000000018 0.3124999999999998
0.040000000000000036 0.2164999999999999
0.020000000000000018 0.182
0.020000000000000018 0.14790000000000003
0.020000000000000018 0.0867
0.06000000000000005 0.2607999999999998
0.020000000000000018 0.3370000000000002
0.06000000000000005 0.29869999999999985
0.020000000000000018 0.40489999999999987
0.020000000000000018 0.2980999999999999
0.020000000000000018 0.2674
0.020000000000000018 0.5156000000000003
0.42000000000000004 0.5425000000000003
0.42000000000000004 0.5047000000000004
0.42000000000000004 0.4531000000000005
0.42000000000000004 0.42419999999999985
0.040000000000000036 0.28319999999999995
0.040000000000000036 0.2639
0.42000000000000004 0.41930000000000034
0.42000000000000004 0.42120000000000024
0.4 0.4337000000000003
0.42000000000000004 0.4210000000000001
0.4 0.42699999999999994
0.42000000000000004 0.40519999999999984
0.42000000000000004 0.4022999999999998
0.42000000000000004 0.39799999999999985
0.42000000000000004 0.3915999999999997
0.42000000000000004 0.4002999999999999
0.42000000000000004 0.40110000000000007
0.42000000000000004 0.49720000000000014
0.42000000000000004 0.4777
0.42000000000000004 0.4016999999999999
0.45999999999999996 0.3926999999999998
0.45999999999999996 0.3860999999999997
0.42000000000000004 0.40099999999999975
0.36 0.40199999999999975
0.36 0.38089999999999974
0.42000000000000004 0.41189999999999993
0.42000000000000004 0.39849999999999974
0.38 0.4050999999999998
0.4 0.4238999999999997
0.4 0.4633999999999998
0.4 0.4369999999999999
0.36 0.4324999999999998
0.36 0.4020999999999992
0.36 0.40599999999999925
0.36 0.3927999999999991
0.36 0.390999999999999
0.36 0.38489999999999924
0.36 0.3881999999999992
0.36 0.38849999999999907
0.36 0.38939999999999914
0.38 0.38659999999999944
0.38 0.38509999999999955
0.38 0.3818999999999996
0.38 0.3793000000000004
0.36 0.3738999999999997
0.42000000000000004 0.37670000000000003
0.42000000000000004 0.38680000000000037
0.42000000000000004 0.3889000000000006
0.42000000000000004 0.3908999999999998
0.42000000000000004 0.38759999999999983
0.42000000000000004 0.3995
0.42000000000000004 0.3942999999999999
0.42000000000000004 0.39930000000000015
0.42000000000000004 0.40389999999999965
0.42000000000000004 0.39200000000000024
0.42000000000000004 0.4045000000000008
0.38 0.3906999999999999
0.38 0.39099999999999996
0.38 0.38569999999999977
0.36 0.3805999999999997
0.42000000000000004 0.3770999999999995
0.42000000000000004 0.38940000000000036
0.42000000000000004 0.3875999999999995
0.42000000000000004 0.40049999999999997
0.42000000000000004 0.3988000000000001
0.42000000000000004 0.4080000000000006
0.42000000000000004 0.4142000000000003
0.42000000000000004 0.4422000000000007
0.42000000000000004 0.4414000000000006
0.42000000000000004 0.44350000000000117
0.42000000000000004 0.42330000000000095
0.42000000000000004 0.44160000000000127
0.42000000000000004 0.4523000000000011
0.42000000000000004 0.42790000000000084
0.42000000000000004 0.44860000000000105
0.42000000000000004 0.44560000000000116
0.42000000000000004 0.43280000000000124
0.42000000000000004 0.4225000000000012
0.42000000000000004 0.4447000000000013
0.42000000000000004 0.42890000000000106
0.42000000000000004 0.43920000000000103
0.42000000000000004 0.48110000000000086
0.42000000000000004 0.48180000000000106
0.42000000000000004 0.43970000000000103
0.42000000000000004 0.4607000000000015
0.42000000000000004 0.4529000000000014
0.42000000000000004 0.49630000000000135
0.42000000000000004 0.4294000000000011
0.42000000000000004 0.42170000000000135
0.42000000000000004 0.4220000000000013
0.42000000000000004 0.42360000000000114
0.42000000000000004 0.44110000000000116
0.42000000000000004 0.4254000000000011
0.42000000000000004 0.45480000000000154
0.42000000000000004 0.43390000000000123
0.42000000000000004 0.49130000000000146
0.43999999999999995 0.6618000000000015
0.43999999999999995 0.6336000000000016
0.43999999999999995 0.5384000000000011
0.43999999999999995 0.4926000000000009
0.43999999999999995 0.5016000000000009
0.43999999999999995 0.5019000000000011
0.43999999999999995 0.4557000000000007
0.43999999999999995 0.4363000000000006
0.43999999999999995 0.42420000000000063
0.43999999999999995 0.5388000000000016
0.42000000000000004 0.5310000000000015
0.42000000000000004 0.4618000000000007
0.42000000000000004 0.4444000000000007
0.42000000000000004 0.4261000000000012
0.42000000000000004 0.4241000000000011
0.42000000000000004 0.5434000000000018
0.42000000000000004 0.4331000000000011
0.42000000000000004 0.4312000000000008
0.42000000000000004 0.4223000000000011
0.42000000000000004 0.42910000000000087
0.42000000000000004 0.42550000000000077
0.42000000000000004 0.4222000000000011
0.42000000000000004 0.4217000000000011
0.42000000000000004 0.4284000000000009
0.42000000000000004 0.4222000000000011
0.42000000000000004 0.4208000000000013
0.42000000000000004 0.4221000000000012
0.42000000000000004 0.4421000000000014
0.42000000000000004 0.4657000000000012
0.42000000000000004 0.46700000000000125
0.42000000000000004 0.4426000000000012
0.42000000000000004 0.43090000000000145
0.42000000000000004 0.4279000000000013
0.42000000000000004 0.4245000000000012
0.42000000000000004 0.4215000000000013
0.42000000000000004 0.4245000000000014
0.42000000000000004 0.4250000000000014
0.42000000000000004 0.44590000000000124
0.42000000000000004 0.44990000000000085
0.42000000000000004 0.4880000000000014
0.42000000000000004 0.43430000000000113
0.42000000000000004 0.4541000000000011
0.42000000000000004 0.43430000000000113
0.42000000000000004 0.42950000000000116
0.42000000000000004 0.4307000000000013
0.42000000000000004 0.4297000000000009
0.42000000000000004 0.436100000000001
0.42000000000000004 0.43880000000000097
0.42000000000000004 0.43800000000000083
0.42000000000000004 0.43180000000000107
0.42000000000000004 0.4272000000000009
0.42000000000000004 0.4308000000000011
0.42000000000000004 0.4292000000000013
0.42000000000000004 0.425400000000001
0.42000000000000004 0.4233000000000011
0.42000000000000004 0.42390000000000105
0.42000000000000004 0.42750000000000116
0.42000000000000004 0.4246000000000012
0.42000000000000004 0.4242000000000013
0.42000000000000004 0.42380000000000123
0.42000000000000004 0.4217000000000013
0.38 0.4227000000000012
0.38 0.4265000000000011
0.38 0.42890000000000106
0.38 0.42280000000000106
0.38 0.42620000000000097
0.38 0.431800000000001
0.42000000000000004 0.4676000000000011
0.42000000000000004 0.44590000000000063
0.42000000000000004 0.48060000000000136
0.38 0.5205000000000007
0.36 0.48840000000000133
0.38 0.459500000000001
0.38 0.44020000000000103
0.36 0.44370000000000087
0.21999999999999997 0.41520000000000024
0.42000000000000004 0.41320000000000046
0.18000000000000005 0.46230000000000104
0.18000000000000005 0.4327000000000008
0.18000000000000005 0.44100000000000106
0.4 0.434000000000001
0.21999999999999997 0.4044000000000005
0.24 0.4113000000000007
0.14 0.3813000000000002
0.18000000000000005 0.3821000000000007
0.07999999999999996 0.36650000000000044
0.07999999999999996 0.36980000000000063
0.07999999999999996 0.3450000000000002
0.07999999999999996 0.31170000000000014
0.07999999999999996 0.2514000000000001
0.07999999999999996 0.23540000000000014
0.07999999999999996 0.22350000000000006
0.07999999999999996 0.2382
0.07999999999999996 0.1845999999999999
0.07999999999999996 0.14509999999999995
0.07999999999999996 0.11690000000000011
0.07999999999999996 0.11260000000000012
0.07999999999999996 0.10870000000000013
0.07999999999999996 0.09930000000000008
0.07999999999999996 0.09460000000000003
0.07999999999999996 0.09740000000000004
0.07999999999999996 0.09390000000000008
0.07999999999999996 0.08960000000000004
0.07999999999999996 0.09620000000000002
0.07999999999999996 0.09400000000000006
0.07999999999999996 0.08730000000000004
0.07999999999999996 0.09910000000000004
0.07999999999999996 0.09600000000000004
0.07999999999999996 0.10110000000000005
0.07999999999999996 0.11120000000000005
0.07999999999999996 0.09250000000000005
0.07999999999999996 0.09670000000000006
0.07999999999999996 0.09520000000000005
0.07999999999999996 0.11450000000000009
0.07999999999999996 0.09130000000000006
0.07999999999999996 0.09600000000000009
0.07999999999999996 0.09060000000000006
0.07999999999999996 0.30530000000000074
0.07999999999999996 0.10790000000000002
0.07999999999999996 0.09630000000000002
0.07999999999999996 0.08490000000000003
0.07999999999999996 0.08470000000000005
0.07999999999999996 0.08570000000000004
0.07999999999999996 0.09790000000000001
0.07999999999999996 0.09029999999999998
0.09999999999999998 0.3410000000000003
0.09999999999999998 0.17209999999999975
0.09999999999999998 0.1081999999999999
0.09999999999999998 0.13450000000000004
0.09999999999999998 0.11989999999999995
0.09999999999999998 0.1193
0.07999999999999996 0.16499999999999995
0.07999999999999996 0.18850000000000008
0.07999999999999996 0.15240000000000012
0.07999999999999996 0.2415999999999998
0.07999999999999996 0.18929999999999997
0.07999999999999996 0.12899999999999995
0.07999999999999996 0.10739999999999998
0.07999999999999996 0.10209999999999994
0.07999999999999996 0.09969999999999997
0.07999999999999996 0.1079
0.07999999999999996 0.1889
0.07999999999999996 0.1414999999999999
0.07999999999999996 0.2296999999999999
0.07999999999999996 0.1097
0.07999999999999996 0.10310000000000001
0.07999999999999996 0.10169999999999998
0.07999999999999996 0.09460000000000005
0.07999999999999996 0.10849999999999999
0.07999999999999996 0.09359999999999995
0.07999999999999996 0.11209999999999994
0.07999999999999996 0.10189999999999999
0.07999999999999996 0.1241
0.07999999999999996 0.1677000000000001
0.07999999999999996 0.11150000000000004
0.07999999999999996 0.10129999999999993
0.07999999999999996 0.08729999999999995
0.07999999999999996 0.09409999999999999
0.07999999999999996 0.1566000000000001
0.07999999999999996 0.1854000000000002
0.07999999999999996 0.1262000000000001
0.07999999999999996 0.15649999999999994
0.07999999999999996 0.11629999999999996
0.07999999999999996 0.12619999999999992
0.07999999999999996 0.2556000000000002
0.07999999999999996 0.10999999999999989
0.07999999999999996 0.09749999999999996
0.07999999999999996 0.09789999999999996
0.07999999999999996 0.0969
0.07999999999999996 0.10050000000000005
0.07999999999999996 0.0933
0.07999999999999996 0.17039999999999986
0.07999999999999996 0.13499999999999987
0.07999999999999996 0.2622000000000002
0.09999999999999998 0.33210000000000056
0.09999999999999998 0.2586000000000002
0.07999999999999996 0.2518000000000001
0.07999999999999996 0.13059999999999986
0.07999999999999996 0.19270000000000007
0.07999999999999996 0.16040000000000024
0.07999999999999996 0.12660000000000007
0.07999999999999996 0.10040000000000004
0.07999999999999996 0.0956
0.07999999999999996 0.09029999999999999
0.07999999999999996 0.09149999999999998
0.07999999999999996 0.09020000000000002
0.07999999999999996 0.08870000000000001
0.07999999999999996 0.08720000000000004
0.07999999999999996 0.08910000000000005
0.07999999999999996 0.09410000000000002
0.07999999999999996 0.08960000000000004
0.07999999999999996 0.08480000000000003
0.07999999999999996 0.08540000000000006
0.07999999999999996 0.08570000000000004
0.07999999999999996 0.08480000000000004
0.07999999999999996 0.0818
0.07999999999999996 0.0855
0.07999999999999996 0.0857
0.07999999999999996 0.08200000000000002
0.07999999999999996 0.08829999999999999
0.07999999999999996 0.09330000000000002
0.07999999999999996 0.11799999999999988
0.07999999999999996 0.0951
0.07999999999999996 0.091
0.07999999999999996 0.08500000000000002
0.07999999999999996 0.08880000000000003
0.07999999999999996 0.08920000000000002
0.07999999999999996 0.10629999999999998
0.07999999999999996 0.09200000000000007
0.07999999999999996 0.08860000000000007
0.07999999999999996 0.08430000000000006
0.07999999999999996 0.08170000000000004
0.07999999999999996 0.0851
0.07999999999999996 0.08290000000000003
0.07999999999999996 0.08310000000000003
0.07999999999999996 0.08150000000000006
0.07999999999999996 0.08280000000000004
0.07999999999999996 0.08380000000000004
0.07999999999999996 0.08340000000000002
0.07999999999999996 0.0895
0.07999999999999996 0.08910000000000001
0.07999999999999996 0.08769999999999994
0.07999999999999996 0.08749999999999998
0.07999999999999996 0.08429999999999996
0.07999999999999996 0.087
0.07999999999999996 0.08959999999999999
0.07999999999999996 0.0867
0.07999999999999996 0.09039999999999998
0.07999999999999996 0.08870000000000001
0.07999999999999996 0.09009999999999999
0.07999999999999996 0.0867
0.07999999999999996 0.0855
0.07999999999999996 0.08710000000000004
0.07999999999999996 0.08620000000000007
0.07999999999999996 0.08290000000000004
0.07999999999999996 0.08500000000000005
0.07999999999999996 0.08210000000000006
0.07999999999999996 0.08320000000000005
0.07999999999999996 0.08610000000000005
0.07999999999999996 0.08820000000000006
0.07999999999999996 0.08490000000000006
0.07999999999999996 0.08770000000000006
0.07999999999999996 0.08460000000000005
0.07999999999999996 0.08130000000000007
0.07999999999999996 0.08350000000000007
