0.89 0.4012300000000028
0.89 0.44666000000000167
0.95 0.4806800000000014
0.95 0.517910000000001
0.95 0.5413599999999995
0.95 0.5559199999999996
0.95 0.5738499999999992
0.95 0.5907699999999989
0.97 0.6131299999999964
0.97 0.629540000000001
0.97 0.6418700000000047
0.97 0.6526600000000059
0.98 0.6503600000000046
0.98 0.6596300000000066
0.98 0.6672400000000062
0.98 0.671650000000006
0.98 0.6788200000000058
0.98 0.6960300000000035
0.98 0.7058300000000014
0.98 0.7060000000000002
0.98 0.7255299999999972
0.98 0.7231099999999965
0.98 0.7375199999999937
0.98 0.7487499999999909
0.98 0.7598899999999913
0.98 0.7575699999999908
0.98 0.7520899999999914
0.98 0.7637799999999927
0.98 0.7804099999999967
0.98 0.7716299999999958
0.98 0.788309999999997
0.98 0.807749999999995
0.98 0.8114499999999983
0.98 0.812349999999998
0.98 0.8091799999999975
0.98 0.8302199999999965
0.98 0.8251299999999983
0.98 0.8202599999999981
0.98 0.8282399999999983
0.98 0.8449199999999947
0.98 0.8479299999999947
0.98 0.8516599999999942
0.98 0.8478999999999952
0.98 0.8503199999999963
0.98 0.849079999999999
0.98 0.8409799999999972
0.98 0.8456499999999963
0.98 0.8415499999999996
0.98 0.8464599999999999
0.98 0.838599999999999
0.98 0.8441699999999993
0.98 0.8453300000000004
0.98 0.852899999999999
0.98 0.8645199999999991
0.98 0.8674799999999973
0.98 0.8784100000000031
0.98 0.8756700000000027
0.98 0.8576199999999976
0.98 0.8631399999999998
0.98 0.8661400000000036
0.98 0.871890000000003
0.98 0.8712300000000065
0.98 0.8616600000000064
0.98 0.8549900000000028
0.98 0.8665100000000049
0.98 0.8641400000000048
0.98 0.8621600000000035
0.98 0.859800000000001
0.98 0.8537200000000018
0.98 0.8545700000000015
0.98 0.8620800000000027
0.98 0.8521999999999995
0.98 0.84564
0.98 0.8501399999999992
0.98 0.8354799999999996
0.98 0.8325600000000003
0.98 0.8388999999999998
0.98 0.8529700000000007
0.98 0.8569900000000003
0.98 0.858049999999999
0.98 0.8492199999999994
0.98 0.8485600000000004
0.98 0.8499600000000003
0.98 0.8720100000000032
0.98 0.8759500000000044
0.98 0.864400000000004
0.98 0.8492900000000008
0.98 0.8580000000000021
0.98 0.8595200000000051
0.98 0.8665100000000068
0.98 0.864860000000004
0.98 0.8717100000000045
0.98 0.8606400000000058
0.98 0.8645300000000046
0.98 0.8608900000000036
0.98 0.8694900000000053
0.98 0.8650200000000035
0.98 0.8627800000000024
0.98 0.8701700000000036
0.98 0.8695700000000043
