0.86 0.4225299999999988
0.86 0.4545900000000004
0.86 0.48884000000000194
0.94 0.5156800000000015
0.94 0.5582099999999995
0.94 0.56926
0.98 0.6008100000000001
0.98 0.6247999999999999
0.98 0.6521100000000012
0.98 0.6716300000000035
0.98 0.6852600000000026
0.98 0.6951200000000011
0.99 0.7101200000000032
0.99 0.7230000000000028
0.99 0.7199900000000018
0.99 0.7487700000000013
0.99 0.7599500000000013
0.99 0.7691900000000003
0.99 0.7691599999999998
0.99 0.7738299999999991
0.99 0.7802099999999988
0.99 0.7721699999999989
0.99 0.7715799999999994
0.99 0.7736900000000002
0.99 0.7743199999999996
0.99 0.7621599999999991
0.99 0.7780699999999992
0.99 0.7875899999999987
0.99 0.7832900000000002
0.99 0.78943
0.99 0.7960200000000007
0.99 0.8011299999999997
0.99 0.8022899999999996
0.99 0.8031799999999991
0.99 0.8095400000000008
0.99 0.8063500000000022
0.99 0.8101800000000017
0.99 0.8100800000000006
0.99 0.8118500000000006
0.99 0.8046900000000012
0.99 0.8138100000000004
0.99 0.8127900000000008
0.99 0.8163600000000011
0.99 0.8246100000000006
0.99 0.8205799999999981
0.99 0.8187700000000008
0.99 0.8213300000000014
0.99 0.8227400000000025
0.99 0.8300200000000014
0.99 0.834010000000003
1.0 0.8250000000000021
1.0 0.8223700000000007
1.0 0.8192000000000013
1.0 0.8198400000000007
1.0 0.8086599999999987
1.0 0.8237800000000006
1.0 0.8303300000000011
1.0 0.8460499999999994
1.0 0.8417200000000005
1.0 0.8486299999999996
1.0 0.8483199999999999
1.0 0.8487099999999989
1.0 0.843569999999999
1.0 0.8446099999999984
1.0 0.8494799999999996
1.0 0.8473599999999997
1.0 0.8449499999999994
1.0 0.8390699999999981
1.0 0.8363799999999993
1.0 0.8477000000000002
1.0 0.8507599999999998
1.0 0.8597099999999946
1.0 0.8606499999999965
1.0 0.8537499999999977
1.0 0.8655899999999961
1.0 0.8560899999999981
1.0 0.8540899999999972
1.0 0.8560699999999977
1.0 0.8550299999999985
1.0 0.8522999999999996
1.0 0.8496199999999976
1.0 0.8639199999999961
1.0 0.8665399999999956
1.0 0.8571299999999965
1.0 0.868369999999995
1.0 0.8621799999999962
1.0 0.864729999999996
1.0 0.8669399999999987
1.0 0.8661699999999957
1.0 0.8627099999999946
1.0 0.8633599999999962
1.0 0.8679199999999963
1.0 0.8688599999999935
1.0 0.868459999999994
1.0 0.8745299999999959
1.0 0.8712199999999951
1.0 0.8876299999999968
1.0 0.8736399999999938
1.0 0.8884099999999965
1.0 0.8910399999999971
