0.93 0.40526999999999624
0.93 0.45141999999999677
0.95 0.4720899999999989
0.95 0.5123599999999977
0.95 0.5303699999999991
0.96 0.5641400000000018
0.96 0.5853399999999985
0.96 0.6106199999999995
0.96 0.6202399999999971
0.98 0.6440200000000013
0.98 0.6580299999999991
0.98 0.6661299999999997
0.98 0.6839099999999998
0.98 0.6960799999999994
0.98 0.7048499999999961
0.98 0.7188499999999973
0.98 0.7282099999999967
0.98 0.7402699999999975
0.99 0.755760000000003
0.99 0.7529400000000003
0.99 0.7589300000000032
0.99 0.7670100000000047
0.99 0.7657600000000027
0.99 0.7661000000000024
0.99 0.7883800000000024
0.99 0.795100000000006
0.99 0.7870900000000028
0.99 0.8063900000000012
0.99 0.8205000000000011
0.99 0.8110400000000011
0.99 0.8267700000000038
0.99 0.8386600000000023
0.99 0.8298300000000032
0.99 0.8232900000000017
0.99 0.8429500000000009
0.99 0.8384499999999995
0.99 0.8322499999999999
0.99 0.8463599999999993
0.99 0.8442199999999999
0.99 0.8548500000000017
0.99 0.8472800000000018
0.99 0.8562100000000009
0.99 0.8691599999999999
0.99 0.8654399999999998
0.99 0.8673799999999992
0.99 0.8709899999999986
0.99 0.8792900000000013
0.99 0.8720200000000012
0.99 0.8780300000000038
0.99 0.8725300000000005
0.99 0.870600000000001
0.99 0.8738199999999999
0.99 0.8814800000000027
0.99 0.8763100000000037
0.99 0.8777200000000034
0.99 0.8769400000000036
0.99 0.8684400000000021
0.99 0.8592499999999997
0.99 0.8677900000000023
0.99 0.8764500000000047
0.99 0.8674200000000055
0.99 0.8728400000000082
0.99 0.8778500000000062
0.99 0.8737100000000054
0.99 0.8720100000000045
0.99 0.8655900000000049
0.99 0.8744100000000063
0.99 0.8651100000000065
0.99 0.8667000000000066
0.99 0.8542400000000052
0.99 0.8540500000000005
0.99 0.8539799999999997
0.99 0.8537900000000009
0.99 0.8567600000000021
0.99 0.8754200000000018
0.99 0.8724800000000046
0.99 0.884240000000008
0.99 0.8768600000000077
0.99 0.8792200000000068
0.99 0.8822500000000081
0.99 0.8820900000000089
0.99 0.8845700000000104
0.99 0.8764200000000091
0.99 0.8755000000000083
0.99 0.877290000000009
0.99 0.8801000000000082
0.99 0.8817200000000056
0.99 0.8672900000000054
0.99 0.8742900000000049
0.99 0.8672600000000058
0.99 0.8726400000000059
0.99 0.8917200000000092
0.99 0.8810100000000091
0.99 0.8817000000000086
0.99 0.8883800000000087
0.99 0.8877600000000108
0.99 0.8938300000000081
0.99 0.9008900000000083
0.99 0.8950900000000076
0.99 0.8872900000000079
