0.38 0.6370000000000022
0.36 0.6284000000000018
0.38 0.6374000000000022
0.42000000000000004 0.659500000000002
0.31999999999999995 0.6753000000000019
0.4 0.6737000000000022
0.21999999999999997 0.669900000000002
0.43999999999999995 0.6777000000000021
0.42000000000000004 0.6692000000000022
0.42000000000000004 0.6751000000000021
0.38 0.6585000000000021
0.38 0.643500000000002
0.38 0.639800000000002
0.38 0.633200000000002
0.24 0.627900000000002
0.18000000000000005 0.5933000000000017
0.18000000000000005 0.6107000000000018
0.21999999999999997 0.6356000000000016
0.38 0.6534000000000022
0.24 0.6277000000000019
0.24 0.633400000000002
0.24 0.6319000000000018
0.24 0.6089000000000018
0.38 0.674300000000002
0.38 0.664600000000002
0.38 0.6579000000000019
0.38 0.6768000000000012
0.38 0.6473000000000018
0.38 0.6770000000000015
0.38 0.6666000000000016
0.38 0.653300000000002
0.38 0.656600000000002
0.38 0.6629000000000016
0.38 0.6604000000000018
0.38 0.6831000000000018
0.38 0.6415000000000017
0.38 0.6367000000000019
0.38 0.6682000000000018
0.38 0.6903000000000011
0.36 0.6946000000000012
0.7 0.698000000000001
0.38 0.6856000000000013
0.38 0.6833000000000012
0.38 0.6801000000000015
0.38 0.6641000000000016
0.16000000000000003 0.6622000000000017
0.16000000000000003 0.6465000000000019
0.38 0.6628000000000017
0.38 0.643400000000002
0.38 0.630800000000002
0.38 0.6353000000000021
0.38 0.6490000000000019
0.38 0.6283000000000021
0.38 0.6779000000000012
0.38 0.6432000000000019
0.38 0.6150000000000019
0.38 0.692800000000001
0.38 0.6758000000000013
0.38 0.6722000000000018
0.24 0.6627000000000018
0.24 0.6489000000000018
0.38 0.637300000000002
0.38 0.6148000000000018
0.020000000000000018 0.5973000000000018
0.020000000000000018 0.5851000000000018
0.020000000000000018 0.6171000000000018
0.020000000000000018 0.5782000000000018
0.020000000000000018 0.5367000000000016
0.020000000000000018 0.5161000000000012
0.020000000000000018 0.48310000000000136
0.020000000000000018 0.4042000000000007
0.020000000000000018 0.39090000000000075
0.31999999999999995 0.4768000000000007
0.38 0.5081000000000008
0.38 0.5286000000000014
0.020000000000000018 0.47940000000000166
0.020000000000000018 0.4171000000000008
0.06000000000000005 0.5041000000000018
0.06000000000000005 0.4866000000000013
0.040000000000000036 0.5007000000000016
0.040000000000000036 0.5034000000000014
0.040000000000000036 0.4963000000000013
0.040000000000000036 0.4953000000000013
0.020000000000000018 0.5263000000000022
0.020000000000000018 0.46830000000000105
0.040000000000000036 0.4658000000000013
0.12 0.5316000000000018
0.07999999999999996 0.564900000000002
0.020000000000000018 0.5073000000000016
0.020000000000000018 0.44370000000000104
0.020000000000000018 0.49440000000000117
0.09999999999999998 0.5109000000000015
0.09999999999999998 0.5509000000000017
0.38 0.5808000000000016
0.09999999999999998 0.5803000000000019
0.31999999999999995 0.5626000000000017
0.12 0.5431000000000015
0.38 0.5610000000000013
0.26 0.5168000000000014
0.040000000000000036 0.4987000000000011
0.020000000000000018 0.474400000000001
0.020000000000000018 0.46600000000000036
0.020000000000000018 0.43780000000000013
0.020000000000000018 0.4332000000000003
0.020000000000000018 0.44460000000000055
0.020000000000000018 0.4463000000000006
0.020000000000000018 0.4345000000000007
0.020000000000000018 0.44620000000000076
0.020000000000000018 0.42440000000000083
0.020000000000000018 0.4269000000000006
0.020000000000000018 0.45880000000000054
0.020000000000000018 0.4393000000000008
0.020000000000000018 0.43940000000000085
0.020000000000000018 0.44940000000000097
0.38 0.41280000000000067
0.38 0.428700000000001
0.38 0.42230000000000084
0.36 0.46290000000000125
0.36 0.42800000000000077
0.36 0.43450000000000083
0.36 0.4051000000000006
0.36 0.4074000000000012
0.36 0.4113000000000006
0.36 0.4051000000000007
0.36 0.4623000000000014
0.38 0.5120000000000018
0.38 0.47950000000000126
0.38 0.4701000000000012
0.38 0.46100000000000124
0.38 0.4344000000000009
0.38 0.4133000000000011
0.38 0.40680000000000094
0.38 0.4089000000000006
0.38 0.40070000000000056
0.38 0.4032000000000011
0.38 0.40020000000000083
0.38 0.4002000000000009
0.38 0.40410000000000096
0.38 0.3961000000000006
0.38 0.39860000000000084
0.38 0.4240000000000011
0.38 0.458000000000001
0.38 0.40390000000000087
0.38 0.42210000000000103
0.38 0.3972000000000009
0.38 0.4033000000000011
0.38 0.416600000000001
0.38 0.39610000000000056
0.38 0.569100000000002
0.38 0.5295000000000016
0.38 0.6142000000000025
0.52 0.6767000000000034
0.5800000000000001 0.6748000000000034
0.4 0.6676000000000033
0.38 0.6565000000000031
0.38 0.6384000000000031
0.38 0.6339000000000029
0.4 0.6175000000000028
0.4 0.5780000000000018
0.4 0.49580000000000063
0.4 0.44620000000000026
0.4 0.44390000000000013
0.4 0.4331000000000004
0.4 0.41320000000000023
0.4 0.45480000000000037
0.4 0.4534000000000002
0.38 0.5561000000000009
0.38 0.5838000000000015
0.4 0.5554000000000014
0.4 0.48960000000000087
0.4 0.4244
0.31999999999999995 0.4896000000000003
0.38 0.46250000000000063
0.38 0.43180000000000035
0.31999999999999995 0.42610000000000064
0.38 0.4515000000000012
0.36 0.41840000000000094
0.38 0.44700000000000095
0.020000000000000018 0.4428000000000006
0.020000000000000018 0.4473000000000009
0.4 0.4210000000000006
0.4 0.4154000000000005
0.4 0.4188000000000001
0.4 0.4474000000000006
0.4 0.46450000000000125
0.4 0.4442000000000008
0.38 0.660100000000002
0.38 0.48200000000000176
0.38 0.6730000000000033
0.38 0.6597000000000023
0.38 0.6638000000000023
0.38 0.6165000000000027
0.38 0.6596000000000033
0.4 0.6635000000000031
0.38 0.6753000000000032
0.7 0.6817000000000034
0.31999999999999995 0.632300000000003
0.38 0.6573000000000025
0.38 0.658300000000002
0.38 0.6366000000000019
0.38 0.5944000000000017
0.38 0.632400000000002
0.4 0.6002000000000016
0.4 0.5549000000000013
0.4 0.5146000000000004
0.4 0.4899000000000003
0.4 0.4653000000000004
0.4 0.4440000000000003
0.4 0.4190999999999999
0.4 0.42200000000000026
0.4 0.41780000000000017
0.4 0.41690000000000055
0.4 0.4057000000000002
0.4 0.4013000000000002
0.4 0.42680000000000023
0.4 0.4282
0.38 0.5125000000000021
0.38 0.4725000000000015
0.4 0.4456000000000006
0.4 0.4127000000000003
0.4 0.40620000000000056
0.4 0.4071000000000003
0.4 0.39380000000000015
0.4 0.39970000000000055
0.4 0.40230000000000055
0.4 0.3951000000000001
0.4 0.40120000000000045
0.4 0.40490000000000015
0.4 0.4075000000000005
0.4 0.4291000000000003
0.4 0.4171000000000003
0.4 0.41810000000000025
0.4 0.4015000000000002
0.4 0.4058
0.4 0.4248000000000004
0.4 0.4194000000000004
0.4 0.40460000000000035
0.4 0.41310000000000047
0.4 0.40430000000000044
0.4 0.40860000000000013
0.4 0.4550000000000008
0.4 0.4359000000000007
0.38 0.4478000000000006
0.38 0.5952000000000027
0.31999999999999995 0.6761000000000034
0.38 0.615500000000003
0.4 0.6782000000000035
0.4 0.6769000000000034
0.4 0.6718000000000033
0.4 0.592000000000003
0.4 0.6495000000000032
0.4 0.630000000000003
0.4 0.6731000000000035
0.4 0.6670000000000033
0.4 0.6443000000000031
0.4 0.633700000000003
0.38 0.6771000000000035
0.52 0.6784000000000034
0.38 0.6692000000000035
0.52 0.6718000000000033
0.4 0.6611000000000032
0.5 0.6657000000000033
0.38 0.6638000000000034
0.38 0.649900000000003
0.38 0.6480000000000032
0.38 0.6261000000000029
0.38 0.6289000000000025
0.38 0.6020000000000016
0.38 0.5724000000000011
0.38 0.547500000000001
0.38 0.5103000000000005
0.38 0.4628000000000003
0.38 0.44630000000000036
0.38 0.43690000000000034
0.38 0.5713000000000025
0.38 0.5744000000000026
0.38 0.5813000000000027
0.38 0.6059000000000029
0.38 0.5684000000000023
0.38 0.5686000000000027
0.38 0.5447000000000023
0.38 0.5092000000000014
0.38 0.5114000000000013
0.38 0.4965000000000012
0.38 0.47020000000000045
0.38 0.43010000000000076
0.38 0.41000000000000064
0.38 0.4325000000000008
0.38 0.4333000000000016
0.38 0.44730000000000125
0.38 0.4403000000000013
0.38 0.43110000000000126
0.38 0.4409000000000015
0.38 0.42200000000000126
0.38 0.4456000000000014
0.38 0.5337000000000022
0.38 0.45220000000000155
0.38 0.43080000000000135
0.38 0.41920000000000107
0.38 0.42860000000000126
0.38 0.43770000000000175
0.38 0.42660000000000137
0.38 0.42740000000000117
0.38 0.5328000000000022
0.38 0.5055000000000021
0.38 0.5688000000000026
0.38 0.5977000000000029
0.38 0.6299000000000027
0.38 0.6217000000000029
0.38 0.614100000000003
0.38 0.6062000000000031
0.38 0.583800000000003
0.5800000000000001 0.6781000000000035
0.5800000000000001 0.6755000000000034
0.5800000000000001 0.6731000000000033
0.5800000000000001 0.6707000000000033
0.38 0.6330000000000033
0.54 0.6538000000000034
0.48 0.6445000000000032
0.38 0.6125000000000022
0.38 0.5884000000000011
0.38 0.5570000000000009
0.38 0.5287000000000007
0.38 0.5983000000000026
0.38 0.5643000000000018
0.38 0.5901000000000021
0.38 0.5295000000000014
0.38 0.512700000000001
0.38 0.48720000000000074
0.38 0.4772000000000006
0.38 0.4980000000000009
0.38 0.45840000000000086
0.38 0.440100000000001
0.38 0.44110000000000144
0.38 0.43420000000000125
0.020000000000000018 0.42170000000000085
0.020000000000000018 0.4196000000000011
0.38 0.42340000000000105
0.38 0.41660000000000097
0.38 0.4212000000000012
0.07999999999999996 0.40530000000000094
0.020000000000000018 0.3874000000000008
0.38 0.4258000000000011
0.38 0.4290000000000011
0.38 0.41810000000000114
0.38 0.4496000000000013
0.38 0.5841000000000027
0.38 0.6269000000000028
0.38 0.5343000000000021
0.38 0.4953000000000015
0.38 0.4432000000000014
0.38 0.4444000000000012
0.38 0.4308000000000014
0.38 0.4294000000000013
0.38 0.41550000000000087
0.38 0.41320000000000107
0.38 0.4315000000000014
0.38 0.416200000000001
0.38 0.4351000000000014
0.38 0.517700000000002
0.38 0.4669000000000015
0.38 0.4572000000000014
0.38 0.4468000000000014
0.38 0.4289000000000012
0.38 0.41670000000000124
0.38 0.42550000000000127
0.38 0.44240000000000124
0.38 0.4200000000000014
0.38 0.4224000000000013
0.38 0.43080000000000146
0.38 0.43000000000000155
0.38 0.4136000000000009
0.38 0.4591000000000017
0.38 0.42000000000000137
0.38 0.4258000000000013
0.38 0.42820000000000147
0.38 0.4562000000000016
0.38 0.45930000000000126
0.38 0.44480000000000125
0.38 0.4390000000000015
0.38 0.41480000000000117
0.38 0.4074000000000009
0.38 0.39520000000000094
0.38 0.3945000000000008
0.38 0.40320000000000106
0.38 0.4157000000000011
0.38 0.39850000000000074
0.38 0.403100000000001
0.38 0.4085000000000012
0.38 0.41190000000000127
0.38 0.4166000000000014
0.38 0.41870000000000124
0.38 0.400300000000001
0.38 0.41140000000000143
0.38 0.4273000000000015
0.38 0.43160000000000154
0.38 0.41560000000000125
0.38 0.4160000000000012
0.38 0.5148000000000021
0.38 0.45650000000000135
0.38 0.4351000000000014
0.38 0.47090000000000115
0.38 0.41850000000000087
0.38 0.4013000000000007
0.38 0.46900000000000164
0.38 0.6424000000000031
0.6799999999999999 0.6800000000000034
0.38 0.5292000000000017
0.38 0.460900000000001
0.38 0.4246000000000009
0.38 0.4118000000000008
0.38 0.40260000000000096
0.38 0.46540000000000165
0.38 0.5475000000000021
0.38 0.6785000000000035
0.38 0.6732000000000034
0.38 0.5389000000000014
0.38 0.48880000000000107
0.38 0.44490000000000124
0.38 0.4972000000000017
0.38 0.5300000000000022
0.38 0.446100000000001
0.38 0.43110000000000104
0.38 0.43380000000000146
0.38 0.41100000000000103
0.38 0.4069000000000009
0.38 0.40280000000000094
0.38 0.4170000000000014
0.38 0.43110000000000126
0.38 0.4245000000000013
0.38 0.40450000000000086
0.38 0.4095000000000011
0.38 0.409600000000001
0.38 0.4141000000000009
0.38 0.4155000000000012
0.38 0.412200000000001
0.38 0.40350000000000086
0.38 0.4160000000000012
0.38 0.40060000000000096
0.38 0.41080000000000116
0.38 0.41230000000000117
0.38 0.4148000000000011
0.38 0.43280000000000113
0.38 0.42090000000000133
0.38 0.442700000000001
0.38 0.42430000000000123
0.38 0.41840000000000094
0.38 0.4045000000000008
0.38 0.4113000000000011
0.38 0.40640000000000087
0.38 0.4005000000000005
0.38 0.403300000000001
0.38 0.3945000000000007
0.38 0.41340000000000116
0.38 0.4017000000000006
0.38 0.4110000000000009
0.38 0.41710000000000114
0.38 0.41540000000000105
0.38 0.40590000000000087
0.38 0.501900000000002
0.38 0.48950000000000166
0.38 0.4365000000000012
0.38 0.4273000000000012
0.38 0.40230000000000105
0.38 0.4157000000000011
0.38 0.4011000000000007
0.38 0.4191000000000013
0.38 0.40670000000000106
0.38 0.3922000000000008
0.38 0.39730000000000104
0.38 0.4072000000000011
0.38 0.3994000000000008
0.38 0.3986000000000008
0.38 0.40520000000000095
0.38 0.4128000000000013
0.38 0.39940000000000103
0.38 0.4166000000000014
0.38 0.4279000000000015
0.38 0.43190000000000145
0.38 0.40580000000000105
0.38 0.4041000000000008
0.38 0.3997000000000007
0.38 0.4105000000000011
0.38 0.3978000000000009
0.38 0.40790000000000104
0.38 0.4110000000000012
0.38 0.40970000000000106
0.38 0.4140000000000012
0.38 0.4086000000000011
0.38 0.4081000000000012
0.38 0.40190000000000103
0.38 0.448100000000001
0.38 0.453400000000001
0.38 0.438400000000001
0.38 0.4165000000000009
0.38 0.4038000000000008
0.38 0.4070000000000011
0.38 0.4128000000000013
0.38 0.4062000000000009
0.38 0.40140000000000065
