0.95 0.42145000000000044
0.95 0.46333000000000024
0.95 0.4839500000000014
0.95 0.5251500000000003
0.95 0.5548900000000003
0.95 0.5722900000000007
0.97 0.5938800000000026
0.97 0.6163700000000029
0.97 0.6438900000000044
0.98 0.6526500000000041
0.98 0.6739100000000016
0.98 0.6845799999999981
0.98 0.6935299999999949
0.98 0.7000099999999962
0.98 0.7112899999999922
0.99 0.728349999999992
0.99 0.7353899999999953
0.99 0.7402299999999942
0.99 0.7370599999999968
0.99 0.7563399999999998
0.99 0.76049
0.99 0.7628100000000027
0.99 0.774440000000004
0.99 0.7800400000000044
0.99 0.7950200000000023
0.99 0.7979200000000038
0.99 0.7930400000000039
0.99 0.7996500000000051
0.99 0.790330000000005
0.99 0.7911400000000047
0.99 0.7958800000000041
0.99 0.8036800000000035
0.99 0.7939300000000011
0.99 0.8101400000000043
0.99 0.8186000000000044
0.99 0.8245000000000039
0.99 0.824250000000006
0.99 0.8171800000000053
0.99 0.8034400000000037
0.99 0.8109300000000026
0.99 0.8100100000000011
0.99 0.8232800000000026
1.0 0.8208900000000037
1.0 0.8111200000000032
1.0 0.8200400000000034
1.0 0.8199900000000039
1.0 0.822100000000002
1.0 0.8210600000000033
1.0 0.8188200000000013
1.0 0.8182600000000029
1.0 0.8290400000000038
1.0 0.8288700000000054
1.0 0.8298300000000074
1.0 0.8139600000000058
1.0 0.8217700000000033
1.0 0.8337900000000036
1.0 0.8430800000000033
1.0 0.8500600000000026
1.0 0.8369000000000021
1.0 0.8303200000000022
1.0 0.8451000000000027
1.0 0.8464100000000034
1.0 0.8521300000000024
1.0 0.8543900000000003
1.0 0.8524599999999992
1.0 0.8583299999999967
1.0 0.8555300000000009
1.0 0.8571500000000014
1.0 0.855730000000001
1.0 0.8548500000000007
1.0 0.849260000000003
1.0 0.856899999999998
1.0 0.8466600000000024
1.0 0.8595700000000001
1.0 0.8592200000000008
1.0 0.8525999999999996
1.0 0.8619199999999992
1.0 0.8624900000000009
1.0 0.8663999999999974
1.0 0.867769999999998
1.0 0.8694499999999974
1.0 0.8740799999999944
1.0 0.8780899999999965
1.0 0.8662399999999958
1.0 0.8729199999999963
1.0 0.8652999999999962
1.0 0.8603499999999976
1.0 0.8706199999999962
1.0 0.8613899999999981
1.0 0.8730500000000013
1.0 0.8684199999999994
1.0 0.8691300000000002
1.0 0.8681900000000002
1.0 0.8696099999999999
1.0 0.8668699999999971
1.0 0.8663299999999998
1.0 0.8653400000000001
1.0 0.8626600000000013
1.0 0.8593699999999999
1.0 0.8639199999999988
