0.67 0.3885500000000002
0.77 0.4190500000000004
0.78 0.4121000000000003
0.66 0.40365000000000056
0.66 0.3931500000000009
0.66 0.4098500000000013
0.66 0.4038000000000011
0.66 0.4212500000000008
0.72 0.4270500000000003
0.66 0.4161000000000008
0.92 0.39410000000000145
0.89 0.4381000000000012
0.92 0.4588000000000006
0.69 0.4045500000000015
0.69 0.4310500000000011
0.69 0.4355500000000007
0.67 0.4396000000000009
0.66 0.4055500000000012
0.66 0.3756500000000015
0.66 0.4144000000000008
0.76 0.4132500000000007
0.66 0.4557500000000009
0.75 0.4724500000000008
0.84 0.50955
0.82 0.5607499999999999
0.81 0.5676500000000009
0.87 0.6311000000000003
0.87 0.6412500000000003
0.8 0.6068999999999996
0.8 0.6282500000000001
0.87 0.65475
0.93 0.6430000000000007
0.92 0.6754000000000007
0.87 0.6563999999999995
0.91 0.6535
0.94 0.6505000000000001
0.9 0.6521000000000003
0.9 0.6525
0.84 0.6681499999999997
0.93 0.6737999999999998
0.93 0.7343499999999997
0.93 0.753650000000001
0.93 0.6504499999999994
0.93 0.7288500000000003
0.93 0.7394499999999989
0.94 0.6334499999999996
0.89 0.5966499999999995
0.84 0.610249999999999
0.94 0.6689999999999986
0.92 0.6635999999999995
0.94 0.6871499999999989
0.94 0.6705999999999988
0.94 0.6846499999999974
0.85 0.6456999999999985
0.94 0.6746999999999982
0.94 0.6686999999999985
0.94 0.6644499999999985
0.94 0.7238999999999988
0.94 0.7061000000000004
0.96 0.7963500000000004
0.96 0.7897999999999997
0.96 0.7874499999999989
0.95 0.75715
0.94 0.7809999999999995
0.96 0.8413499999999995
0.96 0.8769500000000013
0.96 0.8918000000000006
0.96 0.85195
0.96 0.8592999999999986
0.96 0.8046499999999986
0.96 0.7025999999999998
0.96 0.6749999999999982
0.96 0.6919499999999982
0.96 0.7389999999999997
0.96 0.7846499999999987
0.95 0.7735999999999993
0.95 0.6493000000000008
0.95 0.7044000000000007
0.95 0.7603999999999996
0.96 0.8311999999999994
0.96 0.8677000000000014
0.96 0.8692
0.96 0.8132999999999998
0.96 0.8105500000000007
0.96 0.8356000000000016
0.95 0.8436500000000012
0.95 0.8651000000000012
0.95 0.8192500000000024
0.95 0.8759000000000006
0.95 0.8925999999999996
0.95 0.9138500000000005
0.96 0.9302499999999989
0.96 0.9294499999999989
0.96 0.9362999999999994
0.96 0.9415999999999989
0.96 0.8721500000000014
0.96 0.9153499999999998
0.96 0.7233000000000003
0.96 0.9429499999999967
0.96 0.5063500000000025
0.96 0.8648999999999997
0.96 0.5201000000000021
0.96 0.48815000000000125
0.66 0.5593000000000002
0.96 0.58105
0.96 0.6266499999999993
0.71 0.6348999999999988
0.71 0.6436999999999985
0.67 0.647749999999998
0.89 0.665099999999998
0.88 0.6479999999999981
0.88 0.6392499999999982
0.88 0.6312499999999995
0.88 0.6337999999999981
0.88 0.6682499999999986
0.96 0.6758999999999996
0.96 0.7645499999999998
0.96 0.8193499999999989
0.96 0.7833999999999981
0.96 0.6898999999999974
0.96 0.8633000000000003
0.89 0.7149499999999991
0.96 0.7505
0.95 0.6671999999999998
0.87 0.6647500000000001
0.96 0.7462499999999994
0.96 0.80495
0.96 0.7384500000000004
0.96 0.6916000000000001
0.96 0.7679499999999997
0.96 0.8047999999999993
0.96 0.6729999999999994
0.96 0.7555499999999996
0.97 0.68435
0.96 0.7413500000000003
0.96 0.7089000000000014
0.96 0.7056999999999997
0.96 0.6272999999999994
0.96 0.6501500000000001
0.96 0.6442999999999993
0.96 0.6403999999999997
0.94 0.6176999999999988
0.96 0.7075499999999991
0.82 0.5949000000000008
0.88 0.6292999999999987
0.88 0.6635499999999993
0.85 0.48695000000000016
0.88 0.5715499999999999
0.88 0.6421999999999985
0.88 0.6246499999999994
0.88 0.6376499999999996
0.88 0.6445499999999995
0.91 0.66185
0.91 0.6853499999999997
0.96 0.5871999999999993
0.86 0.5928999999999991
0.96 0.611849999999999
0.96 0.5680499999999991
0.96 0.6248499999999995
0.96 0.680249999999999
0.96 0.6910499999999993
0.96 0.6813999999999991
0.96 0.6555000000000001
0.96 0.6757000000000004
0.96 0.7225999999999996
0.96 0.7558500000000004
0.96 0.8371000000000004
0.97 0.87945
0.96 0.9124499999999992
0.96 0.911299999999998
0.97 0.9244999999999972
0.97 0.9368499999999983
0.97 0.937499999999999
0.97 0.9472999999999995
0.96 0.8082499999999984
0.96 0.850799999999998
0.97 0.9047499999999989
0.97 0.9280499999999998
0.97 0.9355499999999997
0.97 0.9311999999999995
0.97 0.9466999999999993
0.97 0.9438000000000001
0.97 0.9408000000000005
0.97 0.9383000000000004
0.97 0.9361500000000004
0.97 0.93385
0.97 0.9325999999999997
0.97 0.9415499999999993
0.97 0.937199999999999
0.97 0.9467499999999991
0.97 0.938049999999999
0.97 0.8516999999999968
0.97 0.8435499999999979
0.97 0.8231499999999986
0.97 0.8456999999999989
0.97 0.9092999999999988
0.97 0.9286999999999992
0.97 0.9491999999999992
0.97 0.7780499999999988
0.97 0.8058499999999991
0.97 0.8406000000000001
0.97 0.9250499999999987
0.97 0.9262999999999992
0.97 0.9365999999999989
0.97 0.944299999999999
0.97 0.9320999999999994
0.97 0.8966499999999981
0.97 0.8782999999999995
0.97 0.8530500000000005
0.97 0.8052999999999997
0.97 0.7839000000000003
0.97 0.8625999999999995
0.97 0.8634999999999998
0.97 0.9219999999999986
0.97 0.9344499999999992
0.97 0.9511999999999989
0.97 0.9536999999999991
0.97 0.947649999999999
0.97 0.9487499999999993
0.97 0.9469999999999991
0.97 0.9532499999999989
0.97 0.929999999999999
0.97 0.9392499999999987
0.95 0.7799499999999988
0.97 0.8287999999999998
0.97 0.8807500000000011
0.97 0.9011499999999999
0.97 0.9465499999999994
0.97 0.9494499999999987
0.97 0.9276999999999985
0.97 0.939249999999999
0.97 0.8739000000000005
0.97 0.9194499999999999
0.97 0.9198000000000001
0.97 0.7818999999999976
0.97 0.7899999999999978
0.97 0.8354999999999992
0.97 0.8622000000000013
0.97 0.7900499999999987
0.97 0.716299999999999
0.97 0.6805999999999987
0.97 0.8070499999999993
0.97 0.7617499999999993
0.97 0.8816500000000002
0.97 0.9126499999999992
0.97 0.8720500000000022
0.97 0.8973999999999994
0.97 0.8565500000000011
0.97 0.7503999999999982
0.97 0.7593999999999977
0.8 0.5317999999999989
0.69 0.49660000000000015
0.8 0.5815499999999983
0.8 0.6107499999999982
0.8 0.6768999999999992
0.8 0.7157499999999993
0.82 0.7289499999999995
0.82 0.7550999999999997
0.8 0.7678999999999994
0.82 0.6473999999999966
0.8 0.5974999999999971
0.8 0.7502999999999986
0.8 0.782899999999998
0.91 0.7837999999999973
0.91 0.8006499999999993
0.8 0.79775
0.8 0.7942499999999998
0.8 0.7951999999999997
0.8 0.7971500000000001
0.8 0.7928999999999996
0.8 0.7975499999999998
0.8 0.7959500000000003
0.8 0.7848499999999996
0.91 0.6860499999999972
0.68 0.5757999999999973
0.8 0.6105999999999971
0.8 0.6651999999999967
0.8 0.7668499999999979
0.94 0.8032499999999988
0.95 0.8421499999999998
0.95 0.8642000000000013
0.96 0.8880999999999999
0.96 0.9087499999999994
0.96 0.9100499999999996
0.97 0.9155999999999997
0.96 0.8915500000000014
0.96 0.8824500000000027
0.94 0.7886999999999992
0.95 0.8694500000000019
0.95 0.8679500000000016
0.95 0.9322499999999988
0.96 0.9358999999999996
0.97 0.9264000000000006
0.97 0.93545
0.97 0.9092000000000009
0.97 0.9273999999999998
0.97 0.9219499999999995
0.96 0.8339499999999991
0.97 0.9436999999999987
0.97 0.9452499999999975
0.97 0.9529999999999952
0.97 0.9575499999999968
0.97 0.9336499999999991
0.79 0.7222000000000002
0.79 0.6641000000000004
0.79 0.6825999999999991
0.79 0.7246499999999994
0.79 0.743049999999997
0.97 0.7633499999999981
0.97 0.7820999999999999
0.97 0.8032000000000014
0.79 0.7542499999999985
0.97 0.7529999999999987
0.79 0.7548999999999996
0.79 0.7680000000000013
0.79 0.7575500000000016
0.79 0.7721500000000029
0.79 0.7869000000000018
0.85 0.7822500000000021
0.91 0.7890000000000009
0.91 0.8077000000000005
0.91 0.8180999999999982
0.94 0.8111499999999982
0.94 0.6748499999999998
0.95 0.7860499999999984
0.96 0.774399999999998
0.66 0.6365500000000002
0.66 0.6392999999999995
0.96 0.761400000000002
0.94 0.7407000000000012
0.95 0.8136999999999993
0.87 0.5837500000000003
0.95 0.8027999999999994
0.95 0.8350999999999996
0.93 0.6418999999999997
0.92 0.61785
0.95 0.6503499999999987
0.66 0.6359999999999988
0.66 0.6331499999999989
0.66 0.637149999999999
0.66 0.6369999999999993
0.95 0.6212499999999995
0.94 0.6516999999999991
0.95 0.7244999999999999
0.95 0.7963000000000012
0.95 0.7790000000000008
0.95 0.8321000000000008
0.95 0.8471499999999997
0.66 0.6191499999999993
0.66 0.5984499999999993
0.66 0.6424999999999993
0.66 0.6563999999999988
0.66 0.6578999999999979
0.7 0.6385999999999986
0.66 0.6442999999999983
0.66 0.612349999999999
0.66 0.6315999999999986
0.66 0.6287499999999986
0.62 0.5259000000000011
0.62 0.5560000000000008
0.62 0.5730499999999998
0.62 0.5928999999999998
0.62 0.6081499999999993
0.62 0.6123999999999995
0.62 0.6147500000000001
0.62 0.617500000000001
0.62 0.6180000000000013
0.62 0.6197500000000015
0.62 0.6173000000000015
0.62 0.6172000000000015
0.62 0.6189500000000016
0.62 0.6195500000000016
0.62 0.6179500000000014
0.62 0.6191000000000015
0.62 0.6187500000000016
0.62 0.6154000000000015
0.62 0.6195500000000016
0.79 0.652400000000002
0.79 0.6759000000000028
0.78 0.6379500000000013
0.62 0.6155500000000014
0.62 0.6166500000000014
0.62 0.6176500000000015
0.62 0.6177000000000016
0.62 0.6176000000000016
0.62 0.6182000000000015
0.62 0.6181000000000015
0.62 0.6198000000000016
0.62 0.6189500000000016
0.62 0.6161500000000014
0.62 0.6169000000000012
0.79 0.6366500000000016
0.79 0.6653500000000026
0.79 0.7124000000000018
0.79 0.7350500000000008
0.79 0.7348000000000005
0.79 0.7492499999999994
0.79 0.7537999999999989
0.79 0.6990000000000026
0.63 0.6132500000000003
0.63 0.618000000000001
0.63 0.6191500000000012
0.63 0.6191500000000013
0.64 0.6191500000000015
0.62 0.6195500000000015
0.62 0.6169000000000014
0.64 0.6180000000000014
0.62 0.6181500000000013
0.62 0.6195000000000016
0.62 0.6193500000000015
0.62 0.6193500000000014
0.64 0.6129500000000012
0.62 0.6189500000000014
0.62 0.6194000000000015
0.62 0.6198000000000016
0.62 0.5885000000000007
0.62 0.6191500000000015
0.79 0.6190500000000014
0.62 0.6183500000000013
0.65 0.6167500000000014
0.77 0.6309000000000019
0.77 0.6337000000000018
0.78 0.6399000000000006
0.81 0.6367500000000016
0.66 0.6289500000000013
0.66 0.6283000000000014
0.66 0.6313500000000016
0.66 0.6180500000000011
0.66 0.6365500000000014
0.66 0.6362000000000015
0.66 0.6430500000000019
0.66 0.6469000000000017
0.66 0.6511500000000013
0.66 0.6511500000000003
0.66 0.6517999999999994
0.66 0.6494999999999989
0.66 0.6517999999999983
0.66 0.654199999999998
0.69 0.6510499999999978
0.86 0.6597999999999979
0.66 0.6560499999999979
0.66 0.6569499999999979
0.66 0.6527499999999978
0.62 0.5790999999999991
0.62 0.5911499999999992
0.62 0.5990499999999988
0.62 0.6042499999999991
0.62 0.6095999999999994
0.79 0.6170499999999991
0.62 0.6147499999999999
0.62 0.6170000000000004
0.62 0.6177000000000007
0.62 0.6163000000000011
0.62 0.6182500000000013
0.62 0.6189500000000016
0.62 0.6191000000000016
0.62 0.6165000000000014
0.62 0.6173000000000015
0.79 0.6344500000000014
0.79 0.6501500000000021
0.79 0.6311000000000014
0.79 0.6588500000000026
0.79 0.6546500000000023
0.79 0.6395500000000016
0.79 0.6713000000000031
0.62 0.6166500000000014
0.79 0.671800000000003
0.79 0.5686999999999989
0.79 0.6229500000000008
0.79 0.6464000000000019
0.79 0.6296500000000015
0.79 0.6603000000000029
0.7 0.5829999999999999
0.77 0.6135000000000008
0.62 0.6114000000000006
0.62 0.615600000000001
0.7 0.6164500000000013
0.62 0.6170000000000014
0.62 0.6135000000000014
0.62 0.6145000000000013
0.7 0.6220000000000016
0.62 0.6079000000000012
0.7 0.6148000000000015
0.7 0.6197500000000017
0.62 0.6195500000000015
0.62 0.6195000000000015
0.62 0.6195000000000015
0.62 0.6186000000000014
0.62 0.6163500000000014
0.62 0.6192000000000014
0.62 0.5984500000000006
0.62 0.6051500000000007
0.76 0.6179000000000011
0.62 0.6173500000000014
0.64 0.6184500000000014
0.62 0.6172500000000014
0.64 0.6198500000000017
0.7 0.6202500000000015
0.78 0.6455500000000016
0.78 0.6674500000000029
