0.67 0.3750500000000002
0.64 0.3868999999999999
0.7 0.40864999999999996
0.7 0.39084999999999986
0.7 0.4323499999999998
0.81 0.44219999999999987
0.87 0.40359999999999985
0.7 0.40999999999999986
0.75 0.4094499999999995
0.75 0.4179499999999998
0.7 0.39909999999999984
0.7 0.39374999999999966
0.7 0.4034499999999997
0.7 0.3988499999999997
0.74 0.41374999999999973
0.71 0.4490499999999997
0.71 0.4433999999999995
0.82 0.4541999999999996
0.7 0.41669999999999974
0.7 0.4561999999999998
0.7 0.4531499999999998
0.7 0.4213999999999995
0.84 0.46454999999999985
0.7 0.48274999999999985
0.7 0.48584999999999995
0.89 0.46444999999999986
0.7 0.4696000000000001
0.89 0.48814999999999975
0.89 0.48405000000000004
0.7 0.49115000000000003
0.83 0.49874999999999986
0.7 0.4754999999999999
0.71 0.5228500000000001
0.7 0.49224999999999997
0.76 0.5259999999999996
0.7 0.52665
0.78 0.5898
0.94 0.5377999999999998
0.96 0.4882499999999994
0.85 0.4806999999999993
0.7 0.45659999999999945
0.79 0.42859999999999965
0.79 0.4879999999999994
0.79 0.5315499999999993
0.86 0.5586999999999992
0.86 0.5280000000000001
0.84 0.49319999999999936
0.81 0.43559999999999977
0.84 0.49974999999999975
0.81 0.5717000000000012
0.76 0.5751500000000007
0.77 0.5540000000000005
0.89 0.5400500000000003
0.7 0.5205500000000001
0.7 0.49589999999999945
0.7 0.41644999999999965
0.7 0.46194999999999986
0.7 0.5413499999999998
0.7 0.5911500000000007
0.84 0.6049500000000007
0.86 0.54515
0.86 0.5281499999999998
0.86 0.6032000000000004
0.7 0.5165499999999997
0.76 0.6136500000000007
0.93 0.6258500000000012
0.9 0.5868000000000012
0.77 0.54445
0.94 0.5622000000000006
0.9 0.5794000000000004
0.73 0.5417000000000004
0.93 0.5529999999999999
0.93 0.5280000000000004
0.7 0.44799999999999984
0.83 0.47704999999999953
0.7 0.46014999999999967
0.7 0.3997499999999996
0.7 0.43904999999999966
0.94 0.4894000000000004
0.76 0.46895000000000003
0.76 0.4883000000000002
0.7 0.44654999999999956
0.7 0.4970500000000006
0.91 0.4881000000000004
0.91 0.5242
0.68 0.5097500000000007
0.7 0.46520000000000067
0.7 0.5260000000000001
0.7 0.5335000000000005
0.7 0.5633500000000005
0.7 0.5955500000000007
0.7 0.6080500000000002
0.72 0.6193500000000003
0.72 0.5668499999999996
0.71 0.5678499999999999
0.77 0.6001499999999996
0.7 0.5757500000000004
0.86 0.6286000000000002
0.7 0.6260000000000003
0.7 0.6258499999999998
0.82 0.63065
0.7 0.6187500000000005
0.7 0.58635
0.7 0.5980000000000004
0.7 0.6123000000000003
0.7 0.6068000000000002
0.7 0.6141999999999996
0.7 0.6485000000000004
0.7 0.6527500000000012
0.7 0.605650000000001
0.7 0.5647000000000003
0.85 0.5959500000000003
0.86 0.5871499999999998
0.85 0.6259000000000006
0.84 0.638150000000001
0.7 0.5822000000000004
0.75 0.5875500000000006
0.95 0.5902999999999995
0.95 0.5881499999999997
0.95 0.5762999999999998
0.81 0.5622499999999996
0.77 0.5751499999999997
0.81 0.6089499999999994
0.81 0.6116000000000001
0.83 0.616200000000001
0.79 0.6266000000000013
0.7 0.5054000000000013
0.7 0.523650000000001
0.7 0.5787500000000003
0.7 0.49965000000000037
0.7 0.5379500000000007
0.7 0.4757500000000011
0.7 0.5148000000000009
0.7 0.5682000000000006
0.7 0.5726500000000003
0.7 0.5811500000000003
0.7 0.6049500000000011
0.73 0.6423000000000014
0.7 0.6474000000000015
0.7 0.6367000000000015
0.7 0.5918000000000007
0.78 0.6469000000000014
0.72 0.6521000000000021
0.78 0.6711500000000021
0.74 0.6311000000000013
0.7 0.6045000000000009
0.76 0.6056000000000004
0.76 0.6583000000000017
0.7 0.6472500000000017
0.7 0.6766000000000019
0.77 0.6594500000000019
0.78 0.6322500000000012
0.96 0.6027500000000008
0.96 0.5911500000000008
0.96 0.618400000000001
0.96 0.6583500000000018
0.7 0.6617000000000018
0.91 0.6824500000000014
0.96 0.6887500000000011
0.91 0.6484500000000017
0.93 0.6696500000000016
0.96 0.6820000000000017
0.93 0.6772500000000017
0.93 0.6697500000000021
0.96 0.6930500000000016
0.96 0.7025000000000016
0.96 0.7167000000000016
0.96 0.7215500000000007
0.96 0.7098000000000017
0.93 0.5242500000000002
0.93 0.49814999999999965
0.93 0.5270999999999998
0.93 0.5544999999999998
0.91 0.5442999999999999
0.91 0.6079500000000004
0.7 0.5436
0.91 0.5403499999999998
0.96 0.6193000000000005
0.96 0.6591000000000012
0.91 0.6746000000000015
0.91 0.6982000000000015
0.91 0.6882000000000013
0.94 0.6853000000000021
0.93 0.7173000000000019
0.91 0.5862000000000004
0.96 0.5965000000000007
0.96 0.7042000000000012
0.96 0.672900000000002
0.96 0.7501000000000007
0.96 0.7325500000000018
0.96 0.7450000000000015
0.96 0.7300000000000018
0.96 0.7124500000000014
0.7 0.6887000000000016
0.96 0.7435000000000008
0.96 0.7148500000000009
0.96 0.722050000000001
0.96 0.765199999999999
0.96 0.7792999999999978
0.96 0.7838499999999984
0.96 0.7691499999999998
0.96 0.7562000000000004
0.96 0.8086999999999982
0.96 0.8555499999999996
0.96 0.8538999999999998
0.96 0.854299999999999
0.96 0.7816500000000006
0.96 0.6943000000000015
0.96 0.7372499999999994
0.96 0.7733500000000002
0.96 0.7827
0.96 0.8310999999999993
0.96 0.8485999999999997
0.96 0.8524000000000005
0.96 0.842299999999999
0.96 0.8563499999999992
0.96 0.8170999999999999
0.96 0.8853499999999983
0.96 0.891849999999998
0.96 0.8984999999999986
0.96 0.8048999999999996
0.96 0.8017
0.96 0.8459500000000001
0.96 0.8365999999999993
0.96 0.882199999999999
0.96 0.8632500000000002
0.96 0.8298999999999996
0.96 0.7117999999999992
0.96 0.5508500000000001
0.96 0.6056999999999992
0.7 0.5612499999999992
0.86 0.5623999999999995
0.86 0.5773999999999989
0.93 0.5823499999999988
0.93 0.5792499999999989
0.93 0.5951499999999987
0.93 0.6026999999999982
0.93 0.6060999999999983
0.93 0.621149999999998
0.96 0.6483499999999977
0.96 0.6862499999999987
0.96 0.6851999999999996
0.96 0.7243499999999997
0.96 0.7309499999999999
0.96 0.7550999999999994
0.96 0.7552500000000005
0.96 0.7320500000000004
0.96 0.7775499999999999
0.96 0.76475
0.96 0.7354500000000002
0.96 0.7342500000000013
0.96 0.7722500000000003
0.96 0.7939499999999998
0.96 0.8084999999999988
0.96 0.7798999999999997
0.96 0.7769499999999997
0.96 0.8044000000000002
0.96 0.8087499999999994
0.96 0.8121999999999994
0.96 0.8099000000000003
0.96 0.8086999999999991
0.96 0.8076500000000003
0.96 0.8078499999999998
0.96 0.8316500000000001
0.96 0.6810000000000014
0.96 0.7624500000000013
0.96 0.6057999999999991
0.96 0.7514500000000005
0.96 0.7904499999999995
0.96 0.8134499999999995
0.96 0.8278999999999985
0.96 0.8398999999999982
0.96 0.8400499999999991
0.96 0.8699000000000001
0.96 0.8717999999999997
0.96 0.8565999999999997
0.96 0.8421499999999986
0.96 0.880599999999999
0.96 0.8850499999999997
0.96 0.6659499999999987
0.96 0.5320999999999999
0.96 0.6240499999999986
0.96 0.776600000000001
0.96 0.8175499999999992
0.96 0.8410499999999992
0.96 0.8313999999999981
0.96 0.5936499999999997
0.96 0.6405499999999985
0.96 0.7631500000000001
0.96 0.796100000000001
0.96 0.5701999999999995
0.96 0.5802499999999996
0.96 0.6135499999999984
0.96 0.6528499999999974
0.96 0.6812499999999986
0.96 0.7062499999999992
0.96 0.6777999999999986
0.96 0.7246999999999995
0.96 0.675799999999999
0.96 0.6995500000000002
0.96 0.6806499999999994
0.96 0.7451499999999998
0.96 0.7865999999999995
0.96 0.7664000000000002
0.96 0.7746999999999996
0.96 0.7940500000000001
0.96 0.8108000000000001
0.96 0.8343499999999987
0.96 0.8582499999999987
0.96 0.8678999999999992
0.96 0.8374999999999996
0.96 0.8454499999999997
0.96 0.8633499999999998
0.96 0.8629500000000003
0.96 0.8596999999999998
0.96 0.8192999999999998
0.96 0.8314499999999992
0.96 0.7807500000000003
0.96 0.79785
0.96 0.7849
0.96 0.6969500000000017
0.7 0.6064500000000014
0.7 0.6436000000000015
0.7 0.6794500000000014
0.7 0.6070500000000015
0.7 0.6686000000000015
0.7 0.6359500000000012
0.7 0.6213000000000011
0.7 0.6807500000000013
0.7 0.5231500000000017
0.7 0.6391000000000014
0.7 0.6673500000000017
0.7 0.6733500000000017
0.7 0.6688000000000018
0.7 0.675500000000002
0.7 0.6279500000000016
0.7 0.6256500000000017
0.7 0.5828000000000015
0.7 0.6451000000000016
0.7 0.6636500000000014
0.7 0.6718500000000017
0.7 0.6628500000000017
0.7 0.6616500000000015
0.7 0.6654000000000019
0.7 0.6610000000000018
0.7 0.5640000000000019
0.7 0.40690000000000254
0.34 0.3400000000000017
0.34 0.3400000000000017
0.66 0.3438000000000018
0.7 0.37160000000000193
0.7 0.3937500000000022
0.7 0.4302000000000021
0.7 0.4411000000000018
0.7 0.4784500000000015
0.7 0.5262500000000014
0.7 0.45375000000000176
0.34 0.3400000000000017
0.34 0.3400000000000017
0.34 0.3400000000000017
0.7 0.3843000000000022
0.7 0.5484000000000013
0.7 0.45985000000000187
0.7 0.5595000000000013
0.7 0.5898000000000014
0.7 0.4498500000000021
0.7 0.6142000000000014
0.7 0.6442000000000013
0.7 0.6746500000000022
0.7 0.6803000000000019
0.7 0.6635500000000017
0.7 0.6542000000000016
0.7 0.6548500000000014
0.7 0.6600000000000018
0.7 0.6627500000000017
0.7 0.6751500000000022
0.7 0.6739000000000022
0.7 0.6766500000000022
0.7 0.6582500000000018
0.7 0.6607500000000017
0.7 0.6708000000000021
0.7 0.6773000000000023
0.7 0.6904500000000019
0.7 0.6903500000000017
0.7 0.6875000000000017
0.91 0.6637000000000021
0.7 0.6866500000000016
0.91 0.683800000000002
0.91 0.6791500000000018
0.91 0.687800000000002
0.7 0.6883000000000018
0.91 0.6836500000000018
0.91 0.6877000000000021
0.91 0.6925000000000014
0.91 0.6933500000000014
0.7 0.6694500000000021
0.7 0.6385000000000022
0.7 0.6605500000000021
0.73 0.6805500000000021
0.73 0.685400000000002
0.7 0.42785000000000245
0.73 0.667900000000002
0.7 0.368800000000002
0.73 0.6398500000000018
0.73 0.6473500000000015
0.86 0.6554500000000014
0.79 0.6438000000000019
0.89 0.6378000000000014
0.84 0.6759500000000017
0.83 0.6453500000000012
0.96 0.6325000000000011
0.96 0.684150000000002
0.96 0.6774000000000019
0.7 0.6776500000000012
0.7 0.6753000000000016
0.96 0.682300000000002
0.96 0.6969000000000026
0.96 0.7217500000000016
0.96 0.6959000000000017
0.96 0.675250000000002
0.7 0.6796500000000022
0.96 0.676350000000002
0.96 0.6942000000000018
0.96 0.7043000000000019
0.96 0.7080000000000021
0.96 0.6951500000000023
0.86 0.5015000000000019
0.7 0.34180000000000177
0.9 0.5366000000000015
0.7 0.5624000000000016
0.7 0.6119000000000014
0.7 0.6215500000000015
0.9 0.6322500000000016
0.91 0.6699500000000019
0.89 0.5087500000000018
0.89 0.5117500000000019
0.96 0.5217500000000016
0.96 0.5930000000000015
0.96 0.4643500000000019
0.7 0.43380000000000224
0.7 0.3968500000000023
0.7 0.4445000000000021
0.71 0.49445000000000155
0.81 0.5531500000000014
0.81 0.4787000000000017
0.96 0.5440000000000009
0.81 0.5992000000000012
0.96 0.6084500000000017
0.96 0.6544000000000016
0.96 0.38885000000000225
0.7 0.3523000000000019
0.7 0.5789000000000015
0.7 0.35065000000000185
0.7 0.35305000000000186
0.7 0.3471000000000018
0.96 0.6018000000000017
0.96 0.6103500000000014
0.96 0.6305500000000017
0.75 0.49975000000000186
0.7 0.4105000000000025
0.91 0.6446000000000012
0.91 0.6748000000000017
0.96 0.671800000000002
0.7 0.6830000000000017
0.7 0.6866500000000019
0.7 0.6913500000000019
0.7 0.6916500000000013
0.96 0.7081000000000014
0.7 0.34340000000000176
0.34 0.3400000000000017
0.86 0.47260000000000213
0.7 0.43585000000000235
0.7 0.3804000000000021
0.7 0.5859500000000014
0.96 0.6927500000000013
0.96 0.6813000000000019
0.96 0.7478500000000008
0.96 0.7335000000000013
0.96 0.5967000000000019
0.7 0.6499000000000017
0.7 0.6768500000000021
0.7 0.6937000000000014
0.7 0.4329000000000024
0.7 0.365650000000002
0.7 0.3784000000000022
0.7 0.532950000000002
0.7 0.3712500000000021
0.7 0.4117500000000025
0.34 0.3400000000000017
0.7 0.3612000000000019
0.7 0.4678000000000019
0.7 0.4569500000000017
0.7 0.48405000000000165
0.7 0.5122000000000014
0.7 0.3873500000000022
0.34 0.3400000000000017
0.7 0.3950500000000023
0.34 0.3400000000000017
0.7 0.48335000000000133
0.96 0.5719500000000008
