0.85 0.4217300000000011
0.96 0.4687900000000022
0.96 0.4993100000000021
0.96 0.5295600000000025
0.96 0.5553500000000022
0.96 0.5869099999999998
0.96 0.6078600000000041
0.97 0.6304500000000048
0.97 0.6505200000000054
0.97 0.6606100000000064
0.97 0.6701000000000028
0.98 0.6691200000000029
0.98 0.6778100000000011
0.98 0.6877099999999996
0.98 0.6845799999999984
0.98 0.7043499999999963
0.98 0.7125099999999936
0.98 0.7184199999999937
0.98 0.7271999999999927
0.98 0.7282099999999914
0.98 0.7249799999999921
0.98 0.7303499999999913
0.98 0.7275999999999908
0.98 0.7395999999999908
0.98 0.7439699999999886
0.98 0.7504599999999892
0.98 0.7507199999999882
0.98 0.7528399999999886
0.98 0.755399999999987
0.98 0.758889999999988
0.98 0.7449399999999893
0.98 0.7514399999999882
0.98 0.7530699999999872
0.98 0.752549999999987
0.98 0.7556599999999859
0.98 0.7489299999999873
0.98 0.7510899999999887
0.98 0.756469999999988
0.98 0.7597799999999878
0.98 0.7620899999999873
0.98 0.7528599999999872
0.98 0.7543899999999879
0.98 0.754249999999987
0.98 0.7588999999999861
0.98 0.7526099999999872
0.98 0.7654699999999842
0.98 0.763239999999987
0.98 0.7692999999999859
0.98 0.7751099999999926
0.98 0.7774799999999902
0.98 0.7786799999999886
0.98 0.7768499999999883
0.98 0.7821299999999903
0.98 0.7858899999999915
0.98 0.7829999999999919
0.98 0.7706499999999901
0.98 0.7740299999999876
0.98 0.7681699999999867
0.98 0.7647899999999854
0.98 0.7604299999999858
0.98 0.7673199999999902
0.98 0.769739999999991
0.98 0.7731899999999934
0.98 0.7659499999999929
0.98 0.7641799999999912
0.98 0.7728799999999917
0.98 0.7783899999999934
0.98 0.7769899999999942
0.98 0.7813399999999937
0.98 0.7911999999999934
0.98 0.789509999999992
0.98 0.7910499999999909
0.98 0.7904699999999909
0.98 0.7975199999999931
0.98 0.7989799999999965
0.98 0.8025699999999941
0.98 0.8102499999999919
0.98 0.8145699999999917
0.98 0.8158399999999921
0.98 0.8247699999999935
0.98 0.8287599999999959
0.98 0.8332899999999983
0.98 0.8382299999999986
0.98 0.8282999999999959
0.98 0.8275399999999966
0.98 0.8234399999999966
0.98 0.8301999999999976
0.98 0.8403399999999964
0.98 0.8463299999999958
0.98 0.8417899999999978
0.98 0.8373699999999962
0.98 0.8349299999999972
0.98 0.8348499999999968
0.98 0.8419099999999964
0.98 0.8399399999999969
0.98 0.8324899999999971
0.98 0.8413599999999982
0.98 0.8347799999999964
0.98 0.837939999999996
0.98 0.8373699999999953
