0.33999999999999997 0.6168999999999983
0.26 0.6023999999999986
0.42000000000000004 0.6135999999999988
0.06000000000000005 0.6161999999999989
0.33999999999999997 0.6565999999999989
0.33999999999999997 0.6497999999999986
0.31999999999999995 0.6391999999999988
0.16000000000000003 0.6363999999999986
0.33999999999999997 0.6392999999999991
0.21999999999999997 0.6159999999999991
0.21999999999999997 0.6098999999999992
0.21999999999999997 0.6025999999999987
0.28 0.5953999999999989
0.16000000000000003 0.6352999999999986
0.19999999999999996 0.6271999999999985
0.16000000000000003 0.6475999999999982
0.24 0.675299999999998
0.30000000000000004 0.6517999999999983
0.24 0.6790999999999984
0.09999999999999998 0.5923999999999987
0.48 0.6302999999999982
0.33999999999999997 0.6413999999999982
0.33999999999999997 0.6798999999999978
0.33999999999999997 0.688799999999998
0.33999999999999997 0.677399999999998
0.33999999999999997 0.6586999999999981
0.33999999999999997 0.6853999999999983
0.33999999999999997 0.6802999999999979
0.33999999999999997 0.6713999999999981
0.33999999999999997 0.6809999999999985
0.33999999999999997 0.6947999999999986
0.33999999999999997 0.6610999999999982
0.33999999999999997 0.6634999999999981
0.33999999999999997 0.6457999999999984
0.33999999999999997 0.6342999999999982
0.21999999999999997 0.6411999999999982
0.33999999999999997 0.6157999999999985
0.21999999999999997 0.6519999999999981
0.33999999999999997 0.6727999999999983
0.14 0.6560999999999985
0.14 0.674799999999998
0.21999999999999997 0.6425999999999985
0.21999999999999997 0.6088999999999983
0.33999999999999997 0.6470999999999982
0.24 0.658699999999998
0.24 0.6734999999999982
0.24 0.6780999999999981
0.24 0.6920999999999978
0.18000000000000005 0.6773999999999981
0.33999999999999997 0.6961999999999979
0.33999999999999997 0.6962999999999978
0.33999999999999997 0.688499999999998
0.12 0.6881999999999979
0.12 0.6647999999999983
0.33999999999999997 0.6721999999999981
0.30000000000000004 0.6488999999999981
0.30000000000000004 0.6240999999999982
0.30000000000000004 0.6227999999999984
0.31999999999999995 0.6003999999999985
0.33999999999999997 0.6435999999999984
0.24 0.6127999999999985
0.24 0.5877999999999985
0.24 0.5788999999999984
0.24 0.6216999999999984
0.09999999999999998 0.6592999999999982
0.09999999999999998 0.6713999999999986
0.09999999999999998 0.6859999999999981
0.09999999999999998 0.7092999999999985
0.09999999999999998 0.6994999999999988
0.33999999999999997 0.717099999999999
0.24 0.6893999999999985
0.33999999999999997 0.7002999999999987
0.33999999999999997 0.6745999999999986
0.33999999999999997 0.6631999999999983
0.33999999999999997 0.6473999999999982
0.33999999999999997 0.6324999999999982
0.33999999999999997 0.5744999999999983
0.33999999999999997 0.49819999999999903
0.33999999999999997 0.4919999999999991
0.33999999999999997 0.4952999999999993
0.33999999999999997 0.46489999999999954
0.33999999999999997 0.43080000000000007
0.33999999999999997 0.4067000000000003
0.33999999999999997 0.46519999999999945
0.33999999999999997 0.3771000000000009
0.33999999999999997 0.38070000000000076
0.33999999999999997 0.36920000000000125
0.33999999999999997 0.3579000000000012
0.33999999999999997 0.4720999999999996
0.33999999999999997 0.5089999999999989
0.33999999999999997 0.505199999999999
0.33999999999999997 0.5909999999999984
0.33999999999999997 0.39400000000000046
0.33999999999999997 0.47099999999999925
0.33999999999999997 0.44839999999999947
0.33999999999999997 0.4484999999999998
0.33999999999999997 0.4899999999999991
0.33999999999999997 0.5028999999999991
0.33999999999999997 0.6399999999999982
0.33999999999999997 0.4911999999999992
0.33999999999999997 0.45139999999999963
0.33999999999999997 0.5570999999999986
0.33999999999999997 0.5458999999999986
0.33999999999999997 0.4994999999999991
0.33999999999999997 0.45849999999999924
0.33999999999999997 0.4273000000000001
0.33999999999999997 0.4286
0.33999999999999997 0.40620000000000017
0.33999999999999997 0.38370000000000054
0.33999999999999997 0.3853000000000008
0.33999999999999997 0.39130000000000076
0.33999999999999997 0.3738000000000008
0.33999999999999997 0.3729000000000009
0.33999999999999997 0.3586000000000012
0.33999999999999997 0.3639000000000013
0.33999999999999997 0.3779000000000009
0.33999999999999997 0.4172
0.33999999999999997 0.4252000000000001
0.33999999999999997 0.5957999999999978
0.33999999999999997 0.5280999999999981
0.33999999999999997 0.5330999999999984
0.33999999999999997 0.42730000000000024
0.36 0.45749999999999924
0.36 0.4114999999999999
0.36 0.38580000000000064
0.36 0.4292000000000001
0.36 0.3777000000000008
0.33999999999999997 0.609199999999998
0.33999999999999997 0.6081999999999976
0.33999999999999997 0.6046999999999976
0.33999999999999997 0.6009999999999976
0.33999999999999997 0.5968999999999977
0.33999999999999997 0.569599999999998
0.33999999999999997 0.5298999999999983
0.33999999999999997 0.5201999999999986
0.33999999999999997 0.5054999999999986
0.33999999999999997 0.5073999999999986
0.33999999999999997 0.5089999999999987
0.33999999999999997 0.48069999999999913
0.33999999999999997 0.4549999999999993
0.33999999999999997 0.41280000000000006
0.33999999999999997 0.3977000000000002
0.33999999999999997 0.4352999999999995
0.33999999999999997 0.47719999999999874
0.33999999999999997 0.5504999999999982
0.33999999999999997 0.5322999999999987
0.33999999999999997 0.5200999999999987
0.33999999999999997 0.5081999999999983
0.33999999999999997 0.4663999999999993
0.33999999999999997 0.5092999999999985
0.33999999999999997 0.48439999999999905
0.33999999999999997 0.4611999999999995
0.33999999999999997 0.45019999999999954
0.33999999999999997 0.4779999999999992
0.33999999999999997 0.45079999999999953
0.33999999999999997 0.42769999999999975
0.33999999999999997 0.6065999999999981
0.33999999999999997 0.45099999999999946
0.33999999999999997 0.43359999999999954
0.33999999999999997 0.5321999999999987
0.33999999999999997 0.5164999999999992
0.33999999999999997 0.46449999999999925
0.33999999999999997 0.44629999999999953
0.33999999999999997 0.4822999999999989
0.36 0.586399999999998
0.36 0.4845999999999984
0.36 0.478399999999999
0.33999999999999997 0.5175999999999985
0.33999999999999997 0.5510999999999986
0.33999999999999997 0.5211999999999987
0.33999999999999997 0.5031999999999988
0.33999999999999997 0.4782999999999985
0.33999999999999997 0.4907999999999986
0.33999999999999997 0.4917999999999986
0.33999999999999997 0.45329999999999937
0.33999999999999997 0.4399999999999998
0.33999999999999997 0.4133000000000004
0.33999999999999997 0.3903000000000006
0.33999999999999997 0.3982000000000005
0.33999999999999997 0.3828000000000007
0.33999999999999997 0.37170000000000103
0.33999999999999997 0.3969000000000003
0.33999999999999997 0.37820000000000076
0.33999999999999997 0.372300000000001
0.33999999999999997 0.3624000000000012
0.33999999999999997 0.38190000000000085
0.33999999999999997 0.38530000000000064
0.33999999999999997 0.5414999999999989
0.33999999999999997 0.3955000000000005
0.33999999999999997 0.40770000000000045
0.33999999999999997 0.36920000000000086
0.33999999999999997 0.44780000000000003
0.74 0.7399999999999993
0.74 0.7399999999999993
0.33999999999999997 0.5620999999999986
0.74 0.7399999999999993
0.74 0.7399999999999993
0.74 0.7399999999999993
0.33999999999999997 0.6130999999999983
0.33999999999999997 0.5759999999999985
0.33999999999999997 0.40350000000000025
0.33999999999999997 0.38410000000000055
0.33999999999999997 0.5639999999999986
0.33999999999999997 0.5395999999999982
0.33999999999999997 0.4130000000000002
0.33999999999999997 0.44079999999999925
0.33999999999999997 0.707999999999999
0.74 0.7399999999999993
0.74 0.7399999999999993
0.74 0.7399999999999993
0.74 0.7399999999999993
0.74 0.7385999999999991
0.33999999999999997 0.6999999999999986
0.33999999999999997 0.6548999999999989
0.33999999999999997 0.4910999999999984
0.33999999999999997 0.6291999999999986
0.33999999999999997 0.707999999999999
0.33999999999999997 0.6066999999999987
0.74 0.7399999999999993
0.33999999999999997 0.5060999999999987
0.74 0.7399999999999993
0.74 0.7399999999999993
0.74 0.7399999999999993
0.74 0.7399999999999993
0.74 0.7399999999999993
0.74 0.7399999999999993
0.33999999999999997 0.5551999999999988
0.33999999999999997 0.5044999999999988
0.33999999999999997 0.45269999999999955
0.33999999999999997 0.41500000000000037
0.33999999999999997 0.40180000000000043
0.33999999999999997 0.5111999999999991
0.33999999999999997 0.5046999999999991
0.33999999999999997 0.3898000000000006
0.33999999999999997 0.38760000000000056
0.33999999999999997 0.39810000000000045
0.33999999999999997 0.3598000000000011
0.33999999999999997 0.34910000000000146
0.33999999999999997 0.35880000000000123
0.33999999999999997 0.35120000000000146
0.33999999999999997 0.35350000000000137
0.33999999999999997 0.7099999999999989
0.33999999999999997 0.6134999999999983
0.33999999999999997 0.6154999999999984
0.33999999999999997 0.45719999999999944
0.33999999999999997 0.49839999999999884
0.33999999999999997 0.4686999999999993
0.33999999999999997 0.4576999999999989
0.33999999999999997 0.4186999999999997
0.33999999999999997 0.39720000000000033
0.33999999999999997 0.39580000000000043
0.33999999999999997 0.37250000000000083
0.33999999999999997 0.718599999999999
0.33999999999999997 0.5854999999999985
0.33999999999999997 0.5926999999999985
0.33999999999999997 0.5564999999999987
0.33999999999999997 0.724499999999999
0.33999999999999997 0.7198999999999991
0.74 0.7399999999999993
0.33999999999999997 0.7377999999999993
0.74 0.7399999999999993
0.33999999999999997 0.7044999999999988
0.33999999999999997 0.5436999999999984
0.33999999999999997 0.7379999999999992
0.33999999999999997 0.5275999999999985
0.33999999999999997 0.5936999999999985
0.33999999999999997 0.6851999999999987
0.33999999999999997 0.7215999999999991
0.33999999999999997 0.7259999999999991
0.33999999999999997 0.7252999999999991
0.33999999999999997 0.5520999999999986
0.33999999999999997 0.48899999999999905
0.33999999999999997 0.4517999999999994
0.33999999999999997 0.6495999999999981
0.33999999999999997 0.7259999999999991
0.33999999999999997 0.6912999999999987
0.33999999999999997 0.7319999999999992
0.74 0.7399999999999993
0.74 0.7399999999999993
0.74 0.7399999999999993
0.74 0.7399999999999993
0.74 0.7399999999999993
0.33999999999999997 0.7114999999999989
0.74 0.7399999999999993
0.74 0.7399999999999993
0.74 0.7399999999999993
0.74 0.7399999999999993
0.74 0.7399999999999993
0.74 0.7399999999999993
0.74 0.7399999999999993
0.74 0.7399999999999993
0.74 0.7399999999999993
0.74 0.7399999999999993
0.74 0.7399999999999993
0.74 0.7399999999999993
0.74 0.7399999999999993
0.74 0.7399999999999993
0.74 0.7399999999999993
0.74 0.7399999999999993
0.74 0.7399999999999993
0.74 0.7399999999999993
0.74 0.7399999999999993
0.74 0.7399999999999993
0.74 0.7399999999999993
0.74 0.7399999999999993
0.74 0.7399999999999993
0.74 0.7399999999999993
0.74 0.7399999999999993
0.74 0.7399999999999993
0.74 0.7399999999999993
0.74 0.7399999999999993
0.74 0.7399999999999993
0.74 0.7399999999999993
0.74 0.7399999999999993
0.74 0.7399999999999993
0.74 0.7399999999999993
0.74 0.7399999999999993
0.74 0.7399999999999993
0.74 0.7399999999999993
0.74 0.7399999999999993
0.74 0.7399999999999993
0.74 0.7399999999999993
0.74 0.7399999999999993
0.74 0.7399999999999993
0.74 0.7399999999999993
0.74 0.7399999999999993
0.74 0.7399999999999993
0.74 0.7399999999999993
0.74 0.7399999999999993
0.74 0.7399999999999993
0.74 0.7399999999999993
0.74 0.7399999999999993
0.74 0.7399999999999993
0.74 0.7399999999999993
0.74 0.7399999999999993
0.74 0.7399999999999993
0.74 0.7399999999999993
0.74 0.7399999999999993
0.74 0.7399999999999993
0.74 0.7399999999999993
0.74 0.7399999999999993
0.74 0.7399999999999993
0.74 0.7399999999999993
0.74 0.7399999999999993
0.74 0.7399999999999993
0.74 0.7399999999999993
0.74 0.7399999999999993
0.74 0.7399999999999993
0.74 0.7399999999999993
0.74 0.7399999999999993
0.74 0.7399999999999993
0.74 0.7399999999999993
0.74 0.7399999999999993
0.74 0.7399999999999993
0.74 0.7399999999999993
0.74 0.7399999999999993
0.74 0.7399999999999993
0.74 0.7399999999999993
0.74 0.7399999999999993
0.74 0.7399999999999993
0.74 0.7399999999999993
0.74 0.7399999999999993
0.74 0.7399999999999993
0.74 0.7399999999999993
0.74 0.7399999999999993
0.74 0.7399999999999993
0.74 0.7399999999999993
0.74 0.7399999999999993
0.74 0.7399999999999993
0.74 0.7399999999999993
0.74 0.7399999999999993
0.74 0.7399999999999993
0.74 0.7399999999999993
0.74 0.7399999999999993
0.74 0.7399999999999993
0.74 0.7399999999999993
0.74 0.7399999999999993
0.74 0.7399999999999993
0.74 0.7399999999999993
0.74 0.7399999999999993
0.74 0.7399999999999993
0.74 0.7399999999999993
0.74 0.7399999999999993
0.74 0.7399999999999993
0.74 0.7399999999999993
0.74 0.7399999999999993
0.74 0.7399999999999993
0.74 0.7399999999999993
0.74 0.7399999999999993
0.74 0.7399999999999993
0.74 0.7399999999999993
0.74 0.7399999999999993
0.74 0.7399999999999993
0.74 0.7399999999999993
0.74 0.7399999999999993
0.74 0.7399999999999993
0.74 0.7399999999999993
0.74 0.7399999999999993
0.74 0.7399999999999993
0.74 0.7399999999999993
0.74 0.7411999999999992
0.74 0.7399999999999993
0.74 0.7399999999999993
0.74 0.7399999999999993
0.74 0.7399999999999993
0.74 0.7399999999999993
0.74 0.7399999999999993
0.74 0.7399999999999993
0.74 0.7399999999999993
0.74 0.7399999999999993
0.74 0.7399999999999993
0.74 0.7399999999999993
0.74 0.7399999999999993
0.74 0.7399999999999993
0.74 0.7399999999999993
0.74 0.7399999999999993
0.74 0.7399999999999993
0.74 0.7399999999999993
0.74 0.7399999999999993
0.74 0.7399999999999993
0.74 0.7399999999999993
0.74 0.7399999999999993
0.74 0.7399999999999993
0.74 0.7399999999999993
0.74 0.7399999999999993
0.74 0.7399999999999993
0.74 0.7399999999999993
0.4 0.7334999999999993
0.4 0.7317999999999992
0.4 0.724999999999999
0.74 0.7399999999999993
0.74 0.7399999999999993
0.74 0.7399999999999993
0.74 0.7399999999999993
0.74 0.7399999999999993
0.74 0.7399999999999993
0.74 0.7399999999999993
0.74 0.7399999999999993
0.74 0.7399999999999993
0.4 0.7191999999999991
0.33999999999999997 0.6649999999999978
0.33999999999999997 0.7278999999999991
0.33999999999999997 0.7345999999999993
0.33999999999999997 0.7318999999999991
0.33999999999999997 0.7379999999999992
0.33999999999999997 0.6905999999999984
0.33999999999999997 0.7312999999999991
0.74 0.7399999999999993
0.33999999999999997 0.7071999999999988
0.33999999999999997 0.6667999999999984
0.33999999999999997 0.6884999999999986
0.33999999999999997 0.6084999999999983
0.33999999999999997 0.6811999999999986
0.33999999999999997 0.5678999999999985
0.33999999999999997 0.5370999999999987
0.33999999999999997 0.5188999999999984
0.33999999999999997 0.5013999999999987
0.33999999999999997 0.4808999999999991
0.33999999999999997 0.45959999999999956
0.33999999999999997 0.4505999999999989
0.33999999999999997 0.43039999999999956
0.33999999999999997 0.4133
0.33999999999999997 0.38760000000000056
0.33999999999999997 0.44199999999999984
0.33999999999999997 0.374500000000001
0.33999999999999997 0.38150000000000084
0.33999999999999997 0.40850000000000025
0.33999999999999997 0.37800000000000084
0.33999999999999997 0.4199999999999999
0.33999999999999997 0.3877000000000006
0.33999999999999997 0.3769000000000009
0.33999999999999997 0.3933000000000007
0.33999999999999997 0.3628000000000011
0.33999999999999997 0.370900000000001
0.33999999999999997 0.3691000000000011
0.33999999999999997 0.370200000000001
0.33999999999999997 0.37230000000000096
0.33999999999999997 0.3657000000000011
0.33999999999999997 0.3997000000000005
0.33999999999999997 0.37920000000000087
0.33999999999999997 0.378100000000001
0.33999999999999997 0.36950000000000105
0.33999999999999997 0.3628000000000011
0.33999999999999997 0.370400000000001
0.33999999999999997 0.37170000000000103
0.33999999999999997 0.45349999999999996
0.33999999999999997 0.3812000000000006
0.33999999999999997 0.4367999999999999
0.33999999999999997 0.46129999999999965
0.74 0.7399999999999993
0.33999999999999997 0.6793999999999984
0.33999999999999997 0.7190999999999989
0.33999999999999997 0.46879999999999955
0.33999999999999997 0.5609999999999987
0.33999999999999997 0.6308999999999981
0.33999999999999997 0.5325999999999991
0.33999999999999997 0.4571999999999998
0.33999999999999997 0.5485999999999988
0.33999999999999997 0.47579999999999956
0.33999999999999997 0.41370000000000035
