0.84 0.4151199999999975
0.84 0.45360999999999907
0.84 0.4818900000000007
0.87 0.5075600000000007
0.96 0.5323000000000039
0.96 0.5598700000000054
0.96 0.5962600000000012
0.96 0.6152599999999983
0.96 0.6348600000000009
0.97 0.6466400000000008
0.97 0.6686700000000013
0.97 0.6842200000000016
0.97 0.6787700000000011
0.97 0.6920400000000015
1.0 0.6951800000000015
1.0 0.696220000000001
1.0 0.702309999999999
1.0 0.7030999999999978
1.0 0.7176899999999954
1.0 0.7239599999999926
1.0 0.7277399999999926
1.0 0.7289499999999933
1.0 0.7413499999999904
1.0 0.7351099999999924
1.0 0.7343899999999921
1.0 0.7370899999999918
1.0 0.7481899999999884
1.0 0.7537299999999872
1.0 0.7566699999999871
1.0 0.7518399999999904
1.0 0.7609199999999888
1.0 0.7648799999999887
1.0 0.7756699999999868
1.0 0.7734699999999868
1.0 0.7876199999999899
1.0 0.7955399999999911
1.0 0.7920799999999888
1.0 0.8120699999999921
1.0 0.8088899999999912
1.0 0.8097999999999939
1.0 0.8060299999999929
1.0 0.8155799999999945
1.0 0.8204299999999967
1.0 0.8148799999999957
1.0 0.814569999999996
1.0 0.8207599999999953
1.0 0.8268199999999967
1.0 0.8187199999999932
1.0 0.828499999999996
1.0 0.8294099999999972
1.0 0.8237899999999967
1.0 0.8289699999999977
1.0 0.8418599999999965
1.0 0.8546099999999942
1.0 0.8624199999999916
1.0 0.8544599999999938
1.0 0.8535999999999939
1.0 0.8617299999999914
1.0 0.8684299999999927
1.0 0.8652699999999934
1.0 0.8583499999999918
1.0 0.847949999999993
1.0 0.8474799999999946
1.0 0.8449999999999985
1.0 0.8506699999999928
1.0 0.8621699999999939
1.0 0.8670799999999935
1.0 0.8612799999999922
1.0 0.8577199999999909
1.0 0.8568499999999928
1.0 0.8521799999999925
1.0 0.8622199999999927
1.0 0.8645699999999932
1.0 0.8612999999999957
1.0 0.8528299999999979
1.0 0.8599099999999968
1.0 0.8625399999999942
1.0 0.8593699999999956
1.0 0.8463999999999955
1.0 0.8504399999999946
1.0 0.8618999999999941
1.0 0.8664399999999957
1.0 0.862439999999994
1.0 0.8479199999999987
1.0 0.8375499999999954
1.0 0.8492799999999938
1.0 0.8585499999999942
1.0 0.865829999999998
1.0 0.8713599999999989
1.0 0.8656599999999958
1.0 0.8504599999999966
1.0 0.8506699999999969
1.0 0.8477299999999958
1.0 0.8406999999999968
1.0 0.8446899999999947
1.0 0.8622699999999965
1.0 0.8583399999999952
1.0 0.8570699999999966
1.0 0.8610799999999983
1.0 0.8494599999999971
