0.89 0.44091999999999537
0.89 0.4811299999999976
0.91 0.5143499999999965
0.94 0.5440199999999972
0.94 0.5652099999999974
0.94 0.5857699999999959
0.96 0.6065899999999965
0.96 0.6162999999999972
0.96 0.6402699999999968
0.96 0.6640199999999973
0.96 0.6841099999999948
0.96 0.6966599999999956
0.97 0.7010299999999956
0.98 0.7156499999999987
0.98 0.7192399999999997
0.98 0.7305600000000044
0.98 0.7411400000000059
0.99 0.7399900000000054
0.99 0.746680000000008
0.99 0.7420000000000071
0.99 0.7462400000000091
0.99 0.7516800000000075
0.99 0.7639100000000094
0.99 0.7704400000000098
0.99 0.7673800000000073
0.99 0.7796600000000102
0.99 0.7832400000000099
0.99 0.7879600000000094
0.99 0.793690000000009
0.99 0.8045200000000088
0.99 0.807700000000007
0.99 0.8012300000000081
0.99 0.8041800000000088
0.99 0.8116900000000082
0.99 0.8108400000000068
0.99 0.8138300000000055
0.99 0.8185300000000064
0.99 0.8158200000000055
0.99 0.8129800000000027
0.99 0.8146900000000054
0.99 0.8261100000000059
0.99 0.8295900000000065
0.99 0.8275800000000043
0.99 0.8411700000000046
0.99 0.8320600000000044
0.99 0.8350600000000061
0.99 0.8393400000000049
0.99 0.8386200000000053
0.99 0.8445900000000043
0.99 0.8474800000000032
0.99 0.8437400000000049
0.99 0.8477000000000058
0.99 0.8418700000000047
0.99 0.8455400000000038
0.99 0.8470600000000056
0.99 0.8534400000000031
0.99 0.8533700000000016
0.99 0.8619499999999992
0.99 0.8680799999999984
0.99 0.859499999999998
0.99 0.8561600000000001
0.99 0.851640000000004
0.99 0.8305000000000063
0.99 0.8343500000000069
0.99 0.8380500000000047
0.99 0.8444300000000053
0.99 0.8411800000000059
0.99 0.8370700000000068
0.99 0.8447600000000058
0.99 0.8379000000000054
0.99 0.8537000000000049
0.99 0.8529000000000019
0.99 0.8565000000000013
0.99 0.8543000000000034
0.99 0.8439900000000047
0.99 0.8430000000000069
0.99 0.8585800000000051
0.99 0.8570600000000017
0.99 0.8665599999999963
0.99 0.8704699999999965
0.99 0.8724499999999953
0.99 0.8752999999999952
0.99 0.863369999999998
0.99 0.8636299999999992
0.99 0.846920000000003
0.99 0.8500300000000036
0.99 0.8490600000000018
0.99 0.8488000000000063
0.99 0.8404700000000056
0.99 0.8436500000000065
0.99 0.8480000000000047
0.99 0.8486700000000044
0.99 0.8425000000000046
0.99 0.8360400000000042
0.99 0.8454700000000029
0.99 0.8514400000000011
0.99 0.8435600000000028
0.99 0.8601100000000005
0.99 0.865770000000001
0.99 0.8457400000000027
