0.35 0.3500000000000004
0.35 0.3500000000000004
0.45 0.3515000000000004
0.68 0.3660500000000002
0.69 0.3757500000000001
0.75 0.40749999999999936
0.75 0.458099999999998
0.75 0.5195999999999976
0.96 0.61005
0.68 0.35405000000000053
0.66 0.3463500000000005
0.67 0.3658500000000007
0.67 0.4507999999999984
0.66 0.48094999999999843
0.69 0.548999999999998
0.69 0.5993499999999989
0.68 0.4554000000000001
0.66 0.4870000000000009
0.66 0.5019500000000011
0.66 0.49775000000000097
0.65 0.3986499999999989
0.66 0.42139999999999816
0.61 0.3505500000000002
0.59 0.37894999999999934
0.59 0.3733499999999995
0.59 0.40159999999999874
0.66 0.4165499999999988
0.66 0.46184999999999965
0.66 0.5860999999999986
0.66 0.5435500000000011
0.66 0.6114500000000005
0.66 0.616500000000001
0.66 0.6415999999999998
0.66 0.6536999999999987
0.66 0.6485499999999985
0.66 0.649049999999998
0.66 0.6534499999999978
0.66 0.6516499999999976
0.66 0.6474999999999977
0.66 0.6571999999999977
0.66 0.6532999999999981
0.66 0.6546499999999976
0.66 0.5797499999999993
0.66 0.6165499999999989
0.66 0.647749999999998
0.66 0.6461999999999982
0.66 0.6511999999999979
0.66 0.6462999999999979
0.66 0.6581499999999975
0.66 0.6503999999999976
0.66 0.6539499999999976
0.66 0.6585999999999976
0.66 0.6556499999999977
0.47 0.3288000000000001
0.66 0.3454999999999999
0.59 0.36009999999999975
0.65 0.47255000000000047
0.75 0.5052000000000006
0.92 0.5241000000000006
0.92 0.5670000000000005
0.96 0.6628500000000003
0.96 0.6797499999999999
0.96 0.7090499999999988
0.92 0.5897000000000002
0.92 0.5974500000000004
0.92 0.625600000000001
0.72 0.5365000000000001
0.63 0.43704999999999977
0.79 0.5512499999999999
0.8 0.5892999999999996
0.8 0.6235000000000002
0.86 0.6747499999999996
0.84 0.7155499999999999
0.86 0.7441500000000002
0.86 0.7561500000000005
0.91 0.8094500000000009
0.91 0.8380999999999994
0.94 0.8475999999999996
0.97 0.85595
0.98 0.8691500000000009
0.98 0.9018999999999988
0.63 0.5884999999999985
0.63 0.5513000000000006
0.64 0.5116000000000006
0.98 0.8917500000000013
0.98 0.9277999999999984
0.98 0.947499999999997
0.94 0.8465499999999976
0.94 0.7849000000000015
0.98 0.9099000000000007
0.8 0.4484500000000003
0.92 0.7757000000000004
0.88 0.48150000000000054
0.93 0.8141499999999996
0.95 0.8219999999999992
0.94 0.8716500000000011
0.94 0.8758000000000017
0.94 0.8858000000000016
0.94 0.8968500000000013
0.94 0.8830500000000007
0.94 0.6706000000000006
0.94 0.7624500000000008
0.94 0.8396000000000007
0.94 0.8627000000000009
0.94 0.8985500000000005
0.94 0.9067000000000013
0.94 0.8204500000000006
0.94 0.8774500000000016
0.92 0.773099999999999
0.92 0.8245499999999992
0.92 0.8527000000000001
0.93 0.8639000000000019
0.94 0.8811000000000017
0.94 0.8851500000000008
0.94 0.89575
0.93 0.8746500000000031
0.93 0.8724000000000022
0.94 0.8857999999999981
0.94 0.9010999999999976
0.94 0.9151999999999978
0.94 0.8960499999999973
0.94 0.9070999999999979
0.94 0.910349999999998
0.94 0.9161999999999996
0.94 0.9075999999999997
0.94 0.9160000000000009
0.94 0.9238500000000005
0.94 0.9246500000000006
0.94 0.9266499999999996
0.94 0.9256999999999992
0.94 0.9336
0.94 0.9327999999999996
0.94 0.9343499999999998
0.94 0.935149999999999
0.94 0.9327499999999987
0.94 0.9332999999999988
0.94 0.9291499999999989
0.94 0.7978000000000006
0.94 0.9337499999999983
0.94 0.9286999999999985
0.94 0.9313999999999987
0.94 0.9377499999999986
0.94 0.9335499999999984
0.94 0.9375999999999983
0.94 0.8321
0.94 0.8703999999999997
0.94 0.9278999999999982
0.94 0.9305999999999982
0.94 0.9368999999999985
0.94 0.9376999999999989
0.94 0.9392999999999984
0.94 0.9355999999999984
0.94 0.9316499999999988
0.94 0.9362999999999984
0.94 0.9336999999999983
0.94 0.9304499999999986
0.95 0.9300499999999987
0.95 0.9336499999999986
0.95 0.9354499999999983
0.95 0.9322999999999985
0.95 0.9374499999999985
0.95 0.9354999999999984
0.95 0.9366999999999988
0.95 0.9419499999999994
0.96 0.94
0.96 0.9447000000000005
0.94 0.9236000000000034
0.96 0.9379000000000004
0.94 0.9302500000000031
0.96 0.9445500000000002
0.94 0.9224500000000038
0.94 0.9266500000000019
0.94 0.9279500000000013
0.94 0.9257499999999999
0.94 0.9362999999999991
0.94 0.9334499999999987
0.94 0.9367999999999985
0.94 0.9350999999999984
0.94 0.9362999999999987
0.94 0.9354999999999984
0.94 0.9358499999999986
0.88 0.7097500000000023
0.88 0.7273500000000013
0.94 0.7445499999999997
0.94 0.7745999999999995
0.94 0.7894499999999998
0.94 0.8130500000000004
0.94 0.8361000000000004
0.94 0.8524500000000002
0.94 0.86185
0.94 0.8741000000000002
0.94 0.8994499999999994
0.94 0.9117999999999984
0.9 0.8830999999999992
0.94 0.9215999999999983
0.94 0.9196999999999983
0.94 0.9316499999999983
0.94 0.9307500000000002
0.94 0.9295499999999984
0.94 0.9245999999999991
0.94 0.9318499999999987
0.94 0.9347499999999984
0.94 0.930449999999999
0.94 0.9329499999999987
0.94 0.9245999999999982
0.94 0.9315499999999989
0.66 0.6535499999999979
0.66 0.6543499999999979
0.66 0.6359000000000005
0.66 0.6478999999999975
0.66 0.6575499999999975
0.66 0.6543499999999978
0.66 0.6518499999999976
0.66 0.6542499999999976
0.66 0.6389000000000004
0.66 0.6405000000000001
0.94 0.9125499999999986
0.94 0.9167999999999982
0.94 0.918599999999998
0.94 0.925299999999998
0.94 0.9276499999999982
0.94 0.9326499999999978
0.94 0.9329499999999986
0.94 0.9364499999999985
0.66 0.6371000000000006
0.94 0.9343499999999981
0.66 0.6376500000000003
0.66 0.6425
0.66 0.6446000000000004
0.66 0.6453000000000005
0.66 0.6520000000000001
0.66 0.6491999999999989
0.66 0.6563499999999983
0.66 0.6573499999999978
0.66 0.6589999999999976
0.66 0.6585499999999975
0.66 0.6590499999999977
0.66 0.6588999999999977
0.66 0.6552999999999974
0.66 0.6522999999999974
0.66 0.6577999999999976
0.66 0.6580499999999975
0.66 0.6566999999999975
0.66 0.6569499999999975
0.66 0.6567499999999977
0.66 0.6592499999999977
0.66 0.6571499999999976
0.94 0.8341999999999988
0.94 0.8732999999999991
0.94 0.8955499999999994
0.66 0.6473499999999978
0.72 0.6521499999999976
0.66 0.6519499999999977
0.94 0.8979999999999992
0.94 0.9124499999999982
0.94 0.923749999999998
0.94 0.9315499999999984
0.94 0.9361999999999981
0.94 0.9349499999999982
0.94 0.9244499999999982
0.94 0.9362999999999984
0.94 0.9373499999999986
0.87 0.6828999999999991
0.94 0.9217499999999987
0.82 0.5709499999999994
0.9 0.8185500000000013
0.94 0.9169499999999985
0.94 0.9220999999999983
0.93 0.8362500000000012
0.93 0.8496500000000005
0.94 0.9275999999999986
0.93 0.8536500000000004
0.95 0.9293999999999987
0.95 0.9370999999999987
0.95 0.9360999999999984
0.95 0.9320499999999984
0.95 0.9319499999999984
0.95 0.9329999999999985
0.94 0.8686000000000023
0.94 0.8801500000000021
0.95 0.8975500000000015
0.95 0.9138000000000013
0.95 0.9184000000000005
0.95 0.9197000000000004
0.95 0.9313499999999998
0.95 0.9367999999999991
0.95 0.9372499999999985
0.95 0.9389999999999982
0.95 0.937799999999998
0.95 0.9281499999999987
0.95 0.931999999999999
0.95 0.9430499999999995
0.95 0.9391499999999999
0.95 0.9395000000000006
0.95 0.9368000000000001
0.95 0.9442499999999991
0.95 0.9428999999999982
0.95 0.9464499999999978
0.95 0.9475999999999979
0.95 0.9359499999999988
0.95 0.9340999999999987
0.95 0.9456999999999983
0.95 0.9411499999999985
0.95 0.9407499999999982
0.95 0.9424999999999981
0.95 0.9431499999999979
0.95 0.9351499999999983
0.95 0.9414999999999981
0.95 0.9410499999999982
0.95 0.9413999999999983
0.95 0.9449999999999982
0.95 0.9450999999999979
0.95 0.9419499999999981
0.95 0.9442500000000007
0.66 0.644950000000001
0.66 0.647200000000002
0.66 0.6452500000000023
0.66 0.647600000000002
0.66 0.6550000000000011
0.66 0.6553499999999994
0.66 0.6564999999999985
0.66 0.6506499999999977
0.66 0.6501499999999978
0.66 0.6516499999999975
0.66 0.6555499999999976
0.66 0.6579999999999977
0.66 0.6598999999999974
0.66 0.6559499999999975
0.66 0.6506499999999977
0.66 0.6595499999999975
0.66 0.6597499999999974
0.66 0.6592999999999976
0.66 0.6586999999999975
0.66 0.6570999999999976
0.66 0.6588999999999975
0.66 0.6556499999999977
0.66 0.6505499999999977
0.66 0.6557499999999977
0.66 0.6562999999999977
0.66 0.6521499999999976
0.66 0.6599499999999975
0.66 0.6599499999999975
0.66 0.6598999999999974
0.66 0.6583999999999977
0.66 0.6577499999999974
0.66 0.64989999999