0.78 0.4076199999999971
0.81 0.44559999999999855
0.87 0.47992999999999914
0.87 0.4987299999999989
0.92 0.5380800000000017
0.94 0.5582500000000031
0.95 0.5745100000000015
0.95 0.6043300000000003
0.95 0.6226799999999989
0.96 0.6428800000000007
0.96 0.6575299999999996
0.97 0.6677999999999994
0.97 0.6792999999999986
0.97 0.6959699999999964
0.97 0.7034999999999959
0.97 0.7090599999999991
0.97 0.7093799999999985
0.97 0.7202099999999991
0.97 0.7287500000000021
0.97 0.7293400000000019
0.97 0.7409100000000043
0.97 0.7534000000000054
0.97 0.7567300000000071
0.97 0.7714200000000079
0.97 0.7721200000000076
0.97 0.7721700000000085
0.97 0.7748500000000074
0.97 0.7673400000000079
0.97 0.7616200000000087
0.97 0.7690000000000061
0.97 0.7722100000000066
0.97 0.7858400000000063
0.97 0.7839300000000066
0.97 0.7843700000000051
0.97 0.790390000000005
0.97 0.7846500000000051
0.98 0.7930000000000041
0.98 0.7964500000000037
0.98 0.8018300000000037
0.98 0.8064400000000019
0.98 0.8029100000000015
0.98 0.8095700000000017
0.98 0.8146200000000009
0.98 0.823180000000003
0.98 0.8216100000000027
0.98 0.8348100000000034
0.98 0.841170000000002
0.98 0.8452600000000021
0.98 0.8469500000000009
0.98 0.8526899999999996
0.98 0.853090000000001
0.98 0.8702699999999965
0.98 0.8726499999999949
0.98 0.8768899999999954
0.98 0.8665299999999961
0.98 0.8648099999999965
0.98 0.8710499999999949
0.98 0.8684599999999948
0.98 0.8802999999999954
0.98 0.8830099999999946
0.98 0.8720699999999948
0.98 0.8721499999999964
0.98 0.8725199999999973
0.98 0.8786499999999974
0.98 0.8809299999999965
0.98 0.8784199999999978
0.98 0.8757699999999985
0.98 0.8750099999999982
0.98 0.8741799999999974
0.98 0.8771499999999955
0.98 0.8809199999999974
0.98 0.8853699999999962
0.98 0.8836099999999957
0.98 0.8883299999999964
0.98 0.8839699999999983
0.98 0.8838999999999977
0.98 0.8816599999999981
0.98 0.8944899999999999
0.98 0.8938400000000002
0.98 0.8816199999999974
0.98 0.8819199999999976
0.98 0.8806599999999969
0.98 0.8767899999999976
0.98 0.8814499999999975
0.98 0.8807899999999979
0.98 0.8812699999999961
0.98 0.8745099999999952
0.98 0.8839999999999973
0.98 0.8872599999999989
0.98 0.8745199999999963
0.98 0.8694299999999971
0.98 0.8833299999999994
0.98 0.8844699999999991
0.98 0.8772799999999967
0.98 0.8807399999999972
0.98 0.8854599999999997
0.98 0.8927699999999998
0.98 0.8876300000000005
0.98 0.8843199999999994
0.98 0.8890299999999987
