0.86 0.3950799999999974
0.88 0.4388899999999992
0.88 0.4696800000000014
0.89 0.5087400000000003
0.95 0.5290299999999997
0.97 0.5568399999999993
0.97 0.5826499999999908
0.97 0.5987599999999944
0.97 0.6094799999999966
0.97 0.6268999999999937
0.97 0.6440199999999948
0.98 0.6432799999999937
0.98 0.6625799999999953
0.98 0.6777399999999963
0.98 0.6831799999999935
0.98 0.6832399999999932
0.98 0.6904299999999904
0.98 0.6851599999999911
0.98 0.7068499999999973
0.98 0.7169099999999984
0.98 0.7234100000000007
0.98 0.7198100000000018
0.98 0.7139700000000027
0.98 0.728090000000001
0.98 0.7321800000000013
0.98 0.7346700000000016
0.98 0.7369200000000025
0.98 0.7369500000000003
0.98 0.7455000000000026
0.98 0.7513500000000051
0.98 0.7475000000000056
0.98 0.7489800000000039
0.98 0.7485000000000057
0.98 0.7493400000000056
0.98 0.7478800000000039
0.98 0.7550100000000037
0.98 0.7469000000000009
0.98 0.7401700000000012
0.98 0.7364100000000028
0.98 0.7464100000000031
0.98 0.7605300000000076
0.98 0.7605300000000045
0.98 0.7746400000000078
0.98 0.7688600000000074
0.98 0.7808300000000062
0.98 0.7794500000000052
0.98 0.7687100000000054
0.98 0.7705500000000057
0.98 0.7793000000000078
0.98 0.7892900000000063
0.98 0.785270000000006
0.98 0.7953700000000051
0.98 0.7963500000000059
0.98 0.8042300000000052
0.98 0.7997400000000048
0.98 0.7941800000000059
0.98 0.7996400000000019
0.98 0.7950000000000051
0.98 0.8103300000000009
0.98 0.8088200000000026
0.98 0.8100500000000046
0.98 0.8101300000000051
0.98 0.817480000000003
0.98 0.8115700000000016
0.98 0.8246500000000044
0.98 0.8250300000000017
0.98 0.819690000000003
0.98 0.828990000000003
0.98 0.8283100000000034
0.98 0.838490000000003
0.98 0.8336500000000049
0.98 0.830280000000003
0.98 0.8380400000000036
0.98 0.8328200000000037
0.98 0.8370000000000033
0.98 0.840100000000004
0.98 0.8390200000000038
0.98 0.8350500000000044
0.98 0.8378200000000027
0.98 0.8351800000000014
0.98 0.8365299999999992
0.98 0.848280000000001
0.98 0.8379400000000014
0.98 0.8261200000000027
0.98 0.8269200000000027
0.98 0.8450300000000006
0.98 0.8528399999999997
0.98 0.857760000000001
0.98 0.8679200000000031
0.98 0.8606700000000027
0.98 0.8604600000000042
0.98 0.8552100000000038
0.98 0.8572800000000055
0.98 0.8443900000000055
0.98 0.8377700000000045
0.98 0.8441900000000035
0.98 0.8466900000000034
0.98 0.8399900000000049
0.98 0.8530800000000046
0.98 0.8476100000000029
