0.68 0.38265000000000027
0.68 0.43059999999999926
0.84 0.4558999999999999
0.81 0.42894999999999883
0.72 0.4318999999999996
0.68 0.3988999999999988
0.68 0.4039499999999989
0.7 0.40489999999999854
0.76 0.38684999999999903
0.94 0.4138499999999991
0.68 0.42140000000000005
0.77 0.44274999999999987
0.69 0.4431500000000001
0.68 0.4025499999999996
0.68 0.4399000000000003
0.85 0.46455000000000135
0.8 0.3923499999999993
0.84 0.4144
0.68 0.3903999999999996
0.68 0.37829999999999947
0.68 0.39439999999999964
0.68 0.3843499999999996
0.68 0.3918499999999996
0.68 0.41425000000000006
0.68 0.3818499999999997
0.68 0.3869499999999998
0.68 0.39724999999999994
0.68 0.3911
0.76 0.43130000000000024
0.76 0.43125000000000036
0.76 0.48540000000000155
0.79 0.5311500000000016
0.81 0.5792000000000015
0.86 0.5387000000000006
0.81 0.645300000000001
0.79 0.655100000000001
0.81 0.6584000000000017
0.8 0.5699999999999998
0.88 0.6193999999999992
0.89 0.6477499999999994
0.88 0.6988500000000009
0.86 0.6663000000000011
0.86 0.5354000000000007
0.87 0.6471000000000009
0.92 0.6853000000000005
0.92 0.67605
0.92 0.6244500000000012
0.83 0.6465500000000008
0.92 0.6690000000000018
0.92 0.7061000000000015
0.94 0.7124000000000015
