0.77 0.40505999999999986
0.84 0.43626000000000004
0.84 0.4616800000000004
0.9 0.5009000000000025
0.91 0.5310100000000004
0.91 0.5473600000000003
0.94 0.5700399999999991
0.94 0.5944499999999955
0.95 0.6117799999999979
0.97 0.6248999999999983
0.97 0.643810000000002
0.97 0.657420000000003
0.97 0.6655200000000049
0.97 0.6828900000000027
0.97 0.687270000000003
0.98 0.6832000000000028
0.98 0.6913000000000017
0.98 0.6947200000000011
0.98 0.7113299999999997
0.98 0.7064999999999998
0.98 0.7125499999999988
0.98 0.703289999999999
0.98 0.7175099999999976
0.98 0.7167499999999958
0.98 0.7110299999999986
0.98 0.7131399999999988
0.98 0.7150799999999974
0.98 0.7246199999999963
0.98 0.7190199999999971
0.98 0.734479999999995
0.98 0.734289999999996
0.98 0.7353399999999939
0.98 0.7407399999999935
0.99 0.7529099999999909
0.99 0.7556899999999911
0.99 0.7602199999999902
0.99 0.7622999999999889
0.99 0.7591799999999914
0.99 0.7788999999999913
0.99 0.7841799999999931
0.99 0.788759999999992
0.99 0.777989999999994
0.99 0.7782899999999957
0.99 0.7829799999999939
0.99 0.7936599999999917
0.99 0.802179999999994
0.99 0.7977099999999934
0.99 0.7889899999999945
0.99 0.7942399999999925
0.99 0.804119999999993
0.99 0.8057499999999905
0.99 0.7962699999999933
0.99 0.8102099999999921
0.99 0.8188299999999965
0.99 0.8159799999999952
0.99 0.814469999999995
0.99 0.8108199999999957
0.99 0.8185099999999988
0.99 0.8297799999999971
0.99 0.8040299999999939
0.99 0.8069399999999942
0.99 0.8141999999999958
0.99 0.818689999999997
0.99 0.8299299999999957
0.99 0.828189999999996
0.99 0.8340899999999943
0.99 0.8353099999999944
0.99 0.8345599999999948
0.99 0.8271899999999968
0.99 0.8258299999999973
0.99 0.8322299999999985
0.99 0.8401099999999976
0.99 0.8343499999999984
0.99 0.8402199999999966
0.99 0.8345299999999971
0.99 0.834219999999997
0.99 0.8262499999999962
0.99 0.8415699999999955
0.99 0.846859999999995
0.99 0.8424899999999946
0.99 0.8450099999999953
0.99 0.848679999999995
0.99 0.8427199999999944
0.99 0.8477399999999927
0.99 0.8501799999999943
0.99 0.851409999999996
0.99 0.8483599999999938
0.99 0.8464799999999947
0.99 0.8592699999999958
0.99 0.8631799999999914
0.99 0.8680499999999891
0.99 0.862409999999991
0.99 0.8627799999999903
0.99 0.8591099999999903
0.99 0.8562099999999899
0.99 0.8599999999999903
0.99 0.8632699999999903
0.99 0.8625299999999896
0.99 0.8579399999999907
0.99 0.8523599999999908
