0.81 0.42203000000000385
0.86 0.4707200000000055
0.86 0.5029900000000024
0.86 0.5348700000000036
0.97 0.5694100000000019
0.97 0.5902700000000018
0.97 0.6129600000000003
0.97 0.6390300000000044
0.97 0.650270000000005
0.97 0.6612400000000054
0.97 0.6628500000000059
0.97 0.6674600000000055
0.97 0.6831600000000003
0.97 0.6835999999999997
0.97 0.6893299999999996
0.97 0.7073699999999982
0.98 0.708669999999997
0.98 0.7196399999999945
0.98 0.7325699999999928
0.98 0.7465499999999888
0.98 0.7559899999999876
0.98 0.7675599999999874
0.98 0.7564199999999872
0.98 0.7578099999999877
0.98 0.7577699999999881
0.98 0.7679299999999907
0.99 0.7717799999999914
0.99 0.7809699999999906
0.99 0.783239999999991
0.99 0.7984599999999941
0.99 0.8118599999999949
0.99 0.8008399999999968
0.99 0.7881099999999992
0.99 0.7950599999999955
0.99 0.791809999999996
0.99 0.7967399999999935
0.99 0.8028499999999934
0.99 0.813939999999995
0.99 0.812009999999995
0.99 0.8039199999999944
0.99 0.8101099999999942
0.99 0.8189599999999965
0.99 0.8282599999999973
0.99 0.8116899999999946
0.99 0.8185799999999951
0.99 0.8149099999999966
0.99 0.8170899999999972
0.99 0.8280299999999945
0.99 0.8162899999999976
0.99 0.8297599999999977
0.99 0.8251799999999985
0.99 0.8305699999999988
0.99 0.8240099999999986
0.99 0.8350199999999975
0.99 0.844749999999997
0.99 0.8476999999999967
0.99 0.8370999999999963
0.99 0.8477399999999952
0.99 0.8488799999999939
0.99 0.8369199999999946
0.99 0.8585299999999929
0.99 0.8656799999999923
0.99 0.8590599999999964
0.99 0.8568899999999939
0.99 0.8655799999999938
0.99 0.858039999999995
0.99 0.8481499999999935
0.99 0.8515299999999926
0.99 0.8474099999999923
0.99 0.8558499999999932
0.99 0.8626299999999952
0.99 0.8615799999999958
0.99 0.858909999999993
0.99 0.856869999999994
0.99 0.864879999999994
0.99 0.8594399999999939
0.99 0.860999999999995
0.99 0.8495199999999934
0.99 0.866659999999992
0.99 0.8663299999999923
0.99 0.8616399999999933
0.99 0.865899999999995
0.99 0.8561599999999957
0.99 0.8632499999999946
0.99 0.8610299999999946
0.99 0.8626999999999959
0.99 0.8635899999999959
0.99 0.8631899999999981
0.99 0.8621199999999977
0.99 0.8666699999999952
0.99 0.8702999999999959
0.99 0.8836099999999985
0.99 0.8922300000000001
0.99 0.8867999999999976
0.99 0.8702999999999949
0.99 0.868019999999995
0.99 0.8681999999999939
0.99 0.8792099999999953
0.99 0.8700299999999949
0.99 0.8720499999999949
