0.7 0.7000000000000008
0.7 0.7000000000000008
0.7 0.7000000000000008
0.6799999999999999 0.699000000000001
0.6799999999999999 0.6989000000000009
0.62 0.6920000000000011
0.62 0.6847000000000011
0.52 0.6763000000000011
0.38 0.6551000000000008
0.38 0.6277000000000007
0.38 0.5698000000000011
0.36 0.5743999999999998
0.26 0.6156000000000016
0.19999999999999996 0.5523000000000009
0.19999999999999996 0.5074000000000006
0.36 0.48470000000000046
0.30000000000000004 0.46159999999999946
0.21999999999999997 0.4274999999999999
0.21999999999999997 0.43160000000000004
0.12 0.4196999999999996
0.14 0.44939999999999947
0.14 0.43119999999999997
0.12 0.38799999999999973
0.24 0.42470000000000013
0.28 0.4249999999999997
0.19999999999999996 0.3712
0.26 0.4201999999999998
0.06000000000000005 0.3845999999999996
0.040000000000000036 0.43879999999999975
0.36 0.4202000000000002
0.21999999999999997 0.46669999999999967
0.36 0.43110000000000015
0.36 0.4125000000000001
0.36 0.39049999999999996
0.36 0.3840000000000002
0.36 0.37600000000000044
0.21999999999999997 0.3671000000000004
0.21999999999999997 0.3631
0.36 0.4598000000000004
0.06000000000000005 0.3446999999999999
0.06000000000000005 0.35689999999999983
0.06000000000000005 0.3093999999999999
0.06000000000000005 0.36900000000000027
0.06000000000000005 0.32080000000000014
0.06000000000000005 0.26679999999999987
0.06000000000000005 0.2038999999999999
0.06000000000000005 0.13970000000000005
0.06000000000000005 0.13940000000000002
0.06000000000000005 0.10930000000000022
0.06000000000000005 0.08490000000000031
0.06000000000000005 0.07390000000000031
0.06000000000000005 0.06870000000000029
0.06000000000000005 0.0688000000000003
0.06000000000000005 0.0691000000000003
0.06000000000000005 0.08350000000000027
0.06000000000000005 0.06450000000000031
0.06000000000000005 0.0643000000000003
0.06000000000000005 0.19190000000000013
0.06000000000000005 0.0652000000000003
0.06000000000000005 0.06390000000000033
0.06000000000000005 0.10300000000000019
0.06000000000000005 0.07750000000000029
0.06000000000000005 0.0706000000000003
0.06000000000000005 0.0751000000000003
0.06000000000000005 0.06260000000000034
0.06000000000000005 0.06430000000000032
0.06000000000000005 0.06560000000000032
0.06000000000000005 0.06720000000000033
0.06000000000000005 0.07430000000000031
0.06000000000000005 0.07050000000000031
0.06000000000000005 0.06750000000000032
0.06000000000000005 0.0653000000000003
0.06000000000000005 0.06770000000000033
0.06000000000000005 0.07400000000000033
0.36 0.36509999999999954
0.06000000000000005 0.07380000000000031
0.06000000000000005 0.06370000000000033
0.06000000000000005 0.06700000000000028
0.06000000000000005 0.06520000000000033
0.06000000000000005 0.06440000000000033
0.36 0.3611999999999995
0.06000000000000005 0.0684000000000003
0.06000000000000005 0.06520000000000033
0.06000000000000005 0.07410000000000032
0.06000000000000005 0.07630000000000031
0.06000000000000005 0.07870000000000033
0.06000000000000005 0.07160000000000033
0.36 0.3611999999999995
0.06000000000000005 0.07280000000000031
0.36 0.3654999999999996
0.06000000000000005 0.07040000000000031
0.06000000000000005 0.07130000000000032
0.06000000000000005 0.07120000000000032
0.06000000000000005 0.09100000000000026
0.06000000000000005 0.07830000000000031
0.36 0.36339999999999956
0.36 0.36389999999999956
0.36 0.36419999999999964
0.36 0.3599999999999996
0.36 0.3599999999999996
0.36 0.36229999999999957
0.36 0.36359999999999965
0.36 0.3658999999999996
0.36 0.36699999999999966
0.36 0.5324999999999988
0.43999999999999995 0.5872000000000003
0.4 0.5619000000000001
0.4 0.5252000000000008
0.4 0.497500000000001
0.4 0.4667000000000004
0.4 0.4446999999999995
0.4 0.42869999999999847
0.4 0.4148999999999987
0.4 0.3866999999999997
0.4 0.3981999999999994
0.4 0.39199999999999946
0.4 0.3851999999999998
0.45999999999999996 0.4262999999999995
0.45999999999999996 0.4279999999999994
0.42000000000000004 0.40330000000000077
0.42000000000000004 0.40060000000000073
0.45999999999999996 0.4364999999999993
0.36 0.36559999999999965
0.36 0.3612999999999995
0.45999999999999996 0.43129999999999946
0.45999999999999996 0.4287999999999994
0.45999999999999996 0.42329999999999934
0.45999999999999996 0.4231999999999996
0.36 0.3604999999999996
0.45999999999999996 0.42559999999999926
0.4 0.38719999999999993
0.45999999999999996 0.4200999999999994
0.4 0.38349999999999995
0.4 0.3842999999999998
0.4 0.4009999999999991
0.4 0.3891999999999992
0.4 0.3848999999999995
0.4 0.3817999999999997
0.4 0.3797999999999999
0.4 0.37879999999999975
0.4 0.38089999999999974
0.4 0.3860999999999997
0.45999999999999996 0.4028999999999995
0.45999999999999996 0.4022999999999996
0.45999999999999996 0.4172000000000001
0.45999999999999996 0.4115999999999999
0.45999999999999996 0.40899999999999986
0.45999999999999996 0.40489999999999937
0.45999999999999996 0.4118999999999997
0.45999999999999996 0.4197999999999996
0.45999999999999996 0.42039999999999944
0.45999999999999996 0.4158999999999993
0.45999999999999996 0.4180999999999997
0.45999999999999996 0.4199999999999999
0.45999999999999996 0.42589999999999945
0.45999999999999996 0.4287999999999995
0.45999999999999996 0.4170999999999996
0.45999999999999996 0.41539999999999955
0.4 0.38139999999999985
0.45999999999999996 0.41469999999999957
0.45999999999999996 0.4154999999999998
0.45999999999999996 0.41959999999999975
0.14 0.3347999999999999
0.14 0.2796999999999999
0.14 0.21459999999999993
0.14 0.18280000000000005
0.14 0.12790000000000018
0.14 0.12020000000000015
0.14 0.11630000000000011
0.14 0.11490000000000009
0.14 0.1177000000000001
0.14 0.10660000000000018
0.14 0.1094000000000002
0.14 0.11500000000000016
0.14 0.12560000000000016
0.14 0.1165000000000002
0.14 0.11770000000000018
0.14 0.11000000000000015
0.14 0.12890000000000018
0.14 0.12490000000000016
0.14 0.11710000000000012
0.14 0.11120000000000012
0.14 0.12100000000000012
0.14 0.1153000000000001
0.14 0.11180000000000007
0.14 0.11050000000000018
0.14 0.10190000000000009
0.14 0.0988000000000001
0.14 0.10120000000000014
0.14 0.10460000000000008
0.14 0.1010000000000001
0.14 0.10360000000000012
0.14 0.10710000000000017
0.14 0.10870000000000012
0.14 0.11110000000000014
0.14 0.09560000000000021
0.14 0.09490000000000019
0.14 0.10120000000000016
0.14 0.10340000000000014
0.14 0.11730000000000011
0.14 0.11180000000000011
0.14 0.10120000000000023
0.14 0.09660000000000014
0.14 0.10220000000000018
0.14 0.10930000000000004
0.14 0.10720000000000005
0.14 0.10740000000000002
0.14 0.10940000000000005
0.14 0.10629999999999999
0.14 0.10280000000000006
0.14 0.09990000000000018
0.14 0.0937000000000002
0.14 0.09160000000000026
0.14 0.08730000000000031
0.14 0.09380000000000013
0.14 0.09250000000000029
0.14 0.09490000000000029
0.14 0.09330000000000023
0.14 0.09360000000000027
0.14 0.10980000000000016
0.14 0.10470000000000011
0.14 0.09890000000000013
0.14 0.09670000000000012
0.14 0.10220000000000011
0.14 0.10070000000000012
0.14 0.09880000000000022
0.14 0.10680000000000014
0.14 0.11050000000000017
0.14 0.11270000000000018
0.14 0.10580000000000013
0.14 0.11280000000000007
0.14 0.11180000000000007
0.14 0.1177000000000001
0.14 0.11610000000000006
0.14 0.11920000000000007
0.14 0.11030000000000013
0.14 0.11360000000000005
0.14 0.12280000000000005
0.14 0.12200000000000012
0.14 0.11900000000000008
0.14 0.13030000000000005
0.14 0.13120000000000015
0.14 0.12430000000000006
0.14 0.12800000000000014
0.14 0.1199000000000001
0.14 0.1186000000000001
0.14 0.13350000000000012
0.14 0.1239000000000002
0.14 0.12570000000000012
0.14 0.13340000000000016
0.14 0.13450000000000023
0.14 0.13480000000000023
0.14 0.1260000000000001
0.14 0.1263000000000002
0.14 0.12930000000000016
0.14 0.12750000000000017
0.14 0.1235000000000002
0.14 0.12500000000000017
0.14 0.13250000000000012
0.14 0.1442000000000002
0.14 0.13280000000000022
0.14 0.13840000000000022
0.14 0.13910000000000022
0.14 0.14030000000000015
0.14 0.12740000000000012
0.14 0.12950000000000017
0.14 0.12370000000000012
0.14 0.1262000000000002
0.14 0.11910000000000012
0.14 0.12010000000000011
0.14 0.1233000000000001
0.14 0.1242000000000002
0.14 0.1244000000000002
0.14 0.1213000000000001
0.14 0.12370000000000009
0.14 0.12280000000000012
0.14 0.12290000000000012
0.14 0.11870000000000004
0.09999999999999998 0.09729999999999991
0.14 0.12320000000000011
0.09999999999999998 0.10029999999999997
0.09999999999999998 0.09449999999999999
0.09999999999999998 0.10079999999999999
0.14 0.12470000000000009
0.14 0.12460000000000017
0.14 0.1310000000000002
0.14 0.1320000000000001
0.14 0.13840000000000016
0.09999999999999998 0.09749999999999998
0.09999999999999998 0.09599999999999995
0.09999999999999998 0.1036999999999999
0.09999999999999998 0.11229999999999997
0.09999999999999998 0.10069999999999993
0.09999999999999998 0.10199999999999994
0.09999999999999998 0.11299999999999992
0.09999999999999998 0.10909999999999999
0.09999999999999998 0.11039999999999991
0.09999999999999998 0.10150000000000002
0.09999999999999998 0.10869999999999998
0.09999999999999998 0.11299999999999995
0.09999999999999998 0.1057
0.09999999999999998 0.10609999999999997
0.09999999999999998 0.09970000000000002
0.09999999999999998 0.10249999999999997
0.09999999999999998 0.10470000000000003
0.09999999999999998 0.10450000000000002
0.09999999999999998 0.10710000000000001
0.09999999999999998 0.1127
0.09999999999999998 0.1097
0.09999999999999998 0.10790000000000001
0.14 0.1475000000000003
0.14 0.1596000000000003
0.14 0.1544000000000003
0.14 0.14640000000000034
0.09999999999999998 0.11020000000000003
0.14 0.14820000000000033
0.09999999999999998 0.10740000000000005
0.09999999999999998 0.10310000000000005
0.09999999999999998 0.10430000000000003
0.09999999999999998 0.1093
0.14 0.14700000000000035
0.14 0.14690000000000036
0.14 0.14860000000000034
0.09999999999999998 0.10600000000000001
0.14 0.14620000000000036
0.14 0.15130000000000035
0.14 0.15130000000000035
0.14 0.14790000000000036
0.14 0.14850000000000033
0.14 0.15060000000000037
0.14 0.15310000000000035
0.14 0.15080000000000035
0.14 0.14380000000000034
0.14 0.14930000000000032
0.14 0.14720000000000033
0.14 0.14890000000000037
0.14 0.16480000000000028
0.14 0.14880000000000032
0.14 0.14720000000000033
0.14 0.14510000000000034
0.14 0.1462000000000003
0.14 0.14290000000000036
0.14 0.14690000000000036
0.14 0.1466000000000003
0.14 0.14440000000000033
0.14 0.14400000000000035
0.14 0.14680000000000035
0.14 0.14890000000000037
0.14 0.14760000000000031
0.14 0.14530000000000035
0.14 0.14760000000000034
0.09999999999999998 0.10710000000000006
0.09999999999999998 0.10769999999999999
0.14 0.14740000000000036
0.14 0.15000000000000033
0.09999999999999998 0.1108
0.09999999999999998 0.1079
0.09999999999999998 0.10159999999999997
0.09999999999999998 0.1023
0.09999999999999998 0.11279999999999994
0.09999999999999998 0.11199999999999993
0.09999999999999998 0.1082
0.09999999999999998 0.10230000000000006
0.09999999999999998 0.10140000000000002
0.09999999999999998 0.10409999999999998
0.14 0.1418000000000004
0.09999999999999998 0.10920000000000002
0.09999999999999998 0.11569999999999997
0.09999999999999998 0.10270000000000001
0.09999999999999998 0.10220000000000004
0.09999999999999998 0.10340000000000003
0.09999999999999998 0.1048
0.14 0.14440000000000033
0.09999999999999998 0.10730000000000002
0.09999999999999998 0.10629999999999999
0.14 0.14880000000000035
0.14 0.14160000000000034
0.14 0.1471000000000004
0.14 0.14840000000000036
0.14 0.14280000000000034
0.14 0.15280000000000032
0.14 0.13780000000000037
0.14 0.14830000000000035
0.14 0.14680000000000035
0.14 0.1444000000000003
0.14 0.13870000000000035
0.14 0.1358000000000003
0.14 0.1411000000000003
0.14 0.14520000000000033
0.14 0.14160000000000023
0.14 0.14120000000000027
0.14 0.13800000000000032
0.14 0.13120000000000026
0.14 0.1404000000000003
0.14 0.13730000000000026
0.14 0.14260000000000025
0.14 0.13520000000000032
0.14 0.13110000000000027
0.09999999999999998 0.11639999999999992
0.14 0.15250000000000027
0.14 0.1502000000000003
0.14 0.14940000000000034
0.14 0.14010000000000034
0.14 0.1429000000000003
0.14 0.14690000000000028
0.14 0.1410000000000003
0.14 0.13810000000000028
0.14 0.1357000000000003
0.09999999999999998 0.10099999999999999
0.09999999999999998 0.10269999999999997
0.14 0.14490000000000028
0.14 0.1318000000000002
0.14 0.1357000000000002
0.14 0.13430000000000022
0.14 0.13190000000000024
0.14 0.13100000000000026
0.14 0.13060000000000022
0.14 0.13350000000000026
0.14 0.13550000000000023
0.14 0.1377000000000003
0.14 0.13680000000000028
0.14 0.13020000000000023
0.14 0.13200000000000028
0.14 0.13700000000000032
0.14 0.14000000000000026
0.14 0.14090000000000033
0.14 0.15120000000000022
0.14 0.15270000000000025
0.14 0.1399000000000003
0.14 0.1407000000000003
0.14 0.1429000000000003
0.14 0.14080000000000029
0.14 0.14230000000000032
0.14 0.15030000000000027
0.14 0.1483000000000003
0.14 0.14380000000000026
0.14 0.1393000000000003
0.14 0.15180000000000024
0.14 0.14100000000000035
0.14 0.1436000000000003
0.14 0.13940000000000033
0.14 0.1417000000000003
0.14 0.14610000000000029
0.14 0.1508000000000002
0.14 0.13830000000000028
0.14 0.1423000000000003
0.14 0.13510000000000028
0.14 0.14280000000000032
0.14 0.14050000000000026
0.14 0.13910000000000028
0.14 0.14070000000000024
0.14 0.14340000000000022
0.14 0.15450000000000025
0.14 0.14180000000000018
0.14 0.13570000000000024
0.14 0.13660000000000017
0.14 0.1313000000000002
0.14 0.1329000000000002
0.14 0.13590000000000022
0.14 0.1370000000000002
0.14 0.13430000000000017
0.09999999999999998 0.0993
0.09999999999999998 0.1008
0.09999999999999998 0.10599999999999993
0.09999999999999998 0.10260000000000001
0.14 0.13860000000000028
0.14 0.14290000000000028
0.14 0.1343000000000003
0.14 0.13800000000000026
0.09999999999999998 0.09840000000000006
0.09999999999999998 0.10110000000000001
0.09999999999999998 0.11309999999999999
0.09999999999999998 0.11230000000000001
0.09999999999999998 0.11209999999999998
0.09999999999999998 0.11219999999999997
0.09999999999999998 0.1032
0.09999999999999998 0.10980000000000001
0.09999999999999998 0.1051
0.09999999999999998 0.10209999999999997
0.09999999999999998 0.10319999999999997
0.09999999999999998 0.11109999999999999
0.09999999999999998 0.1085
0.09999999999999998 0.09970000000000002
0.09999999999999998 0.10540000000000002
0.09999999999999998 0.12099999999999994
0.09999999999999998 0.10759999999999997
0.09999999999999998 0.1005
0.14 0.15280000000000038
0.09999999999999998 0.102
0.09999999999999998 0.10740000000000002
0.09999999999999998 0.1056
0.09999999999999998 0.10689999999999994
0.09999999999999998 0.10529999999999994
0.09999999999999998 0.10599999999999993
0.09999999999999998 0.10709999999999993
0.09999999999999998 0.09889999999999999
0.09999999999999998 0.10090000000000002
0.09999999999999998 0.10189999999999996
0.09999999999999998 0.0993
0.09999999999999998 0.10329999999999996
