0.72 0.3933999999999991
0.72 0.3665500000000006
0.72 0.40449999999999803
0.72 0.3980499999999991
0.72 0.390149999999999
0.72 0.40154999999999824
0.7 0.39024999999999826
0.72 0.396849999999999
0.72 0.40959999999999913
0.72 0.4102999999999995
0.72 0.4063999999999996
0.72 0.4492000000000008
0.72 0.4125999999999997
0.72 0.4176999999999999
0.72 0.37884999999999974
0.72 0.3989999999999999
0.72 0.39119999999999977
0.72 0.41144999999999987
0.72 0.40159999999999996
0.72 0.4091000000000002
0.72 0.42200000000000015
0.72 0.42545
0.72 0.4343500000000003
0.72 0.3875999999999998
0.72 0.4314499999999999
0.72 0.44685000000000047
0.72 0.4456500000000003
0.88 0.4261
0.88 0.5003500000000016
0.72 0.4415999999999991
0.87 0.480100000000001
0.87 0.49160000000000176
0.77 0.503550000000002
0.72 0.4527000000000008
0.72 0.4742000000000007
0.88 0.46255000000000057
0.72 0.44365000000000054
0.96 0.522600000000001
0.72 0.4956500000000015
0.72 0.42945000000000005
0.72 0.4130499999999998
0.64 0.37819999999999965
0.72 0.3836499999999997
0.72 0.3865999999999998
0.72 0.4136999999999996
0.72 0.41654999999999903
0.72 0.3979499999999993
0.72 0.41754999999999964
0.72 0.39329999999999965
0.72 0.41359999999999997
0.72 0.41455000000000014
0.72 0.4296500000000003
0.72 0.3963999999999998
0.72 0.43190000000000034
0.72 0.3887499999999997
0.72 0.3901999999999999
0.72 0.3783999999999996
0.72 0.3889499999999998
0.72 0.39899999999999985
0.72 0.3755999999999996
0.72 0.3883499999999996
0.72 0.38064999999999977
0.72 0.37569999999999965
0.72 0.3866999999999998
0.72 0.3933999999999999
0.72 0.40445
0.72 0.39569999999999994
0.72 0.40145000000000003
0.72 0.39830000000000004
0.72 0.40065000000000006
0.42 0.3704999999999996
0.82 0.38629999999999975
0.87 0.3890499999999999
0.42 0.37049999999999966
0.82 0.38549999999999984
0.87 0.40310000000000007
0.82 0.4151000000000002
0.72 0.3794499999999998
0.72 0.3884499999999999
0.37 0.36999999999999966
0.78 0.4101000000000002
0.78 0.4297500000000003
0.72 0.4136000000000001
0.9 0.4023999999999999
0.72 0.3829499999999998
0.73 0.4004500000000001
0.73 0.39960000000000007
0.45 0.3703999999999996
0.73 0.3827999999999998
0.74 0.39590000000000003
0.74 0.403
0.92 0.41650000000000026
0.92 0.4322000000000004
0.92 0.4681500000000014
0.96 0.4877000000000012
0.95 0.4224
0.37 0.36999999999999966
0.72 0.41345
0.95 0.40375000000000016
0.85 0.493250000000002
0.92 0.4921500000000016
0.83 0.45045000000000057
0.92 0.47315000000000085
0.92 0.4143000000000001
0.96 0.4251500000000001
0.96 0.4316500000000002
0.96 0.4639000000000013
0.96 0.4771500000000018
0.96 0.43090000000000006
0.61 0.37349999999999967
0.87 0.3756999999999997
0.37 0.36999999999999966
0.37 0.36999999999999966
0.8 0.3825999999999998
0.83 0.40430000000000005
0.96 0.4014999999999999
0.96 0.37309999999999965
0.73 0.38489999999999985
0.37 0.36999999999999966
0.37 0.36999999999999966
0.75 0.3751499999999997
0.95 0.3890499999999999
0.37 0.36999999999999966
0.87 0.39635
0.87 0.39354999999999996
0.87 0.3973500000000001
0.87 0.39504999999999996
0.87 0.3932999999999997
0.96 0.3944499999999999
0.96 0.39304999999999984
0.96 0.4148000000000001
0.63 0.3712999999999997
0.88 0.41180000000000005
0.37 0.36999999999999966
0.37 0.36999999999999966
0.37 0.36999999999999966
0.37 0.36999999999999966
0.37 0.36999999999999966
0.37 0.36999999999999966
0.37 0.36999999999999966
0.37 0.36999999999999966
0.37 0.36999999999999966
0.37 0.36999999999999966
0.56 0.37154999999999966
0.37 0.3698999999999996
0.8 0.38584999999999964
0.82 0.4069499999999999
0.81 0.39730000000000004
0.95 0.4213000000000001
0.95 0.4127499999999999
0.95 0.43375000000000014
0.95 0.43990000000000046
0.95 0.4458500000000008
0.95 0.47640000000000166
0.96 0.49215000000000203
0.96 0.5238500000000017
0.96 0.5666000000000013
0.96 0.6053000000000006
0.96 0.5620000000000013
0.96 0.4812000000000017
0.88 0.42080000000000034
0.37 0.36999999999999966
0.37 0.36999999999999966
0.37 0.36999999999999966
0.37 0.36999999999999966
0.37 0.36999999999999966
0.37 0.36999999999999966
0.37 0.36999999999999966
0.37 0.3698999999999996
0.37 0.36999999999999966
0.37 0.36999999999999966
0.37 0.3698999999999996
0.37 0.36999999999999966
0.37 0.36999999999999966
0.37 0.36999999999999966
0.37 0.36999999999999966
0.37 0.36999999999999966
0.37 0.36999999999999966
0.37 0.36999999999999966
0.37 0.36999999999999966
0.37 0.36999999999999966
0.37 0.36999999999999966
0.38 0.3683499999999997
0.38 0.37009999999999965
0.38 0.37024999999999963
0.38 0.37024999999999963
0.38 0.37049999999999966
0.37 0.36999999999999966
0.38 0.37014999999999965
0.37 0.36999999999999966
0.37 0.36999999999999966
0.37 0.36999999999999966
0.37 0.36999999999999966
0.67 0.37299999999999967
0.37 0.36999999999999966
0.37 0.36999999999999966
0.37 0.36999999999999966
0.37 0.36999999999999966
0.37 0.36999999999999966
0.37 0.36999999999999966
0.37 0.36999999999999966
0.37 0.36999999999999966
0.67 0.3744999999999997
0.67 0.3744999999999997
0.37 0.36999999999999966
0.67 0.37299999999999967
0.67 0.37299999999999967
0.67 0.37299999999999967
0.72 0.37824999999999975
0.72 0.38464999999999977
0.72 0.37349999999999967
0.37 0.36999999999999966
0.37 0.36999999999999966
0.37 0.36999999999999966
0.72 0.39370000000000005
0.72 0.37924999999999975
0.72 0.4017000000000001
0.72 0.3822499999999998
0.37 0.36999999999999966
0.72 0.3787499999999997
0.37 0.36999999999999966
0.37 0.36999999999999966
0.37 0.36999999999999966
0.37 0.36999999999999966
0.72 0.37824999999999975
0.72 0.3779999999999998
0.37 0.36999999999999966
0.37 0.36999999999999966
0.37 0.36999999999999966
0.37 0.36999999999999966
0.37 0.36999999999999966
0.37 0.36999999999999966
0.37 0.36999999999999966
0.37 0.36999999999999966
0.37 0.36999999999999966
0.37 0.36999999999999966
0.37 0.36999999999999966
0.37 0.36999999999999966
0.37 0.36999999999999966
0.37 0.36999999999999966
0.37 0.36999999999999966
0.37 0.36999999999999966
0.37 0.36999999999999966
0.37 0.36999999999999966
0.37 0.36999999999999966
0.37 0.36999999999999966
0.37 0.36999999999999966
0.37 0.36999999999999966
0.37 0.36999999999999966
0.37 0.36999999999999966
0.37 0.36999999999999966
0.37 0.36999999999999966
0.37 0.36999999999999966
0.6 0.37409999999999966
0.72 0.3751999999999997
0.37 0.36999999999999966
0.37 0.36999999999999966
0.37 0.36999999999999966
0.37 0.36999999999999966
0.37 0.36999999999999966
0.37 0.36999999999999966
0.37 0.36999999999999966
0.37 0.36999999999999966
0.37 0.36999999999999966
0.37 0.36999999999999966
0.37 0.36999999999999966
0.37 0.36999999999999966
0.37 0.36999999999999966
0.37 0.36999999999999966
0.37 0.36999999999999966
0.37 0.36999999999999966
0.37 0.3697499999999996
0.37 0.3697499999999996
0.37 0.36999999999999966
0.37 0.36999999999999966
0.37 0.36999999999999966
0.37 0.36999999999999966
0.37 0.36999999999999966
0.37 0.36999999999999966
0.37 0.36999999999999966
0.37 0.36999999999999966
0.37 0.36999999999999966
0.37 0.36999999999999966
0.37 0.36999999999999966
0.37 0.36999999999999966
0.37 0.36999999999999966
0.37 0.36999999999999966
0.37 0.36999999999999966
0.37 0.36999999999999966
0.37 0.36999999999999966
0.37 0.36999999999999966
0.37 0.36999999999999966
0.37 0.36999999999999966
0.37 0.36999999999999966
0.37 0.36999999999999966
0.37 0.36874999999999963
0.37 0.3693999999999996
0.72 0.3904499999999995
0.72 0.37469999999999964
0.72 0.37174999999999964
0.37 0.36999999999999966
0.37 0.36999999999999966
0.72 0.3752499999999997
0.72 0.39374999999999993
0.72 0.4053000000000001
0.72 0.4161500000000003
0.72 0.4487500000000002
0.72 0.45805000000000057
0.72 0.4356000000000004
0.72 0.47045000000000103
0.72 0.46090000000000075
0.72 0.48535000000000167
0.72 0.49685000000000207
0.72 0.5426000000000009
0.72 0.5523500000000008
0.72 0.5931000000000002
0.72 0.6242999999999997
0.72 0.6396999999999996
0.72 0.6300499999999996
0.72 0.6691999999999997
0.72 0.6705499999999998
0.72 0.6752999999999995
0.72 0.6840999999999992
0.72 0.6831999999999993
0.72 0.6847999999999992
0.72 0.6729499999999993
0.72 0.6811999999999994
0.72 0.6838999999999992
0.72 0.6970499999999993
0.72 0.49965000000000165
0.72 0.3944499999999999
0.72 0.3839999999999998
0.72 0.5921500000000007
0.72 0.6073500000000005
0.37 0.36999999999999966
0.37 0.36999999999999966
0.72 0.48920000000000136
0.72 0.5487500000000011
0.72 0.6111500000000004
0.72 0.5059500000000019
0.72 0.43020000000000025
0.72 0.5340500000000015
0.72 0.5144000000000021
0.72 0.6112999999999998
0.37 0.36999999999999966
0.37 0.36999999999999966
0.37 0.36999999999999966
0.37 0.36999999999999966
0.37 0.36999999999999966
0.37 0.36999999999999966
0.37 0.36999999999999966
0.37 0.36999999999999966
0.37 0.36999999999999966
0.37 0.36999999999999966
0.37 0.36999999999999966
0.37 0.36999999999999966
0.72 0.3781499999999997
0.72 0.3969999999999999
0.72 0.4021500000000001
0.72 0.471650000000001
0.72 0.3883999999999998
0.72 0.4885000000000017
0.72 0.5429500000000008
0.72 0.5793500000000001
0.72 0.6048500000000003
0.72 0.6332000000000001
0.72 0.66375
0.72 0.6872499999999994
0.72 0.6090000000000007
0.72 0.6843999999999995
0.72 0.6839499999999998
0.72 0.6773999999999996
0.72 0.6618499999999997
0.72 0.65255
0.72 0.6316500000000002
0.72 0.5684500000000016
0.72 0.63475
0.72 0.6829999999999995
0.72 0.6754999999999997
0.72 0.6832999999999996
0.72 0.5973500000000007
0.37 0.3697499999999996
0.37 0.36814999999999964
0.37 0.36999999999999966
0.37 0.3686499999999996
0.37 0.36999999999999966
0.37 0.3674499999999996
0.37 0.36959999999999965
0.37 0.3695999999999996
0.37 0.36999999999999966
0.37 0.36999999999999966
0.37 0.36999999999999966
0.37 0.36999999999999966
0.37 0.36999999999999966
0.6 0.3724999999999997
0.72 0.3749499999999993
0.72 0.34925000000000045
0.72 0.43454999999999927
0.72 0.4726000000000007
0.72 0.5093500000000019
0.72 0.540000000000001
0.72 0.4683000000000012
0.72 0.6008
0.72 0.6299499999999995
0.72 0.5074500000000023
0.72 0.536250000000002
0.72 0.4374500000000004
0.72 0.44185000000000035
0.72 0.3876999999999998
0.37 0.36999999999999966
0.37 0.36999999999999966
0.37 0.36999999999999966
0.37 0.36999999999999966
0.37 0.36999999999999966
0.37 0.36999999999999966
0.37 0.36999999999999966
0.37 0.36999999999999966
0.37 0.36999999999999966
0.37 0.36999999999999966
0.37 0.36999999999999966
0.37 0.36999999999999966
0.37 0.36999999999999966
0.37 0.36999999999999966
0.37 0.36999999999999966
0.37 0.36999999999999966
0.37 0.36999999999999966
0.37 0.36999999999999966
0.37 0.36999999999999966
0.37 0.36999999999999966
0.37 0.36999999999999966
0.37 0.36999999999999966
0.37 0.36999999999999966
0.37 0.36999999999999966
0.37 0.36999999999999966
0.37 0.36999999999999966
0.37 0.36999999999999966
0.37 0.36999999999999966
0.37 0.36999999999999966
0.37 0.36999999999999966
0.37 0.36999999999999966
0.37 0.36999999999999966
0.37 0.36999999999999966
0.37 0.36999999999999966
0.37 0.36999999999999966
0.37 0.36999999999999966
0.37 0.36999999999999966
0.37 0.36999999999999966
0.37 0.36999999999999966
0.37 0.36999999999999966
0.37 0.36999999999999966
0.37 0.36999999999999966
0.37 0.36999999999999966
0.37 0.36999999999999966
0.37 0.36999999999999966
0.37 0.36999999999999966
0.37 0.36999999999999966
0.37 0.36999999999999966
0.37 0.36999999999999966
0.37 0.36999999999999966
0.37 0.36999999999999966
0.37 0.36999999999999966
0.37 0.36999999999999966
0.37 0.36999999999999966
0.37 0.36999999999999966
0.37 0.36999999999999966
0.37 0.36999999999999966
0.37 0.36999999999999966
0.37 0.36999999999999966
0.37 0.36999999999999966
0.37 0.36999999999999966
0.37 0.36999999999999966
0.37 0.36999999999999966
0.37 0.36999999999999966
0.37 0.36999999999999966
0.37 0.36999999999999966
0.37 0.36999999999999966
0.37 0.36999999999999966
0.37 0.36999999999999966
0.37 0.36999999999999966
0.37 0.36999999999999966
0.37 0.36999999999999966
0.37 0.36999999999999966
0.37 0.36999999999999966
0.37 0.36999999999999966
0.37 0.36999999999999966
0.37 0.36999999999999966
0.37 0.36999999999999966
0.37 0.36999999999999966
0.37 0.36999999999999966
0.37 0.36999999999999966
0.37 0.36999999999999966
0.37 0.36999999999999966
0.37 0.36999999999999966
0.37 0.36999999999999966
0.37 0.36999999999999966
0.37 0.36999999999999966
0.37 0.36999999999999966
0.37 0.36999999999999966
0.37 0.36999999999999966
0.37 0.36999999999999966
