0.67 0.36334999999999956
0.67 0.40009999999999835
0.67 0.4132999999999986
0.64 0.42194999999999827
0.86 0.40464999999999884
0.68 0.4028999999999987
0.68 0.42104999999999854
0.63 0.3781999999999991
0.79 0.4274999999999989
0.63 0.39809999999999895
0.74 0.42234999999999906
0.68 0.42084999999999906
0.78 0.4287499999999995
0.8 0.4257499999999992
0.8 0.4030499999999993
0.68 0.42694999999999866
0.86 0.4165999999999988
0.86 0.4282999999999988
0.84 0.448499999999999
0.76 0.43059999999999926
0.77 0.4574499999999995
0.77 0.49004999999999926
0.77 0.48324999999999974
0.88 0.4779999999999999
0.63 0.3872499999999986
0.88 0.49689999999999984
0.88 0.5312500000000004
0.72 0.4633999999999998
0.65 0.45464999999999955
0.7 0.4836000000000002
0.85 0.48694999999999977
0.85 0.4806999999999988
0.96 0.5271500000000001
0.94 0.5441499999999995
0.94 0.5208500000000001
0.91 0.5526999999999993
0.94 0.6416999999999997
0.94 0.6153499999999997
0.94 0.6570999999999997
0.94 0.6996500000000008
0.94 0.7756000000000011
0.94 0.7138500000000016
0.94 0.6257499999999996
0.94 0.6286999999999998
0.94 0.5917499999999997
0.68 0.5021499999999997
0.94 0.6185000000000004
0.94 0.6048
0.94 0.7533000000000016
0.94 0.48490000000000033
0.68 0.4119499999999984
0.84 0.5850000000000001
0.7 0.4719499999999992
0.8 0.442499999999999
0.94 0.5815999999999997
0.94 0.5389500000000002
0.94 0.5847499999999995
0.91 0.5722000000000007
0.94 0.6155999999999999
0.94 0.62385
0.86 0.5809499999999992
0.94 0.6707
0.94 0.66185
0.94 0.6503499999999999
0.94 0.7016500000000001
0.94 0.6580999999999995
0.62 0.5870999999999983
0.78 0.5522499999999985
0.64 0.5789999999999998
0.63 0.5639999999999997
0.62 0.5717500000000002
0.64 0.5805999999999997
0.64 0.5803499999999996
0.64 0.5290500000000007
0.62 0.5595499999999994
0.65 0.57005
0.65 0.47054999999999986
0.63 0.4914
0.63 0.5577499999999999
0.65 0.5763999999999999
0.64 0.5755499999999991
0.9 0.5975999999999992
0.62 0.5805499999999997
0.65 0.6013000000000003
0.64 0.5991000000000005
0.64 0.6118500000000011
0.65 0.6168500000000012
0.65 0.6183000000000013
0.65 0.6153000000000011
0.65 0.6192500000000013
0.65 0.6134000000000017
0.65 0.6267000000000011
0.65 0.61615
0.65 0.5997499999999999
0.66 0.6138000000000008
0.64 0.6000000000000003
0.64 0.5389999999999995
0.64 0.5583499999999991
0.64 0.5711499999999994
0.65 0.5475499999999988
0.64 0.5465499999999988
0.65 0.6084000000000004
0.65 0.6125500000000005
0.64 0.5975500000000005
0.65 0.6175000000000007
0.64 0.5159000000000007
0.64 0.5258000000000012
0.64 0.5899500000000004
0.64 0.568299999999999
0.64 0.3682499999999991
0.65 0.47064999999999735
0.65 0.38369999999999893
0.64 0.42259999999999764
0.64 0.4796999999999983
0.64 0.5115
0.64 0.5414999999999996
0.62 0.56585
0.62 0.5778499999999992
0.62 0.562799999999999
0.62 0.5952999999999993
0.62 0.6029999999999994
0.62 0.6044499999999998
0.62 0.6034
0.62 0.6102500000000007
0.85 0.5990000000000003
0.94 0.4853499999999972
0.93 0.49784999999999824
0.94 0.6357000000000004
0.94 0.6258500000000001
0.94 0.6967999999999998
0.94 0.795800000000001
0.94 0.8191999999999997
0.94 0.7680000000000017
0.94 0.650300000000001
0.94 0.713800000000003
0.94 0.86725
0.94 0.9200499999999985
0.94 0.9238499999999985
0.94 0.9336499999999984
0.95 0.9126999999999984
0.95 0.9254499999999986
0.94 0.7441500000000006
0.94 0.7339000000000011
0.95 0.9303999999999987
0.96 0.9099999999999987
0.96 0.8281999999999999
0.96 0.8519499999999997
0.96 0.8993999999999995
0.94 0.7478000000000011
0.95 0.7816000000000005
0.95 0.7171000000000012
0.95 0.9002999999999985
0.96 0.9127999999999988
0.96 0.8393500000000003
0.96 0.9231999999999989
0.95 0.8967499999999982
0.94 0.4792999999999969
0.94 0.46854999999999697
0.94 0.560449999999996
0.94 0.630549999999997
0.94 0.7295999999999971
0.94 0.8296499999999982
0.94 0.7201499999999973
0.94 0.6881999999999968
0.94 0.5992499999999977
0.94 0.6571499999999976
0.95 0.8552999999999998
0.95 0.7156000000000016
0.96 0.7873500000000001
0.96 0.7891000000000007
0.96 0.8370500000000013
0.96 0.8854500000000008
0.97 0.9203999999999998
0.97 0.9229000000000002
0.97 0.9347500000000001
0.97 0.9383000000000001
0.97 0.9322500000000007
0.97 0.9333999999999999
0.97 0.944849999999997
0.97 0.9512999999999983
0.97 0.9253999999999976
0.97 0.9421999999999977
0.97 0.9514999999999995
0.97 0.9033499999999981
0.96 0.8381999999999973
0.97 0.8269499999999982
0.97 0.8714999999999992
0.97 0.9449499999999986
0.97 0.9409499999999987
0.97 0.9481499999999997
0.97 0.9357999999999991
0.97 0.8924500000000029
0.93 0.7164499999999986
