0.19999999999999996 0.6086400000000056
0.19999999999999996 0.5844800000000074
0.07999999999999996 0.5539600000000068
0.07999999999999996 0.5419400000000054
0.07999999999999996 0.5166000000000063
0.07999999999999996 0.4936400000000046
0.07999999999999996 0.4846400000000047
0.07999999999999996 0.4584200000000041
0.07999999999999996 0.4459200000000035
0.07999999999999996 0.4226600000000027
0.07999999999999996 0.4057400000000028
0.07999999999999996 0.38886000000000254
0.07999999999999996 0.36952000000000207
0.07999999999999996 0.35858000000000123
0.040000000000000036 0.34708000000000233
0.040000000000000036 0.352060000000002
0.040000000000000036 0.34214000000000205
0.040000000000000036 0.33498000000000155
0.040000000000000036 0.3293000000000022
0.07999999999999996 0.3282400000000018
0.07999999999999996 0.3200800000000022
0.07999999999999996 0.3084800000000026
0.07999999999999996 0.3082200000000022
0.07999999999999996 0.3085800000000024
0.07999999999999996 0.2975600000000023
0.07999999999999996 0.291460000000002
0.07999999999999996 0.2719200000000019
0.07999999999999996 0.2731000000000017
0.07999999999999996 0.2758800000000013
0.07999999999999996 0.27076000000000167
0.07999999999999996 0.27174000000000115
0.07999999999999996 0.2649800000000011
0.07999999999999996 0.25794000000000084
0.07999999999999996 0.2539600000000005
0.07999999999999996 0.2502200000000007
0.07999999999999996 0.23542000000000043
0.07999999999999996 0.2153200000000004
0.07999999999999996 0.2223400000000006
0.07999999999999996 0.22022000000000044
0.07999999999999996 0.2204400000000007
0.07999999999999996 0.22046000000000057
0.07999999999999996 0.21922000000000033
0.07999999999999996 0.20644000000000035
0.07999999999999996 0.20288000000000048
0.07999999999999996 0.2045800000000001
0.07999999999999996 0.20443999999999998
0.07999999999999996 0.2194400000000007
0.07999999999999996 0.21334000000000056
0.07999999999999996 0.20996000000000048
0.07999999999999996 0.20142000000000027
0.07999999999999996 0.18538000000000057
0.07999999999999996 0.19080000000000036
0.07999999999999996 0.19848000000000035
0.07999999999999996 0.20144000000000045
0.07999999999999996 0.20090000000000033
0.07999999999999996 0.18998000000000045
0.07999999999999996 0.19884000000000018
0.07999999999999996 0.18907999999999997
0.07999999999999996 0.19260000000000002
0.07999999999999996 0.20132000000000028
0.07999999999999996 0.19287999999999972
0.07999999999999996 0.19273999999999988
0.07999999999999996 0.19140000000000026
0.07999999999999996 0.1915800000000001
0.07999999999999996 0.19076000000000037
0.07999999999999996 0.19458000000000006
0.07999999999999996 0.2030000000000002
0.07999999999999996 0.2036200000000002
0.07999999999999996 0.20606000000000063
0.07999999999999996 0.19172000000000033
0.07999999999999996 0.1880800000000001
0.07999999999999996 0.19804000000000035
0.07999999999999996 0.1994600000000005
0.07999999999999996 0.18564000000000028
0.07999999999999996 0.18626000000000015
0.07999999999999996 0.1896000000000002
0.07999999999999996 0.17930000000000026
0.07999999999999996 0.1859200000000002
0.07999999999999996 0.20030000000000034
0.07999999999999996 0.18730000000000024
0.07999999999999996 0.18877999999999995
0.07999999999999996 0.1843800000000001
0.07999999999999996 0.17498000000000033
0.07999999999999996 0.18356000000000008
0.07999999999999996 0.18956000000000023
0.07999999999999996 0.18662000000000012
0.07999999999999996 0.18262000000000006
0.07999999999999996 0.1960400000000004
0.07999999999999996 0.18338000000000035
0.07999999999999996 0.1976200000000005
0.07999999999999996 0.19264000000000028
0.07999999999999996 0.18730000000000036
0.07999999999999996 0.1928200000000002
0.07999999999999996 0.19138000000000013
0.07999999999999996 0.18910000000000035
0.07999999999999996 0.19298000000000023
0.07999999999999996 0.18422000000000027
0.07999999999999996 0.19326000000000057
0.07999999999999996 0.19846000000000047
0.07999999999999996 0.18822000000000022
