0.96 0.39547000000000043
0.96 0.4349900000000002
0.96 0.47031000000000195
0.96 0.4892000000000005
0.96 0.525669999999996
0.98 0.5511799999999982
0.98 0.5823099999999969
0.98 0.6059599999999976
0.98 0.6249599999999966
0.98 0.6345100000000001
0.98 0.6411300000000001
0.98 0.6564600000000007
0.98 0.6504700000000005
0.98 0.6749200000000026
0.98 0.6836700000000017
0.98 0.7010600000000003
0.98 0.7014300000000013
0.98 0.7229399999999991
0.98 0.7306799999999969
0.98 0.7491899999999952
0.98 0.7543199999999948
0.98 0.7660099999999942
0.98 0.7866899999999958
0.98 0.8023599999999945
0.98 0.8082599999999963
0.98 0.8120699999999943
0.98 0.8169799999999934
0.98 0.8355199999999932
0.98 0.8474099999999963
0.98 0.8526099999999951
0.98 0.862539999999994
0.98 0.8536399999999942
0.98 0.8727199999999967
0.98 0.8820300000000016
0.98 0.8692899999999985
0.98 0.8741100000000008
0.98 0.8699399999999973
0.98 0.8752200000000002
0.98 0.8789800000000039
0.98 0.861580000000001
0.98 0.8795400000000043
0.98 0.8836900000000039
0.98 0.8938300000000039
0.98 0.8922200000000039
0.98 0.8976800000000048
0.98 0.8978700000000055
0.98 0.9015400000000054
0.98 0.9046800000000058
0.98 0.9010000000000058
0.98 0.9018800000000055
0.98 0.9087800000000048
0.98 0.9005100000000053
0.98 0.8980700000000044
0.98 0.8993400000000045
0.98 0.9222100000000074
0.98 0.9162500000000061
0.98 0.9133000000000073
0.98 0.9044300000000048
0.98 0.9008100000000036
0.98 0.8975900000000036
0.98 0.8996400000000057
0.98 0.8975700000000045
0.98 0.8994300000000061
0.98 0.8974600000000049
0.98 0.8978000000000064
0.98 0.9016500000000077
0.98 0.9061500000000068
0.98 0.9074000000000056
0.98 0.9092900000000068
0.98 0.9094100000000052
0.98 0.9006700000000061
0.98 0.9022100000000047
0.98 0.8964400000000042
0.98 0.8993700000000044
0.98 0.899200000000005
0.98 0.9050100000000054
0.98 0.906210000000006
0.98 0.9077500000000056
0.98 0.9142800000000064
0.98 0.9188000000000071
0.98 0.9111800000000068
0.98 0.9133600000000061
0.98 0.9110900000000063
0.98 0.9065500000000061
0.98 0.9042600000000061
0.98 0.9021300000000051
0.98 0.9023000000000047
0.98 0.9061500000000059
0.98 0.9025400000000051
0.98 0.9146100000000069
0.98 0.9028800000000068
0.98 0.9051900000000072
0.98 0.907120000000006
0.98 0.903360000000008
0.98 0.905890000000006
0.98 0.9037100000000051
0.98 0.9017400000000039
0.98 0.9021600000000042
0.98 0.9146700000000061
0.98 0.9071500000000068
