0.28 0.641300000000002
0.36 0.6279000000000021
0.21999999999999997 0.6082000000000023
0.12 0.6322000000000026
0.36 0.6248000000000025
0.36 0.6122000000000023
0.4 0.6260000000000026
0.38 0.6205000000000025
0.21999999999999997 0.6141000000000025
0.36 0.6222000000000022
0.38 0.6340000000000023
0.26 0.6114000000000026
0.36 0.6089000000000027
0.36 0.6218000000000026
0.38 0.6120000000000024
0.26 0.6197000000000024
0.33999999999999997 0.5946000000000025
0.33999999999999997 0.5921000000000024
0.33999999999999997 0.5898000000000022
0.36 0.5842000000000024
0.14 0.5605000000000024
0.14 0.554500000000002
0.14 0.5556000000000022
0.36 0.636400000000003
0.18000000000000005 0.5881000000000026
0.36 0.6244000000000028
0.36 0.5775000000000025
0.4 0.5848000000000024
0.020000000000000018 0.5619000000000023
0.09999999999999998 0.5118000000000014
0.09999999999999998 0.48490000000000144
0.09999999999999998 0.4880000000000013
0.09999999999999998 0.46520000000000133
0.09999999999999998 0.4187000000000006
0.020000000000000018 0.425300000000001
0.020000000000000018 0.4642000000000013
0.020000000000000018 0.5333000000000019
0.16000000000000003 0.5035000000000017
0.16000000000000003 0.4602000000000009
0.09999999999999998 0.4451000000000005
0.09999999999999998 0.43470000000000025
0.09999999999999998 0.4027000000000001
0.09999999999999998 0.4190000000000004
0.12 0.4344000000000004
0.09999999999999998 0.40140000000000065
0.09999999999999998 0.3783999999999997
0.09999999999999998 0.39680000000000015
0.09999999999999998 0.4295000000000009
0.09999999999999998 0.3945000000000001
0.09999999999999998 0.3729999999999999
0.09999999999999998 0.36910000000000004
0.09999999999999998 0.3956000000000001
0.31999999999999995 0.40580000000000005
0.12 0.4113000000000002
0.12 0.49150000000000127
0.36 0.5047000000000015
0.36 0.4732000000000011
0.36 0.5049000000000015
0.36 0.4772000000000012
0.33999999999999997 0.48300000000000126
0.19999999999999996 0.47890000000000094
0.26 0.4847000000000008
0.16000000000000003 0.4390000000000006
0.16000000000000003 0.39880000000000015
0.020000000000000018 0.3967000000000002
0.12 0.4172000000000006
0.12 0.4229000000000006
0.040000000000000036 0.4240000000000005
0.12 0.3966000000000001
0.12 0.41310000000000036
0.09999999999999998 0.39450000000000046
0.07999999999999996 0.46090000000000103
0.12 0.405
0.12 0.38140000000000024
0.14 0.47120000000000084
0.06000000000000005 0.4221000000000004
0.06000000000000005 0.3770999999999996
0.06000000000000005 0.35649999999999976
0.06000000000000005 0.3361
0.06000000000000005 0.37170000000000014
0.09999999999999998 0.3577
0.040000000000000036 0.3705
0.18000000000000005 0.3951
0.06000000000000005 0.3845000000000001
0.06000000000000005 0.39250000000000024
0.06000000000000005 0.37250000000000033
0.06000000000000005 0.3555
0.06000000000000005 0.3692
0.06000000000000005 0.3616
0.040000000000000036 0.3705000000000001
0.040000000000000036 0.37410000000000004
0.040000000000000036 0.36689999999999967
0.040000000000000036 0.33789999999999987
0.040000000000000036 0.3352999999999998
0.07999999999999996 0.3525000000000001
0.07999999999999996 0.3502
0.07999999999999996 0.36960000000000015
0.07999999999999996 0.42570000000000086
0.07999999999999996 0.3559000000000001
0.07999999999999996 0.3216999999999998
0.07999999999999996 0.3335999999999999
0.09999999999999998 0.2964999999999998
0.09999999999999998 0.28589999999999977
0.09999999999999998 0.27499999999999986
0.09999999999999998 0.28419999999999984
0.09999999999999998 0.39990000000000037
0.09999999999999998 0.3889999999999999
0.09999999999999998 0.3745999999999998
0.09999999999999998 0.38100000000000017
0.09999999999999998 0.3767999999999999
0.09999999999999998 0.48400000000000143
0.09999999999999998 0.4556000000000008
0.09999999999999998 0.46390000000000114
0.09999999999999998 0.5029000000000013
0.09999999999999998 0.49410000000000154
0.09999999999999998 0.455700000000001
0.09999999999999998 0.42860000000000076
0.040000000000000036 0.4571000000000012
0.36 0.4340000000000007
0.36 0.40620000000000006
0.36 0.443400000000001
0.36 0.45810000000000095
0.36 0.40730000000000016
0.33999999999999997 0.3883999999999997
0.36 0.38959999999999995
0.36 0.3706999999999996
0.14 0.4723000000000013
0.14 0.3767999999999997
0.36 0.3741999999999999
0.36 0.3779999999999998
0.36 0.37179999999999985
0.36 0.3844000000000001
0.14 0.44220000000000076
0.14 0.39570000000000016
0.14 0.4200000000000005
0.14 0.3835
0.14 0.38060000000000016
0.14 0.3648999999999999
0.14 0.3720999999999999
0.14 0.36529999999999957
0.14 0.37109999999999965
0.24 0.37529999999999963
0.36 0.3798999999999999
0.36 0.39080000000000026
0.36 0.3732999999999999
0.36 0.3842999999999997
0.24 0.36969999999999975
0.020000000000000018 0.3766999999999996
0.020000000000000018 0.36049999999999977
0.36 0.3720999999999999
0.020000000000000018 0.3714999999999998
0.020000000000000018 0.37419999999999964
0.06000000000000005 0.35509999999999964
0.06000000000000005 0.3406999999999998
0.06000000000000005 0.3505999999999997
0.06000000000000005 0.3619999999999998
0.06000000000000005 0.37029999999999963
0.4 0.3759999999999996
0.4 0.3764999999999997
0.4 0.3869999999999998
0.4 0.3841999999999996
0.4 0.38519999999999965
0.4 0.3881999999999996
0.4 0.38219999999999954
0.4 0.3972999999999997
0.4 0.3864999999999998
0.4 0.37949999999999984
0.4 0.4035
0.36 0.4133000000000001
0.36 0.3829999999999999
0.36 0.37489999999999973
0.36 0.3764999999999997
0.36 0.37579999999999975
0.36 0.3748999999999997
0.36 0.3678999999999997
0.36 0.3675999999999997
0.36 0.37610000000000005
0.36 0.3682999999999998
0.36 0.3704999999999998
0.36 0.3694999999999997
0.36 0.3784999999999997
0.36 0.3907999999999997
0.36 0.37469999999999964
0.36 0.3736999999999995
0.30000000000000004 0.3845999999999999
0.30000000000000004 0.3905000000000001
0.30000000000000004 0.4007999999999998
0.30000000000000004 0.38529999999999986
0.30000000000000004 0.3816999999999999
0.30000000000000004 0.37889999999999985
0.30000000000000004 0.38309999999999994
0.30000000000000004 0.3700999999999997
0.30000000000000004 0.36749999999999955
0.30000000000000004 0.3677999999999997
0.30000000000000004 0.3670999999999998
0.30000000000000004 0.36559999999999976
0.38 0.36680000000000007
0.38 0.4050000000000003
0.38 0.38859999999999995
0.30000000000000004 0.6111000000000025
0.31999999999999995 0.583500000000002
0.30000000000000004 0.5524000000000014
0.30000000000000004 0.5385000000000011
0.30000000000000004 0.5419000000000014
0.30000000000000004 0.5510000000000016
0.30000000000000004 0.5817000000000017
0.36 0.49170000000000114
0.36 0.47690000000000105
0.36 0.4578000000000007
0.36 0.44750000000000056
0.36 0.42890000000000056
0.36 0.45500000000000085
0.36 0.4226000000000005
0.36 0.4940000000000015
0.24 0.5254000000000018
0.33999999999999997 0.5060000000000016
0.33999999999999997 0.4870000000000012
0.33999999999999997 0.4326000000000008
0.33999999999999997 0.4371000000000009
0.36 0.39600000000000013
0.36 0.4653000000000012
0.36 0.4808000000000013
0.36 0.4736000000000014
0.33999999999999997 0.4982000000000017
0.33999999999999997 0.47480000000000133
0.33999999999999997 0.44070000000000065
0.33999999999999997 0.4282000000000007
0.33999999999999997 0.43700000000000044
0.30000000000000004 0.41980000000000045
0.30000000000000004 0.3931000000000002
0.30000000000000004 0.40080000000000043
0.30000000000000004 0.3849999999999998
0.30000000000000004 0.37859999999999994
0.30000000000000004 0.3848
0.30000000000000004 0.37219999999999964
0.30000000000000004 0.37619999999999976
0.30000000000000004 0.38290000000000013
0.30000000000000004 0.38530000000000014
0.30000000000000004 0.3832000000000002
0.30000000000000004 0.3692
0.30000000000000004 0.3702000000000002
0.30000000000000004 0.35890000000000005
0.30000000000000004 0.3655999999999998
0.30000000000000004 0.3959000000000005
0.30000000000000004 0.40750000000000014
0.30000000000000004 0.40470000000000006
0.30000000000000004 0.3827
0.30000000000000004 0.3918
0.30000000000000004 0.393
0.30000000000000004 0.4027999999999998
0.36 0.4011000000000001
0.36 0.4028000000000004
0.30000000000000004 0.3889000000000001
0.30000000000000004 0.39279999999999987
0.30000000000000004 0.38369999999999993
0.30000000000000004 0.3798
0.30000000000000004 0.38470000000000026
0.30000000000000004 0.4019000000000005
0.30000000000000004 0.37959999999999994
0.30000000000000004 0.37729999999999975
0.30000000000000004 0.3837
0.30000000000000004 0.37609999999999993
0.30000000000000004 0.3861
0.30000000000000004 0.3884000000000001
0.30000000000000004 0.37149999999999955
0.30000000000000004 0.36789999999999984
0.30000000000000004 0.3560999999999999
0.30000000000000004 0.35810000000000014
0.30000000000000004 0.34850000000000003
0.30000000000000004 0.3463000000000002
0.30000000000000004 0.3482000000000003
0.30000000000000004 0.3582000000000003
0.30000000000000004 0.3611000000000002
0.30000000000000004 0.3666000000000003
0.30000000000000004 0.37190000000000034
0.30000000000000004 0.3607
0.30000000000000004 0.3443
0.30000000000000004 0.33830000000000005
0.30000000000000004 0.3410000000000001
0.30000000000000004 0.3485000000000001
0.30000000000000004 0.35280000000000017
0.30000000000000004 0.4035000000000005
0.30000000000000004 0.3643000000000003
0.30000000000000004 0.3547000000000001
0.30000000000000004 0.3560000000000003
0.30000000000000004 0.3520000000000003
0.30000000000000004 0.3575000000000006
0.30000000000000004 0.34540000000000026
0.30000000000000004 0.3455000000000003
0.30000000000000004 0.34600000000000053
0.30000000000000004 0.3996000000000002
0.30000000000000004 0.40120000000000045
0.30000000000000004 0.37110000000000026
0.30000000000000004 0.35290000000000016
0.30000000000000004 0.3815000000000006
0.30000000000000004 0.3788000000000006
0.30000000000000004 0.5473000000000021
0.30000000000000004 0.4199000000000001
0.30000000000000004 0.3947000000000003
0.30000000000000004 0.3842000000000001
0.30000000000000004 0.4214000000000005
0.30000000000000004 0.40150000000000036
0.30000000000000004 0.3800000000000003
0.30000000000000004 0.381
0.30000000000000004 0.3709000000000001
0.30000000000000004 0.3647000000000002
0.30000000000000004 0.4815000000000017
0.30000000000000004 0.4244000000000001
0.30000000000000004 0.4313000000000005
0.30000000000000004 0.4419000000000009
0.30000000000000004 0.4293000000000006
0.30000000000000004 0.4259000000000004
0.30000000000000004 0.46040000000000125
0.30000000000000004 0.41970000000000063
0.30000000000000004 0.41010000000000046
0.30000000000000004 0.4145000000000006
0.30000000000000004 0.43010000000000076
0.30000000000000004 0.4186000000000007
0.30000000000000004 0.40890000000000043
0.30000000000000004 0.41870000000000024
0.30000000000000004 0.3973000000000002
0.30000000000000004 0.3962000000000001
0.30000000000000004 0.39159999999999995
0.30000000000000004 0.39010000000000017
0.31999999999999995 0.4031000000000002
0.30000000000000004 0.3933999999999999
0.30000000000000004 0.39520000000000005
0.30000000000000004 0.4080000000000004
0.30000000000000004 0.4176000000000005
0.30000000000000004 0.39110000000000006
0.30000000000000004 0.3858999999999998
0.30000000000000004 0.3875999999999998
0.30000000000000004 0.3908999999999998
0.30000000000000004 0.40980000000000005
0.30000000000000004 0.40009999999999996
0.30000000000000004 0.402
0.14 0.3841999999999999
0.14 0.38310000000000016
0.14 0.3802999999999999
0.14 0.3760999999999997
0.14 0.3698999999999998
0.14 0.37009999999999993
0.07999999999999996 0.35109999999999986
0.07999999999999996 0.3624999999999999
0.07999999999999996 0.3685999999999997
0.30000000000000004 0.3849999999999996
0.07999999999999996 0.3647999999999996
0.07999999999999996 0.35019999999999973
0.07999999999999996 0.3315999999999999
0.07999999999999996 0.34149999999999997
0.07999999999999996 0.3531000000000001
0.07999999999999996 0.3715000000000001
0.07999999999999996 0.3827000000000001
0.07999999999999996 0.36929999999999974
0.07999999999999996 0.3539999999999999
0.07999999999999996 0.34289999999999976
0.07999999999999996 0.31199999999999994
0.07999999999999996 0.3224999999999998
0.07999999999999996 0.2990999999999999
0.07999999999999996 0.2623999999999999
0.07999999999999996 0.2610999999999999
0.07999999999999996 0.27649999999999997
0.07999999999999996 0.33840000000000026
0.07999999999999996 0.29029999999999984
0.07999999999999996 0.29649999999999993
0.07999999999999996 0.24739999999999995
0.07999999999999996 0.22859999999999986
0.07999999999999996 0.23139999999999983
0.07999999999999996 0.2346999999999998
0.07999999999999996 0.2132
0.07999999999999996 0.23669999999999994
0.07999999999999996 0.2559
0.07999999999999996 0.21069999999999978
0.07999999999999996 0.1852999999999999
0.07999999999999996 0.18249999999999994
0.07999999999999996 0.18339999999999987
0.07999999999999996 0.15779999999999997
0.07999999999999996 0.17959999999999998
0.07999999999999996 0.18349999999999994
0.07999999999999996 0.12710000000000005
0.07999999999999996 0.1279
0.07999999999999996 0.13370000000000004
0.07999999999999996 0.14580000000000004
0.07999999999999996 0.18359999999999985
0.07999999999999996 0.15710000000000005
0.07999999999999996 0.16839999999999994
0.07999999999999996 0.14029999999999998
0.07999999999999996 0.17540000000000003
0.07999999999999996 0.14539999999999997
0.07999999999999996 0.14879999999999996
0.07999999999999996 0.16149999999999995
0.07999999999999996 0.17089999999999989
0.07999999999999996 0.1736999999999999
0.07999999999999996 0.1800999999999999
0.07999999999999996 0.1531999999999999
0.07999999999999996 0.14429999999999996
0.07999999999999996 0.14739999999999986
0.07999999999999996 0.15849999999999992
0.07999999999999996 0.13809999999999995
0.07999999999999996 0.14
0.07999999999999996 0.1309
0.07999999999999996 0.15479999999999994
0.07999999999999996 0.16759999999999997
0.07999999999999996 0.15919999999999995
0.07999999999999996 0.16009999999999994
0.07999999999999996 0.1632
0.07999999999999996 0.18979999999999994
0.07999999999999996 0.20549999999999993
0.07999999999999996 0.17089999999999997
0.07999999999999996 0.14819999999999994
0.07999999999999996 0.18119999999999994
0.07999999999999996 0.15529999999999997
0.07999999999999996 0.1487
0.07999999999999996 0.17129999999999995
0.07999999999999996 0.15699999999999992
0.07999999999999996 0.17759999999999995
0.040000000000000036 0.25869999999999993
0.07999999999999996 0.30609999999999987
0.07999999999999996 0.18949999999999992
0.07999999999999996 0.2305
0.6799999999999999 0.6800000000000034
0.6799999999999999 0.6800000000000034
0.6799999999999999 0.6800000000000034
0.6799999999999999 0.6800000000000034
0.07999999999999996 0.35639999999999994
0.040000000000000036 0.42230000000000084
0.040000000000000036 0.32599999999999996
0.040000000000000036 0.3
0.040000000000000036 0.2553999999999998
0.040000000000000036 0.23689999999999994
0.040000000000000036 0.21829999999999988
0.040000000000000036 0.20469999999999985
0.040000000000000036 0.19899999999999987
0.040000000000000036 0.18439999999999998
0.040000000000000036 0.15709999999999993
0.040000000000000036 0.16479999999999995
0.040000000000000036 0.1666
0.040000000000000036 0.17220000000000002
0.040000000000000036 0.1537
0.040000000000000036 0.14859999999999993
0.040000000000000036 0.1489999999999999
0.040000000000000036 0.1421
0.040000000000000036 0.13190000000000002
0.040000000000000036 0.1114
0.040000000000000036 0.1308
0.040000000000000036 0.13459999999999994
0.040000000000000036 0.13539999999999994
0.040000000000000036 0.1383
0.040000000000000036 0.1392
0.040000000000000036 0.15629999999999994
0.040000000000000036 0.15849999999999997
0.040000000000000036 0.1514
0.040000000000000036 0.12259999999999996
0.040000000000000036 0.12879999999999991
0.040000000000000036 0.23029999999999975
0.040000000000000036 0.15969999999999993
0.040000000000000036 0.1498
0.040000000000000036 0.13739999999999994
0.040000000000000036 0.11220000000000002
0.040000000000000036 0.13779999999999998
0.040000000000000036 0.13759999999999994
0.040000000000000036 0.1331999999999999
0.040000000000000036 0.13660000000000003
0.040000000000000036 0.1667999999999999
0.040000000000000036 0.1712999999999999
0.040000000000000036 0.14629999999999999
0.040000000000000036 0.16399999999999987
0.36 0.3747999999999997
0.36 0.3770999999999996
0.36 0.38279999999999975
0.07999999999999996 0.36279999999999957
0.36 0.37249999999999966
0.040000000000000036 0.24359999999999984
0.040000000000000036 0.19949999999999993
0.36 0.3713999999999995
0.040000000000000036 0.2448999999999998
0.040000000000000036 0.17289999999999994
0.040000000000000036 0.22449999999999976
0.040000000000000036 0.18599999999999986
0.040000000000000036 0.17699999999999985
0.040000000000000036 0.16749999999999987
0.040000000000000036 0.3016999999999997
0.36 0.38159999999999955
0.36 0.37329999999999963
0.36 0.37699999999999967
0.040000000000000036 0.25769999999999993
0.040000000000000036 0.3092999999999997
0.040000000000000036 0.3330999999999996
0.040000000000000036 0.3195999999999996
0.040000000000000036 0.24619999999999997
0.040000000000000036 0.2303999999999999
0.040000000000000036 0.28509999999999974
0.30000000000000004 0.3753999999999996
0.30000000000000004 0.3703999999999998
0.07999999999999996 0.37319999999999987
0.07999999999999996 0.3327999999999997
0.07999999999999996 0.3242999999999997
0.33999999999999997 0.3699999999999997
0.30000000000000004 0.36889999999999956
0.30000000000000004 0.3703999999999995
