0.30000000000000004 0.6390999999999997
0.28 0.6310999999999998
0.38 0.6191
0.30000000000000004 0.6488000000000003
0.30000000000000004 0.6520000000000006
0.33999999999999997 0.6487
0.14 0.6281000000000004
0.28 0.6155000000000004
0.33999999999999997 0.6232000000000005
0.24 0.6105000000000009
0.28 0.5502000000000009
0.14 0.5536000000000006
0.28 0.5784000000000009
0.26 0.5438000000000008
0.19999999999999996 0.5131000000000008
0.19999999999999996 0.5331000000000011
0.12 0.5637000000000011
0.14 0.5019000000000006
0.09999999999999998 0.49060000000000087
0.09999999999999998 0.46190000000000075
0.09999999999999998 0.4697000000000005
0.09999999999999998 0.46900000000000036
0.06000000000000005 0.44360000000000044
0.28 0.43970000000000053
0.26 0.5728000000000011
0.26 0.6086000000000011
0.31999999999999995 0.5984000000000012
0.33999999999999997 0.640400000000001
0.33999999999999997 0.6151000000000011
0.33999999999999997 0.6376000000000013
0.33999999999999997 0.6417000000000013
0.33999999999999997 0.5969000000000009
0.33999999999999997 0.5526000000000011
0.33999999999999997 0.509100000000001
0.33999999999999997 0.5430000000000013
0.33999999999999997 0.5076000000000007
0.33999999999999997 0.4689000000000004
0.33999999999999997 0.539000000000001
0.33999999999999997 0.5420000000000008
0.4 0.5096000000000008
0.4 0.5396000000000006
0.4 0.5171000000000007
0.4 0.49500000000000055
0.4 0.5535000000000011
0.33999999999999997 0.5471000000000008
0.36 0.563000000000001
0.36 0.5909000000000015
0.36 0.5704000000000012
0.36 0.6512000000000014
0.33999999999999997 0.6289000000000017
0.33999999999999997 0.6468000000000016
0.33999999999999997 0.6069000000000014
0.33999999999999997 0.5939000000000012
0.33999999999999997 0.5917000000000013
0.33999999999999997 0.5493000000000009
0.33999999999999997 0.5663000000000011
0.33999999999999997 0.5387000000000012
0.33999999999999997 0.5641000000000012
0.33999999999999997 0.5344000000000011
0.33999999999999997 0.5679000000000013
0.33999999999999997 0.6157000000000016
0.33999999999999997 0.5520000000000007
0.33999999999999997 0.47740000000000044
0.33999999999999997 0.5289000000000005
0.33999999999999997 0.4830000000000006
0.33999999999999997 0.5691000000000006
0.36 0.5532000000000007
0.33999999999999997 0.43630000000000024
0.33999999999999997 0.5567000000000005
0.33999999999999997 0.5366000000000004
0.7 0.6410000000000005
0.7 0.6472000000000002
0.4 0.6532000000000001
0.4 0.6506000000000003
0.33999999999999997 0.5757000000000013
0.33999999999999997 0.5296000000000012
0.33999999999999997 0.5769000000000012
0.33999999999999997 0.5086000000000012
0.33999999999999997 0.5454000000000011
0.33999999999999997 0.6129000000000019
0.48 0.6681000000000015
0.48 0.6757000000000006
0.48 0.6887000000000011
0.33999999999999997 0.6721000000000013
0.33999999999999997 0.6634000000000014
0.33999999999999997 0.6653000000000016
0.33999999999999997 0.6593000000000017
0.33999999999999997 0.6425000000000018
0.33999999999999997 0.6310000000000017
0.33999999999999997 0.6366000000000018
0.33999999999999997 0.6170000000000018
0.33999999999999997 0.6205000000000018
0.33999999999999997 0.6114000000000017
0.33999999999999997 0.6393000000000019
0.33999999999999997 0.6313000000000016
0.33999999999999997 0.6066000000000014
0.33999999999999997 0.6399000000000019
0.43999999999999995 0.6181000000000014
0.33999999999999997 0.6092000000000014
0.33999999999999997 0.6064000000000016
0.33999999999999997 0.6009000000000014
0.33999999999999997 0.5751000000000012
0.33999999999999997 0.5561000000000008
0.33999999999999997 0.5430000000000007
0.33999999999999997 0.49680000000000035
0.33999999999999997 0.5196000000000006
0.33999999999999997 0.5134000000000006
0.33999999999999997 0.4367000000000001
0.33999999999999997 0.4443000000000001
0.36 0.48840000000000044
0.33999999999999997 0.43480000000000063
0.33999999999999997 0.4231000000000006
0.33999999999999997 0.3785000000000008
0.36 0.41090000000000065
0.36 0.402100000000001
0.33999999999999997 0.5232000000000006
0.33999999999999997 0.5716000000000006
0.33999999999999997 0.6223000000000007
0.33999999999999997 0.6116000000000007
0.36 0.6363000000000018
0.36 0.6488000000000018
0.36 0.6175000000000016
0.36 0.6432000000000017
0.36 0.6317000000000015
0.36 0.6170000000000013
0.36 0.600300000000001
0.33999999999999997 0.5440000000000006
0.33999999999999997 0.4784000000000003
0.33999999999999997 0.4406000000000002
0.36 0.44260000000000027
0.36 0.4202000000000002
0.33999999999999997 0.49390000000000095
0.33999999999999997 0.46070000000000083
0.33999999999999997 0.40650000000000097
0.33999999999999997 0.3905000000000012
0.36 0.3690000000000014
0.33999999999999997 0.3581000000000011
0.33999999999999997 0.3653000000000013
0.33999999999999997 0.3689000000000012
0.33999999999999997 0.3732000000000012
0.33999999999999997 0.37310000000000115
0.33999999999999997 0.3697000000000012
0.33999999999999997 0.3824000000000012
0.33999999999999997 0.4021000000000008
0.33999999999999997 0.37680000000000113
0.33999999999999997 0.4181000000000011
0.33999999999999997 0.37460000000000127
0.33999999999999997 0.36610000000000137
0.33999999999999997 0.4695000000000011
0.33999999999999997 0.3893000000000011
0.33999999999999997 0.3760000000000012
0.33999999999999997 0.36890000000000134
0.33999999999999997 0.36090000000000133
0.33999999999999997 0.36040000000000133
0.33999999999999997 0.3521000000000016
0.33999999999999997 0.3654000000000014
0.33999999999999997 0.3736000000000015
0.33999999999999997 0.3778000000000015
0.33999999999999997 0.42560000000000126
0.33999999999999997 0.6495000000000017
0.33999999999999997 0.6422000000000019
0.33999999999999997 0.6317000000000018
0.33999999999999997 0.6029000000000017
0.33999999999999997 0.5687000000000014
0.33999999999999997 0.5320000000000012
0.33999999999999997 0.42990000000000067
0.33999999999999997 0.4129000000000008
0.33999999999999997 0.41940000000000127
0.33999999999999997 0.42440000000000133
0.33999999999999997 0.41190000000000127
0.33999999999999997 0.3851000000000013
0.33999999999999997 0.3694000000000013
0.33999999999999997 0.36610000000000137
0.33999999999999997 0.3494000000000017
0.33999999999999997 0.3480000000000017
0.33999999999999997 0.3585000000000015
0.33999999999999997 0.3626000000000016
0.33999999999999997 0.3653000000000015
0.33999999999999997 0.3786000000000015
0.33999999999999997 0.3772000000000015
0.33999999999999997 0.36470000000000147
0.33999999999999997 0.36140000000000144
0.33999999999999997 0.36310000000000153
0.33999999999999997 0.4796000000000012
0.33999999999999997 0.45280000000000115
0.33999999999999997 0.42320000000000113
0.33999999999999997 0.42600000000000116
0.33999999999999997 0.37710000000000116
0.33999999999999997 0.45240000000000063
0.33999999999999997 0.6748000000000013
0.33999999999999997 0.39490000000000103
0.33999999999999997 0.4612000000000011
0.33999999999999997 0.5545000000000015
0.33999999999999997 0.45630000000000115
0.33999999999999997 0.407900000000001
0.33999999999999997 0.37460000000000115
0.33999999999999997 0.36710000000000137
0.33999999999999997 0.3989000000000011
0.33999999999999997 0.4509000000000011
0.33999999999999997 0.4099000000000012
0.33999999999999997 0.5823000000000016
0.33999999999999997 0.39210000000000095
0.33999999999999997 0.39290000000000097
0.33999999999999997 0.5982000000000017
0.33999999999999997 0.35690000000000127
0.33999999999999997 0.3550000000000014
0.33999999999999997 0.37100000000000144
0.33999999999999997 0.44190000000000135
0.33999999999999997 0.3811000000000013
0.33999999999999997 0.5819000000000016
0.33999999999999997 0.402700000000001
0.33999999999999997 0.3870000000000011
0.33999999999999997 0.39850000000000096
0.33999999999999997 0.37640000000000123
0.33999999999999997 0.38540000000000113
0.33999999999999997 0.3734000000000013
0.33999999999999997 0.6850000000000012
0.33999999999999997 0.693000000000001
0.33999999999999997 0.689300000000001
0.33999999999999997 0.6945000000000011
0.33999999999999997 0.6798000000000015
0.36 0.6929000000000011
0.36 0.6893000000000009
0.36 0.6673000000000014
0.36 0.6502000000000017
0.36 0.6356000000000017
0.36 0.6251000000000017
0.36 0.6708000000000014
0.36 0.6259000000000013
0.36 0.6043000000000014
0.36 0.6012000000000017
0.36 0.6924000000000009
0.36 0.693000000000001
0.36 0.6754000000000012
0.36 0.691500000000001
0.7 0.7000000000000008
0.36 0.6967000000000009
0.7 0.7000000000000008
0.36 0.689900000000001
0.7 0.7000000000000008
0.7 0.7015000000000009
0.7 0.7000000000000008
0.7 0.7000000000000008
0.7 0.7000000000000008
0.7 0.7000000000000008
0.7 0.7000000000000008
0.7 0.7000000000000008
0.7 0.7000000000000008
0.7 0.7000000000000008
0.7 0.7000000000000008
0.7 0.7000000000000008
0.7 0.7000000000000008
0.7 0.7000000000000008
0.7 0.7000000000000008
0.7 0.7000000000000008
0.36 0.6966000000000008
0.36 0.6932000000000009
0.36 0.694900000000001
0.36 0.6855000000000011
0.33999999999999997 0.6675000000000014
0.33999999999999997 0.6559000000000016
0.33999999999999997 0.6435000000000017
0.33999999999999997 0.6366000000000018
0.33999999999999997 0.6359000000000018
0.33999999999999997 0.6013000000000016
0.33999999999999997 0.5722000000000016
0.33999999999999997 0.510200000000001
0.33999999999999997 0.5118000000000008
0.33999999999999997 0.45440000000000036
0.33999999999999997 0.43980000000000025
0.33999999999999997 0.5191000000000006
0.33999999999999997 0.4708000000000005
0.33999999999999997 0.40460000000000035
0.33999999999999997 0.45660000000000045
0.33999999999999997 0.4524000000000005
0.33999999999999997 0.41210000000000074
0.33999999999999997 0.42250000000000026
0.33999999999999997 0.4214000000000004
0.33999999999999997 0.522100000000001
0.33999999999999997 0.5104000000000005
0.33999999999999997 0.4236000000000005
0.33999999999999997 0.4362000000000006
0.33999999999999997 0.41070000000000095
0.33999999999999997 0.4276000000000009
0.33999999999999997 0.42700000000000093
0.33999999999999997 0.4013000000000011
0.33999999999999997 0.3883000000000009
0.33999999999999997 0.37960000000000077
0.33999999999999997 0.3940000000000009
0.33999999999999997 0.3846000000000009
0.33999999999999997 0.37900000000000106
0.33999999999999997 0.45440000000000064
0.33999999999999997 0.4001000000000007
0.33999999999999997 0.40220000000000083
0.33999999999999997 0.4146000000000008
0.33999999999999997 0.4147000000000008
0.33999999999999997 0.41890000000000094
0.33999999999999997 0.4177000000000009
0.33999999999999997 0.3953000000000009
0.33999999999999997 0.3816000000000009
0.33999999999999997 0.45880000000000043
0.33999999999999997 0.40990000000000104
0.33999999999999997 0.393900000000001
0.33999999999999997 0.40990000000000093
0.33999999999999997 0.3937000000000011
0.33999999999999997 0.387600000000001
0.33999999999999997 0.38000000000000106
0.33999999999999997 0.39290000000000097
0.33999999999999997 0.38730000000000087
0.33999999999999997 0.38260000000000105
0.33999999999999997 0.41900000000000065
0.33999999999999997 0.39270000000000105
0.33999999999999997 0.3847000000000008
0.33999999999999997 0.3786000000000008
0.33999999999999997 0.38080000000000114
0.33999999999999997 0.39740000000000103
0.33999999999999997 0.3961000000000009
0.33999999999999997 0.373700000000001
0.33999999999999997 0.37470000000000103
0.36 0.3778000000000009
0.36 0.3888000000000011
0.33999999999999997 0.40920000000000106
0.33999999999999997 0.4106000000000011
0.33999999999999997 0.4195000000000009
0.33999999999999997 0.4154000000000011
0.33999999999999997 0.39010000000000117
0.33999999999999997 0.37300000000000133
0.36 0.3901000000000011
0.36 0.4721000000000005
0.36 0.4974000000000003
0.36 0.448400000000001
0.36 0.4333000000000009
0.36 0.4282000000000009
0.36 0.4123000000000011
0.36 0.3954000000000012
0.36 0.38250000000000106
0.36 0.44140000000000085
0.36 0.3938000000000011
0.36 0.38530000000000114
0.36 0.3820000000000011
0.36 0.3913000000000011
0.33999999999999997 0.6090000000000004
0.33999999999999997 0.44180000000000086
0.33999999999999997 0.4568000000000005
0.33999999999999997 0.48200000000000054
0.33999999999999997 0.4526000000000009
0.33999999999999997 0.426600000000001
0.33999999999999997 0.4213000000000008
0.33999999999999997 0.430500000000001
0.33999999999999997 0.3983000000000008
0.33999999999999997 0.3897000000000011
0.33999999999999997 0.3930000000000011
0.33999999999999997 0.40960000000000124
0.33999999999999997 0.3919000000000012
0.33999999999999997 0.38680000000000125
0.33999999999999997 0.36720000000000136
0.33999999999999997 0.3766000000000011
0.33999999999999997 0.3838000000000011
0.33999999999999997 0.39100000000000124
0.33999999999999997 0.4728000000000012
0.33999999999999997 0.45760000000000106
0.33999999999999997 0.44380000000000097
0.33999999999999997 0.4869000000000006
0.33999999999999997 0.4882000000000009
0.33999999999999997 0.4693000000000008
0.33999999999999997 0.4811000000000007
0.33999999999999997 0.45740000000000075
0.33999999999999997 0.4066000000000007
0.33999999999999997 0.38630000000000053
0.33999999999999997 0.3906000000000005
0.33999999999999997 0.3741000000000011
0.33999999999999997 0.39650000000000096
0.33999999999999997 0.36250000000000077
0.33999999999999997 0.3720000000000012
0.33999999999999997 0.3599000000000014
0.33999999999999997 0.37280000000000135
0.33999999999999997 0.37560000000000143
0.33999999999999997 0.36840000000000145
0.33999999999999997 0.3661000000000014
0.33999999999999997 0.3780000000000012
0.33999999999999997 0.37130000000000124
0.33999999999999997 0.37410000000000126
0.33999999999999997 0.3729000000000014
0.33999999999999997 0.36770000000000147
0.33999999999999997 0.3820000000000014
0.33999999999999997 0.36980000000000146
0.33999999999999997 0.38240000000000135
0.33999999999999997 0.37740000000000146
0.33999999999999997 0.3894000000000012
0.33999999999999997 0.3758000000000012
0.33999999999999997 0.3849000000000013
0.33999999999999997 0.39180000000000126
0.33999999999999997 0.38360000000000133
0.33999999999999997 0.36520000000000136
0.33999999999999997 0.3716000000000013
0.33999999999999997 0.36520000000000147
0.33999999999999997 0.3710000000000014
0.33999999999999997 0.3653000000000015
0.33999999999999997 0.3607000000000014
0.33999999999999997 0.3650000000000015
0.33999999999999997 0.36500000000000143
0.33999999999999997 0.36220000000000135
0.33999999999999997 0.36230000000000134
0.33999999999999997 0.3645000000000012
0.33999999999999997 0.3620000000000013
0.33999999999999997 0.3592000000000013
0.33999999999999997 0.45340000000000125
0.33999999999999997 0.6834000000000011
0.33999999999999997 0.6774000000000012
0.33999999999999997 0.41980000000000117
0.33999999999999997 0.391700000000001
0.33999999999999997 0.3818000000000011
0.33999999999999997 0.6621000000000014
0.33999999999999997 0.692800000000001
0.33999999999999997 0.691200000000001
0.33999999999999997 0.6857000000000011
0.33999999999999997 0.690500000000001
0.33999999999999997 0.691000000000001
0.33999999999999997 0.692800000000001
0.33999999999999997 0.6964000000000009
0.33999999999999997 0.6964000000000009
0.33999999999999997 0.6876000000000011
0.33999999999999997 0.6859000000000011
0.33999999999999997 0.6808000000000011
0.33999999999999997 0.687800000000001
0.33999999999999997 0.694700000000001
0.33999999999999997 0.6964000000000009
0.33999999999999997 0.6946000000000009
0.33999999999999997 0.6876000000000011
0.33999999999999997 0.689200000000001
0.33999999999999997 0.6964000000000009
0.33999999999999997 0.6964000000000009
0.33999999999999997 0.6964000000000009
0.33999999999999997 0.6964000000000009
0.33999999999999997 0.689200000000001
0.33999999999999997 0.689200000000001
0.33999999999999997 0.689200000000001
0.33999999999999997 0.692800000000001
0.33999999999999997 0.692800000000001
0.33999999999999997 0.694700000000001
0.7 0.7000000000000008
0.33999999999999997 0.693000000000001
0.7 0.7000000000000008
0.33999999999999997 0.692800000000001
0.7 0.7000000000000008
0.7 0.7000000000000008
0.33999999999999997 0.6965000000000009
0.33999999999999997 0.6965000000000009
0.33999999999999997 0.6965000000000009
0.33999999999999997 0.6965000000000009
0.33999999999999997 0.6931000000000008
0.33999999999999997 0.690100000000001
0.33999999999999997 0.687800000000001
0.33999999999999997 0.6965000000000009
0.33999999999999997 0.6965000000000009
0.33999999999999997 0.6948000000000009
0.33999999999999997 0.6965000000000009
0.33999999999999997 0.6911000000000009
0.33999999999999997 0.6965000000000009
0.33999999999999997 0.6965000000000009
0.33999999999999997 0.6829000000000011
0.33999999999999997 0.688000000000001
0.33999999999999997 0.694400000000001
0.33999999999999997 0.695800000000001
0.33999999999999997 0.6965000000000009
0.33999999999999997 0.6911000000000009
0.33999999999999997 0.691400000000001
0.33999999999999997 0.6965000000000009
0.36 0.6983000000000008
0.36 0.694900000000001
0.36 0.6932000000000009
0.36 0.6966000000000008
0.36 0.6966000000000008
0.36 0.691500000000001
0.36 0.6981000000000008
0.36 0.6982000000000009
0.36 0.692800000000001
0.36 0.692900000000001
0.36 0.6857000000000011
0.36 0.6857000000000011
0.36 0.6876000000000011
0.36 0.689300000000001
0.36 0.6911000000000009
0.36 0.6831000000000012
0.36 0.686200000000001
0.36 0.6760000000000013
0.36 0.692900000000001
0.36 0.687500000000001
0.36 0.6723000000000013
0.36 0.6965000000000009
0.36 0.6965000000000009
0.36 0.691200000000001
0.36 0.6965000000000009
0.36 0.689300000000001
0.36 0.692900000000001
0.36 0.689300000000001
0.36 0.6790000000000012
0.36 0.6846000000000011
0.36 0.691400000000001
0.36 0.6965000000000009
