0.7 0.36410000000000026
0.7 0.4116499999999997
0.7 0.40119999999999967
0.7 0.4263999999999999
0.7 0.4295999999999996
0.7 0.4344999999999996
0.78 0.4044500000000001
0.7 0.4130500000000003
0.7 0.41455000000000014
0.76 0.4272499999999997
0.73 0.42314999999999975
0.72 0.4038500000000007
0.71 0.42889999999999967
0.72 0.4100000000000002
0.71 0.4326499999999996
0.72 0.43644999999999945
0.7 0.4258499999999994
0.71 0.4253999999999995
0.75 0.46459999999999824
0.69 0.4511499999999987
0.7 0.47799999999999826
0.76 0.46649999999999847
0.7 0.5016499999999986
0.7 0.4613999999999986
0.83 0.4542999999999985
0.69 0.45069999999999916
0.69 0.45794999999999886
0.7 0.4480499999999992
0.69 0.4348999999999997
0.7 0.42229999999999934
0.7 0.4948499999999976
0.7 0.4941999999999983
0.7 0.49884999999999813
0.76 0.5609499999999993
0.84 0.5457499999999992
0.79 0.5779499999999992
0.92 0.5988500000000001
0.7 0.5973499999999997
0.74 0.5924499999999996
0.93 0.578299999999999
0.89 0.6141999999999996
0.93 0.6254999999999996
0.89 0.6605000000000003
0.87 0.6641500000000004
0.86 0.6765000000000007
0.82 0.6703500000000006
0.88 0.6786000000000004
0.79 0.6871500000000006
0.78 0.6883000000000007
0.89 0.6813000000000011
0.85 0.6887000000000014
0.81 0.6870500000000013
0.86 0.7078000000000013
0.9 0.7096500000000012
0.91 0.7115500000000009
0.95 0.7051500000000018
0.95 0.7276500000000001
0.91 0.7338999999999996
0.94 0.601149999999999
0.95 0.6907000000000008
0.95 0.7144500000000008
0.95 0.6913500000000005
0.95 0.7138000000000005
0.94 0.71115
0.96 0.7138500000000003
0.96 0.7337499999999997
0.95 0.7567500000000007
0.97 0.8011499999999981
0.97 0.8396999999999989
0.96 0.8405999999999998
0.96 0.8078999999999984
0.96 0.8233499999999985
0.97 0.8305499999999993
0.97 0.8880499999999992
0.97 0.8948000000000002
0.97 0.8846999999999996
0.97 0.8957499999999995
0.97 0.8507499999999999
0.95 0.8371499999999996
0.95 0.7288999999999993
0.97 0.8035499999999989
0.96 0.8515000000000004
0.97 0.8471499999999992
0.97 0.8815000000000006
0.96 0.8414500000000007
0.96 0.7213499999999997
0.96 0.8109499999999997
0.98 0.8362000000000003
0.95 0.7273499999999999
0.96 0.83
0.95 0.7454000000000005
0.96 0.6727000000000005
0.96 0.6908000000000016
0.97 0.686500000000002
0.97 0.7321500000000002
0.96 0.7161500000000008
0.96 0.7478499999999997
0.96 0.7801999999999976
0.96 0.793899999999999
0.96 0.7507000000000008
0.97 0.7825500000000012
0.97 0.8360000000000015
0.97 0.8535000000000024
0.97 0.8150499999999995
0.97 0.8567999999999993
0.97 0.8794500000000007
0.97 0.8229500000000003
0.97 0.8332500000000027
0.96 0.8089999999999996
0.97 0.8734000000000008
0.97 0.84405
0.97 0.8777500000000025
0.97 0.9062000000000008
0.97 0.820050000000001
0.97 0.8603000000000003
0.97 0.8516999999999999
0.97 0.876250000000001
0.97 0.816399999999999
0.97 0.7833
0.97 0.6945000000000021
0.97 0.9198499999999976
0.97 0.8283499999999975
0.97 0.8942499999999974
0.97 0.8664999999999989
0.97 0.9157999999999984
0.97 0.8300499999999981
0.97 0.9257999999999983
0.97 0.8879499999999981
0.97 0.8285499999999996
0.97 0.8660999999999999
0.97 0.8352500000000002
0.97 0.86965
0.97 0.8835499999999992
0.97 0.8931999999999995
0.97 0.8915499999999987
0.97 0.9172499999999997
0.97 0.9177499999999992
0.97 0.8808999999999999
0.97 0.8735999999999994
0.97 0.9273499999999996
0.97 0.9090499999999981
0.97 0.9434499999999986
0.97 0.9288000000000011
0.97 0.9402500000000004
0.97 0.94855
0.97 0.9543
0.97 0.9527499999999995
0.97 0.9576499999999994
0.97 0.9466499999999997
0.97 0.9449499999999996
0.97 0.9563999999999993
0.97 0.9126999999999991
0.97 0.9332499999999991
0.97 0.9568999999999995
0.97 0.9455499999999991
0.97 0.8114999999999988
0.97 0.7981499999999991
0.97 0.7680499999999995
0.97 0.7799499999999986
0.97 0.895549999999999
0.97 0.9134499999999984
0.97 0.9473499999999992
0.97 0.9248499999999993
0.97 0.9266499999999996
0.97 0.9527499999999993
0.97 0.9403499999999992
0.97 0.9340999999999997
0.97 0.9317499999999995
0.97 0.9179999999999999
0.97 0.9033500000000002
0.97 0.9126000000000001
0.97 0.9140999999999999
0.97 0.901249999999999
0.97 0.8759999999999991
0.97 0.9006500000000004
0.97 0.9136999999999996
0.97 0.9620999999999992
0.97 0.8971500000000002
0.97 0.9453999999999995
0.97 0.960949999999999
0.97 0.9420499999999994
0.97 0.9516999999999992
0.97 0.949949999999999
0.97 0.9189499999999982
0.97 0.9504499999999987
0.97 0.9584499999999991
0.97 0.9488999999999992
0.97 0.7302000000000004
0.97 0.7898000000000011
0.97 0.8564499999999987
0.97 0.8772499999999991
0.97 0.9107999999999997
0.97 0.92515
0.97 0.9328499999999997
0.97 0.8385999999999979
0.97 0.796399999999999
0.97 0.7435000000000009
0.97 0.8594499999999964
0.97 0.8871999999999994
0.97 0.9027000000000004
0.97 0.8979499999999991
0.97 0.8319999999999997
0.97 0.8345999999999998
0.97 0.7127500000000017
0.97 0.7650500000000017
0.97 0.8934499999999993
0.97 0.9042499999999998
0.97 0.9122500000000001
0.97 0.9136999999999995
0.97 0.9327499999999993
0.97 0.9059000000000001
0.97 0.8795499999999996
0.97 0.9190499999999995
0.97 0.7825500000000021
0.97 0.8428500000000004
0.97 0.8622500000000025
0.97 0.9021499999999989
0.97 0.9046499999999992
0.97 0.8632500000000017
0.97 0.9097499999999995
0.97 0.9218500000000003
0.97 0.9026499999999983
0.97 0.9269
0.97 0.6714000000000017
0.97 0.6864500000000018
0.97 0.6996500000000012
0.97 0.7636000000000018
0.97 0.8104000000000008
0.97 0.8424499999999988
0.97 0.8590999999999994
0.97 0.8649499999999999
0.97 0.8810999999999997
0.97 0.8872499999999992
0.97 0.896099999999999
0.97 0.9237999999999994
0.97 0.9291999999999995
0.97 0.9391000000000002
0.97 0.9387999999999999
0.97 0.9143999999999994
0.97 0.8858500000000008
0.97 0.8892500000000009
0.7 0.6956500000000019
0.97 0.9032500000000003
0.7 0.688050000000002
0.7 0.6943000000000019
0.97 0.9047500000000004
0.97 0.9200000000000004
0.7 0.6909000000000017
0.97 0.9204499999999999
0.7 0.6935000000000019
0.7 0.6896000000000022
0.97 0.93045
0.97 0.9321999999999998
0.97 0.9356999999999995
0.97 0.9358499999999995
0.97 0.9369500000000001
0.97 0.9311000000000004
0.97 0.9382000000000004
0.97 0.9494000000000001
0.97 0.9382499999999997
0.97 0.9090500000000005
0.97 0.9296499999999998
0.97 0.9495499999999995
0.72 0.686750000000002
0.72 0.691500000000002
0.97 0.9134000000000004
0.97 0.9333
0.97 0.9322999999999996
0.97 0.9215999999999996
0.97 0.9279499999999997
0.97 0.9364499999999993
0.97 0.9425999999999993
0.97 0.9387999999999994
0.97 0.9243499999999999
0.97 0.9555999999999993
0.97 0.9486999999999991
0.97 0.9439999999999992
0.97 0.9331999999999997
0.97 0.9277499999999993
0.97 0.91055
0.97 0.9044499999999998
0.97 0.9180000000000001
0.97 0.92285
0.97 0.9200499999999999
0.97 0.8945500000000004
0.97 0.8865000000000006
0.97 0.8945499999999994
0.97 0.8845500000000005
0.97 0.9217999999999992
0.97 0.9244499999999999
0.97 0.9395499999999992
0.97 0.9111999999999998
0.97 0.9325499999999995
0.97 0.8972
0.97 0.9101999999999998
0.97 0.9158999999999999
0.97 0.9069499999999995
0.97 0.9254499999999993
0.97 0.9469499999999994
0.97 0.9478999999999992
0.97 0.9379999999999994
0.97 0.9518499999999993
0.97 0.951449999999999
0.97 0.9414499999999993
0.97 0.93625
0.97 0.9487999999999994
0.97 0.9440999999999995
0.97 0.9340499999999996
0.97 0.9478499999999996
0.97 0.9535999999999994
0.97 0.9282499999999996
0.97 0.9135999999999999
0.62 0.600850000000001
0.62 0.6103000000000012
0.97 0.93475
0.97 0.9503999999999994
0.97 0.9282499999999998
0.97 0.9348999999999995
0.62 0.604050000000001
0.97 0.9039500000000003
0.97 0.9311499999999994
0.62 0.6102000000000011
0.97 0.8179500000000014
0.62 0.551549999999999
0.62 0.6068500000000011
0.97 0.8825499999999998
0.62 0.6069500000000013
0.62 0.5829000000000003
0.62 0.5966500000000009
0.62 0.6097000000000012
0.62 0.600700000000001
0.62 0.5993500000000009
0.62 0.592900000000001
0.62 0.596300000000001
0.62 0.6064000000000013
0.62 0.596100000000001
0.62 0.6041000000000013
0.62 0.6036000000000012
0.62 0.601550000000001
0.62 0.6054000000000013
0.62 0.6080500000000013
0.62 0.6095000000000012
0.62 0.6139000000000014
0.8 0.612650000000001
0.62 0.6020000000000012
0.62 0.6081500000000013
0.8 0.6205500000000012
0.8 0.6203500000000013
0.8 0.6387000000000022
0.8 0.6298000000000019
0.93 0.656650000000002
0.97 0.6845500000000004
0.97 0.6939000000000006
0.97 0.7330499999999995
0.97 0.7809999999999991
0.62 0.6086500000000011
0.97 0.7877499999999996
0.97 0.8316499999999997
0.97 0.8508500000000008
0.97 0.8969999999999999
0.97 0.9128499999999998
0.97 0.9288999999999996
0.97 0.9259499999999997
0.97 0.9151999999999998
0.97 0.91845
0.97 0.9212499999999996
0.97 0.9136499999999996
0.97 0.9331499999999999
0.97 0.9232
0.97 0.9238999999999997
0.97 0.9252999999999999
0.97 0.9388499999999996
0.97 0.93
0.97 0.9382499999999994
0.97 0.9296499999999999
0.97 0.8997500000000004
0.97 0.9077500000000001
0.97 0.8951
0.97 0.8856499999999999
0.97 0.9099999999999996
0.97 0.921199999999999
0.97 0.9215999999999991
0.97 0.8894499999999981
0.97 0.9119499999999984
0.97 0.9295499999999999
0.97 0.9556999999999995
0.97 0.9294500000000007
0.97 0.9374500000000008
0.97 0.9225999999999999
0.84 0.6219500000000009
0.93 0.6713500000000013
0.96 0.7045000000000016
0.97 0.7354000000000004
0.89 0.7237000000000005
0.89 0.7485499999999992
0.94 0.7638999999999989
0.94 0.7770999999999982
0.94 0.8015499999999982
0.95 0.8119499999999981
0.94 0.6691000000000007
0.95 0.6909500000000008
0.95 0.7131000000000007
0.95 0.7533500000000007
0.95 0.7652000000000001
0.97 0.7438000000000007
0.97 0.7703500000000004
0.96 0.7686999999999999
0.96 0.70565
0.96 0.7678500000000006
0.97 0.8387500000000006
0.97 0.8745000000000006
0.97 0.8918500000000007
0.97 0.8601500000000009
0.97 0.80145
0.97 0.8330999999999992
0.97 0.8454500000000003
0.97 0.8644500000000004
0.97 0.8832000000000003
0.97 0.8933500000000011
0.97 0.8915999999999995
0.97 0.8938499999999984
0.97 0.9322999999999992
0.97 0.8785500000000019
0.97 0.8778000000000011
0.97 0.8915000000000003
0.97 0.9134999999999998
0.97 0.9364499999999986
0.97 0.932799999999999
0.97 0.925849999999999
0.97 0.9259
0.97 0.9417000000000003
0.97 0.94035
0.97 0.8617999999999993
0.97 0.9430000000000003
0.97 0.906649999999999
0.97 0.8877500000000006
0.97 0.9170500000000006
0.97 0.9267500000000004
0.97 0.9397999999999996
0.97 0.9251499999999999
0.97 0.9186500000000004
0.74 0.5949999999999998
0.75 0.6792500000000016
0.97 0.9176000000000003
0.75 0.6864999999999999
0.75 0.6649000000000007
0.76 0.6809000000000015
0.78 0.6989
0.78 0.709849999999999
0.78 0.7179999999999974
0.79 0.7173999999999988
0.79 0.7338499999999982
0.79 0.7374499999999992
0.91 0.7265499999999986
0.91 0.7396499999999995
0.91 0.7419999999999989
0.91 0.7430999999999996
0.91 0.7293999999999999
0.91 0.7431499999999991
0.91 0.749450000000001
0.95 0.7561000000000015
0.95 0.7643500000000023
0.95 0.7808500000000016
0.91 0.7929000000000008
0.95 0.7900500000000005
0.95 0.8123000000000005
0.95 0.8232999999999993
0.95 0.8216999999999998
0.95 0.8367000000000004
0.95 0.84805
0.95 0.8632999999999993
0.95 0.8792499999999991
0.95 0.8696499999999987
0.95 0.8908499999999994
0.95 0.9103000000000008
0.95 0.9129000000000004
0.95 0.9157000000000005
0.95 0.9157500000000001
0.95 0.9226999999999993
0.95 0.9179999999999994
0.95 0.9127999999999993
0.95 0.9155999999999992
0.95 0.925849999999999
0.97 0.9256999999999992
0.97 0.9136999999999995
0.97 0.9224499999999993
0.95 0.9208499999999991
0.95 0.8235999999999996
0.95 0.8586999999999994
0.95 0.9121000000000001
0.97 0.9093999999999983
0.97 0.9237999999999986
0.97 0.9286999999999989
0.97 0.919949999999998
0.97 0.906199999999999
0.97 0.9208000000000005
0.62 0.6182000000000012
0.62 0.6163000000000014
0.97 0.8911
0.97 0.9189999999999998
