0.84 0.426289999999996
0.84 0.4569199999999962
0.85 0.48611999999999705
0.86 0.522539999999996
0.91 0.5450000000000023
0.96 0.5719800000000023
0.96 0.5910600000000026
0.96 0.614750000000003
0.96 0.6265600000000039
0.96 0.6427600000000055
0.96 0.658420000000006
0.96 0.6724900000000035
0.96 0.6749800000000029
0.98 0.6876499999999988
0.98 0.6888099999999987
0.98 0.6965099999999976
0.98 0.7026399999999973
0.98 0.699819999999996
0.98 0.7147799999999949
0.98 0.7163399999999942
0.98 0.7334799999999909
0.98 0.7346999999999905
0.98 0.7414899999999895
0.98 0.7487799999999873
0.98 0.7472099999999872
0.98 0.7570999999999872
0.98 0.7664799999999874
0.98 0.7707599999999881
0.98 0.7649999999999864
0.98 0.7715899999999892
0.98 0.7788099999999901
0.98 0.7802499999999909
0.98 0.7853899999999925
0.98 0.7993499999999948
0.98 0.8094499999999943
0.98 0.8104399999999922
0.98 0.8021199999999941
0.98 0.8109999999999936
0.98 0.8200999999999953
0.98 0.8235099999999977
0.98 0.8227599999999992
0.98 0.832749999999999
0.98 0.8302399999999981
0.98 0.8345799999999985
0.98 0.8502399999999999
0.98 0.8493699999999966
0.98 0.856399999999996
0.98 0.8698799999999922
0.98 0.8690299999999905
0.98 0.8614599999999948
0.98 0.8624899999999931
0.98 0.8714899999999914
0.98 0.8731399999999906
0.98 0.8678099999999909
0.98 0.8596999999999934
0.98 0.866119999999992
0.98 0.8633399999999944
0.98 0.8729099999999954
0.98 0.8741499999999938
0.98 0.8657199999999922
0.98 0.8827799999999939
0.98 0.881719999999993
0.98 0.8702899999999921
0.98 0.8602199999999915
0.98 0.863949999999991
0.98 0.8714599999999918
0.98 0.8677399999999923
0.98 0.870409999999994
0.98 0.8749499999999947
0.98 0.8714199999999922
0.98 0.8707899999999935
0.98 0.8755999999999946
0.98 0.8818199999999942
0.98 0.8717699999999934
0.98 0.8627799999999933
0.98 0.8745899999999939
0.98 0.8825999999999943
0.98 0.8896299999999959
0.98 0.8868199999999974
0.98 0.8854699999999973
0.98 0.880559999999994
0.98 0.8851999999999955
0.98 0.8910799999999962
0.98 0.8865999999999948
0.98 0.883349999999997
0.98 0.8910199999999966
0.98 0.8951299999999974
0.98 0.8794799999999968
0.98 0.8747499999999948
0.98 0.8796799999999962
0.98 0.8797199999999958
0.98 0.8813299999999947
0.98 0.869629999999994
0.98 0.884629999999996
0.98 0.8692899999999938
0.98 0.8752599999999929
0.98 0.8839299999999937
0.98 0.871079999999993
0.98 0.8758099999999978
0.98 0.8644399999999928
