0.26 0.6094399999999971
0.06000000000000005 0.5786199999999986
0.06000000000000005 0.541679999999998
0.06000000000000005 0.4978000000000002
0.06000000000000005 0.46909999999999974
0.06000000000000005 0.45428000000000035
0.040000000000000036 0.42802000000000084
0.040000000000000036 0.41056000000000054
0.040000000000000036 0.3926800000000007
0.040000000000000036 0.3786200000000013
0.040000000000000036 0.3649000000000007
0.040000000000000036 0.3477200000000009
0.040000000000000036 0.33748000000000195
0.040000000000000036 0.3354200000000014
0.040000000000000036 0.32832000000000233
0.040000000000000036 0.31510000000000193
0.040000000000000036 0.3095800000000025
0.040000000000000036 0.3049800000000028
0.040000000000000036 0.3005800000000027
0.040000000000000036 0.2886800000000026
0.040000000000000036 0.279500000000002
0.040000000000000036 0.27676000000000206
0.040000000000000036 0.2641800000000021
0.040000000000000036 0.26640000000000175
0.040000000000000036 0.256440000000002
0.040000000000000036 0.2523800000000019
0.040000000000000036 0.2523800000000016
0.040000000000000036 0.23480000000000179
0.040000000000000036 0.2334000000000012
0.040000000000000036 0.22856000000000193
0.040000000000000036 0.2351200000000016
0.040000000000000036 0.2308000000000013
0.040000000000000036 0.23492000000000157
0.040000000000000036 0.23620000000000127
0.040000000000000036 0.22502000000000122
0.040000000000000036 0.2179400000000008
0.040000000000000036 0.2182600000000014
0.040000000000000036 0.21254000000000106
0.040000000000000036 0.2049400000000007
0.040000000000000036 0.20076000000000058
0.040000000000000036 0.20306000000000077
0.040000000000000036 0.1975400000000004
0.040000000000000036 0.19854000000000074
0.040000000000000036 0.19726000000000063
0.040000000000000036 0.19948000000000043
0.040000000000000036 0.20148000000000016
0.040000000000000036 0.19822000000000037
0.040000000000000036 0.20356000000000046
0.040000000000000036 0.19568000000000033
0.040000000000000036 0.19490000000000077
0.040000000000000036 0.1990000000000004
0.040000000000000036 0.19194000000000058
0.040000000000000036 0.18888000000000035
0.040000000000000036 0.18806000000000023
0.040000000000000036 0.18706000000000056
0.040000000000000036 0.17598000000000047
0.040000000000000036 0.1923200000000002
0.040000000000000036 0.20322000000000034
0.040000000000000036 0.19052000000000033
0.040000000000000036 0.18098000000000017
0.040000000000000036 0.18578000000000025
0.040000000000000036 0.18966000000000025
0.040000000000000036 0.18299999999999994
0.040000000000000036 0.1884400000000003
0.040000000000000036 0.17802000000000054
0.040000000000000036 0.17986000000000052
0.040000000000000036 0.18748000000000012
0.040000000000000036 0.19753999999999997
0.040000000000000036 0.1781800000000002
0.040000000000000036 0.17808000000000007
0.040000000000000036 0.18278000000000022
0.040000000000000036 0.1895800000000001
0.040000000000000036 0.18450000000000036
0.040000000000000036 0.18716000000000016
0.040000000000000036 0.19496
0.040000000000000036 0.18612000000000034
0.040000000000000036 0.18508000000000038
0.040000000000000036 0.17962000000000064
0.040000000000000036 0.18420000000000028
0.040000000000000036 0.19224000000000038
0.040000000000000036 0.1868800000000007
0.040000000000000036 0.19494000000000034
0.040000000000000036 0.19190000000000007
0.040000000000000036 0.18454000000000034
0.040000000000000036 0.18582000000000046
0.040000000000000036 0.18036000000000002
0.040000000000000036 0.17122000000000015
0.040000000000000036 0.17600000000000035
0.040000000000000036 0.18074000000000032
0.040000000000000036 0.1826600000000004
0.040000000000000036 0.1791600000000004
0.040000000000000036 0.17520000000000055
0.040000000000000036 0.17968000000000023
0.040000000000000036 0.1798200000000002
0.040000000000000036 0.1807000000000004
0.040000000000000036 0.1858600000000004
0.040000000000000036 0.18672000000000022
0.040000000000000036 0.1827200000000002
0.040000000000000036 0.17270000000000035
0.040000000000000036 0.1716000000000005
