0.38 0.6560999999999996
0.38 0.6442999999999995
0.38 0.6443999999999993
0.26 0.5923999999999995
0.21999999999999997 0.5998999999999994
0.06000000000000005 0.5916999999999996
0.24 0.5909999999999997
0.33999999999999997 0.6682999999999992
0.36 0.6570999999999991
0.36 0.6250999999999997
0.4 0.6539999999999992
0.38 0.6475999999999992
0.38 0.6357999999999993
0.38 0.6301999999999995
0.42000000000000004 0.6421999999999994
0.38 0.6373999999999994
0.38 0.6382999999999995
0.38 0.6503999999999993
0.31999999999999995 0.5985999999999995
0.38 0.5776999999999997
0.38 0.5964999999999995
0.24 0.6058999999999999
0.24 0.6467999999999995
0.24 0.5871999999999997
0.21999999999999997 0.5845999999999997
0.38 0.5355000000000002
0.45999999999999996 0.5994999999999996
0.38 0.5260000000000005
0.14 0.4651000000000007
0.14 0.4309999999999999
0.09999999999999998 0.5481000000000003
0.09999999999999998 0.5168
0.07999999999999996 0.4511999999999998
0.21999999999999997 0.5690999999999997
0.21999999999999997 0.5648999999999997
0.09999999999999998 0.5204
0.4 0.5977999999999996
0.38 0.5285999999999997
0.19999999999999996 0.5134999999999998
0.38 0.5004999999999997
0.38 0.5120000000000001
0.33999999999999997 0.5811999999999999
0.36 0.5958999999999997
0.33999999999999997 0.5857999999999993
0.4 0.6339999999999995
0.4 0.6102999999999994
0.33999999999999997 0.49559999999999976
0.33999999999999997 0.4535000000000003
0.33999999999999997 0.44339999999999974
0.33999999999999997 0.4445000000000004
0.31999999999999995 0.4685000000000006
0.36 0.46699999999999997
0.33999999999999997 0.45660000000000045
0.36 0.46570000000000034
0.33999999999999997 0.4283000000000003
0.26 0.40270000000000045
0.30000000000000004 0.4194000000000001
0.36 0.4072000000000001
0.28 0.48530000000000045
0.28 0.44210000000000016
0.28 0.4374999999999998
0.24 0.41240000000000004
0.12 0.4228
0.28 0.4652000000000001
0.14 0.41770000000000024
0.14 0.3774000000000004
0.28 0.38569999999999993
0.28 0.3803
0.28 0.3897000000000002
0.24 0.4116000000000004
0.30000000000000004 0.3951999999999999
0.28 0.3759000000000002
0.28 0.3750000000000002
0.26 0.3637000000000004
0.28 0.3630000000000001
0.36 0.37020000000000075
0.36 0.36870000000000025
0.36 0.40140000000000015
0.33999999999999997 0.3768000000000003
0.33999999999999997 0.3615000000000008
0.36 0.3604000000000006
0.36 0.3511000000000009
0.33999999999999997 0.36590000000000056
0.33999999999999997 0.3573000000000009
0.33999999999999997 0.3613000000000009
0.33999999999999997 0.3571000000000009
0.33999999999999997 0.349100000000001
0.33999999999999997 0.40699999999999975
0.36 0.37030000000000085
0.36 0.35010000000000124
0.36 0.38600000000000095
0.36 0.4008000000000006
0.36 0.380200000000001
0.33999999999999997 0.3832000000000001
0.33999999999999997 0.35370000000000074
0.33999999999999997 0.35530000000000095
0.33999999999999997 0.3494000000000011
0.33999999999999997 0.3505000000000011
0.33999999999999997 0.369300000000001
0.33999999999999997 0.35070000000000123
0.33999999999999997 0.3487000000000014
0.33999999999999997 0.3529000000000013
0.33999999999999997 0.35580000000000134
0.33999999999999997 0.3573000000000009
0.33999999999999997 0.36200000000000093
0.33999999999999997 0.3810000000000007
0.33999999999999997 0.35960000000000103
0.33999999999999997 0.352600000000001
0.33999999999999997 0.35590000000000077
0.33999999999999997 0.3612000000000005
0.33999999999999997 0.36440000000000056
0.33999999999999997 0.3628000000000008
0.33999999999999997 0.3610000000000006
0.33999999999999997 0.39250000000000057
0.33999999999999997 0.37440000000000057
0.33999999999999997 0.3613000000000006
0.33999999999999997 0.3681000000000006
0.33999999999999997 0.3629000000000007
0.33999999999999997 0.3670000000000009
0.33999999999999997 0.37500000000000056
0.33999999999999997 0.3690000000000007
0.33999999999999997 0.36650000000000094
0.33999999999999997 0.3666000000000005
0.33999999999999997 0.35740000000000066
0.33999999999999997 0.35810000000000075
0.33999999999999997 0.36000000000000065
0.33999999999999997 0.35250000000000076
0.33999999999999997 0.3525000000000007
0.33999999999999997 0.3524000000000005
0.33999999999999997 0.35150000000000065
0.33999999999999997 0.3527000000000007
0.33999999999999997 0.3513000000000006
0.33999999999999997 0.3592000000000006
0.33999999999999997 0.35350000000000065
0.33999999999999997 0.35200000000000065
0.33999999999999997 0.3525000000000006
0.33999999999999997 0.35390000000000077
0.33999999999999997 0.3529000000000008
0.33999999999999997 0.3480000000000011
0.33999999999999997 0.363800000000001
0.33999999999999997 0.36140000000000083
0.33999999999999997 0.3807000000000002
0.33999999999999997 0.35780000000000056
0.33999999999999997 0.35530000000000056
0.33999999999999997 0.35450000000000065
0.33999999999999997 0.35280000000000056
0.33999999999999997 0.35280000000000045
0.33999999999999997 0.3544000000000002
0.33999999999999997 0.3570000000000004
0.33999999999999997 0.3568000000000001
0.33999999999999997 0.3583000000000001
0.33999999999999997 0.35830000000000006
0.33999999999999997 0.3598000000000001
0.33999999999999997 0.35810000000000014
0.33999999999999997 0.3568000000000003
0.33999999999999997 0.3589000000000002
0.33999999999999997 0.3610000000000002
0.33999999999999997 0.3652000000000001
0.33999999999999997 0.3696000000000001
0.33999999999999997 0.35850000000000004
0.33999999999999997 0.3586000000000001
0.33999999999999997 0.35600000000000015
0.33999999999999997 0.35860000000000014
0.33999999999999997 0.35680000000000045
0.33999999999999997 0.35860000000000014
0.33999999999999997 0.3591000000000002
0.33999999999999997 0.35800000000000026
0.33999999999999997 0.37250000000000016
0.33999999999999997 0.38490000000000035
0.33999999999999997 0.3735000000000002
0.33999999999999997 0.3623000000000007
0.33999999999999997 0.3563000000000004
0.33999999999999997 0.35380000000000034
0.33999999999999997 0.35750000000000026
0.33999999999999997 0.35330000000000084
0.33999999999999997 0.35030000000000094
0.33999999999999997 0.35280000000000117
0.33999999999999997 0.3575000000000007
0.33999999999999997 0.3548000000000006
0.33999999999999997 0.3520000000000008
0.33999999999999997 0.35140000000000077
0.33999999999999997 0.35140000000000066
0.33999999999999997 0.35200000000000053
0.33999999999999997 0.34920000000000084
0.33999999999999997 0.35150000000000076
0.33999999999999997 0.3522000000000008
0.33999999999999997 0.35500000000000065
0.33999999999999997 0.35310000000000075
0.33999999999999997 0.35340000000000044
0.33999999999999997 0.3544000000000003
0.33999999999999997 0.3558000000000006
0.33999999999999997 0.3611000000000004
0.33999999999999997 0.3540000000000003
0.33999999999999997 0.36110000000000064
0.33999999999999997 0.37330000000000063
0.33999999999999997 0.35510000000000047
0.33999999999999997 0.35190000000000055
0.33999999999999997 0.35370000000000074
0.33999999999999997 0.3523000000000006
0.33999999999999997 0.3517000000000005
0.33999999999999997 0.3580000000000005
0.33999999999999997 0.3544000000000003
0.33999999999999997 0.35720000000000013
0.33999999999999997 0.35590000000000016
0.33999999999999997 0.3569000000000004
0.33999999999999997 0.3583000000000003
0.33999999999999997 0.35770000000000024
0.33999999999999997 0.36030000000000034
0.33999999999999997 0.3586000000000002
0.33999999999999997 0.35670000000000024
0.33999999999999997 0.35870000000000013
0.33999999999999997 0.35680000000000023
0.33999999999999997 0.37090000000000034
0.33999999999999997 0.36120000000000024
0.33999999999999997 0.3638000000000002
0.33999999999999997 0.3568000000000001
0.33999999999999997 0.35850000000000015
0.33999999999999997 0.35730000000000023
0.33999999999999997 0.3594000000000001
0.33999999999999997 0.35520000000000024
0.33999999999999997 0.3559000000000004
0.33999999999999997 0.35560000000000014
0.33999999999999997 0.3542000000000002
0.33999999999999997 0.3542000000000002
0.33999999999999997 0.3566000000000003
0.33999999999999997 0.3586
0.33999999999999997 0.36089999999999994
0.33999999999999997 0.35519999999999996
0.33999999999999997 0.35840000000000005
0.33999999999999997 0.35710000000000014
0.33999999999999997 0.3575
0.33999999999999997 0.3584000000000001
0.33999999999999997 0.36050000000000004
0.33999999999999997 0.3569000000000003
0.33999999999999997 0.3560000000000003
0.33999999999999997 0.3542000000000003
0.33999999999999997 0.35590000000000027
0.33999999999999997 0.35640000000000027
0.33999999999999997 0.3540000000000004
0.33999999999999997 0.3516000000000005
0.33999999999999997 0.3514000000000006
0.33999999999999997 0.35350000000000065
0.33999999999999997 0.3524000000000008
0.33999999999999997 0.3502000000000008
0.33999999999999997 0.35020000000000073
0.33999999999999997 0.3511000000000007
0.33999999999999997 0.3508000000000005
0.33999999999999997 0.3554000000000006
0.33999999999999997 0.35550000000000054
0.33999999999999997 0.3581000000000005
0.33999999999999997 0.35630000000000045
0.33999999999999997 0.3549000000000003
0.33999999999999997 0.35330000000000017
0.33999999999999997 0.3530000000000005
0.33999999999999997 0.35420000000000046
0.33999999999999997 0.3549000000000002
0.33999999999999997 0.3607000000000003
0.33999999999999997 0.3551000000000002
0.33999999999999997 0.35270000000000046
0.33999999999999997 0.35250000000000037
0.33999999999999997 0.35460000000000036
0.33999999999999997 0.35200000000000053
0.33999999999999997 0.3560000000000003
0.33999999999999997 0.35660000000000047
0.33999999999999997 0.3529000000000003
0.33999999999999997 0.35430000000000034
0.33999999999999997 0.35430000000000045
0.33999999999999997 0.3549000000000003
0.33999999999999997 0.3565000000000004
0.33999999999999997 0.3555000000000003
0.33999999999999997 0.35620000000000035
0.33999999999999997 0.35390000000000044
0.33999999999999997 0.35760000000000025
0.33999999999999997 0.3588000000000001
0.33999999999999997 0.3580000000000001
0.33999999999999997 0.35790000000000005
0.33999999999999997 0.3603
0.33999999999999997 0.35960000000000003
0.33999999999999997 0.36280000000000007
0.33999999999999997 0.35900000000000004
0.33999999999999997 0.3602000000000003
0.33999999999999997 0.3599000000000001
0.33999999999999997 0.36129999999999995
0.33999999999999997 0.35829999999999984
0.33999999999999997 0.36039999999999994
0.33999999999999997 0.35849999999999993
0.33999999999999997 0.36450000000000005
0.33999999999999997 0.35829999999999984
0.33999999999999997 0.3589999999999998
0.33999999999999997 0.3604999999999999
0.33999999999999997 0.36309999999999976
0.33999999999999997 0.3653999999999997
0.33999999999999997 0.36249999999999993
0.33999999999999997 0.36169999999999985
0.33999999999999997 0.35939999999999983
0.33999999999999997 0.3600000000000001
0.33999999999999997 0.35980000000000006
0.33999999999999997 0.3622999999999999
0.33999999999999997 0.35739999999999994
0.33999999999999997 0.35749999999999993
0.33999999999999997 0.3605000000000001
0.33999999999999997 0.3621000000000001
0.33999999999999997 0.35810000000000003
0.33999999999999997 0.3612
0.33999999999999997 0.363
0.33999999999999997 0.3596999999999999
0.33999999999999997 0.3655999999999998
0.33999999999999997 0.3672999999999999
0.33999999999999997 0.3836000000000002
0.33999999999999997 0.46860000000000057
0.33999999999999997 0.5197000000000009
0.33999999999999997 0.5124000000000006
0.33999999999999997 0.4676000000000004
0.33999999999999997 0.40960000000000074
0.33999999999999997 0.3793000000000007
0.33999999999999997 0.3569000000000006
0.33999999999999997 0.41410000000000097
0.33999999999999997 0.49010000000000054
0.33999999999999997 0.37740000000000107
0.33999999999999997 0.3688000000000013
0.33999999999999997 0.35670000000000135
0.33999999999999997 0.3568000000000013
0.33999999999999997 0.3574000000000014
0.33999999999999997 0.3547000000000014
0.33999999999999997 0.3675000000000015
0.33999999999999997 0.3678000000000015
0.33999999999999997 0.37040000000000156
0.33999999999999997 0.3650000000000013
0.33999999999999997 0.3681000000000012
0.33999999999999997 0.362700000000001
0.33999999999999997 0.37250000000000105
0.33999999999999997 0.37840000000000124
0.33999999999999997 0.42280000000000106
0.33999999999999997 0.4022000000000013
0.33999999999999997 0.3785000000000015
0.33999999999999997 0.3582000000000017
0.33999999999999997 0.35580000000000167
0.33999999999999997 0.35940000000000166
0.33999999999999997 0.3560000000000017
0.33999999999999997 0.3695000000000012
0.33999999999999997 0.36270000000000135
0.33999999999999997 0.3644000000000014
0.33999999999999997 0.35340000000000166
0.33999999999999997 0.3510000000000016
0.33999999999999997 0.3580000000000016
0.33999999999999997 0.35950000000000154
0.33999999999999997 0.3926000000000005
0.33999999999999997 0.36570000000000136
0.33999999999999997 0.3738000000000015
0.33999999999999997 0.3706000000000016
0.33999999999999997 0.3677000000000016
0.33999999999999997 0.3590000000000016
0.33999999999999997 0.3579000000000016
0.33999999999999997 0.3609000000000016
0.33999999999999997 0.35360000000000136
0.33999999999999997 0.35580000000000117
0.33999999999999997 0.3633000000000017
0.33999999999999997 0.35360000000000164
0.33999999999999997 0.3612000000000017
0.33999999999999997 0.3602000000000016
0.33999999999999997 0.3637000000000017
0.33999999999999997 0.3697000000000017
0.33999999999999997 0.37720000000000153
0.33999999999999997 0.3667000000000014
0.33999999999999997 0.37130000000000146
0.33999999999999997 0.36410000000000176
0.33999999999999997 0.3590000000000016
0.33999999999999997 0.35710000000000164
0.33999999999999997 0.35930000000000156
0.33999999999999997 0.35710000000000164
0.33999999999999997 0.35440000000000166
0.33999999999999997 0.36250000000000165
0.33999999999999997 0.36200000000000165
0.33999999999999997 0.3478000000000017
0.33999999999999997 0.3594000000000018
0.33999999999999997 0.3638000000000017
0.33999999999999997 0.3736000000000017
0.33999999999999997 0.37180000000000146
0.33999999999999997 0.3664000000000017
0.33999999999999997 0.3619000000000018
0.33999999999999997 0.3702000000000016
0.33999999999999997 0.3607000000000015
0.33999999999999997 0.3618000000000017
0.33999999999999997 0.3700000000000017
0.33999999999999997 0.37880000000000147
0.33999999999999997 0.3605000000000016
0.33999999999999997 0.3563000000000017
0.33999999999999997 0.35600000000000165
0.33999999999999997 0.3520000000000016
0.33999999999999997 0.3588000000000018
0.33999999999999997 0.3616000000000016
0.33999999999999997 0.37240000000000156
0.33999999999999997 0.3620000000000014
0.33999999999999997 0.36440000000000167
0.33999999999999997 0.37180000000000146
0.33999999999999997 0.3624000000000016
0.33999999999999997 0.35890000000000166
0.33999999999999997 0.36500000000000155
0.33999999999999997 0.3585000000000017
0.33999999999999997 0.36140000000000155
0.33999999999999997 0.35140000000000166
0.33999999999999997 0.3503000000000017
0.33999999999999997 0.35820000000000163
0.33999999999999997 0.3513000000000017
0.33999999999999997 0.3502000000000015
0.33999999999999997 0.3573000000000016
0.33999999999999997 0.3552000000000015
0.33999999999999997 0.35600000000000165
0.33999999999999997 0.3477000000000016
0.33999999999999997 0.3513000000000016
0.33999999999999997 0.35310000000000175
0.33999999999999997 0.3552000000000017
0.33999999999999997 0.35520000000000174
0.33999999999999997 0.3662000000000017
0.33999999999999997 0.3614000000000017
0.33999999999999997 0.3579000000000017
0.33999999999999997 0.35750000000000176
0.33999999999999997 0.3578000000000017
0.33999999999999997 0.3624000000000017
0.33999999999999997 0.3523000000000016
0.33999999999999997 0.34650000000000164
0.33999999999999997 0.3556000000000015
0.33999999999999997 0.3534000000000016
0.33999999999999997 0.35030000000000167
0.33999999999999997 0.3659000000000016
0.33999999999999997 0.3512000000000017
0.33999999999999997 0.3507000000000016
0.33999999999999997 0.3588000000000017
0.33999999999999997 0.3756000000000015
0.33999999999999997 0.36130000000000156
0.33999999999999997 0.36540000000000156
0.33999999999999997 0.3583000000000017
0.33999999999999997 0.35330000000000167
0.33999999999999997 0.35500000000000165
0.33999999999999997 0.36190000000000166
0.33999999999999997 0.37170000000000153
0.33999999999999997 0.37470000000000153
0.33999999999999997 0.3660000000000017
0.33999999999999997 0.3563000000000017
0.33999999999999997 0.35090000000000154
0.33999999999999997 0.3613000000000017
0.33999999999999997 0.3572000000000014
0.33999999999999997 0.3591000000000015
0.33999999999999997 0.37020000000000164
0.33999999999999997 0.3740000000000014
0.33999999999999997 0.37520000000000137
0.33999999999999997 0.3673000000000016
0.33999999999999997 0.3660000000000014
0.33999999999999997 0.3708000000000016
0.33999999999999997 0.3764000000000014
0.33999999999999997 0.3633000000000016
0.33999999999999997 0.3693000000000016
0.33999999999999997 0.37850000000000156
0.33999999999999997 0.3702000000000015
0.33999999999999997 0.3559000000000016
0.33999999999999997 0.3504000000000016
0.33999999999999997 0.3570000000000014
0.33999999999999997 0.35740000000000144
0.33999999999999997 0.35500000000000165
0.33999999999999997 0.35250000000000165
0.33999999999999997 0.35090000000000154
0.33999999999999997 0.3524000000000016
0.33999999999999997 0.3516000000000015
0.33999999999999997 0.3502000000000015
0.33999999999999997 0.35950000000000143
0.33999999999999997 0.34990000000000165
0.33999999999999997 0.3529000000000017
0.33999999999999997 0.3498000000000017
0.33999999999999997 0.35670000000000174
0.33999999999999997 0.37330000000000163
0.33999999999999997 0.36170000000000174
0.33999999999999997 0.3701000000000016
0.33999999999999997 0.3566000000000016
0.33999999999999997 0.3595000000000017
0.33999999999999997 0.3668000000000016
0.33999999999999997 0.35000000000000164
0.33999999999999997 0.35440000000000166
0.33999999999999997 0.35230000000000156
0.33999999999999997 0.3579000000000016
0.33999999999999997 0.35790000000000133
0.33999999999999997 0.36280000000000145
0.33999999999999997 0.3648000000000014
0.33999999999999997 0.36620000000000147
0.33999999999999997 0.3655000000000013
0.33999999999999997 0.37030000000000124
0.33999999999999997 0.3696000000000011
0.33999999999999997 0.3656000000000014
0.33999999999999997 0.36770000000000125
0.33999999999999997 0.3669000000000014
0.33999999999999997 0.3704000000000014
0.33999999999999997 0.3525000000000015
0.33999999999999997 0.35980000000000145
0.33999999999999997 0.3541000000000014
0.33999999999999997 0.35550000000000137
0.33999999999999997 0.35480000000000145
0.33999999999999997 0.36610000000000104
0.33999999999999997 0.36310000000000126
0.33999999999999997 0.3588000000000012
0.33999999999999997 0.35190000000000127
0.33999999999999997 0.35780000000000134
