0.18000000000000005 0.6138399999999978
0.12 0.5781999999999997
0.12 0.5481799999999997
0.12 0.5147399999999996
0.12 0.48713999999999935
0.12 0.4616399999999996
0.07999999999999996 0.44080000000000014
0.07999999999999996 0.41755999999999927
0.07999999999999996 0.4000600000000005
0.07999999999999996 0.38330000000000103
0.07999999999999996 0.37746000000000085
0.07999999999999996 0.3631000000000023
0.07999999999999996 0.35622000000000187
0.07999999999999996 0.34908000000000233
0.06000000000000005 0.34710000000000335
0.06000000000000005 0.3370800000000033
0.06000000000000005 0.33290000000000297
0.06000000000000005 0.3234600000000037
0.06000000000000005 0.3184800000000034
0.06000000000000005 0.31224000000000307
0.06000000000000005 0.3061400000000032
0.06000000000000005 0.29708000000000284
0.07999999999999996 0.2979400000000027
0.07999999999999996 0.30008000000000284
0.07999999999999996 0.29650000000000276
0.07999999999999996 0.2962400000000031
0.07999999999999996 0.2856600000000024
0.07999999999999996 0.2841400000000026
0.07999999999999996 0.2861200000000021
0.07999999999999996 0.2902400000000022
0.07999999999999996 0.2825200000000023
0.07999999999999996 0.28358000000000216
0.07999999999999996 0.2826000000000022
0.07999999999999996 0.2729000000000024
0.07999999999999996 0.2790600000000022
0.07999999999999996 0.2741200000000021
0.07999999999999996 0.27128000000000213
0.07999999999999996 0.26634000000000224
0.07999999999999996 0.25624000000000174
0.07999999999999996 0.25002000000000135
0.07999999999999996 0.24542000000000128
0.07999999999999996 0.24240000000000145
0.07999999999999996 0.23884000000000125
0.07999999999999996 0.23642000000000124
0.07999999999999996 0.23614000000000113
0.07999999999999996 0.22782000000000113
0.07999999999999996 0.23530000000000068
0.07999999999999996 0.2248600000000008
0.07999999999999996 0.2255400000000006
0.07999999999999996 0.21924000000000035
0.07999999999999996 0.21994000000000027
0.07999999999999996 0.2092600000000004
0.07999999999999996 0.2027600000000002
0.07999999999999996 0.19642
0.07999999999999996 0.19552
0.07999999999999996 0.18479999999999996
0.07999999999999996 0.1944999999999998
0.07999999999999996 0.18767999999999974
0.07999999999999996 0.18657999999999972
0.07999999999999996 0.1898999999999995
0.07999999999999996 0.1864599999999996
0.07999999999999996 0.1769399999999996
0.07999999999999996 0.17479999999999954
0.07999999999999996 0.1704399999999994
0.07999999999999996 0.16883999999999927
0.07999999999999996 0.16589999999999927
0.07999999999999996 0.16157999999999922
0.07999999999999996 0.16821999999999954
0.07999999999999996 0.16407999999999934
0.07999999999999996 0.1534999999999995
0.07999999999999996 0.1579199999999997
0.07999999999999996 0.15405999999999953
0.07999999999999996 0.16555999999999949
0.07999999999999996 0.16613999999999948
0.07999999999999996 0.16461999999999938
0.07999999999999996 0.16635999999999956
0.07999999999999996 0.15539999999999957
0.07999999999999996 0.1586199999999996
0.07999999999999996 0.16255999999999962
0.07999999999999996 0.16349999999999956
0.07999999999999996 0.1620999999999995
0.07999999999999996 0.16497999999999943
0.07999999999999996 0.16655999999999932
0.07999999999999996 0.16033999999999934
0.07999999999999996 0.15721999999999944
0.07999999999999996 0.16065999999999928
0.07999999999999996 0.15037999999999943
0.07999999999999996 0.16097999999999932
0.07999999999999996 0.15823999999999944
0.07999999999999996 0.15293999999999944
0.07999999999999996 0.14289999999999942
0.07999999999999996 0.15073999999999932
0.07999999999999996 0.1558199999999993
0.07999999999999996 0.1535599999999996
0.07999999999999996 0.14865999999999932
0.07999999999999996 0.1577999999999995
0.07999999999999996 0.1685399999999994
0.07999999999999996 0.1595399999999994
0.07999999999999996 0.15373999999999957
0.07999999999999996 0.15783999999999934
