0.31999999999999995 0.6378000000000009
0.31999999999999995 0.6224000000000008
0.38 0.6282000000000009
0.31999999999999995 0.6324000000000007
0.31999999999999995 0.604200000000001
0.4 0.637200000000001
0.36 0.6394000000000013
0.33999999999999997 0.6181000000000014
0.33999999999999997 0.6180000000000011
0.33999999999999997 0.6362000000000015
0.36 0.6331000000000011
0.24 0.6054000000000012
0.4 0.6613000000000016
0.38 0.6378000000000014
0.36 0.5965000000000007
0.36 0.572800000000001
0.36 0.6446000000000014
0.36 0.6250000000000009
0.36 0.5921000000000008
0.38 0.5372000000000008
0.42000000000000004 0.5439000000000008
0.33999999999999997 0.5254000000000011
0.36 0.5054000000000003
0.36 0.4640000000000001
0.31999999999999995 0.4212999999999997
0.07999999999999996 0.42399999999999977
0.33999999999999997 0.46319999999999995
0.33999999999999997 0.4813000000000001
0.36 0.49730000000000046
0.36 0.46789999999999976
0.4 0.46800000000000075
0.4 0.4165999999999999
0.33999999999999997 0.44720000000000015
0.33999999999999997 0.3942000000000005
0.4 0.3835000000000003
0.4 0.38310000000000016
0.33999999999999997 0.3629000000000007
0.31999999999999995 0.3557000000000003
0.33999999999999997 0.4295999999999999
0.33999999999999997 0.4360999999999995
0.42000000000000004 0.38050000000000056
0.28 0.37880000000000025
0.28 0.40880000000000016
0.28 0.4007
0.36 0.4723999999999999
0.36 0.44929999999999987
0.36 0.4164000000000001
0.36 0.4096999999999998
0.36 0.4210999999999999
0.33999999999999997 0.4608
0.33999999999999997 0.4279999999999999
0.33999999999999997 0.5330000000000007
0.33999999999999997 0.5531000000000013
0.33999999999999997 0.5220000000000007
0.33999999999999997 0.5471000000000008
0.33999999999999997 0.596200000000001
0.33999999999999997 0.6211000000000009
0.33999999999999997 0.5288000000000005
0.33999999999999997 0.4485999999999998
0.33999999999999997 0.3982000000000003
0.33999999999999997 0.39990000000000064
0.33999999999999997 0.36840000000000084
0.33999999999999997 0.36440000000000095
0.33999999999999997 0.3842000000000004
0.33999999999999997 0.36590000000000095
0.33999999999999997 0.363200000000001
0.33999999999999997 0.466900000000001
0.33999999999999997 0.48360000000000075
0.33999999999999997 0.363500000000001
0.33999999999999997 0.35780000000000095
0.33999999999999997 0.34600000000000114
0.33999999999999997 0.3473000000000013
0.33999999999999997 0.3437000000000014
0.33999999999999997 0.34370000000000134
0.33999999999999997 0.34920000000000145
0.33999999999999997 0.34570000000000123
0.33999999999999997 0.3457000000000011
0.33999999999999997 0.34830000000000133
0.33999999999999997 0.34680000000000133
0.33999999999999997 0.3455000000000012
0.33999999999999997 0.34500000000000136
0.33999999999999997 0.34500000000000136
0.33999999999999997 0.3435000000000014
0.33999999999999997 0.3658000000000008
0.33999999999999997 0.3620000000000012
0.33999999999999997 0.3829000000000008
0.33999999999999997 0.3732000000000008
0.33999999999999997 0.35320000000000124
0.33999999999999997 0.3643000000000012
0.33999999999999997 0.35870000000000096
0.33999999999999997 0.3637000000000009
0.33999999999999997 0.3518000000000012
0.33999999999999997 0.3619000000000013
0.33999999999999997 0.3621000000000012
0.33999999999999997 0.35100000000000153
0.33999999999999997 0.36770000000000125
0.33999999999999997 0.4063000000000011
0.33999999999999997 0.38810000000000117
0.33999999999999997 0.3511000000000013
0.36 0.4008000000000006
0.36 0.3663000000000012
0.36 0.35820000000000135
0.36 0.3573000000000014
0.36 0.3980000000000008
0.36 0.3922000000000007
0.33999999999999997 0.4581000000000005
0.33999999999999997 0.35710000000000114
0.33999999999999997 0.36340000000000094
0.33999999999999997 0.35260000000000136
0.33999999999999997 0.37110000000000054
0.33999999999999997 0.35040000000000127
0.33999999999999997 0.3566000000000011
0.33999999999999997 0.351600000000001
0.33999999999999997 0.3512000000000012
0.33999999999999997 0.3495000000000011
0.33999999999999997 0.3489000000000014
0.33999999999999997 0.34830000000000133
0.33999999999999997 0.3562000000000011
0.33999999999999997 0.34840000000000115
0.33999999999999997 0.34350000000000136
0.33999999999999997 0.34590000000000126
0.33999999999999997 0.34520000000000145
0.33999999999999997 0.3430000000000014
0.33999999999999997 0.36280000000000107
0.33999999999999997 0.35010000000000135
0.33999999999999997 0.36110000000000136
0.33999999999999997 0.3457000000000015
0.33999999999999997 0.37000000000000105
0.33999999999999997 0.3700000000000012
0.36 0.3580000000000014
0.36 0.3546000000000016
0.36 0.35220000000000146
0.36 0.3572000000000013
0.36 0.34870000000000156
0.36 0.35460000000000136
0.33999999999999997 0.3709000000000015
0.33999999999999997 0.4035000000000011
0.33999999999999997 0.4208000000000011
0.33999999999999997 0.3809000000000014
0.33999999999999997 0.3926000000000008
0.33999999999999997 0.35670000000000107
0.33999999999999997 0.3448000000000014
0.33999999999999997 0.37440000000000123
0.33999999999999997 0.3540000000000015
0.33999999999999997 0.38110000000000127
0.33999999999999997 0.37430000000000113
0.33999999999999997 0.3975000000000012
0.33999999999999997 0.3643000000000011
0.33999999999999997 0.3667000000000013
0.33999999999999997 0.35470000000000146
0.33999999999999997 0.34840000000000154
0.33999999999999997 0.3426000000000016
0.33999999999999997 0.3478000000000015
0.33999999999999997 0.34950000000000153
0.33999999999999997 0.3435000000000015
0.33999999999999997 0.3419000000000016
0.33999999999999997 0.34530000000000155
0.33999999999999997 0.3524000000000016
0.33999999999999997 0.3470000000000016
0.33999999999999997 0.3647000000000014
0.33999999999999997 0.3523000000000014
0.33999999999999997 0.3550000000000015
0.33999999999999997 0.3438000000000015
0.33999999999999997 0.3536000000000016
0.33999999999999997 0.34720000000000156
0.33999999999999997 0.34550000000000153
0.33999999999999997 0.36110000000000136
0.33999999999999997 0.389300000000001
0.33999999999999997 0.3834000000000012
0.33999999999999997 0.38350000000000084
0.33999999999999997 0.3631000000000014
0.33999999999999997 0.3505000000000016
0.33999999999999997 0.3468000000000015
0.33999999999999997 0.3598000000000014
0.33999999999999997 0.35920000000000146
0.33999999999999997 0.35140000000000154
0.33999999999999997 0.3496000000000016
0.33999999999999997 0.36000000000000143
0.33999999999999997 0.3472000000000016
0.33999999999999997 0.35660000000000136
0.33999999999999997 0.3560000000000013
0.33999999999999997 0.34660000000000124
0.33999999999999997 0.34410000000000146
0.33999999999999997 0.34180000000000155
0.33999999999999997 0.3453000000000015
0.33999999999999997 0.3448000000000014
0.33999999999999997 0.3437000000000014
0.33999999999999997 0.34230000000000155
0.33999999999999997 0.34150000000000164
0.33999999999999997 0.36310000000000126
0.33999999999999997 0.3466000000000014
0.33999999999999997 0.34360000000000146
0.33999999999999997 0.35310000000000125
0.33999999999999997 0.3482000000000013
0.33999999999999997 0.3448000000000014
0.33999999999999997 0.34570000000000145
0.33999999999999997 0.3452000000000014
0.33999999999999997 0.3418000000000015
0.33999999999999997 0.34360000000000146
0.33999999999999997 0.3416000000000017
0.33999999999999997 0.3423000000000016
0.33999999999999997 0.34200000000000164
0.33999999999999997 0.34180000000000144
0.33999999999999997 0.3475000000000015
0.33999999999999997 0.3411000000000016
0.36 0.3715000000000009
0.36 0.34670000000000145
0.33999999999999997 0.3620000000000012
0.33999999999999997 0.35100000000000137
0.33999999999999997 0.35000000000000137
0.33999999999999997 0.3475000000000015
0.33999999999999997 0.34780000000000144
0.33999999999999997 0.34250000000000147
0.33999999999999997 0.3497000000000013
0.33999999999999997 0.34680000000000144
0.33999999999999997 0.3440000000000014
0.33999999999999997 0.35160000000000147
0.33999999999999997 0.37880000000000075
0.33999999999999997 0.3632000000000012
0.33999999999999997 0.3604000000000012
0.33999999999999997 0.34610000000000146
0.33999999999999997 0.3488000000000015
0.36 0.3431000000000015
0.33999999999999997 0.34870000000000145
0.36 0.34710000000000135
0.33999999999999997 0.34590000000000143
0.33999999999999997 0.3555000000000013
0.33999999999999997 0.3490000000000014
0.33999999999999997 0.3473000000000014
0.33999999999999997 0.3450000000000013
0.33999999999999997 0.3455000000000014
0.33999999999999997 0.3461000000000013
0.33999999999999997 0.34590000000000115
0.33999999999999997 0.34700000000000136
0.33999999999999997 0.3466000000000014
0.33999999999999997 0.3454000000000012
0.33999999999999997 0.3443000000000013
0.33999999999999997 0.34410000000000146
0.33999999999999997 0.3484000000000014
0.33999999999999997 0.358700000000001
0.38 0.37520000000000076
0.38 0.36600000000000116
0.38 0.3468000000000012
0.38 0.35570000000000124
0.33999999999999997 0.35590000000000105
0.33999999999999997 0.3517000000000013
0.33999999999999997 0.34970000000000134
0.33999999999999997 0.3758000000000009
0.33999999999999997 0.3564000000000014
0.33999999999999997 0.3492000000000013
0.33999999999999997 0.3453000000000015
0.33999999999999997 0.3592000000000013
0.33999999999999997 0.3450000000000012
0.33999999999999997 0.3432000000000015
0.33999999999999997 0.34230000000000155
0.33999999999999997 0.34540000000000154
0.33999999999999997 0.34310000000000157
0.33999999999999997 0.3443000000000015
0.33999999999999997 0.3427000000000015
0.33999999999999997 0.35450000000000154
0.33999999999999997 0.3485000000000014
0.33999999999999997 0.3489000000000014
0.33999999999999997 0.3512000000000012
0.33999999999999997 0.34840000000000115
0.33999999999999997 0.34900000000000103
0.33999999999999997 0.35220000000000107
0.33999999999999997 0.35260000000000113
0.33999999999999997 0.3485000000000013
0.33999999999999997 0.3462000000000011
0.33999999999999997 0.35890000000000094
0.33999999999999997 0.3469000000000013
0.33999999999999997 0.34990000000000115
0.33999999999999997 0.35030000000000117
0.33999999999999997 0.35170000000000134
0.33999999999999997 0.3433000000000015
0.33999999999999997 0.34370000000000145
0.33999999999999997 0.3421000000000015
0.33999999999999997 0.3434000000000015
0.36 0.34840000000000126
0.33999999999999997 0.34490000000000154
0.33999999999999997 0.3427000000000015
0.33999999999999997 0.34570000000000145
0.33999999999999997 0.34380000000000144
0.33999999999999997 0.3447000000000015
0.33999999999999997 0.34410000000000146
0.33999999999999997 0.3449000000000016
0.33999999999999997 0.3425000000000017
0.33999999999999997 0.3412000000000016
0.33999999999999997 0.34310000000000157
0.33999999999999997 0.34420000000000167
0.33999999999999997 0.3409000000000016
0.33999999999999997 0.3444000000000016
0.33999999999999997 0.3447000000000016
0.33999999999999997 0.3448000000000016
0.33999999999999997 0.3436000000000016
0.33999999999999997 0.34740000000000165
0.33999999999999997 0.34200000000000164
0.33999999999999997 0.3435000000000016
0.33999999999999997 0.34230000000000166
0.33999999999999997 0.3456000000000017
0.33999999999999997 0.3468000000000016
0.33999999999999997 0.3487000000000016
0.33999999999999997 0.3430000000000016
0.33999999999999997 0.3462000000000017
0.33999999999999997 0.3416000000000015
0.33999999999999997 0.3419000000000016
0.33999999999999997 0.3435000000000016
0.33999999999999997 0.3435000000000015
0.33999999999999997 0.3434000000000016
0.33999999999999997 0.34170000000000156
0.33999999999999997 0.34520000000000167
0.33999999999999997 0.34320000000000156
0.33999999999999997 0.34270000000000167
0.33999999999999997 0.34530000000000166
0.33999999999999997 0.35150000000000153
0.33999999999999997 0.3662000000000014
0.33999999999999997 0.36130000000000156
0.33999999999999997 0.34370000000000167
0.33999999999999997 0.35300000000000137
0.33999999999999997 0.3473000000000016
0.33999999999999997 0.34140000000000165
0.33999999999999997 0.34140000000000165
0.33999999999999997 0.35730000000000145
0.33999999999999997 0.3459000000000014
0.33999999999999997 0.3445000000000015
0.33999999999999997 0.3433000000000014
0.33999999999999997 0.34180000000000166
0.33999999999999997 0.3416000000000017
0.33999999999999997 0.3610000000000014
0.33999999999999997 0.43860000000000077
0.33999999999999997 0.47810000000000036
0.33999999999999997 0.37470000000000114
0.33999999999999997 0.34920000000000145
0.33999999999999997 0.34800000000000153
0.33999999999999997 0.35820000000000085
0.33999999999999997 0.36250000000000115
0.33999999999999997 0.5752000000000004
0.33999999999999997 0.5357000000000003
0.33999999999999997 0.5251000000000002
0.64 0.6400000000000005
0.64 0.6400000000000005
0.54 0.6395000000000005
0.54 0.6391000000000004
0.5 0.6351000000000004
0.5 0.6348000000000005
0.5 0.6272000000000005
0.5 0.6243000000000005
0.5 0.6112000000000004
0.64 0.6400000000000005
0.64 0.6400000000000005
0.64 0.6400000000000005
0.64 0.6400000000000005
0.64 0.6400000000000005
0.64 0.6400000000000005
0.64 0.6400000000000005
0.4 0.6390000000000005
0.4 0.6389000000000005
0.4 0.6316000000000005
0.4 0.6320000000000005
0.4 0.6248000000000005
0.43999999999999995 0.6130000000000004
0.43999999999999995 0.6087000000000005
0.43999999999999995 0.5831000000000003
0.43999999999999995 0.5424000000000003
0.43999999999999995 0.4925
0.36 0.46359999999999935
0.36 0.44629999999999925
0.33999999999999997 0.44009999999999927
0.33999999999999997 0.42659999999999926
0.33999999999999997 0.41909999999999903
0.33999999999999997 0.4130999999999992
0.33999999999999997 0.40919999999999956
0.33999999999999997 0.38709999999999956
0.33999999999999997 0.38249999999999973
0.33999999999999997 0.36590000000000056
0.33999999999999997 0.36380000000000073
0.33999999999999997 0.358900000000001
0.33999999999999997 0.3546000000000011
0.33999999999999997 0.37940000000000096
0.33999999999999997 0.3904000000000011
0.33999999999999997 0.3653000000000013
0.33999999999999997 0.39930000000000104
0.33999999999999997 0.37970000000000104
0.33999999999999997 0.37500000000000105
0.33999999999999997 0.35590000000000144
0.33999999999999997 0.3821000000000009
0.33999999999999997 0.4516000000000006
0.33999999999999997 0.3767000000000012
0.33999999999999997 0.3737000000000014
0.33999999999999997 0.37260000000000154
0.33999999999999997 0.36890000000000134
0.33999999999999997 0.3559000000000017
0.33999999999999997 0.42040000000000094
0.33999999999999997 0.4032000000000011
0.33999999999999997 0.3735000000000013
0.33999999999999997 0.37470000000000137
0.33999999999999997 0.3648000000000014
0.33999999999999997 0.3656000000000016
0.33999999999999997 0.36490000000000156
0.33999999999999997 0.3677000000000016
0.33999999999999997 0.37520000000000153
0.33999999999999997 0.3590000000000016
0.33999999999999997 0.3484000000000016
0.33999999999999997 0.3659000000000016
0.33999999999999997 0.37140000000000156
0.33999999999999997 0.37810000000000094
0.33999999999999997 0.36450000000000116
0.33999999999999997 0.35540000000000144
0.33999999999999997 0.35420000000000157
0.33999999999999997 0.34630000000000166
0.33999999999999997 0.37870000000000137
0.33999999999999997 0.3555000000000015
0.33999999999999997 0.3857000000000012
0.33999999999999997 0.3975000000000012
0.33999999999999997 0.3497000000000016
0.33999999999999997 0.45120000000000127
0.33999999999999997 0.3495000000000015
0.33999999999999997 0.3429000000000014
0.33999999999999997 0.3454000000000015
0.33999999999999997 0.3446000000000014
0.33999999999999997 0.3426000000000014
0.33999999999999997 0.3422000000000015
0.33999999999999997 0.34620000000000134
0.33999999999999997 0.34860000000000135
0.33999999999999997 0.34770000000000123
0.33999999999999997 0.3490000000000012
0.33999999999999997 0.3504000000000013
0.33999999999999997 0.34500000000000136
0.33999999999999997 0.34350000000000136
0.33999999999999997 0.3451000000000014
0.33999999999999997 0.3685000000000014
0.33999999999999997 0.34590000000000143
0.33999999999999997 0.34370000000000145
0.33999999999999997 0.3535000000000012
0.33999999999999997 0.34450000000000136
0.33999999999999997 0.3505000000000015
0.33999999999999997 0.3631000000000013
0.33999999999999997 0.35300000000000126
0.33999999999999997 0.3569000000000013
0.33999999999999997 0.3497000000000016
0.33999999999999997 0.3736000000000013
0.33999999999999997 0.35420000000000157
0.33999999999999997 0.34980000000000155
0.33999999999999997 0.3614000000000013
0.33999999999999997 0.3543000000000014
0.33999999999999997 0.35070000000000123
0.33999999999999997 0.3615000000000013
0.33999999999999997 0.39120000000000105
0.33999999999999997 0.35810000000000114
0.33999999999999997 0.3728000000000011
0.33999999999999997 0.383400000000001
0.33999999999999997 0.4411000000000007
0.33999999999999997 0.388100000000001
0.33999999999999997 0.3916000000000011
0.33999999999999997 0.3426000000000017
0.33999999999999997 0.3446000000000016
0.33999999999999997 0.3423000000000016
0.33999999999999997 0.3424000000000016
0.33999999999999997 0.34510000000000146
0.33999999999999997 0.3457000000000015
0.33999999999999997 0.35260000000000136
0.33999999999999997 0.3428000000000015
0.33999999999999997 0.3421000000000015
0.33999999999999997 0.3452000000000015
0.33999999999999997 0.3469000000000016
0.33999999999999997 0.3438000000000016
0.33999999999999997 0.34630000000000166
0.33999999999999997 0.3486000000000016
0.33999999999999997 0.3478000000000017
0.33999999999999997 0.34930000000000155
0.33999999999999997 0.3459000000000016
0.33999999999999997 0.34440000000000154
0.33999999999999997 0.3447000000000014
0.33999999999999997 0.3408000000000016
0.33999999999999997 0.3486000000000016
0.33999999999999997 0.3444000000000015
0.33999999999999997 0.34330000000000155
0.33999999999999997 0.34240000000000165
0.33999999999999997 0.3451000000000016
0.33999999999999997 0.3451000000000016
0.33999999999999997 0.3425000000000016
0.33999999999999997 0.34530000000000155
0.33999999999999997 0.34960000000000124
0.33999999999999997 0.34630000000000133
0.33999999999999997 0.3434000000000015
0.33999999999999997 0.3439000000000015
0.33999999999999997 0.34150000000000164
0.33999999999999997 0.34190000000000154
0.33999999999999997 0.34150000000000164
0.33999999999999997 0.34280000000000155
0.33999999999999997 0.36240000000000144
0.33999999999999997 0.36190000000000133
0.33999999999999997 0.4041000000000013
0.33999999999999997 0.3450000000000014
0.33999999999999997 0.3703000000000015
0.33999999999999997 0.3446000000000015
0.33999999999999997 0.37670000000000137
0.33999999999999997 0.3765000000000013
0.33999999999999997 0.5103000000000006
0.33999999999999997 0.3469000000000013
