0.4 0.6171000000000008
0.31999999999999995 0.5784000000000012
0.16000000000000003 0.6015000000000014
0.18000000000000005 0.5702000000000013
0.26 0.5868000000000015
0.26 0.5799000000000007
0.30000000000000004 0.6056000000000004
0.4 0.6503000000000009
0.07999999999999996 0.5976000000000004
0.07999999999999996 0.649600000000001
0.07999999999999996 0.6177000000000001
0.4 0.6349000000000002
0.06000000000000005 0.6195999999999998
0.07999999999999996 0.5664
0.26 0.5650999999999999
0.12 0.5473000000000003
0.12 0.4869000000000005
0.42000000000000004 0.6054000000000009
0.4 0.6452000000000016
0.43999999999999995 0.6245000000000005
0.24 0.6009
0.28 0.5424000000000002
0.36 0.5868000000000005
0.4 0.6255000000000006
0.38 0.6133000000000001
0.30000000000000004 0.5735999999999999
0.30000000000000004 0.5285999999999997
0.36 0.5121999999999999
0.28 0.5379999999999999
0.42000000000000004 0.5805999999999994
0.26 0.5289000000000001
0.07999999999999996 0.4838999999999997
0.4 0.5510000000000006
0.4 0.5022000000000005
0.4 0.5348000000000002
0.4 0.5479999999999996
0.4 0.5374000000000003
0.42000000000000004 0.4914000000000007
0.4 0.48270000000000024
0.4 0.5082000000000007
0.33999999999999997 0.4706000000000002
0.38 0.4725000000000008
0.4 0.4682000000000005
0.42000000000000004 0.4908000000000012
0.4 0.45729999999999926
0.31999999999999995 0.5052000000000003
0.28 0.4620999999999998
0.4 0.45510000000000034
0.43999999999999995 0.5516000000000012
0.4 0.5779000000000005
0.4 0.5430000000000001
0.4 0.5037999999999999
0.4 0.49000000000000016
0.4 0.4633000000000003
0.36 0.5678000000000006
0.38 0.5469000000000002
0.36 0.5824000000000001
0.36 0.5175999999999997
0.31999999999999995 0.4876000000000003
0.30000000000000004 0.45030000000000014
0.21999999999999997 0.44359999999999994
0.18000000000000005 0.4173999999999994
0.30000000000000004 0.4366999999999999
0.28 0.43599999999999994
0.24 0.4484999999999998
0.16000000000000003 0.4386999999999998
0.16000000000000003 0.38019999999999976
0.16000000000000003 0.3510999999999997
0.28 0.4290999999999996
0.19999999999999996 0.4233999999999998
0.19999999999999996 0.3957999999999995
0.19999999999999996 0.36859999999999943
0.16000000000000003 0.2936000000000002
0.21999999999999997 0.32940000000000014
0.24 0.3764
0.26 0.36529999999999985
0.28 0.38159999999999966
0.26 0.36859999999999976
0.26 0.3506999999999998
0.12 0.3249000000000002
0.14 0.3272000000000002
0.14 0.3108000000000001
0.16000000000000003 0.2887000000000003
0.12 0.23780000000000015
0.12 0.22399999999999987
0.14 0.28859999999999986
0.12 0.2179000000000001
0.14 0.1913
0.12 0.18240000000000006
0.06000000000000005 0.17170000000000002
0.06000000000000005 0.17380000000000004
0.12 0.21070000000000003
0.12 0.2043000000000002
0.040000000000000036 0.18069999999999997
0.040000000000000036 0.15579999999999986
0.040000000000000036 0.1871999999999999
0.18000000000000005 0.2647999999999999
0.06000000000000005 0.15609999999999974
0.24 0.25630000000000003
0.14 0.24659999999999996
0.14 0.24159999999999948
0.06000000000000005 0.17079999999999962
0.06000000000000005 0.16899999999999987
0.06000000000000005 0.14919999999999992
0.06000000000000005 0.15089999999999995
0.06000000000000005 0.13729999999999995
0.12 0.1442999999999999
0.12 0.12019999999999989
0.12 0.11229999999999998
0.12 0.13350000000000004
0.12 0.13389999999999985
0.12 0.12380000000000001
0.12 0.10670000000000006
0.18000000000000005 0.12150000000000011
0.18000000000000005 0.1352000000000001
0.12 0.11230000000000011
0.18000000000000005 0.16890000000000036
0.18000000000000005 0.16680000000000042
0.18000000000000005 0.13830000000000006
0.18000000000000005 0.1692000000000003
0.18000000000000005 0.17670000000000038
0.18000000000000005 0.16410000000000025
0.18000000000000005 0.1811000000000002
0.18000000000000005 0.17970000000000017
0.18000000000000005 0.18120000000000008
0.18000000000000005 0.18630000000000013
0.18000000000000005 0.17599999999999993
0.18000000000000005 0.18139999999999992
0.18000000000000005 0.17649999999999996
0.18000000000000005 0.17869999999999997
0.18000000000000005 0.18219999999999983
0.18000000000000005 0.18059999999999984
0.18000000000000005 0.18499999999999983
0.16000000000000003 0.23120000000000007
0.16000000000000003 0.2231
0.18000000000000005 0.19189999999999985
0.18000000000000005 0.1883999999999998
0.18000000000000005 0.18909999999999974
0.18000000000000005 0.18859999999999977
0.18000000000000005 0.1848999999999997
0.18000000000000005 0.18429999999999983
0.18000000000000005 0.18869999999999973
0.18000000000000005 0.18329999999999974
0.18000000000000005 0.1828999999999997
0.18000000000000005 0.18379999999999963
0.18000000000000005 0.1853999999999997
0.18000000000000005 0.19039999999999963
0.18000000000000005 0.21009999999999981
0.18000000000000005 0.18639999999999973
0.18000000000000005 0.18529999999999971
0.18000000000000005 0.19239999999999963
0.18000000000000005 0.19339999999999968
0.18000000000000005 0.18959999999999969
0.18000000000000005 0.2075999999999998
0.24 0.2691
0.24 0.3372000000000004
0.24 0.2851
0.24 0.2725000000000002
0.24 0.2772000000000002
0.19999999999999996 0.26660000000000006
0.24 0.26419999999999977
0.24 0.2601999999999998
0.18000000000000005 0.22769999999999954
0.24 0.2596999999999996
0.14 0.28089999999999965
0.18000000000000005 0.26439999999999964
0.18000000000000005 0.23829999999999948
0.18000000000000005 0.22239999999999974
0.18000000000000005 0.21839999999999976
0.14 0.1901999999999998
0.14 0.18809999999999977
0.14 0.19019999999999995
0.14 0.17029999999999998
0.14 0.16870000000000007
0.14 0.16450000000000006
0.14 0.15900000000000017
0.14 0.17750000000000007
0.14 0.21879999999999977
0.14 0.17610000000000006
0.14 0.23149999999999982
0.26 0.4601999999999999
0.14 0.4010999999999995
0.14 0.37559999999999955
0.18000000000000005 0.40629999999999944
0.18000000000000005 0.36799999999999977
0.18000000000000005 0.3109999999999998
0.18000000000000005 0.27060000000000023
0.18000000000000005 0.21839999999999984
0.18000000000000005 0.1841
0.18000000000000005 0.1788
0.18000000000000005 0.20349999999999988
0.18000000000000005 0.23659999999999998
0.18000000000000005 0.23169999999999988
0.12 0.3624000000000001
0.18000000000000005 0.5176000000000016
0.18000000000000005 0.4478000000000001
0.18000000000000005 0.2697999999999999
0.18000000000000005 0.25059999999999993
0.18000000000000005 0.20579999999999962
0.18000000000000005 0.20149999999999976
0.18000000000000005 0.17529999999999984
0.18000000000000005 0.17809999999999984
0.14 0.18349999999999983
0.14 0.1858999999999997
0.14 0.21389999999999962
0.14 0.21639999999999965
0.18000000000000005 0.3633999999999999
0.18000000000000005 0.27189999999999953
0.18000000000000005 0.2193999999999997
0.14 0.27530000000000016
0.45999999999999996 0.6248000000000031
0.45999999999999996 0.5548000000000015
0.18000000000000005 0.40660000000000024
0.4 0.6390000000000023
0.33999999999999997 0.47809999999999986
0.33999999999999997 0.45680000000000015
0.18000000000000005 0.24310000000000007
0.28 0.5694000000000012
0.30000000000000004 0.5078000000000003
0.4 0.5093000000000001
0.4 0.4741999999999997
0.30000000000000004 0.45019999999999927
0.45999999999999996 0.5472000000000018
0.31999999999999995 0.5113000000000009
0.4 0.6079000000000027
0.4 0.5932000000000023
0.43999999999999995 0.5964000000000023
0.19999999999999996 0.5310000000000009
0.24 0.543300000000002
0.26 0.520800000000002
0.24 0.451800000000001
0.21999999999999997 0.43200000000000044
0.21999999999999997 0.4503000000000011
0.07999999999999996 0.39629999999999976
0.07999999999999996 0.38000000000000006
0.07999999999999996 0.3466
0.07999999999999996 0.26400000000000007
0.07999999999999996 0.23730000000000015
0.07999999999999996 0.18090000000000037
0.07999999999999996 0.14640000000000003
0.07999999999999996 0.13630000000000003
0.07999999999999996 0.14610000000000029
0.07999999999999996 0.0951
0.07999999999999996 0.12190000000000026
0.07999999999999996 0.10470000000000017
0.07999999999999996 0.19179999999999967
0.07999999999999996 0.1096000000000002
0.07999999999999996 0.09530000000000012
0.07999999999999996 0.2356000000000001
0.07999999999999996 0.12169999999999996
0.07999999999999996 0.3474000000000003
0.07999999999999996 0.26040000000000024
0.07999999999999996 0.36340000000000056
0.07999999999999996 0.2916000000000002
0.07999999999999996 0.2685000000000003
0.040000000000000036 0.4785000000000016
0.040000000000000036 0.36070000000000085
0.07999999999999996 0.38550000000000095
0.07999999999999996 0.2919000000000004
0.07999999999999996 0.24070000000000008
0.07999999999999996 0.2118000000000001
0.07999999999999996 0.1887
0.07999999999999996 0.17199999999999988
0.07999999999999996 0.14009999999999992
0.07999999999999996 0.36480000000000046
0.18000000000000005 0.21510000000000012
0.07999999999999996 0.13130000000000006
0.18000000000000005 0.1583000000000003
0.16000000000000003 0.1264
0.16000000000000003 0.1234000000000001
0.16000000000000003 0.1168
0.07999999999999996 0.2295999999999995
0.16000000000000003 0.1320000000000001
0.16000000000000003 0.11920000000000013
0.16000000000000003 0.14029999999999992
0.16000000000000003 0.12499999999999992
0.16000000000000003 0.11659999999999984
0.07999999999999996 0.18410000000000015
0.07999999999999996 0.1655000000000003
0.12 0.12770000000000006
0.07999999999999996 0.1962000000000004
0.07999999999999996 0.18220000000000033
0.07999999999999996 0.1475000000000003
0.07999999999999996 0.10880000000000012
0.07999999999999996 0.13220000000000023
0.07999999999999996 0.17020000000000013
0.07999999999999996 0.17010000000000003
0.07999999999999996 0.15169999999999997
0.07999999999999996 0.1271
0.07999999999999996 0.0917
0.07999999999999996 0.08789999999999999
0.07999999999999996 0.09639999999999999
0.07999999999999996 0.11289999999999997
0.07999999999999996 0.0972
0.07999999999999996 0.12609999999999996
0.07999999999999996 0.10609999999999997
0.07999999999999996 0.1514999999999999
0.07999999999999996 0.12530000000000002
0.07999999999999996 0.11249999999999996
0.07999999999999996 0.23279999999999984
0.07999999999999996 0.20119999999999988
0.07999999999999996 0.15859999999999996
0.07999999999999996 0.12709999999999996
0.07999999999999996 0.10930000000000004
0.07999999999999996 0.12639999999999996
0.07999999999999996 0.12409999999999999
0.07999999999999996 0.1687999999999999
0.07999999999999996 0.09420000000000002
0.07999999999999996 0.22189999999999993
0.040000000000000036 0.2425
0.040000000000000036 0.2798999999999999
0.09999999999999998 0.6104000000000028
0.6799999999999999 0.6800000000000034
0.6799999999999999 0.6800000000000034
0.6799999999999999 0.6800000000000034
0.06000000000000005 0.3102000000000002
0.09999999999999998 0.5625000000000023
0.09999999999999998 0.3050000000000001
0.09999999999999998 0.2539000000000001
0.09999999999999998 0.20960000000000012
0.09999999999999998 0.1612000000000001
0.09999999999999998 0.14790000000000003
0.09999999999999998 0.11629999999999999
0.09999999999999998 0.3614000000000005
0.42000000000000004 0.6592000000000033
0.42000000000000004 0.6516000000000033
0.42000000000000004 0.6420000000000031
0.42000000000000004 0.6235000000000028
0.31999999999999995 0.6023000000000022
0.040000000000000036 0.49540000000000106
0.040000000000000036 0.4248000000000007
0.040000000000000036 0.20620000000000016
0.040000000000000036 0.1764000000000002
0.040000000000000036 0.15090000000000012
0.040000000000000036 0.12490000000000005
0.040000000000000036 0.11830000000000006
0.040000000000000036 0.31309999999999993
0.18000000000000005 0.531100000000002
0.040000000000000036 0.2964000000000002
0.18000000000000005 0.46860000000000146
0.18000000000000005 0.4614000000000015
0.18000000000000005 0.4694000000000015
0.19999999999999996 0.42300000000000076
0.040000000000000036 0.35010000000000013
0.07999999999999996 0.3568000000000005
0.07999999999999996 0.2869
0.07999999999999996 0.28040000000000004
0.07999999999999996 0.26080000000000014
0.07999999999999996 0.32559999999999995
0.07999999999999996 0.2439000000000001
0.07999999999999996 0.1983999999999998
0.07999999999999996 0.1700999999999998
0.07999999999999996 0.1587999999999999
0.07999999999999996 0.1741999999999999
0.07999999999999996 0.20079999999999992
0.07999999999999996 0.15589999999999996
0.07999999999999996 0.14450000000000005
0.64 0.6793000000000035
0.64 0.6783000000000033
0.64 0.6757000000000035
0.09999999999999998 0.42510000000000103
0.09999999999999998 0.3027000000000001
0.09999999999999998 0.24620000000000006
0.09999999999999998 0.14969999999999994
0.09999999999999998 0.1552999999999999
0.09999999999999998 0.2358000000000001
0.64 0.6780000000000035
0.64 0.6768000000000035
0.5800000000000001 0.6737000000000034
0.5800000000000001 0.6675000000000034
0.5800000000000001 0.6596000000000035
0.56 0.6494000000000025
0.52 0.6396000000000015
0.52 0.6260000000000006
0.4 0.5976999999999998
0.4 0.5762999999999999
0.4 0.5441000000000003
0.4 0.5216000000000008
0.33999999999999997 0.4917000000000011
0.36 0.4779000000000005
0.4 0.4580999999999989
0.4 0.42909999999999954
0.4 0.4110999999999997
0.36 0.41009999999999985
0.33999999999999997 0.4020000000000001
0.4 0.4076999999999999
0.4 0.4053000000000001
0.4 0.40940000000000004
0.4 0.4008000000000002
0.4 0.41120000000000007
0.4 0.4082
0.4 0.4005000000000002
0.4 0.4016000000000002
0.4 0.4001000000000003
0.4 0.40110000000000023
0.4 0.4024000000000001
0.4 0.4015000000000002
0.4 0.40670000000000006
0.4 0.4003000000000002
0.33999999999999997 0.4082999999999998
0.4 0.4119999999999992
0.4 0.41919999999999896
0.4 0.46790000000000037
0.4 0.42509999999999937
0.4 0.4098999999999989
0.4 0.4022999999999999
0.4 0.4004000000000002
0.4 0.4005000000000002
0.31999999999999995 0.4365999999999996
0.31999999999999995 0.4367999999999995
0.31999999999999995 0.4069
0.31999999999999995 0.3931
0.31999999999999995 0.40039999999999987
0.4 0.40180000000000016
0.4 0.40769999999999973
0.4 0.40190000000000015
0.33999999999999997 0.3989000000000003
0.4 0.40320000000000017
0.4 0.4104999999999995
0.4 0.40489999999999987
0.33999999999999997 0.4193999999999992
0.38 0.4090999999999997
0.33999999999999997 0.40250000000000014
0.4 0.4020000000000002
0.4 0.40040000000000026
0.4 0.4009000000000002
0.4 0.40040000000000026
0.4 0.41769999999999974
0.4 0.4448000000000005
0.4 0.40459999999999957
0.4 0.4009000000000001
0.31999999999999995 0.3994000000000002
0.31999999999999995 0.4495999999999993
0.31999999999999995 0.4014000000000002
0.4 0.4291999999999996
0.4 0.40110000000000023
0.4 0.4015000000000002
0.4 0.40060000000000023
0.4 0.40110000000000023
0.4 0.4005000000000002
0.38 0.4001000000000003
0.4 0.4001000000000003
0.31999999999999995 0.39810000000000023
0.31999999999999995 0.4030000000000002
0.31999999999999995 0.4026000000000001
0.31999999999999995 0.40350000000000014
0.31999999999999995 0.3995000000000002
0.31999999999999995 0.4048999999999999
0.31999999999999995 0.3926000000000001
0.31999999999999995 0.3834000000000002
0.31999999999999995 0.3726000000000003
0.31999999999999995 0.4376000000000001
0.31999999999999995 0.45649999999999996
0.30000000000000004 0.3708000000000006
0.26 0.34480000000000094
0.26 0.33040000000000064
0.26 0.32820000000000044
0.24 0.3219000000000004
0.24 0.3194000000000003
0.16000000000000003 0.33780000000000043
0.16000000000000003 0.48080000000000034
0.16000000000000003 0.3312000000000003
0.16000000000000003 0.3303000000000003
0.16000000000000003 0.3053000000000003
0.16000000000000003 0.34260000000000007
0.16000000000000003 0.2941000000000004
0.16000000000000003 0.2880000000000005
0.16000000000000003 0.28570000000000034
0.16000000000000003 0.2733000000000002
0.16000000000000003 0.2682000000000005
0.16000000000000003 0.2466000000000001
0.16000000000000003 0.22959999999999983
0.16000000000000003 0.2530000000000001
0.16000000000000003 0.20479999999999982
0.16000000000000003 0.21209999999999984
0.16000000000000003 0.18539999999999995
0.16000000000000003 0.1863
0.16000000000000003 0.1796
0.16000000000000003 0.2318000000000003
0.16000000000000003 0.17500000000000004
0.16000000000000003 0.17190000000000003
0.16000000000000003 0.18660000000000015
0.16000000000000003 0.18140000000000026
0.16000000000000003 0.20310000000000009
0.16000000000000003 0.1860000000000002
0.14 0.1689000000000002
0.14 0.1623000000000002
0.14 0.16340000000000013
0.14 0.2135000000000002
0.16000000000000003 0.1964000000000003
0.14 0.22430000000000005
0.14 0.2108000000000002
0.16000000000000003 0.21970000000000034
0.16000000000000003 0.22370000000000015
0.14 0.19260000000000027
0.14 0.1729000000000001
0.14 0.16300000000000012
0.14 0.16070000000000015
0.14 0.17730000000000012
0.14 0.1642000000000001
