0.24 0.5818600000000059
0.24 0.5487400000000062
0.07999999999999996 0.514600000000006
0.07999999999999996 0.49918000000000445
0.07999999999999996 0.46876000000000423
0.07999999999999996 0.44438000000000294
0.07999999999999996 0.4217000000000023
0.07999999999999996 0.4099800000000014
0.07999999999999996 0.39732000000000073
0.07999999999999996 0.3977200000000014
0.040000000000000036 0.3778800000000008
0.040000000000000036 0.37766000000000044
0.06000000000000005 0.37265999999999994
0.06000000000000005 0.35439999999999966
0.06000000000000005 0.35666000000000014
0.020000000000000018 0.3396199999999991
0.020000000000000018 0.3246799999999993
0.020000000000000018 0.3150599999999996
0.020000000000000018 0.30017999999999917
0.020000000000000018 0.27883999999999937
0.020000000000000018 0.27977999999999975
0.020000000000000018 0.2820999999999996
0.020000000000000018 0.2575399999999994
0.020000000000000018 0.24945999999999977
0.020000000000000018 0.24247999999999953
0.020000000000000018 0.24111999999999942
0.020000000000000018 0.2401199999999995
0.020000000000000018 0.22669999999999954
0.020000000000000018 0.21221999999999966
0.020000000000000018 0.19649999999999987
0.020000000000000018 0.19659999999999977
0.020000000000000018 0.2043999999999998
0.020000000000000018 0.2005399999999997
0.020000000000000018 0.18791999999999973
0.020000000000000018 0.1808799999999995
0.020000000000000018 0.17139999999999972
0.020000000000000018 0.15847999999999973
0.020000000000000018 0.15329999999999988
0.020000000000000018 0.1614999999999998
0.020000000000000018 0.15569999999999973
0.020000000000000018 0.16351999999999978
0.020000000000000018 0.15823999999999977
0.020000000000000018 0.16221999999999953
0.020000000000000018 0.15265999999999966
0.020000000000000018 0.1516599999999996
0.020000000000000018 0.1424399999999995
0.020000000000000018 0.15297999999999964
0.020000000000000018 0.15505999999999961
0.020000000000000018 0.14609999999999942
0.020000000000000018 0.14539999999999953
0.020000000000000018 0.15063999999999975
0.020000000000000018 0.14501999999999948
0.020000000000000018 0.14673999999999965
0.020000000000000018 0.1433399999999995
0.020000000000000018 0.14225999999999941
0.020000000000000018 0.1418799999999995
0.020000000000000018 0.1476799999999996
0.020000000000000018 0.14341999999999963
0.020000000000000018 0.1358199999999996
0.020000000000000018 0.14079999999999937
0.020000000000000018 0.14143999999999934
0.020000000000000018 0.14405999999999952
0.020000000000000018 0.1368999999999995
0.020000000000000018 0.12965999999999955
0.020000000000000018 0.12953999999999943
0.020000000000000018 0.12361999999999948
0.020000000000000018 0.11777999999999951
0.020000000000000018 0.12119999999999956
0.020000000000000018 0.12153999999999945
0.020000000000000018 0.1363199999999993
0.020000000000000018 0.1346599999999994
0.020000000000000018 0.1377999999999994
0.020000000000000018 0.13035999999999948
0.020000000000000018 0.1273399999999994
0.020000000000000018 0.13549999999999934
0.020000000000000018 0.12879999999999944
0.020000000000000018 0.13117999999999944
0.020000000000000018 0.12551999999999955
0.020000000000000018 0.13065999999999953
0.020000000000000018 0.1263999999999994
0.020000000000000018 0.12703999999999938
0.020000000000000018 0.12379999999999941
0.020000000000000018 0.1311199999999994
0.020000000000000018 0.12315999999999935
0.020000000000000018 0.1258799999999995
0.020000000000000018 0.12329999999999951
0.020000000000000018 0.11761999999999943
0.020000000000000018 0.12805999999999948
0.020000000000000018 0.13201999999999955
0.020000000000000018 0.13117999999999952
0.020000000000000018 0.12067999999999948
0.020000000000000018 0.12005999999999942
0.020000000000000018 0.12439999999999937
0.020000000000000018 0.12855999999999942
0.020000000000000018 0.12739999999999949
0.020000000000000018 0.12159999999999946
0.020000000000000018 0.12719999999999948
0.020000000000000018 0.12393999999999945
0.020000000000000018 0.12619999999999942
0.020000000000000018 0.1337199999999994
