0.93 0.41294999999999704
0.93 0.44858999999999843
0.93 0.4845999999999985
0.93 0.5188599999999991
0.93 0.5407100000000037
0.93 0.569920000000003
0.94 0.5853100000000017
0.94 0.6124300000000023
0.95 0.6286300000000031
0.95 0.6525800000000034
0.95 0.6618700000000033
0.96 0.6768700000000032
0.96 0.6930900000000012
0.96 0.6953800000000004
0.97 0.7055099999999983
0.97 0.7232499999999934
0.97 0.7266099999999931
0.97 0.7276399999999931
0.97 0.7363099999999915
0.97 0.7495299999999891
0.97 0.7380199999999919
0.97 0.749779999999989
0.97 0.7544799999999888
0.97 0.7496799999999888
0.98 0.7511399999999903
0.98 0.7577199999999887
0.98 0.766289999999989
0.98 0.7552399999999896
0.98 0.7671699999999905
0.98 0.7657099999999919
0.98 0.7742999999999913
0.98 0.7742599999999913
0.98 0.7793099999999914
0.98 0.7956599999999954
0.98 0.8063299999999949
0.98 0.8080799999999931
0.98 0.8024799999999948
0.98 0.8061199999999937
0.98 0.8109799999999944
0.98 0.819879999999996
0.98 0.8196899999999928
0.98 0.8202399999999949
0.98 0.8295699999999959
0.98 0.8321199999999969
0.98 0.8448199999999986
0.98 0.8469799999999982
0.98 0.8434499999999976
0.98 0.8458899999999961
0.98 0.8504499999999967
0.98 0.8491399999999947
0.98 0.8555399999999929
0.98 0.8542299999999954
0.98 0.8634599999999978
0.98 0.8607499999999968
0.98 0.8584299999999992
0.98 0.8694400000000018
0.98 0.8577000000000006
0.98 0.8680500000000028
0.98 0.882340000000004
0.98 0.8812100000000054
0.98 0.8893200000000071
0.98 0.8844800000000078
0.98 0.8880800000000096
0.98 0.8832300000000107
0.98 0.8856700000000098
0.98 0.8841700000000104
0.98 0.8923100000000119
0.98 0.8929000000000116
0.98 0.8985700000000117
0.98 0.8939400000000098
0.98 0.8884700000000103
0.98 0.8847000000000075
0.98 0.8939500000000102
0.98 0.8867500000000091
0.98 0.8908400000000078
0.98 0.8787900000000068
0.98 0.874300000000006
0.98 0.8737300000000057
0.98 0.8846700000000088
0.98 0.8871100000000088
0.98 0.8750800000000086
0.98 0.8787100000000083
0.98 0.8797200000000073
0.98 0.88967000000001
0.98 0.8836200000000082
0.98 0.8841500000000073
0.98 0.8887600000000073
0.98 0.8787000000000063
0.98 0.8818900000000074
0.98 0.888190000000008
0.98 0.8880200000000075
0.98 0.8902800000000073
0.98 0.8844200000000072
0.98 0.8893400000000071
0.98 0.8894700000000086
0.98 0.8912400000000086
0.98 0.8941000000000092
0.98 0.893530000000009
0.98 0.8928700000000098
0.98 0.8960500000000095
