0.67 0.38090000000000096
0.67 0.4041500000000006
0.66 0.40070000000000106
0.77 0.4200499999999998
0.66 0.4218499999999997
0.68 0.4269499999999994
0.67 0.4274999999999994
0.68 0.4044500000000002
0.65 0.37555000000000116
0.66 0.4148500000000003
0.67 0.4123999999999998
0.66 0.4302499999999991
0.66 0.39994999999999997
0.65 0.4022499999999998
0.71 0.4490999999999985
0.77 0.45514999999999867
0.86 0.44924999999999804
0.66 0.4313999999999988
0.89 0.44519999999999854
0.89 0.4269499999999999
0.89 0.4412499999999986
0.89 0.48154999999999865
0.67 0.4458999999999982
0.67 0.4575499999999986
0.71 0.46209999999999846
0.88 0.43374999999999875
0.66 0.48514999999999925
0.84 0.4788499999999992
0.84 0.48979999999999924
0.65 0.4319499999999984
0.7 0.46859999999999835
0.7 0.454449999999999
0.7 0.46569999999999934
0.84 0.5335999999999999
0.93 0.49334999999999946
0.98 0.5451500000000006
0.98 0.5407999999999995
0.98 0.5549000000000003
0.98 0.5888999999999998
0.98 0.6224499999999997
0.89 0.5262499999999998
0.91 0.5845499999999992
0.95 0.5233000000000002
0.98 0.5027499999999994
0.84 0.5673999999999999
0.91 0.6127999999999999
0.96 0.6743000000000001
0.98 0.6434499999999994
0.98 0.5925499999999998
0.87 0.44960000000000067
0.93 0.5468999999999999
0.96 0.6028999999999993
0.97 0.7088500000000006
0.98 0.7596500000000003
0.98 0.7101000000000011
0.98 0.7075000000000002
0.98 0.7869499999999994
0.98 0.6888000000000016
0.96 0.6646000000000012
0.98 0.7961000000000006
0.98 0.8152000000000003
0.98 0.8012999999999998
0.98 0.7461500000000008
0.98 0.8129999999999983
0.98 0.8834999999999993
0.92 0.6741000000000018
0.92 0.7590500000000013
0.92 0.7098499999999994
0.96 0.8419500000000002
0.98 0.8415499999999994
0.96 0.7776499999999991
0.97 0.7961999999999986
0.97 0.8217499999999994
0.97 0.7864999999999989
0.97 0.8491500000000001
0.97 0.7786499999999993
0.97 0.8874
0.97 0.8961499999999991
0.97 0.9356999999999972
0.97 0.8729000000000003
0.97 0.7603999999999995
0.97 0.6947999999999981
0.96 0.6746999999999975
0.97 0.6865999999999975
0.7 0.6599999999999973
0.66 0.6592499999999974
0.66 0.6593999999999974
0.73 0.6627999999999976
0.66 0.6598499999999974
0.66 0.6520999999999979
0.97 0.6618999999999977
0.97 0.6801499999999977
0.97 0.7635999999999987
0.98 0.7767499999999988
0.98 0.6871999999999997
0.97 0.7414999999999999
0.97 0.8220999999999995
0.97 0.8167499999999994
0.97 0.7975999999999991
0.97 0.7088999999999985
0.79 0.6410999999999981
0.78 0.5209500000000001
0.72 0.341650000000001
0.77 0.40445000000000164
0.77 0.461050000000001
0.77 0.4772000000000004
0.78 0.5325
0.78 0.5938999999999992
0.84 0.6022999999999993
0.84 0.6415499999999993
0.84 0.6951499999999992
0.87 0.6903999999999982
0.93 0.6940499999999978
0.98 0.7324999999999995
0.97 0.5618500000000001
0.96 0.5588000000000001
0.96 0.6526500000000002
0.96 0.6181500000000001
0.96 0.6866499999999996
0.96 0.73135
0.98 0.7871999999999989
0.98 0.8541500000000001
0.96 0.334050000000001
0.96 0.8243999999999992
0.96 0.8417999999999989
0.96 0.8583999999999993
0.98 0.8949999999999986
0.96 0.4909000000000016
0.98 0.6461000000000011
0.98 0.5158000000000013
0.98 0.7434000000000006
0.31 0.31000000000000083
0.32 0.3051000000000007
0.34 0.3076500000000008
0.65 0.3797500000000013
0.64 0.39750000000000113
0.64 0.356300000000001
0.63 0.35080000000000117
0.65 0.31930000000000086
0.34 0.30610000000000076
0.34 0.3109500000000007
0.61 0.31700000000000084
0.61 0.33200000000000096
0.61 0.34515000000000107
0.61 0.3773000000000013
0.88 0.41325000000000117
0.92 0.45400000000000007
0.92 0.40050000000000063
0.89 0.4766500000000002
0.65 0.5177000000000005
0.65 0.5538999999999998
0.65 0.36750000000000144
0.65 0.3911000000000012
0.65 0.4520000000000004
0.65 0.49935000000000085
0.65 0.40790000000000104
0.65 0.37240000000000123
0.65 0.47380000000000083
0.65 0.49800000000000083
0.65 0.5665500000000003
0.65 0.5779999999999998
0.65 0.5728999999999997
0.65 0.6231499999999994
0.65 0.6402000000000005
0.65 0.6319500000000006
0.65 0.6455000000000015
0.65 0.6478000000000022
0.65 0.5652500000000008
0.65 0.6154000000000008
0.65 0.48349999999999965
0.65 0.5362499999999998
0.65 0.6446500000000018
0.65 0.6359000000000019
0.65 0.6432000000000022
0.65 0.5667000000000002
0.65 0.4487500000000006
0.65 0.46354999999999974
0.65 0.5710499999999997
0.65 0.5082499999999994
0.65 0.4521
0.65 0.45970000000000033
0.65 0.4977000000000006
0.65 0.3574000000000019
0.65 0.359550000000002
0.42 0.3405500000000018
0.52 0.3438000000000015
0.52 0.3645000000000017
0.53 0.3761000000000017
0.65 0.41660000000000186
0.65 0.4498499999999999
0.57 0.445
0.57 0.4683499999999998
0.65 0.49675000000000014
0.65 0.5142
0.65 0.5498500000000008
0.63 0.5040499999999999
0.65 0.5504000000000004
0.65 0.5732499999999999
0.65 0.6073000000000001
0.65 0.6247499999999997
0.69 0.6213499999999987
0.71 0.6325999999999987
0.73 0.6374499999999999
0.71 0.6397000000000003
0.71 0.637500000000001
0.73 0.6446500000000017
0.93 0.6269000000000013
0.93 0.5975000000000004
0.68 0.45815000000000033
0.69 0.5034500000000011
0.85 0.5323999999999998
0.83 0.5047999999999999
0.7 0.5136500000000003
0.84 0.5030500000000007
0.86 0.5215000000000004
0.96 0.5636500000000003
0.96 0.4961000000000013
0.87 0.5265000000000002
0.97 0.5917500000000002
0.97 0.64165
0.97 0.6514
0.96 0.6487499999999996
0.94 0.6489499999999998
0.94 0.6644999999999992
0.94 0.7030500000000004
0.88 0.5913
0.91 0.6156999999999995
0.65 0.5715500000000002
0.67 0.6265499999999992
0.73 0.6297999999999991
0.67 0.6397999999999994
0.67 0.6408499999999995
0.73 0.6462999999999998
0.76 0.6551500000000012
0.88 0.6668000000000014
0.73 0.46755000000000124
0.96 0.45120000000000055
0.73 0.4845500000000005
0.68 0.4299000000000002
0.64 0.4243499999999999
0.97 0.5684
0.97 0.6518000000000002
0.97 0.5879500000000001
0.97 0.6250000000000006
0.97 0.6470000000000007
0.98 0.7047000000000015
0.98 0.7447999999999999
0.97 0.6499500000000014
0.98 0.6773500000000016
0.98 0.7734000000000002
0.98 0.7979499999999997
0.97 0.8449500000000008
0.98 0.7760000000000008
0.97 0.8507000000000009
0.98 0.9043999999999984
0.98 0.8067499999999996
0.98 0.6544000000000005
0.98 0.7848999999999997
0.98 0.8531500000000007
0.98 0.8532499999999998
0.98 0.892199999999999
0.98 0.9218999999999974
0.98 0.9243999999999989
0.98 0.9248999999999996
0.65 0.3242500000000008
0.65 0.35410000000000147
0.65 0.4635500000000007
0.98 0.7437999999999991
0.98 0.7803499999999999
0.98 0.8455999999999994
0.98 0.9047999999999984
0.98 0.9212999999999987
0.98 0.900299999999999
0.98 0.8930499999999988
0.65 0.5673999999999999
0.65 0.5443500000000002
0.95 0.6414499999999995
0.65 0.6001499999999993
0.65 0.5099000000000004
0.65 0.5287000000000005
0.65 0.46885000000000077
0.98 0.7120500000000015
0.98 0.6845000000000006
0.98 0.7585500000000006
0.98 0.7718499999999999
0.98 0.7634000000000002
0.98 0.8320500000000002
0.98 0.8402499999999999
0.98 0.8868499999999999
0.98 0.894099999999999
0.98 0.9039999999999989
0.98 0.8572000000000003
0.96 0.44995000000000124
0.98 0.83125
0.98 0.8436499999999997
0.98 0.87145
0.98 0.8749999999999997
0.98 0.8991000000000001
0.98 0.9043499999999998
0.98 0.8813
0.98 0.7833500000000008
0.98 0.8869000000000002
0.65 0.4566500000000012
0.98 0.5884499999999999
0.61 0.35050000000000175
0.57 0.35830000000000184
0.61 0.3775500000000015
0.61 0.4063500000000009
0.64 0.43855000000000055
0.64 0.4791500000000007
0.98 0.6084499999999994
0.89 0.6337499999999997
0.98 0.6822500000000001
0.98 0.7233000000000004
0.94 0.7039500000000006
0.97 0.7359500000000003
0.98 0.7920499999999986
0.98 0.8042499999999997
0.94 0.7425499999999998
0.98 0.6270500000000003
0.65 0.5134500000000002
0.98 0.6858000000000007
0.98 0.7172000000000012
0.98 0.7383000000000013
0.98 0.782700000000001
0.98 0.8109500000000007
0.98 0.8364999999999995
0.65 0.5391000000000001
0.98 0.8259000000000009
0.98 0.8773500000000004
0.98 0.8897000000000002
0.98 0.9050500000000002
0.98 0.8912999999999994
0.98 0.9199499999999996
0.98 0.9361999999999999
0.98 0.9352500000000004
0.98 0.8909000000000005
0.98 0.82245
0.98 0.8930000000000006
0.65 0.4502999999999993
0.65 0.49575000000000025
0.65 0.5381
0.65 0.5793999999999995
0.65 0.5784999999999993
0.65 0.5911999999999993
0.65 0.5376000000000003
0.84 0.5989999999999996
0.65 0.5880500000000005
0.95 0.5971000000000001
0.98 0.6730000000000005
0.65 0.5528999999999996
0.65 0.5915000000000004
0.65 0.6207999999999996
0.65 0.58465
0.65 0.6195000000000003
0.71 0.6274000000000003
0.65 0.5949000000000008
0.65 0.5144000000000003
0.65 0.5819499999999995
0.65 0.5879500000000006
0.65 0.5985500000000007
0.65 0.6238500000000008
0.65 0.6340500000000013
0.65 0.6000000000000009
0.65 0.6215000000000009
0.98 0.6356500000000006
0.98 0.6548000000000015
0.98 0.6745000000000018
0.92 0.5975000000000001
0.73 0.6288000000000006
0.65 0.6012499999999995
0.65 0.6133999999999997
0.65 0.6273500000000004
0.65 0.5690999999999998
0.65 0.5282500000000007
0.65 0.5481000000000004
0.65 0.5566500000000001
0.65 0.5638000000000003
0.65 0.5878999999999995
0.65 0.5578499999999998
0.59 0.5647499999999993
0.65 0.5954999999999994
0.65 0.605749999999999
0.65 0.6122499999999994
0.69 0.6083500000000001
0.69 0.6221000000000004
0.7 0.6333500000000005
0.71 0.6362500000000013
0.84 0.6435000000000015
0.83 0.6552500000000014
0.85 0.6811000000000014
0.92 0.6707500000000012
0.92 0.6962500000000018
0.85 0.6870500000000009
0.87 0.7080500000000001
0.95 0.7238000000000006
0.95 0.7527500000000003
0.95 0.7930999999999996
0.98 0.7950000000000007
0.98 0.7974999999999994
0.65 0.6336000000000005
0.65 0.6409500000000008
0.65 0.6464000000000013
0.65 0.4556500000000021
0.65 0.49170000000000086
0.87 0.5808000000000002
0.92 0.661450000000001
0.92 0.6883000000000016
0.96 0.7372500000000002
0.98 0.7189000000000013
0.98 0.6995000000000015
0.97 0.6531500000000008
0.97 0.6624000000000015
0.97 0.655500000000002
0.65 0.6477000000000023
0.65 0.6492500000000024
0.65 0.5716500000000007
0.98 0.706400000000003
0.65 0.644650000000002
0.97 0.657050000000002
0.97 0.7209000000000025
0.98 0.7704500000000012
0.97 0.7571000000000018
0.98 0.8223500000000008
0.98 0.8369000000000004
0.98 0.8586000000000006
0.98 0.852750000000001
0.98 0.78445
0.97 0.8390499999999996
0.97 0.84295
0.98 0.40500000000000147
0.97 0.4918000000000009
0.97 0.5019000000000006
0.65 0.34410000000000146
0.58 0.3112500000000008
0.97 0.348950000000001
0.97 0.4256000000000008
0.97 0.5002500000000002
0.97 0.5559000000000005
0.97 0.6102000000000009
0.97 0.6718500000000005
0.98 0.656450000000001
0.98 0.7582999999999998
0.98 0.7901499999999996
0.97 0.5300499999999995
0.97 0.5766999999999993
0.97 0.5899499999999992
0.88 0.5775499999999992
0.97 0.6244999999999994
0.98 0.7147499999999998
0.98 0.7946999999999992
0.98 0.8482999999999978
0.98 0.9059499999999991
0.97 0.6588500000000002
0.97 0.6694
0.94 0.6498499999999993
0.98 0.6429499999999995
0.98 0.7003499999999997
0.98 0.71705
0.98 0.7041500000000004
0.97 0.6764499999999996
0.98 0.7442499999999996
0.98 0.8010999999999986
0.98 0.7393500000000011
0.98 0.8595
0.98 0.6740999999999997
0.98 0.780449999999999
0.98 0.7680499999999999
0.98 0.8149
0.65 0.573399999999999
0.65 0.6170499999999994
0.65 0.620199999999999
0.65 0.6406499999999999
0.65 0.6460500000000013
0.65 0.6490000000000019
0.65 0.645350000000002
0.98 0.6481500000000017
0.65 0.6432500000000019
0.65 0.6464500000000019
0.98 0.6647000000000018
0.65 0.6159000000000017
0.98 0.6729000000000022
0.65 0.647750000000002
0.65 0.6471000000000019
0.65 0.6293500000000016
0.65 0.5952500000000008
0.65 0.6282000000000008
0.65 0.6392500000000014
0.65 0.6442000000000019
0.65 0.6457000000000019
0.65 0.6453000000000019
0.65 0.6433000000000015
0.65 0.6336500000000008
0.65 0.6434500000000017
0.65 0.6300000000000007
0.65 0.6346000000000012
0.65 0.6448000000000019
0.65 0.47045000000000037
0.65 0.4360500000000011
0.65 0.4963499999999997
