0.83 0.40518999999999583
0.95 0.4494799999999991
0.95 0.4767899999999997
0.95 0.5092999999999995
0.95 0.5376400000000017
0.95 0.5686400000000016
0.95 0.5985400000000003
0.95 0.6166000000000003
0.95 0.6389900000000021
0.96 0.6555300000000008
0.96 0.6744200000000012
0.96 0.6925300000000009
0.96 0.6892000000000013
0.96 0.7053799999999985
0.96 0.7267799999999995
0.96 0.72466
0.96 0.7321700000000012
0.96 0.7363100000000004
0.96 0.7400800000000005
0.96 0.7403200000000025
0.96 0.745080000000004
0.96 0.7666400000000062
0.96 0.7665100000000066
0.96 0.7728600000000044
0.96 0.7723400000000049
0.96 0.7744700000000041
0.96 0.7826200000000015
0.96 0.786230000000003
0.96 0.7927800000000026
0.96 0.7898200000000033
0.96 0.810640000000001
0.96 0.8134900000000045
0.96 0.8158900000000051
0.97 0.8306100000000038
0.97 0.8279700000000032
0.97 0.8291300000000014
0.97 0.8399900000000002
0.97 0.8320799999999997
0.97 0.82543
0.97 0.8363399999999989
0.97 0.8394800000000004
0.97 0.8420800000000002
0.97 0.8438999999999998
0.97 0.8517599999999994
0.97 0.8681899999999942
0.97 0.8560499999999988
0.97 0.8622299999999962
0.97 0.8600999999999983
0.97 0.8547999999999992
0.97 0.8621499999999945
0.97 0.8681599999999956
0.97 0.871969999999996
0.97 0.8640699999999957
0.97 0.8608299999999945
0.97 0.853389999999996
0.97 0.8516899999999968
0.97 0.8525499999999945
0.97 0.8413099999999987
0.97 0.8574499999999943
0.97 0.8529699999999966
0.97 0.8594999999999942
0.97 0.8697499999999928
0.97 0.8651299999999915
0.97 0.8650799999999932
0.97 0.8615399999999931
0.97 0.8564199999999936
0.97 0.8571199999999953
0.97 0.864119999999995
0.97 0.8650199999999942
0.97 0.857079999999995
0.97 0.8541199999999968
0.97 0.8602699999999971
0.97 0.8624799999999946
0.97 0.8651999999999953
0.97 0.8562399999999957
0.97 0.8596699999999957
0.97 0.8565899999999951
0.97 0.8622199999999955
0.97 0.8648199999999968
0.97 0.8606799999999968
0.97 0.8518899999999987
0.97 0.8613199999999998
0.97 0.8620299999999971
0.97 0.8456499999999995
0.97 0.8594299999999975
0.97 0.8515199999999971
0.97 0.8616899999999971
0.97 0.8627099999999972
0.97 0.8773799999999962
0.97 0.8701099999999942
0.97 0.8656699999999952
0.97 0.8710899999999935
0.97 0.8712699999999948
0.97 0.8693399999999941
0.97 0.8639899999999954
0.97 0.8719799999999943
0.97 0.8690799999999954
0.97 0.8659799999999948
0.97 0.861319999999996
0.97 0.8586699999999972
