0.14 0.6083599999999978
0.14 0.5698599999999971
0.06000000000000005 0.5435199999999978
0.06000000000000005 0.5216599999999996
0.06000000000000005 0.49435999999999997
0.07999999999999996 0.47119999999999973
0.020000000000000018 0.45337999999999956
0.020000000000000018 0.41629999999999956
0.020000000000000018 0.3941799999999999
0.020000000000000018 0.3741400000000007
0.020000000000000018 0.3570400000000005
0.020000000000000018 0.3372800000000017
0.020000000000000018 0.33752000000000093
0.0 0.3186800000000014
