0.9 0.40575000000000033
0.9 0.4335000000000005
0.9 0.4485500000000006
0.9 0.42850000000000044
0.89 0.43355000000000066
0.89 0.4630000000000003
0.89 0.4542500000000001
0.89 0.4522500000000007
0.83 0.4493500000000003
0.69 0.4390500000000001
0.71 0.4924000000000002
0.72 0.4821000000000003
0.72 0.46119999999999983
0.71 0.47704999999999975
0.7 0.4515500000000002
0.75 0.4991999999999998
0.73 0.4883999999999999
0.73 0.5129
0.7 0.5056499999999997
0.71 0.5394500000000004
0.75 0.5165499999999998
0.8 0.5180999999999996
0.81 0.5271000000000001
0.79 0.5229999999999998
0.88 0.51115
0.79 0.5642500000000001
0.74 0.5750499999999997
0.76 0.5239999999999991
0.74 0.4753500000000008
0.74 0.4933999999999997
0.79 0.5224499999999993
0.86 0.5705999999999998
0.86 0.5416499999999999
0.97 0.6038499999999997
0.97 0.6492500000000008
0.97 0.6731000000000003
0.97 0.6095499999999994
0.97 0.5904000000000006
0.97 0.6389000000000009
0.84 0.5563500000000001
0.89 0.6054999999999995
0.78 0.6105499999999998
0.81 0.6534000000000013
0.78 0.6505000000000014
0.85 0.6419000000000014
0.81 0.6564500000000015
0.81 0.5640999999999997
0.81 0.6389000000000015
0.79 0.6219500000000017
0.86 0.669600000000002
0.78 0.6544500000000015
0.82 0.6855500000000013
0.92 0.6980500000000022
0.71 0.6732000000000024
0.79 0.6848500000000017
0.87 0.6840000000000024
0.93 0.6974500000000016
0.93 0.6462000000000009
0.8 0.6699000000000009
0.89 0.6516000000000005
0.96 0.6430000000000012
0.78 0.6669000000000014
0.79 0.687850000000002
0.86 0.6927000000000011
0.89 0.7232500000000003
0.92 0.7488000000000002
0.93 0.77045
0.94 0.7575999999999994
0.94 0.8255499999999985
0.83 0.6316999999999994
0.86 0.6654500000000005
0.95 0.6039
0.95 0.7112500000000007
0.93 0.6924500000000009
0.96 0.693000000000001
0.89 0.6553000000000001
0.89 0.67605
0.89 0.6882499999999997
0.88 0.63935
0.89 0.6699999999999998
0.89 0.6815500000000004
0.85 0.667450000000001
0.85 0.6665000000000003
0.85 0.6940499999999998
0.85 0.6956999999999992
0.93 0.6369499999999994
0.77 0.6136999999999998
0.85 0.6620999999999992
0.77 0.6908000000000001
0.83 0.6994500000000015
0.83 0.6994000000000008
0.78 0.7244999999999997
0.77 0.7356499999999994
0.83 0.7501999999999999
0.83 0.7333499999999984
0.8 0.7107999999999981
0.83 0.5952500000000001
0.8 0.46384999999999965
0.76 0.44829999999999953
0.77 0.4567499999999995
0.81 0.5267499999999999
0.84 0.6044500000000009
0.85 0.6458000000000007
0.85 0.7023500000000003
0.89 0.7346000000000008
0.89 0.6842500000000019
0.7 0.4265500000000022
0.76 0.5594499999999993
0.89 0.6714000000000006
0.89 0.6550000000000006
0.9 0.7563500000000007
0.89 0.7486999999999999
0.94 0.806949999999999
0.97 0.7955499999999982
0.97 0.8045999999999998
0.97 0.8210499999999993
0.97 0.8030999999999985
0.94 0.5781499999999995
0.97 0.7246000000000008
0.96 0.7359500000000004
0.97 0.7942499999999987
0.97 0.811599999999999
0.97 0.8631999999999996
0.97 0.4895499999999995
0.95 0.5137999999999991
0.97 0.7174000000000018
0.94 0.6051000000000005
0.97 0.5561499999999997
0.95 0.5563999999999992
0.97 0.5575999999999999
0.7 0.4995999999999998
0.7 0.5894500000000007
0.7 0.5540500000000005
0.7 0.6077500000000001
0.7 0.6288500000000006
0.7 0.6389500000000015
0.7 0.6607500000000012
0.7 0.6241000000000007
0.7 0.6802000000000015
0.7 0.6565500000000014
0.7 0.5443999999999994
0.7 0.5452499999999995
0.7 0.627050000000001
0.75 0.4718499999999993
0.7 0.4635499999999992
0.7 0.4678999999999997
0.7 0.45890000000000036
0.7 0.6799000000000021
0.7 0.6654000000000013
0.7 0.6831500000000018
0.7 0.5766500000000006
0.7 0.5547000000000009
0.69 0.43075000000000196
0.64 0.35660000000000197
0.69 0.50275
0.69 0.42995000000000216
0.6 0.361700000000002
0.62 0.41245000000000204
0.69 0.48415000000000047
0.69 0.5518000000000005
0.69 0.5759000000000001
0.69 0.5864999999999994
0.69 0.5204499999999996
0.69 0.6114499999999999
0.7 0.6084000000000002
0.68 0.28100000000000036
0.7 0.38100000000000067
0.73 0.3234000000000014
0.71 0.45219999999999994
0.72 0.4475999999999993
0.71 0.519199999999999
0.75 0.6029000000000001
0.7 0.6412500000000001
0.71 0.6318000000000012
0.83 0.6153
0.73 0.5098500000000004
0.73 0.6375500000000005
0.87 0.6485500000000006
0.72 0.6290000000000003
0.74 0.6766500000000015
0.86 0.6805000000000017
0.74 0.6947000000000014
0.89 0.7148000000000017
0.85 0.6930000000000017
0.77 0.6718000000000021
0.78 0.6111500000000003
0.79 0.6330000000000006
0.75 0.5607499999999996
0.95 0.5909500000000002
0.88 0.6644500000000018
0.75 0.6880000000000007
0.75 0.6912000000000015
0.76 0.7183499999999993
0.79 0.6735500000000006
0.81 0.6971500000000005
0.81 0.6391000000000004
0.92 0.6906000000000002
0.9 0.6856000000000008
0.9 0.6821000000000003
0.9 0.6297500000000003
0.89 0.7094000000000011
0.89 0.7034000000000006
0.89 0.7231999999999998
0.89 0.7193000000000004
0.9 0.7394999999999999
0.9 0.7328000000000001
0.87 0.7064499999999998
0.87 0.7072999999999999
0.89 0.7263499999999987
0.91 0.7493499999999998
0.93 0.7656499999999999
0.93 0.8030499999999986
0.89 0.7088500000000014
0.89 0.7115000000000022
0.82 0.6952500000000016
0.82 0.6999500000000013
0.94 0.72625
0.94 0.6916500000000017
0.94 0.73615
0.94 0.7652999999999983
0.94 0.7934999999999985
0.94 0.8055999999999993
0.92 0.7382000000000002
0.9 0.6698000000000016
0.93 0.7193000000000008
0.9 0.7762
0.9 0.758499999999999
0.93 0.7478000000000001
0.94 0.7964999999999983
0.94 0.8131999999999968
0.94 0.8160999999999983
0.94 0.8027499999999977
0.94 0.7121500000000018
0.94 0.7988999999999975
0.94 0.8372499999999973
0.94 0.7337500000000011
0.94 0.8439999999999983
0.94 0.7885999999999992
0.94 0.8036499999999986
0.96 0.814699999999999
0.96 0.8498499999999983
0.96 0.8947000000000004
0.96 0.8977000000000005
0.96 0.925849999999999
0.96 0.9082499999999999
0.97 0.9324999999999988
0.96 0.9170999999999994
0.97 0.9228999999999989
0.97 0.9159499999999984
0.95 0.6120500000000001
0.97 0.8424000000000009
0.97 0.6937499999999994
0.97 0.82265
0.97 0.7395000000000009
0.97 0.741550000000001
0.9 0.6642000000000026
0.73 0.6503000000000019
0.8 0.5776000000000008
0.82 0.6678000000000023
0.83 0.5652000000000009
0.78 0.625300000000001
0.77 0.6337500000000015
0.71 0.6735500000000022
0.79 0.6546000000000017
0.84 0.7016000000000013
0.77 0.6937000000000016
0.79 0.6990000000000013
0.79 0.6998000000000009
0.94 0.7014000000000012
0.94 0.7169000000000005
0.94 0.7062500000000008
0.94 0.7103500000000007
0.88 0.703650000000001
0.86 0.7018000000000009
0.7 0.6949500000000012
0.71 0.6966000000000011
0.71 0.698650000000001
0.83 0.701600000000001
0.83 0.6961500000000013
0.88 0.6997000000000011
0.88 0.6977500000000019
0.88 0.6932000000000019
0.88 0.6959500000000024
0.88 0.6901000000000019
0.88 0.691800000000002
0.96 0.6988000000000016
0.96 0.7005000000000022
0.96 0.7153500000000009
0.96 0.7187500000000011
0.96 0.7276000000000011
0.96 0.686500000000002
0.96 0.7098500000000011
0.96 0.7084000000000016
0.91 0.7010000000000021
0.96 0.7178500000000015
0.96 0.7289500000000008
0.96 0.7412499999999992
0.96 0.7634499999999987
0.96 0.7450500000000011
0.96 0.7934999999999981
0.96 0.6796500000000014
0.83 0.676250000000002
0.96 0.7146500000000023
0.96 0.7294500000000008
0.96 0.7297500000000007
0.96 0.7264500000000007
0.72 0.6895500000000024
0.8 0.6944000000000013
0.92 0.7047500000000013
0.8 0.6997500000000013
0.79 0.702850000000001
0.92 0.7181500000000007
0.96 0.6874000000000011
0.96 0.7192500000000005
0.97 0.7546500000000002
0.97 0.7876499999999984
0.97 0.7776
0.97 0.8079999999999993
0.97 0.8351999999999997
0.97 0.8584499999999997
0.97 0.6824500000000022
0.97 0.7294000000000014
0.94 0.6933000000000017
0.7 0.6798500000000018
0.7 0.697050000000001
0.7 0.6900000000000017
0.7 0.6766500000000018
0.7 0.6659500000000019
0.96 0.5676000000000021
0.97 0.7179500000000015
0.97 0.7474500000000005
0.7 0.519450000000002
0.95 0.570250000000001
0.91 0.5517500000000019
0.7 0.4577500000000021
0.94 0.5418500000000015
0.95 0.6330000000000011
0.96 0.5554000000000017
0.92 0.6012500000000012
0.7 0.4010000000000021
0.95 0.5613500000000007
0.97 0.7018500000000009
0.97 0.759000000000001
0.95 0.7978499999999998
0.97 0.7422000000000009
0.97 0.8484999999999987
0.97 0.889450000000001
0.97 0.8863000000000025
0.97 0.8535500000000004
0.96 0.8826000000000016
0.97 0.8865000000000006
0.97 0.9108000000000017
0.97 0.8845500000000007
0.95 0.8007000000000005
0.97 0.889850000000001
0.97 0.908650000000001
0.97 0.91495
0.96 0.8869500000000012
0.95 0.8330000000000014
0.97 0.7676000000000006
0.95 0.4024000000000024
0.97 0.5729500000000014
0.95 0.6034500000000004
0.95 0.7662999999999992
0.95 0.6502499999999997
0.97 0.74025
0.97 0.8007999999999975
0.97 0.7593999999999975
0.97 0.6448
0.97 0.6483500000000003
0.97 0.805349999999999
0.97 0.8326999999999987
0.97 0.7977999999999978
0.97 0.7620999999999992
0.97 0.9110499999999979
0.97 0.8423499999999966
0.97 0.816549999999998
0.97 0.9520499999999994
0.97 0.9558499999999998
0.97 0.8981999999999988
0.97 0.8249499999999975
0.97 0.7641999999999974
0.97 0.8195999999999976
0.75 0.3977000000000024
0.7 0.6658000000000012
0.97 0.6795000000000018
0.75 0.45230000000000203
0.97 0.6367
0.97 0.72285
0.97 0.6752000000000002
0.95 0.6584999999999998
0.97 0.44770000000000054
0.89 0.5014499999999993
0.71 0.5525500000000002
0.85 0.6090999999999999
0.85 0.6426500000000003
0.8 0.6106000000000005
0.79 0.5965499999999998
0.8 0.6699000000000003
0.84 0.6447499999999998
0.91 0.6817500000000009
0.93 0.6627999999999998
0.95 0.7336999999999996
0.79 0.5822999999999992
0.79 0.5686999999999997
0.79 0.6281499999999994
0.79 0.5975499999999991
0.95 0.6864499999999998
0.79 0.6796999999999995
0.96 0.7221500000000007
0.96 0.7548000000000006
0.94 0.6619000000000002
0.8 0.6221500000000004
0.93 0.7062499999999998
0.97 0.7482500000000003
0.97 0.786099999999998
0.97 0.7762999999999992
0.96 0.7064000000000011
0.93 0.7311000000000004
0.95 0.6752000000000001
0.93 0.7079000000000002
0.93 0.6911500000000003
0.94 0.792549999999999
0.96 0.7175499999999999
0.96 0.7374500000000005
0.96 0.7549000000000008
0.97 0.8057499999999989
0.97 0.8177999999999978
0.97 0.8800500000000003
0.97 0.8809500000000005
0.97 0.8688000000000012
0.97 0.8869499999999997
0.97 0.9068000000000002
0.97 0.9315499999999995
0.97 0.8685999999999993
0.97 0.8809500000000005
0.97 0.9190999999999989
0.97 0.9506499999999986
0.97 0.9524499999999999
0.97 0.9587499999999998
0.97 0.9256499999999974
0.97 0.6980500000000005
0.97 0.7420500000000001
0.97 0.8471999999999973
0.97 0.936549999999998
0.97 0.9023999999999971
0.97 0.9219499999999969
0.97 0.8705999999999979
0.97 0.9150999999999979
0.97 0.8334499999999972
0.97 0.9252499999999987
0.97 0.9431499999999994
0.97 0.9480999999999993
0.97 0.9335499999999988
0.97 0.9470499999999994
0.97 0.9537
0.97 0.9301999999999997
0.97 0.9158999999999996
0.97 0.8393999999999966
0.97 0.7589999999999979
0.97 0.8078999999999971
0.97 0.8014999999999969
0.97 0.7554499999999984
0.97 0.8514999999999976
0.97 0.8891499999999987
0.97 0.8917499999999984
0.97 0.8942999999999977
0.97 0.922299999999998
0.97 0.9470999999999983
0.97 0.7463499999999995
0.97 0.7015000000000025
0.97 0.8284499999999981
0.97 0.8087499999999983
0.97 0.847099999999999
0.97 0.8990999999999991
0.97 0.9096999999999987
0.97 0.9240999999999987
0.97 0.9121999999999979
0.97 0.7814999999999988
0.97 0.8316999999999994
0.97 0.6819500000000002
0.97 0.7307500000000009
0.97 0.768299999999999
0.97 0.8195999999999992
0.97 0.865199999999998
0.97 0.9060499999999979
0.97 0.9419499999999986
0.97 0.9476999999999992
0.97 0.9370999999999983
0.97 0.9336999999999999
0.97 0.9356999999999981
0.97 0.9191499999999984
0.97 0.9090999999999978
0.97 0.7165500000000007
0.97 0.5784999999999999
0.97 0.8384999999999972
0.97 0.8983499999999984
0.97 0.9266999999999972
0.97 0.9322499999999978
0.97 0.9046499999999976
