0.040000000000000036 0.5935000000000001
0.040000000000000036 0.5715
0.38 0.5767999999999999
0.28 0.5943000000000003
0.28 0.5420000000000001
0.07999999999999996 0.5170000000000003
0.24 0.5086000000000002
0.24 0.529
0.19999999999999996 0.5203000000000005
0.14 0.5098000000000004
0.31999999999999995 0.49320000000000036
0.26 0.48660000000000025
0.26 0.528500000000001
0.33999999999999997 0.5651000000000004
0.24 0.5880000000000006
0.18000000000000005 0.5114000000000005
0.18000000000000005 0.5251000000000006
0.38 0.6179000000000002
0.30000000000000004 0.6269000000000002
0.30000000000000004 0.6231
0.36 0.6486000000000004
0.36 0.6512000000000003
0.33999999999999997 0.6435000000000005
0.31999999999999995 0.6178000000000005
0.33999999999999997 0.6242000000000008
0.31999999999999995 0.5876000000000006
0.14 0.5527000000000005
0.33999999999999997 0.5379000000000004
0.21999999999999997 0.5018000000000002
0.14 0.47620000000000084
0.14 0.5134000000000005
0.33999999999999997 0.5517000000000006
0.33999999999999997 0.5207000000000005
0.28 0.48979999999999996
0.31999999999999995 0.47439999999999977
0.31999999999999995 0.5503000000000003
0.42000000000000004 0.5439
0.36 0.5340000000000003
0.4 0.5385000000000009
0.31999999999999995 0.510500000000001
0.31999999999999995 0.4942000000000008
0.21999999999999997 0.49470000000000025
0.21999999999999997 0.4294999999999999
0.21999999999999997 0.44000000000000006
0.21999999999999997 0.4500999999999997
0.19999999999999996 0.4364999999999999
0.18000000000000005 0.42329999999999984
0.19999999999999996 0.4316999999999993
0.19999999999999996 0.4539999999999999
0.26 0.4723000000000004
0.16000000000000003 0.3783999999999999
0.14 0.4030999999999999
0.21999999999999997 0.3601000000000002
0.19999999999999996 0.3583
0.21999999999999997 0.3556000000000001
0.21999999999999997 0.3339000000000001
0.21999999999999997 0.30290000000000017
0.14 0.3667
0.21999999999999997 0.3019999999999998
0.07999999999999996 0.28139999999999993
0.16000000000000003 0.3179000000000001
0.30000000000000004 0.35950000000000043
0.16000000000000003 0.3652000000000002
0.16000000000000003 0.3278000000000007
0.16000000000000003 0.3572000000000006
0.06000000000000005 0.3229000000000009
0.18000000000000005 0.3645000000000009
0.16000000000000003 0.3698
0.16000000000000003 0.27929999999999994
0.18000000000000005 0.4754000000000008
0.16000000000000003 0.30860000000000026
0.19999999999999996 0.46950000000000075
0.19999999999999996 0.6411000000000007
0.16000000000000003 0.504600000000001
0.16000000000000003 0.43530000000000046
0.16000000000000003 0.32500000000000034
0.020000000000000018 0.2501
0.020000000000000018 0.21030000000000007
0.020000000000000018 0.1775
0.020000000000000018 0.44790000000000085
0.12 0.5140000000000012
0.09999999999999998 0.3317000000000007
0.040000000000000036 0.18410000000000007
0.040000000000000036 0.1523000000000001
0.040000000000000036 0.18080000000000004
0.020000000000000018 0.2996000000000006
0.020000000000000018 0.21720000000000014
0.07999999999999996 0.15449999999999997
0.07999999999999996 0.17129999999999998
0.07999999999999996 0.34250000000000064
0.07999999999999996 0.4123000000000009
0.07999999999999996 0.415500000000001
0.07999999999999996 0.19189999999999988
0.07999999999999996 0.1565999999999999
0.07999999999999996 0.2173000000000001
0.12 0.5292000000000014
0.07999999999999996 0.1936
0.36 0.6604000000000014
0.38 0.5091000000000006
0.36 0.49160000000000087
0.36 0.47450000000000053
0.33999999999999997 0.6487000000000016
0.33999999999999997 0.46030000000000015
0.33999999999999997 0.6284000000000016
0.33999999999999997 0.46990000000000054
0.33999999999999997 0.3902000000000004
0.33999999999999997 0.3987000000000004
0.33999999999999997 0.3875000000000005
0.33999999999999997 0.3797000000000004
0.33999999999999997 0.38670000000000093
0.33999999999999997 0.3780000000000011
0.28 0.37270000000000114
0.30000000000000004 0.5294000000000012
0.24 0.38720000000000065
0.36 0.3805000000000004
0.36 0.3890000000000001
0.36 0.38020000000000054
0.36 0.36630000000000146
0.36 0.3803000000000008
0.36 0.3853000000000004
0.36 0.38720000000000054
0.36 0.37490000000000007
0.36 0.3749000000000002
0.36 0.3882000000000002
0.36 0.3848000000000003
0.36 0.3687000000000002
0.36 0.37040000000000006
0.36 0.36840000000000006
0.36 0.36780000000000007
0.36 0.36760000000000004
0.36 0.36620000000000014
0.36 0.3718000000000004
0.36 0.3661000000000002
0.21999999999999997 0.3724000000000004
0.21999999999999997 0.3622000000000004
0.07999999999999996 0.36570000000000036
0.07999999999999996 0.3678000000000005
0.07999999999999996 0.36650000000000044
0.06000000000000005 0.35460000000000036
0.26 0.3802000000000008
0.12 0.35090000000000054
0.24 0.39630000000000093
0.24 0.3659000000000006
0.24 0.3694000000000006
0.24 0.382500000000001
0.24 0.38730000000000053
0.12 0.3784000000000004
0.12 0.3785000000000005
0.18000000000000005 0.3665000000000003
0.18000000000000005 0.35990000000000033
0.16000000000000003 0.3525000000000002
0.16000000000000003 0.35860000000000014
0.21999999999999997 0.36549999999999977
0.18000000000000005 0.34410000000000013
0.16000000000000003 0.3214000000000001
0.18000000000000005 0.3099
0.18000000000000005 0.30100000000000005
0.12 0.2806000000000002
0.09999999999999998 0.2648000000000002
0.16000000000000003 0.24140000000000023
0.06000000000000005 0.2298
0.12 0.1832999999999998
0.040000000000000036 0.1945999999999998
0.040000000000000036 0.18739999999999976
0.09999999999999998 0.18949999999999978
0.040000000000000036 0.27449999999999986
0.09999999999999998 0.2199
0.07999999999999996 0.19959999999999994
0.06000000000000005 0.1681999999999999
0.09999999999999998 0.17159999999999992
0.09999999999999998 0.15139999999999984
0.07999999999999996 0.13989999999999997
0.07999999999999996 0.17800000000000005
0.07999999999999996 0.19110000000000002
0.07999999999999996 0.12939999999999993
0.07999999999999996 0.09599999999999996
0.07999999999999996 0.13949999999999996
0.07999999999999996 0.11169999999999992
0.07999999999999996 0.24489999999999992
0.07999999999999996 0.26890000000000014
0.07999999999999996 0.08369999999999993
0.07999999999999996 0.11599999999999987
0.07999999999999996 0.09569999999999994
0.07999999999999996 0.09829999999999989
0.21999999999999997 0.42789999999999945
0.07999999999999996 0.11339999999999999
0.07999999999999996 0.11209999999999991
0.07999999999999996 0.12960000000000002
0.07999999999999996 0.18940000000000018
0.07999999999999996 0.27870000000000034
0.07999999999999996 0.2206000000000001
0.07999999999999996 0.20820000000000013
0.07999999999999996 0.16360000000000008
0.07999999999999996 0.1471000000000001
0.07999999999999996 0.14560000000000006
0.07999999999999996 0.2795000000000001
0.07999999999999996 0.20720000000000002
0.07999999999999996 0.14970000000000008
0.16000000000000003 0.39010000000000056
0.16000000000000003 0.38359999999999994
0.07999999999999996 0.14489999999999995
0.07999999999999996 0.16770000000000018
0.07999999999999996 0.29540000000000033
0.07999999999999996 0.17530000000000018
0.07999999999999996 0.17850000000000013
0.07999999999999996 0.15819999999999998
0.07999999999999996 0.13930000000000006
0.07999999999999996 0.12170000000000003
0.07999999999999996 0.1361
0.07999999999999996 0.12299999999999994
0.07999999999999996 0.21539999999999992
0.07999999999999996 0.16570000000000004
0.07999999999999996 0.13049999999999992
0.07999999999999996 0.10599999999999996
0.07999999999999996 0.12669999999999992
0.07999999999999996 0.09499999999999999
0.07999999999999996 0.1051
0.07999999999999996 0.13099999999999992
0.07999999999999996 0.10329999999999995
0.07999999999999996 0.10770000000000002
0.07999999999999996 0.09559999999999996
0.07999999999999996 0.09100000000000001
0.07999999999999996 0.09940000000000003
0.07999999999999996 0.1281
0.07999999999999996 0.10010000000000005
0.07999999999999996 0.15140000000000017
0.07999999999999996 0.15570000000000003
0.07999999999999996 0.11119999999999995
0.07999999999999996 0.091
0.07999999999999996 0.12899999999999992
0.07999999999999996 0.10529999999999992
0.07999999999999996 0.1298999999999999
0.07999999999999996 0.09409999999999996
0.07999999999999996 0.08969999999999999
0.07999999999999996 0.09969999999999996
0.07999999999999996 0.11230000000000001
0.07999999999999996 0.10360000000000003
0.07999999999999996 0.11080000000000004
0.07999999999999996 0.0941
0.07999999999999996 0.11519999999999993
0.07999999999999996 0.1870000000000002
0.07999999999999996 0.12230000000000006
0.07999999999999996 0.11040000000000004
0.09999999999999998 0.3242999999999996
0.09999999999999998 0.25999999999999956
0.07999999999999996 0.2843999999999998
0.07999999999999996 0.2908999999999999
0.07999999999999996 0.2524
0.07999999999999996 0.1816999999999998
0.07999999999999996 0.20269999999999988
0.07999999999999996 0.20349999999999985
0.07999999999999996 0.1866999999999996
0.07999999999999996 0.16839999999999988
0.07999999999999996 0.31449999999999984
0.07999999999999996 0.3620999999999997
0.07999999999999996 0.2984999999999996
0.31999999999999995 0.4420999999999999
0.31999999999999995 0.42109999999999986
0.26 0.4015999999999997
0.07999999999999996 0.2905000000000002
0.07999999999999996 0.24150000000000013
0.19999999999999996 0.2864
0.19999999999999996 0.39269999999999966
0.14 0.2759999999999996
0.21999999999999997 0.4224
0.12 0.33039999999999986
0.28 0.4022000000000001
0.14 0.22439999999999988
0.26 0.37630000000000047
0.31999999999999995 0.4318000000000007
0.28 0.36520000000000025
0.26 0.34350000000000064
0.18000000000000005 0.2695000000000002
0.18000000000000005 0.24240000000000006
0.18000000000000005 0.2869000000000002
0.06000000000000005 0.24269999999999992
0.18000000000000005 0.2262999999999999
0.21999999999999997 0.3820999999999992
0.14 0.23940000000000033
0.14 0.21829999999999994
0.19999999999999996 0.33980000000000066
0.14 0.2127
0.16000000000000003 0.22490000000000004
0.21999999999999997 0.36139999999999994
0.21999999999999997 0.3492
0.18000000000000005 0.3156000000000001
0.14 0.2770000000000002
0.21999999999999997 0.3
0.14 0.2551000000000001
0.16000000000000003 0.2390999999999999
0.24 0.29310000000000025
0.12 0.34949999999999987
0.12 0.36180000000000007
0.42000000000000004 0.4042000000000005
0.42000000000000004 0.40290000000000104
0.24 0.3541000000000007
0.19999999999999996 0.3450000000000006
0.42000000000000004 0.4039000000000009
0.24 0.40510000000000107
0.30000000000000004 0.3784000000000008
0.26 0.3519000000000007
0.19999999999999996 0.39130000000000065
0.19999999999999996 0.35090000000000043
0.21999999999999997 0.31650000000000017
0.28 0.5271000000000005
0.21999999999999997 0.5205000000000013
0.21999999999999997 0.5129000000000009
0.30000000000000004 0.5392000000000012
0.18000000000000005 0.36810000000000037
0.14 0.4586000000000013
0.18000000000000005 0.45040000000000086
0.30000000000000004 0.3995000000000007
0.18000000000000005 0.5039000000000011
0.16000000000000003 0.40130000000000066
0.16000000000000003 0.3792000000000006
0.38 0.553000000000001
0.38 0.6359000000000019
0.38 0.6514000000000018
0.38 0.5991000000000014
0.38 0.5489000000000012
0.16000000000000003 0.4390000000000008
0.21999999999999997 0.4044000000000004
0.26 0.3744000000000003
0.07999999999999996 0.31260000000000043
0.16000000000000003 0.4089000000000006
0.42000000000000004 0.4384000000000008
0.42000000000000004 0.4334000000000012
0.42000000000000004 0.43120000000000125
0.42000000000000004 0.42850000000000127
0.42000000000000004 0.42990000000000117
0.28 0.4466000000000011
0.28 0.4333000000000011
0.28 0.41300000000000076
0.28 0.39660000000000084
0.21999999999999997 0.39740000000000075
0.21999999999999997 0.3592000000000003
0.19999999999999996 0.32630000000000076
0.19999999999999996 0.32000000000000045
0.19999999999999996 0.32080000000000064
0.21999999999999997 0.2845000000000002
0.21999999999999997 0.2923000000000002
0.21999999999999997 0.29120000000000024
0.09999999999999998 0.2862000000000002
0.09999999999999998 0.27050000000000035
0.21999999999999997 0.32270000000000054
0.18000000000000005 0.36830000000000057
0.19999999999999996 0.37880000000000086
0.18000000000000005 0.29040000000000005
0.18000000000000005 0.3446000000000005
0.19999999999999996 0.3123
0.19999999999999996 0.3286000000000005
0.24 0.32370000000000004
0.24 0.4066000000000003
0.24 0.3024
0.24 0.3820000000000001
0.42000000000000004 0.4140000000000004
0.42000000000000004 0.421100000000001
0.42000000000000004 0.4364000000000011
0.24 0.41600000000000104
0.24 0.39530000000000115
0.21999999999999997 0.3427000000000004
0.21999999999999997 0.3929000000000009
0.21999999999999997 0.3774000000000008
0.42000000000000004 0.4362000000000012
0.42000000000000004 0.43780000000000124
0.42000000000000004 0.4400000000000013
0.42000000000000004 0.430100000000001
0.42000000000000004 0.42980000000000124
0.42000000000000004 0.43660000000000077
0.4 0.6161000000000019
0.7 0.7000000000000008
0.4 0.4366000000000003
0.4 0.43070000000000086
0.4 0.4339000000000006
0.4 0.4144000000000008
0.4 0.4281000000000008
0.4 0.4185000000000008
0.4 0.4258000000000004
0.4 0.41820000000000074
0.4 0.41410000000000075
0.4 0.40810000000000074
0.4 0.40870000000000084
0.4 0.44500000000000095
0.4 0.46440000000000103
0.4 0.4272000000000009
0.4 0.4196000000000006
0.4 0.43340000000000095
0.4 0.4307000000000007
0.4 0.4251000000000008
0.4 0.43290000000000084
0.4 0.42420000000000074
0.4 0.4137000000000007
0.4 0.4147000000000006
0.4 0.4192000000000007
0.4 0.4255000000000009
0.4 0.41600000000000087
0.4 0.4250000000000009
0.4 0.433900000000001
0.4 0.4390000000000008
0.4 0.4265000000000008
0.4 0.4182000000000008
0.4 0.4349000000000009
0.4 0.426600000000001
0.4 0.4206000000000008
0.4 0.4321000000000007
0.4 0.4341000000000008
0.4 0.4296000000000007
0.4 0.4197000000000009
0.4 0.425300000000001
0.4 0.42580000000000084
0.4 0.4401000000000008
0.4 0.4185000000000008
0.4 0.4165000000000007
0.4 0.4229000000000007
0.4 0.4113000000000007
0.4 0.42370000000000074
0.4 0.42250000000000065
0.4 0.42350000000000065
0.4 0.4210000000000006
0.4 0.45840000000000053
0.4 0.41430000000000045
0.4 0.41500000000000037
0.4 0.4205000000000002
0.4 0.41120000000000034
0.4 0.4145000000000005
0.33999999999999997 0.4055000000000003
0.33999999999999997 0.41840000000000055
0.33999999999999997 0.39910000000000045
0.33999999999999997 0.4222000000000004
0.33999999999999997 0.4019000000000002
0.38 0.600100000000001
0.4 0.5865000000000011
0.33999999999999997 0.41770000000000024
0.38 0.5629000000000002
0.38 0.5502999999999999
0.33999999999999997 0.3876000000000001
0.33999999999999997 0.38270000000000054
0.33999999999999997 0.3632000000000008
0.33999999999999997 0.35640000000000105
0.33999999999999997 0.3572000000000014
0.33999999999999997 0.3636000000000015
0.33999999999999997 0.35370000000000135
0.33999999999999997 0.35730000000000145
0.33999999999999997 0.3564000000000014
0.33999999999999997 0.36030000000000134
0.33999999999999997 0.36380000000000146
0.33999999999999997 0.36910000000000137
0.33999999999999997 0.3642000000000015
0.33999999999999997 0.36420000000000136
0.33999999999999997 0.36610000000000137
0.33999999999999997 0.3670000000000013
0.7 0.7000000000000008
0.7 0.7000000000000008
0.7 0.7000000000000008
0.33999999999999997 0.4671000000000008
0.33999999999999997 0.43870000000000076
0.7 0.7000000000000008
0.14 0.4208000000000004
0.07999999999999996 0.3610000000000008
0.07999999999999996 0.346900000000001
0.7 0.7000000000000008
0.7 0.7000000000000008
0.7 0.7000000000000008
0.7 0.7000000000000008
0.7 0.7000000000000008
0.7 0.7000000000000008
0.7 0.7001000000000007
0.33999999999999997 0.6574000000000016
0.7 0.7001000000000007
0.7 0.7000000000000008
0.33999999999999997 0.6663000000000013
0.33999999999999997 0.6597000000000015
0.33999999999999997 0.6541000000000016
0.33999999999999997 0.6394000000000019
0.33999999999999997 0.6301000000000018
0.33999999999999997 0.6130000000000018
0.36 0.6932000000000009
0.36 0.686400000000001
0.36 0.6762000000000011
0.36 0.6541000000000016
0.36 0.6553000000000015
0.42000000000000004 0.6717000000000016
0.42000000000000004 0.6653000000000014
0.42000000000000004 0.6638000000000015
0.42000000000000004 0.6495000000000017
0.42000000000000004 0.6522000000000017
0.33999999999999997 0.6340000000000019
0.21999999999999997 0.6141000000000019
0.21999999999999997 0.5992000000000016
0.21999999999999997 0.5813000000000015
0.21999999999999997 0.5567000000000012
0.28 0.5427000000000011
0.28 0.47400000000000075
0.28 0.44400000000000106
0.28 0.4442000000000011
0.28 0.41540000000000077
0.42000000000000004 0.49510000000000126
0.42000000000000004 0.47830000000000117
0.42000000000000004 0.45230000000000087
0.42000000000000004 0.4461000000000005
