0.14 0.617780000000006
0.07999999999999996 0.5938800000000054
0.07999999999999996 0.5592400000000038
0.07999999999999996 0.5424000000000053
0.06000000000000005 0.5132200000000047
0.040000000000000036 0.48660000000000225
0.040000000000000036 0.4483800000000004
0.040000000000000036 0.4462200000000001
0.040000000000000036 0.4534600000000008
0.040000000000000036 0.4337000000000008
0.040000000000000036 0.4312000000000015
0.040000000000000036 0.42256000000000155
0.040000000000000036 0.4279400000000011
0.040000000000000036 0.4122000000000013
0.040000000000000036 0.39666000000000173
0.040000000000000036 0.38654000000000116
0.040000000000000036 0.37242000000000036
0.040000000000000036 0.3738600000000012
0.040000000000000036 0.3707800000000007
0.040000000000000036 0.36544000000000104
0.040000000000000036 0.35978000000000104
0.040000000000000036 0.3477600000000011
0.040000000000000036 0.32988000000000123
0.040000000000000036 0.33560000000000095
0.040000000000000036 0.3341200000000004
0.040000000000000036 0.32064000000000054
0.040000000000000036 0.29994000000000054
0.040000000000000036 0.2975399999999998
0.040000000000000036 0.30242
0.040000000000000036 0.3000200000000001
0.040000000000000036 0.2787000000000002
0.040000000000000036 0.2715400000000001
0.040000000000000036 0.26396000000000014
0.040000000000000036 0.25548000000000004
0.040000000000000036 0.2494400000000004
0.040000000000000036 0.2409399999999999
0.040000000000000036 0.23412000000000024
0.040000000000000036 0.23516000000000015
0.040000000000000036 0.2306800000000002
0.040000000000000036 0.23078
0.040000000000000036 0.2228199999999999
0.040000000000000036 0.21463999999999966
0.040000000000000036 0.20307999999999973
0.040000000000000036 0.2002399999999995
0.040000000000000036 0.20041999999999977
0.040000000000000036 0.18715999999999972
0.040000000000000036 0.1798399999999996
0.040000000000000036 0.17751999999999973
0.040000000000000036 0.1687799999999997
0.040000000000000036 0.16315999999999986
0.040000000000000036 0.16481999999999974
0.040000000000000036 0.1834399999999999
0.040000000000000036 0.20617999999999956
0.040000000000000036 0.20455999999999974
0.040000000000000036 0.18561999999999998
0.040000000000000036 0.19263999999999973
0.040000000000000036 0.19697999999999974
0.040000000000000036 0.1920199999999996
0.040000000000000036 0.19249999999999987
0.040000000000000036 0.18393999999999958
0.040000000000000036 0.18343999999999944
0.040000000000000036 0.18013999999999977
0.040000000000000036 0.18681999999999976
0.040000000000000036 0.19145999999999974
0.040000000000000036 0.18625999999999954
0.040000000000000036 0.18521999999999958
0.040000000000000036 0.18249999999999966
0.040000000000000036 0.17833999999999975
0.040000000000000036 0.18524000000000002
0.040000000000000036 0.18655999999999992
0.040000000000000036 0.19101999999999983
0.040000000000000036 0.19045999999999974
0.040000000000000036 0.19887999999999978
0.040000000000000036 0.18903999999999965
0.040000000000000036 0.19395999999999958
0.040000000000000036 0.1990799999999999
0.040000000000000036 0.19390000000000004
0.040000000000000036 0.19005999999999978
0.040000000000000036 0.19167999999999974
0.040000000000000036 0.17343999999999948
0.040000000000000036 0.19551999999999947
0.040000000000000036 0.1845799999999995
0.040000000000000036 0.1797599999999999
0.040000000000000036 0.18453999999999995
0.040000000000000036 0.1726999999999998
0.040000000000000036 0.17283999999999972
0.07999999999999996 0.17574
0.07999999999999996 0.17693999999999993
0.07999999999999996 0.1775799999999999
0.07999999999999996 0.1864400000000001
0.07999999999999996 0.18553999999999998
0.07999999999999996 0.18433999999999956
0.07999999999999996 0.1972799999999998
0.07999999999999996 0.18219999999999972
0.07999999999999996 0.18825999999999965
0.07999999999999996 0.18815999999999963
0.07999999999999996 0.18701999999999974
0.07999999999999996 0.18819999999999967
0.07999999999999996 0.18665999999999974
0.07999999999999996 0.1867599999999998
