0.06000000000000005 0.6003600000000049
0.06000000000000005 0.5573000000000046
0.06000000000000005 0.5235400000000036
0.07999999999999996 0.5008600000000042
0.07999999999999996 0.4799600000000036
0.07999999999999996 0.4724400000000026
0.14 0.44428000000000184
0.14 0.4264800000000014
0.14 0.418940000000001
0.14 0.4160000000000015
0.14 0.40062000000000114
0.14 0.3949600000000021
0.06000000000000005 0.38308000000000164
0.06000000000000005 0.3796000000000016
0.040000000000000036 0.36792000000000147
0.040000000000000036 0.3714000000000016
0.040000000000000036 0.36804000000000164
0.040000000000000036 0.36056000000000193
0.040000000000000036 0.3504200000000019
0.040000000000000036 0.33770000000000217
0.040000000000000036 0.31806000000000156
0.040000000000000036 0.30576000000000125
0.040000000000000036 0.29950000000000115
0.040000000000000036 0.2917000000000014
0.040000000000000036 0.27738000000000096
0.040000000000000036 0.26114000000000065
0.040000000000000036 0.2560000000000007
0.040000000000000036 0.24636000000000022
0.040000000000000036 0.23352000000000053
0.040000000000000036 0.22392000000000017
0.040000000000000036 0.23140000000000033
0.040000000000000036 0.22756000000000023
0.040000000000000036 0.22312000000000023
0.040000000000000036 0.21620000000000028
0.040000000000000036 0.20232
0.040000000000000036 0.19786000000000006
0.040000000000000036 0.19206
0.040000000000000036 0.18636000000000003
0.040000000000000036 0.17924000000000007
0.040000000000000036 0.18480000000000005
0.040000000000000036 0.17732
0.040000000000000036 0.17787999999999995
0.040000000000000036 0.17428000000000007
0.040000000000000036 0.17389999999999994
0.040000000000000036 0.17707999999999982
0.040000000000000036 0.18310000000000007
0.040000000000000036 0.18281999999999995
0.040000000000000036 0.1742399999999999
0.040000000000000036 0.18067999999999992
0.040000000000000036 0.17529999999999998
0.040000000000000036 0.1767199999999997
0.040000000000000036 0.17835999999999977
0.040000000000000036 0.17366
0.040000000000000036 0.16309999999999983
0.040000000000000036 0.15973999999999977
0.040000000000000036 0.15535999999999986
0.040000000000000036 0.1617599999999998
0.040000000000000036 0.16553999999999972
0.040000000000000036 0.16501999999999972
0.040000000000000036 0.16361999999999985
0.040000000000000036 0.16551999999999983
0.040000000000000036 0.16236000000000006
0.040000000000000036 0.16227999999999998
0.040000000000000036 0.16334000000000007
0.040000000000000036 0.16233999999999993
0.040000000000000036 0.15569999999999998
0.040000000000000036 0.16200000000000006
0.040000000000000036 0.15320000000000006
0.040000000000000036 0.15639999999999998
0.040000000000000036 0.15636000000000017
0.040000000000000036 0.1604000000000002
0.040000000000000036 0.15880000000000002
0.040000000000000036 0.1509999999999999
0.040000000000000036 0.1521800000000002
0.040000000000000036 0.15876
0.040000000000000036 0.1764600000000002
0.040000000000000036 0.1654000000000001
0.040000000000000036 0.1647000000000001
0.040000000000000036 0.16390000000000035
0.040000000000000036 0.1577600000000003
0.040000000000000036 0.15638000000000005
0.040000000000000036 0.15150000000000008
0.040000000000000036 0.16492000000000018
0.040000000000000036 0.16328000000000017
0.040000000000000036 0.1747000000000004
0.040000000000000036 0.16916000000000023
0.040000000000000036 0.16158000000000008
0.040000000000000036 0.14336000000000015
0.040000000000000036 0.14779999999999993
0.040000000000000036 0.14848000000000014
0.040000000000000036 0.15932000000000024
0.040000000000000036 0.14870000000000017
0.040000000000000036 0.14866000000000024
0.040000000000000036 0.16204000000000035
0.040000000000000036 0.15458000000000024
0.040000000000000036 0.14528000000000027
0.040000000000000036 0.1501400000000003
0.040000000000000036 0.15600000000000006
0.040000000000000036 0.15056000000000017
0.040000000000000036 0.1529000000000003
