0.66 0.37075000000000097
0.67 0.3798500000000012
0.67 0.38480000000000153
0.73 0.36770000000000147
0.63 0.3727000000000016
0.68 0.38185000000000163
0.67 0.38740000000000197
0.72 0.3918500000000019
0.94 0.3957000000000022
0.93 0.3920000000000022
0.67 0.39865000000000217
0.67 0.38980000000000203
0.73 0.3713500000000019
0.67 0.36725000000000185
0.67 0.3685500000000019
0.67 0.3674000000000018
0.67 0.36330000000000184
0.67 0.38240000000000196
0.67 0.41005000000000186
0.82 0.416950000000002
0.81 0.422250000000002
0.89 0.430200000000002
0.77 0.4270000000000017
0.77 0.44770000000000143
0.72 0.43160000000000137
0.79 0.4628500000000011
0.8 0.4891500000000015
0.8 0.45930000000000143
0.76 0.4922000000000011
0.79 0.5079500000000008
0.89 0.5191000000000007
0.87 0.47690000000000105
0.87 0.5056000000000012
0.87 0.5239500000000012
0.78 0.5367999999999999
0.87 0.5252000000000002
0.79 0.5379000000000004
0.88 0.5359500000000014
0.89 0.5762500000000008
0.87 0.5405000000000003
0.92 0.5715000000000009
0.92 0.5510500000000015
0.87 0.5581500000000005
0.87 0.5454500000000004
0.87 0.5384500000000001
0.89 0.5298000000000006
0.96 0.5862500000000009
0.89 0.6003000000000004
0.78 0.5414500000000007
0.8 0.5638
0.88 0.5908500000000003
0.92 0.5743500000000004
0.92 0.6049500000000004
0.95 0.6202000000000003
0.95 0.5826499999999999
0.7 0.5160499999999997
0.95 0.5106500000000007
0.82 0.45130000000000103
0.87 0.47555000000000036
0.91 0.565000000000001
0.94 0.5904500000000009
0.87 0.5554000000000001
0.83 0.5727000000000012
0.89 0.628450000000001
0.7 0.5599000000000006
0.83 0.557050000000001
0.67 0.5950000000000005
0.67 0.6270500000000006
0.67 0.6269000000000008
0.67 0.632500000000001
0.67 0.6513000000000017
0.67 0.6474000000000015
0.67 0.6364500000000011
0.67 0.5831000000000011
0.67 0.6102000000000006
0.67 0.6361500000000011
0.67 0.6471500000000013
0.67 0.6520500000000014
0.67 0.6474500000000014
0.67 0.6609000000000013
0.67 0.620250000000001
0.67 0.6218000000000012
0.67 0.5778000000000013
0.67 0.6316500000000007
0.67 0.6284000000000013
0.67 0.623750000000001
0.67 0.6512500000000015
0.67 0.6572000000000016
0.67 0.636600000000001
0.67 0.6467500000000015
0.67 0.6541000000000013
0.67 0.6567000000000016
0.67 0.634000000000001
0.67 0.6492500000000015
0.67 0.6517000000000016
0.67 0.6551500000000012
0.67 0.6589500000000014
0.67 0.6568500000000016
0.67 0.6561500000000011
0.67 0.6110000000000004
0.67 0.6542000000000016
0.67 0.6333500000000012
0.67 0.6111500000000006
0.67 0.557
0.67 0.6138500000000007
0.67 0.6315500000000008
0.67 0.6276000000000007
0.67 0.6310500000000012
0.67 0.6262500000000011
0.67 0.6481500000000014
0.67 0.6374000000000012
0.67 0.6408000000000011
0.67 0.6458500000000013
0.67 0.6462000000000013
0.67 0.6516500000000015
0.67 0.6545500000000014
0.67 0.6448500000000014
0.67 0.6238500000000013
0.67 0.6518500000000015
0.67 0.6533000000000017
0.67 0.6298500000000012
0.67 0.6419000000000012
0.67 0.637800000000001
0.67 0.6471500000000013
0.67 0.6391000000000009
0.67 0.6552500000000013
0.67 0.6374000000000011
0.67 0.6500500000000016
0.67 0.6393000000000011
0.67 0.6562500000000014
0.67 0.6570000000000011
0.67 0.6483500000000011
0.67 0.6541000000000011
0.67 0.6471000000000012
0.67 0.6397000000000013
0.67 0.6583000000000012
0.67 0.649800000000001
0.67 0.6543500000000013
0.67 0.6546500000000015
0.67 0.6526000000000013
0.67 0.6521500000000015
0.67 0.6420500000000015
0.67 0.6407000000000009
0.67 0.6600000000000015
0.67 0.6605500000000015
0.67 0.6639500000000013
0.67 0.6633000000000014
0.67 0.6521500000000018
0.67 0.6539500000000019
0.67 0.6516000000000018
0.67 0.6602000000000016
0.67 0.6599500000000016
0.67 0.6513500000000014
0.67 0.6539500000000014
0.67 0.6498500000000014
0.67 0.6491000000000016
0.67 0.6455500000000015
0.67 0.5534500000000014
0.67 0.6146000000000013
0.67 0.6498500000000014
0.67 0.5933500000000013
0.67 0.6525500000000011
0.67 0.6506000000000012
0.67 0.6496500000000012
0.67 0.6618000000000014
0.67 0.6597000000000014
0.67 0.6633000000000012
0.67 0.662800000000001
0.67 0.6591000000000012
0.67 0.6570000000000015
0.67 0.6537500000000017
0.67 0.6118500000000009
0.67 0.6537500000000013
0.67 0.6561500000000013
0.67 0.6585000000000014
0.67 0.6040000000000008
0.67 0.6472000000000012
0.67 0.6560500000000011
0.67 0.6499000000000015
0.67 0.6498500000000014
0.67 0.6052000000000007
0.67 0.6519500000000014
0.67 0.6569500000000014
0.67 0.6494000000000015
0.67 0.6579000000000015
0.67 0.6562500000000017
0.67 0.6500000000000016
0.67 0.6545000000000013
0.67 0.6538500000000016
0.67 0.6616500000000013
0.67 0.6564000000000014
0.67 0.6590500000000015
0.67 0.6588500000000015
0.67 0.6555500000000012
0.67 0.6540000000000018
0.67 0.6558500000000015
0.67 0.6592000000000017
0.67 0.6634500000000015
0.67 0.6611000000000016
0.67 0.6529000000000018
0.67 0.6444500000000015
0.67 0.6629500000000015
0.67 0.6528000000000013
0.67 0.6633000000000014
0.67 0.6628000000000013
0.67 0.6629000000000014
0.67 0.6615000000000015
0.67 0.6513500000000019
0.67 0.6554500000000015
0.67 0.6601500000000015
0.67 0.6621500000000011
0.67 0.6589500000000011
0.67 0.6597000000000015
0.67 0.6663500000000013
0.67 0.6578000000000013
0.67 0.6528500000000015
0.67 0.6621000000000012
0.67 0.6580000000000014
0.67 0.6496500000000016
0.67 0.6424000000000015
0.67 0.6351500000000013
0.67 0.6594500000000013
0.67 0.6595500000000015
0.67 0.6488500000000016
0.67 0.6614500000000014
0.67 0.6662000000000015
0.67 0.6557000000000016
0.67 0.6552000000000012
0.67 0.6422000000000012
0.67 0.612400000000001
0.67 0.6361500000000013
0.67 0.6299000000000015
0.67 0.6387000000000014
0.67 0.6474500000000013
0.67 0.6499500000000014
0.67 0.6456500000000013
0.67 0.643600000000001
0.67 0.6481000000000013
0.67 0.6412500000000013
0.67 0.6539000000000013
0.67 0.6492500000000015
0.67 0.6660000000000013
0.67 0.6597500000000016
0.67 0.6551000000000015
0.67 0.6620500000000016
0.67 0.6559500000000013
0.67 0.6432000000000011
0.67 0.6572000000000014
0.67 0.6459000000000015
0.67 0.6430000000000013
0.67 0.6270000000000013
0.67 0.6439500000000012
0.67 0.6388000000000011
0.67 0.6458000000000013
0.67 0.6530500000000015
0.67 0.6566000000000015
0.67 0.6597000000000015
0.67 0.6471000000000015
0.67 0.6451500000000013
0.67 0.6624500000000014
0.67 0.6646000000000014
0.67 0.6653500000000014
0.67 0.6603500000000011
0.67 0.6559000000000013
0.67 0.6620500000000016
0.67 0.6550500000000014
0.67 0.6619500000000015
0.67 0.6533500000000017
0.67 0.6539000000000015
0.67 0.6484500000000015
0.67 0.6552500000000017
0.67 0.6484500000000015
0.67 0.6585000000000014
0.67 0.6255000000000015
0.67 0.6513500000000014
0.67 0.6403500000000012
0.67 0.6486500000000014
0.67 0.6366500000000009
0.67 0.6413000000000012
0.67 0.6261500000000013
0.67 0.6087000000000011
0.67 0.610350000000001
0.67 0.5854500000000012
0.67 0.6085500000000015
0.67 0.6412000000000012
0.67 0.6493500000000014
0.67 0.6476000000000016
0.67 0.6352500000000011
0.67 0.6394000000000011
0.67 0.6541500000000013
0.67 0.6555000000000013
0.67 0.6497000000000014
0.67 0.6397000000000012
0.67 0.6511500000000013
0.67 0.628200000000001
0.67 0.4916499999999997
0.67 0.5741000000000004
0.67 0.6204500000000013
0.67 0.6283000000000011
0.67 0.623250000000001
0.67 0.6416000000000008
0.67 0.6560500000000014
0.67 0.6271000000000009
0.67 0.6381500000000012
0.67 0.6524000000000014
0.67 0.6518500000000016
0.67 0.6473500000000014
0.67 0.6427500000000016
0.67 0.551600000000002
0.67 0.6296500000000014
0.67 0.6285500000000015
0.67 0.6492500000000017
0.67 0.6605500000000016
0.67 0.6544000000000014
0.67 0.6610000000000015
0.67 0.6582500000000016
0.67 0.6594500000000013
0.67 0.6553000000000013
0.67 0.6585000000000016
0.67 0.6556500000000015
0.67 0.6583000000000014
0.67 0.6532000000000017
0.67 0.6628000000000013
0.67 0.6598500000000014
0.67 0.6661000000000015
0.67 0.6535000000000014
0.67 0.41085000000000266
0.67 0.6441000000000013
0.67 0.4131000000000026
0.34 0.3400000000000017
0.67 0.3980000000000023
0.34 0.3400000000000017
0.34 0.3400000000000017
0.67 0.3502000000000018
0.67 0.361400000000002
0.67 0.5357500000000013
0.67 0.5015500000000016
0.67 0.47265000000000135
0.67 0.45105000000000117
0.67 0.4690000000000017
0.67 0.6173500000000011
0.67 0.3778500000000022
0.67 0.4763000000000022
0.67 0.49260000000000176
0.67 0.443750000000002
0.67 0.4728500000000018
0.67 0.3565000000000019
0.34 0.3400000000000017
0.67 0.3548500000000019
0.67 0.3481000000000018
0.67 0.36965000000000203
0.34 0.3400000000000017
0.67 0.38180000000000225
0.67 0.391900000000002
0.66 0.36495000000000205
0.67 0.441450000000001
0.67 0.5326500000000002
0.67 0.5657500000000002
0.67 0.6095000000000002
0.67 0.5804000000000008
0.67 0.5700000000000008
0.67 0.5569000000000015
0.67 0.6095500000000007
0.67 0.6125000000000004
0.67 0.636950000000001
0.67 0.6405000000000013
0.67 0.6543000000000011
0.67 0.6572000000000011
0.67 0.6616500000000013
0.67 0.6571000000000013
0.67 0.6631500000000013
0.67 0.6518000000000016
0.67 0.6519500000000016
0.67 0.6526500000000012
0.67 0.6549500000000015
0.67 0.6348500000000015
0.67 0.5674500000000018
0.67 0.5804000000000016
0.67 0.6660500000000011
0.67 0.6535000000000015
0.67 0.5562000000000016
0.67 0.6105500000000016
0.67 0.5911500000000011
0.67 0.6447000000000009
0.67 0.6453000000000013
0.67 0.6523000000000013
0.67 0.6569000000000011
0.67 0.577700000000001
0.67 0.4962000000000015
0.67 0.5882500000000008
0.67 0.5618000000000005
0.67 0.595400000000001
0.67 0.6259500000000011
0.67 0.6282500000000011
0.67 0.6363000000000011
0.67 0.6082000000000009
0.67 0.5353000000000017
0.67 0.5745000000000015
0.67 0.5881500000000013
0.67 0.6019500000000013
0.67 0.5568500000000005
0.67 0.5730500000000004
0.67 0.6171500000000009
0.67 0.602500000000001
0.67 0.5192500000000015
0.67 0.4989500000000016
0.67 0.6133000000000011
0.67 0.6100500000000011
0.67 0.637850000000001
0.67 0.6275000000000014
0.67 0.621350000000001
0.67 0.6359500000000012
0.67 0.6429000000000012
0.67 0.6355000000000011
0.67 0.6520000000000016
0.67 0.6520500000000017
0.67 0.6493000000000017
0.67 0.6464500000000016
0.67 0.6430500000000015
0.67 0.6464500000000015
0.67 0.6458500000000015
0.67 0.6468000000000016
0.67 0.6415500000000013
0.67 0.6396000000000013
0.67 0.6484500000000017
0.67 0.6586000000000013
0.67 0.6555000000000014
0.67 0.6497000000000014
0.67 0.6555500000000015
0.67 0.6580500000000012
0.67 0.6653500000000014
0.67 0.6652500000000013
0.67 0.6539000000000016
0.67 0.6498500000000014
0.67 0.6454500000000012
0.67 0.6593000000000013
0.67 0.6475000000000015
0.67 0.6398000000000013
0.67 0.6025500000000008
0.67 0.6321000000000013
0.67 0.6445000000000013
0.67 0.6449500000000014
0.67 0.6599000000000014
0.67 0.6232000000000011
0.67 0.6255000000000009
0.67 0.6492000000000013
0.67 0.6598500000000013
0.67 0.6601000000000014
0.67 0.6576000000000013
0.67 0.6578500000000015
0.67 0.6596000000000014
0.67 0.6614000000000015
0.67 0.6448500000000013
0.67 0.6525500000000016
0.67 0.6481000000000015
0.67 0.6615500000000015
0.67 0.6535000000000015
0.67 0.6572500000000016
0.67 0.6598500000000014
0.67 0.6645500000000014
0.67 0.6610000000000015
0.67 0.6646000000000014
0.67 0.6609000000000016
0.67 0.6595500000000014
0.67 0.6591000000000014
0.67 0.6584500000000014
0.67 0.6572000000000014
0.67 0.6569000000000011
0.67 0.6585000000000016
0.67 0.6539500000000017
0.67 0.6578500000000017
0.67 0.6602000000000016
0.67 0.6546000000000015
0.67 0.6583000000000016
0.67 0.6596500000000014
0.67 0.6625000000000015
0.67 0.669050000000001
0.67 0.6588500000000015
0.67 0.6604500000000015
0.67 0.6582500000000016
0.67 0.6657500000000014
0.67 0.6648500000000013
0.67 0.6227500000000015
0.67 0.6548500000000014
0.67 0.6573000000000018
0.67 0.6487500000000013
0.67 0.6612000000000015
0.67 0.6608000000000014
0.67 0.39845000000000247
0.67 0.3885000000000023
0.6 0.3542500000000019
0.67 0.450000000000002
0.67 0.4966000000000014
0.67 0.49715000000000154
0.67 0.5973000000000009
0.67 0.5934500000000014
0.67 0.5689000000000014
0.67 0.5626500000000014
0.67 0.5592000000000015
0.67 0.5794500000000014
