0.4 0.6500000000000011
0.4 0.6541000000000013
0.43999999999999995 0.6597000000000014
0.4 0.6562000000000014
0.42000000000000004 0.6506000000000017
0.31999999999999995 0.6239000000000016
0.07999999999999996 0.6325000000000016
0.4 0.6251000000000014
0.4 0.6249000000000013
0.4 0.6595000000000014
0.4 0.6233000000000017
0.4 0.6462000000000019
0.4 0.6474000000000018
0.4 0.6023000000000014
0.21999999999999997 0.6242000000000014
0.07999999999999996 0.5798000000000011
0.07999999999999996 0.5820000000000014
0.020000000000000018 0.6126000000000015
0.020000000000000018 0.5886000000000015
0.31999999999999995 0.5940000000000013
0.4 0.6192000000000016
0.36 0.657800000000002
0.4 0.6246000000000018
0.19999999999999996 0.6323000000000019
0.18000000000000005 0.6314000000000017
0.4 0.6149000000000017
0.4 0.6048000000000012
0.4 0.6015000000000013
0.18000000000000005 0.566300000000001
0.16000000000000003 0.5698000000000011
0.18000000000000005 0.6268000000000017
0.18000000000000005 0.5976000000000017
0.18000000000000005 0.5971000000000016
0.18000000000000005 0.6084000000000013
0.4 0.580300000000001
0.4 0.6045000000000016
0.19999999999999996 0.5640000000000013
0.43999999999999995 0.5878000000000013
0.4 0.6197000000000016
0.4 0.5753000000000011
0.4 0.5990000000000013
0.4 0.5878000000000013
0.4 0.592900000000001
0.4 0.5754000000000011
0.4 0.5570000000000008
0.4 0.5215000000000003
0.4 0.5122000000000003
0.19999999999999996 0.5043000000000003
0.19999999999999996 0.5723000000000009
0.4 0.5628000000000009
0.4 0.5244000000000008
0.12 0.5064000000000004
0.12 0.5215000000000005
0.12 0.4857000000000004
0.12 0.5065000000000006
0.12 0.5056000000000007
0.4 0.545600000000001
0.33999999999999997 0.4883000000000001
0.28 0.4736
0.4 0.5316000000000011
0.28 0.4648
0.4 0.49420000000000003
0.4 0.5235000000000007
0.4 0.5298000000000007
0.4 0.4896999999999999
0.4 0.5118000000000006
0.4 0.4841000000000002
0.4 0.5555000000000011
0.4 0.5666000000000014
0.36 0.5404000000000009
0.19999999999999996 0.5456000000000006
0.19999999999999996 0.5254000000000009
0.19999999999999996 0.5200000000000008
0.19999999999999996 0.49340000000000084
0.06000000000000005 0.4901000000000005
0.06000000000000005 0.47509999999999997
0.06000000000000005 0.4667999999999997
0.4 0.509600000000001
0.040000000000000036 0.4751000000000002
0.16000000000000003 0.46979999999999983
0.09999999999999998 0.4268999999999994
0.040000000000000036 0.4475999999999999
0.040000000000000036 0.4255999999999996
0.040000000000000036 0.4029999999999995
0.040000000000000036 0.4185999999999998
0.040000000000000036 0.3923999999999995
0.020000000000000018 0.39809999999999923
0.020000000000000018 0.3869999999999994
0.09999999999999998 0.42479999999999946
0.040000000000000036 0.4123999999999999
0.020000000000000018 0.37659999999999916
0.020000000000000018 0.42359999999999987
0.14 0.41629999999999967
0.040000000000000036 0.40989999999999954
0.040000000000000036 0.4066999999999994
0.040000000000000036 0.40429999999999916
0.020000000000000018 0.3959999999999995
0.020000000000000018 0.3766999999999989
0.06000000000000005 0.40279999999999944
0.06000000000000005 0.38139999999999974
0.040000000000000036 0.36209999999999953
0.020000000000000018 0.3636999999999994
0.020000000000000018 0.35199999999999937
0.020000000000000018 0.3759999999999993
0.020000000000000018 0.3510999999999994
0.06000000000000005 0.33549999999999947
0.020000000000000018 0.38609999999999967
0.06000000000000005 0.4246000000000001
0.020000000000000018 0.4552000000000006
0.020000000000000018 0.49490000000000095
0.020000000000000018 0.4650000000000005
0.020000000000000018 0.4756000000000005
0.06000000000000005 0.5391000000000006
0.020000000000000018 0.5398000000000003
0.020000000000000018 0.5194000000000003
0.020000000000000018 0.4943000000000006
0.020000000000000018 0.45430000000000026
0.09999999999999998 0.5107000000000007
0.07999999999999996 0.48210000000000036
0.040000000000000036 0.4860000000000002
0.24 0.546100000000001
0.040000000000000036 0.5009000000000006
0.040000000000000036 0.48380000000000073
0.06000000000000005 0.5341000000000006
0.06000000000000005 0.4945000000000002
0.06000000000000005 0.42769999999999975
0.06000000000000005 0.44689999999999985
0.06000000000000005 0.4105999999999997
0.06000000000000005 0.3612999999999998
0.040000000000000036 0.3595999999999997
0.040000000000000036 0.3665999999999998
0.040000000000000036 0.3562999999999997
0.040000000000000036 0.3619999999999999
0.040000000000000036 0.36079999999999984
0.040000000000000036 0.36219999999999997
0.040000000000000036 0.2496999999999998
0.040000000000000036 0.298
0.040000000000000036 0.3294999999999996
0.040000000000000036 0.3065
0.040000000000000036 0.29559999999999964
0.040000000000000036 0.3815000000000006
0.040000000000000036 0.46830000000000105
0.040000000000000036 0.39080000000000076
0.040000000000000036 0.3983000000000006
0.040000000000000036 0.4629000000000007
0.040000000000000036 0.41930000000000045
0.040000000000000036 0.3347000000000001
0.040000000000000036 0.32199999999999995
0.040000000000000036 0.2778999999999999
0.040000000000000036 0.2891000000000001
0.040000000000000036 0.2829999999999999
0.040000000000000036 0.23420000000000019
0.040000000000000036 0.2145
0.06000000000000005 0.25189999999999996
0.040000000000000036 0.20100000000000004
0.040000000000000036 0.19079999999999991
0.040000000000000036 0.16779999999999998
0.040000000000000036 0.17399999999999996
0.040000000000000036 0.1814
0.040000000000000036 0.17390000000000005
0.040000000000000036 0.21460000000000004
0.040000000000000036 0.2029000000000001
0.040000000000000036 0.21669999999999986
0.040000000000000036 0.20799999999999993
0.040000000000000036 0.19510000000000002
0.040000000000000036 0.20129999999999995
0.040000000000000036 0.15669999999999992
0.040000000000000036 0.20709999999999998
0.040000000000000036 0.2089
0.040000000000000036 0.21590000000000004
0.040000000000000036 0.18969999999999992
0.040000000000000036 0.24150000000000013
0.040000000000000036 0.2791000000000001
0.040000000000000036 0.23980000000000012
0.040000000000000036 0.24170000000000016
0.040000000000000036 0.24460000000000023
0.040000000000000036 0.25860000000000016
0.040000000000000036 0.25509999999999994
0.040000000000000036 0.2305
0.040000000000000036 0.2047000000000001
0.040000000000000036 0.31670000000000037
0.040000000000000036 0.28950000000000004
0.040000000000000036 0.22769999999999999
0.040000000000000036 0.2217
0.040000000000000036 0.20340000000000008
0.040000000000000036 0.15480000000000005
0.040000000000000036 0.14389999999999994
0.040000000000000036 0.12599999999999986
0.040000000000000036 0.1266
0.040000000000000036 0.2681999999999998
0.040000000000000036 0.2105000000000001
0.040000000000000036 0.20479999999999998
0.040000000000000036 0.3416999999999998
0.040000000000000036 0.2064999999999999
0.040000000000000036 0.19279999999999997
0.040000000000000036 0.19200000000000003
0.040000000000000036 0.16230000000000003
0.040000000000000036 0.4293999999999993
0.4 0.4452999999999989
0.4 0.4516999999999991
0.4 0.4415999999999991
0.4 0.4449999999999993
0.4 0.4431999999999993
0.4 0.4289999999999992
0.4 0.44979999999999953
0.4 0.4221999999999998
0.07999999999999996 0.40569999999999945
0.12 0.39849999999999985
0.040000000000000036 0.3531999999999993
0.040000000000000036 0.3947999999999996
0.040000000000000036 0.41110000000000013
0.040000000000000036 0.3719999999999994
0.040000000000000036 0.37079999999999946
0.040000000000000036 0.3505999999999997
0.040000000000000036 0.3674999999999997
0.040000000000000036 0.3544999999999998
0.040000000000000036 0.38350000000000045
0.040000000000000036 0.36029999999999995
0.040000000000000036 0.4385000000000009
0.040000000000000036 0.3955
0.040000000000000036 0.37640000000000035
0.040000000000000036 0.3733000000000007
0.040000000000000036 0.32050000000000023
0.040000000000000036 0.3083000000000001
0.040000000000000036 0.28790000000000016
0.040000000000000036 0.27430000000000015
0.040000000000000036 0.2768000000000004
0.040000000000000036 0.24180000000000007
0.040000000000000036 0.24900000000000017
0.040000000000000036 0.23110000000000003
0.040000000000000036 0.25930000000000036
0.040000000000000036 0.20640000000000008
0.040000000000000036 0.20800000000000016
0.040000000000000036 0.24410000000000032
0.040000000000000036 0.20980000000000015
0.040000000000000036 0.21480000000000032
0.040000000000000036 0.15450000000000005
0.040000000000000036 0.135
0.040000000000000036 0.1474
0.040000000000000036 0.19010000000000027
0.040000000000000036 0.3123999999999999
0.040000000000000036 0.31889999999999985
0.040000000000000036 0.18979999999999997
0.040000000000000036 0.18460000000000004
0.040000000000000036 0.24590000000000026
0.040000000000000036 0.24660000000000032
0.040000000000000036 0.32850000000000035
0.040000000000000036 0.29410000000000025
0.040000000000000036 0.26900000000000024
0.040000000000000036 0.22080000000000005
0.040000000000000036 0.2275000000000002
0.040000000000000036 0.20300000000000018
0.040000000000000036 0.24420000000000044
0.040000000000000036 0.19240000000000024
0.040000000000000036 0.25190000000000023
0.040000000000000036 0.2675
0.040000000000000036 0.2633999999999999
0.040000000000000036 0.24620000000000009
0.040000000000000036 0.1855000000000001
0.040000000000000036 0.2539000000000001
0.040000000000000036 0.27069999999999983
0.040000000000000036 0.31149999999999983
0.040000000000000036 0.2768999999999999
0.040000000000000036 0.24260000000000012
0.040000000000000036 0.2072000000000002
0.040000000000000036 0.16449999999999998
0.040000000000000036 0.20070000000000016
0.040000000000000036 0.15560000000000007
0.040000000000000036 0.1631000000000001
0.040000000000000036 0.16770000000000004
0.040000000000000036 0.14310000000000003
0.040000000000000036 0.13560000000000005
0.040000000000000036 0.17400000000000015
0.040000000000000036 0.15110000000000015
0.040000000000000036 0.13640000000000008
0.040000000000000036 0.1452000000000001
0.040000000000000036 0.1567
0.040000000000000036 0.1444
0.040000000000000036 0.14519999999999997
0.040000000000000036 0.16570000000000001
0.040000000000000036 0.1629000000000001
0.040000000000000036 0.15840000000000004
0.040000000000000036 0.15170000000000003
0.040000000000000036 0.1351
0.040000000000000036 0.11000000000000006
0.040000000000000036 0.10180000000000003
0.040000000000000036 0.12890000000000004
0.040000000000000036 0.16590000000000005
0.040000000000000036 0.12180000000000014
0.040000000000000036 0.15880000000000014
0.040000000000000036 0.17250000000000004
0.040000000000000036 0.1670000000000001
0.040000000000000036 0.1678000000000001
0.040000000000000036 0.22460000000000033
0.040000000000000036 0.15930000000000008
0.040000000000000036 0.15130000000000002
0.040000000000000036 0.1375
0.040000000000000036 0.12710000000000002
0.040000000000000036 0.11320000000000013
0.040000000000000036 0.12770000000000004
0.040000000000000036 0.14390000000000008
0.040000000000000036 0.13030000000000008
0.040000000000000036 0.1482
0.040000000000000036 0.16370000000000007
0.040000000000000036 0.13550000000000004
0.040000000000000036 0.14980000000000007
0.040000000000000036 0.17700000000000002
0.040000000000000036 0.16270000000000007
0.040000000000000036 0.16050000000000011
0.040000000000000036 0.16810000000000005
0.040000000000000036 0.15950000000000011
0.040000000000000036 0.15280000000000007
0.040000000000000036 0.1726
0.040000000000000036 0.18520000000000003
0.040000000000000036 0.15580000000000008
0.040000000000000036 0.1461000000000001
0.040000000000000036 0.1473000000000001
0.040000000000000036 0.11860000000000007
0.040000000000000036 0.10710000000000004
0.040000000000000036 0.12130000000000005
0.040000000000000036 0.13580000000000003
0.040000000000000036 0.13980000000000006
0.040000000000000036 0.14449999999999996
0.040000000000000036 0.13720000000000002
0.040000000000000036 0.1471
0.040000000000000036 0.12899999999999998
0.040000000000000036 0.17670000000000002
0.040000000000000036 0.1707
0.040000000000000036 0.12330000000000008
0.040000000000000036 0.13280000000000006
0.040000000000000036 0.13580000000000003
0.040000000000000036 0.16500000000000004
0.040000000000000036 0.2328000000000004
0.040000000000000036 0.17860000000000015
0.040000000000000036 0.22260000000000013
0.040000000000000036 0.2177000000000003
0.040000000000000036 0.12730000000000002
0.040000000000000036 0.13990000000000002
0.040000000000000036 0.13360000000000005
0.040000000000000036 0.1392000000000001
0.040000000000000036 0.14310000000000003
0.040000000000000036 0.1646
0.040000000000000036 0.1288
0.040000000000000036 0.13029999999999997
0.040000000000000036 0.11510000000000004
0.040000000000000036 0.14690000000000009
0.040000000000000036 0.15760000000000007
0.040000000000000036 0.1748
0.040000000000000036 0.1368
0.040000000000000036 0.141
0.040000000000000036 0.12710000000000002
0.040000000000000036 0.17260000000000006
0.040000000000000036 0.1775
0.040000000000000036 0.18280000000000002
0.30000000000000004 0.4273999999999996
0.30000000000000004 0.43949999999999945
0.30000000000000004 0.42019999999999996
0.30000000000000004 0.3795999999999997
0.30000000000000004 0.36669999999999975
0.30000000000000004 0.3831
0.30000000000000004 0.38309999999999966
0.30000000000000004 0.3726999999999998
0.30000000000000004 0.35949999999999976
0.30000000000000004 0.34129999999999944
0.30000000000000004 0.3568999999999996
0.30000000000000004 0.34069999999999945
0.45999999999999996 0.33849999999999925
0.45999999999999996 0.3267999999999994
0.45999999999999996 0.3292999999999996
0.06000000000000005 0.34269999999999956
0.06000000000000005 0.34519999999999945
0.30000000000000004 0.3364999999999994
0.06000000000000005 0.3163999999999993
0.30000000000000004 0.3308999999999995
0.30000000000000004 0.3136999999999993
0.30000000000000004 0.3220999999999992
0.30000000000000004 0.3285999999999993
0.30000000000000004 0.3234999999999994
0.30000000000000004 0.3226999999999994
0.30000000000000004 0.33759999999999946
0.30000000000000004 0.33599999999999935
0.30000000000000004 0.33829999999999943
0.30000000000000004 0.3222999999999993
0.040000000000000036 0.3230999999999994
0.30000000000000004 0.3927999999999996
0.06000000000000005 0.3787999999999998
0.4 0.3482999999999993
0.020000000000000018 0.3397999999999993
0.020000000000000018 0.3324999999999996
0.4 0.6296000000000018
0.4 0.5811000000000016
0.4 0.5701000000000016
0.4 0.5348000000000013
0.24 0.3895000000000005
0.30000000000000004 0.3743000000000006
0.30000000000000004 0.3686999999999997
0.30000000000000004 0.3518999999999997
0.30000000000000004 0.35509999999999997
0.30000000000000004 0.33589999999999953
0.30000000000000004 0.5503000000000015
0.30000000000000004 0.4968000000000012
0.4 0.4614000000000008
0.06000000000000005 0.45690000000000097
0.06000000000000005 0.38830000000000026
0.06000000000000005 0.4240000000000007
0.040000000000000036 0.3808000000000002
0.040000000000000036 0.3447999999999998
0.06000000000000005 0.3866999999999998
0.28 0.3705999999999994
0.28 0.3848000000000004
0.040000000000000036 0.3593999999999996
0.040000000000000036 0.33699999999999947
0.19999999999999996 0.4064000000000004
0.30000000000000004 0.35720000000000013
0.14 0.3598999999999999
0.30000000000000004 0.33159999999999945
0.14 0.32749999999999935
0.07999999999999996 0.30179999999999946
0.30000000000000004 0.32249999999999934
0.07999999999999996 0.31019999999999953
0.06000000000000005 0.32639999999999963
0.07999999999999996 0.3216999999999993
0.30000000000000004 0.3345999999999995
0.18000000000000005 0.34289999999999965
0.07999999999999996 0.3369999999999997
0.30000000000000004 0.3342999999999995
0.040000000000000036 0.3931000000000003
0.040000000000000036 0.37689999999999996
0.28 0.35149999999999937
0.4 0.33639999999999937
0.30000000000000004 0.33559999999999945
0.18000000000000005 0.3390999999999997
0.040000000000000036 0.34649999999999986
0.040000000000000036 0.3584000000000001
0.040000000000000036 0.3192999999999998
0.040000000000000036 0.30349999999999955
0.040000000000000036 0.31519999999999987
0.040000000000000036 0.2628999999999998
0.040000000000000036 0.30169999999999975
0.07999999999999996 0.34189999999999965
0.07999999999999996 0.3197999999999997
0.30000000000000004 0.33899999999999947
0.30000000000000004 0.32599999999999923
0.30000000000000004 0.3338999999999994
0.30000000000000004 0.3890000000000002
0.30000000000000004 0.32539999999999936
0.30000000000000004 0.3402999999999995
0.30000000000000004 0.3241999999999992
0.30000000000000004 0.31229999999999913
0.30000000000000004 0.3163999999999991
0.30000000000000004 0.31169999999999926
0.30000000000000004 0.32199999999999945
0.30000000000000004 0.3325999999999994
0.30000000000000004 0.32239999999999924
0.30000000000000004 0.3148999999999992
0.30000000000000004 0.3200999999999992
0.30000000000000004 0.3143999999999992
0.30000000000000004 0.32799999999999924
0.30000000000000004 0.3214999999999993
0.30000000000000004 0.31729999999999925
0.30000000000000004 0.3131999999999992
0.30000000000000004 0.3238999999999993
0.30000000000000004 0.3290999999999994
0.30000000000000004 0.31989999999999935
0.30000000000000004 0.31529999999999925
0.30000000000000004 0.3144999999999991
0.30000000000000004 0.3210999999999992
0.30000000000000004 0.32379999999999926
0.30000000000000004 0.31049999999999917
0.30000000000000004 0.31229999999999913
0.30000000000000004 0.30689999999999906
0.30000000000000004 0.31019999999999914
0.30000000000000004 0.31889999999999924
0.30000000000000004 0.3260999999999992
0.30000000000000004 0.3146999999999992
0.30000000000000004 0.3111999999999992
0.30000000000000004 0.3206999999999993
0.30000000000000004 0.32449999999999934
0.30000000000000004 0.3176999999999992
0.30000000000000004 0.31739999999999924
0.30000000000000004 0.3170999999999993
0.30000000000000004 0.30799999999999916
0.30000000000000004 0.3089999999999991
0.30000000000000004 0.3293999999999994
0.30000000000000004 0.3145999999999992
0.30000000000000004 0.3207999999999992
0.30000000000000004 0.31959999999999933
0.30000000000000004 0.3164999999999992
0.30000000000000004 0.31619999999999926
0.30000000000000004 0.31589999999999924
0.30000000000000004 0.3278999999999993
0.30000000000000004 0.32549999999999923
0.30000000000000004 0.31479999999999914
0.30000000000000004 0.31619999999999915
0.30000000000000004 0.3274999999999993
0.30000000000000004 0.32249999999999923
0.30000000000000004 0.3183999999999993
0.30000000000000004 0.31729999999999925
0.30000000000000004 0.3175999999999992
0.30000000000000004 0.3148999999999992
