0.86 0.416899999999995
0.86 0.4556099999999949
0.9 0.4875199999999955
0.9 0.5174499999999965
0.95 0.5293099999999994
0.96 0.5620800000000041
0.97 0.577460000000003
0.97 0.5968900000000059
0.97 0.6069700000000057
0.97 0.6287100000000081
0.97 0.6523500000000073
0.98 0.6597800000000069
0.98 0.6657000000000041
0.98 0.6748100000000009
0.98 0.6813699999999987
0.98 0.6957299999999963
0.98 0.696449999999996
0.98 0.7003899999999945
0.98 0.7143199999999946
0.98 0.7197799999999941
0.98 0.7268599999999933
0.98 0.7186699999999944
0.98 0.7235899999999937
0.98 0.7262299999999918
0.98 0.7243399999999925
0.99 0.7336999999999908
0.99 0.751379999999988
0.99 0.7548999999999859
0.99 0.759729999999986
0.99 0.7693599999999892
0.99 0.7701699999999884
0.99 0.7857699999999903
0.99 0.7932799999999921
0.99 0.79754999999999
0.99 0.8099899999999902
0.99 0.8203999999999938
0.99 0.826829999999997
0.99 0.8243699999999968
0.99 0.8423299999999981
0.99 0.8445999999999968
0.99 0.8555899999999991
0.99 0.8535299999999985
0.99 0.8688699999999936
0.99 0.8626199999999936
0.99 0.8588399999999938
0.99 0.8619199999999914
0.99 0.8671699999999914
0.99 0.859459999999991
0.99 0.8514099999999949
0.99 0.856949999999994
0.99 0.8585799999999936
0.99 0.8681599999999923
0.99 0.8707899999999941
0.99 0.8592999999999946
0.99 0.8771999999999978
0.99 0.8799900000000014
0.99 0.8690400000000009
0.99 0.8752100000000015
0.99 0.870739999999998
0.99 0.8775800000000007
0.99 0.8721599999999989
0.99 0.8677300000000004
0.99 0.8662700000000023
0.99 0.8768800000000032
0.99 0.8808100000000004
0.99 0.885
0.99 0.8806400000000029
0.99 0.8818700000000044
0.99 0.8807700000000013
0.99 0.8760500000000014
0.99 0.865700000000001
0.99 0.8633699999999983
0.99 0.8640000000000013
0.99 0.8592699999999983
0.99 0.8630699999999959
0.99 0.8751499999999983
0.99 0.8651799999999986
0.99 0.8635799999999956
0.99 0.8603499999999991
0.99 0.8662399999999995
0.99 0.8624299999999998
0.99 0.8675199999999998
0.99 0.8695799999999996
0.99 0.8675499999999983
0.99 0.8741500000000029
0.99 0.8839200000000035
0.99 0.8736800000000018
0.99 0.872320000000001
0.99 0.8788599999999993
0.99 0.8753200000000009
0.99 0.8794100000000039
0.99 0.8621200000000003
0.99 0.874970000000002
0.99 0.8736899999999993
0.99 0.8793200000000014
0.99 0.8744699999999972
0.99 0.8646600000000002
0.99 0.8782599999999995
0.99 0.8848200000000036
0.99 0.8865600000000021
