0.18000000000000005 0.5771199999999997
0.18000000000000005 0.5370399999999987
0.18000000000000005 0.5056199999999998
0.18000000000000005 0.4820200000000001
0.020000000000000018 0.454660000000001
0.020000000000000018 0.4259600000000004
0.040000000000000036 0.3994600000000001
0.040000000000000036 0.38381999999999933
0.040000000000000036 0.3730999999999989
0.040000000000000036 0.3530199999999987
0.040000000000000036 0.33963999999999844
0.040000000000000036 0.33929999999999844
0.040000000000000036 0.3257399999999987
0.040000000000000036 0.31125999999999865
0.040000000000000036 0.29721999999999876
0.040000000000000036 0.2867599999999985
0.040000000000000036 0.27771999999999897
0.040000000000000036 0.27113999999999877
0.040000000000000036 0.2770199999999987
0.040000000000000036 0.2736199999999988
0.040000000000000036 0.27459999999999873
0.040000000000000036 0.2677399999999987
0.040000000000000036 0.25643999999999906
0.040000000000000036 0.259459999999999
0.040000000000000036 0.25231999999999916
0.040000000000000036 0.2555799999999991
0.040000000000000036 0.2547399999999991
0.040000000000000036 0.26641999999999866
0.040000000000000036 0.25223999999999863
0.040000000000000036 0.239279999999999
0.040000000000000036 0.2426199999999995
0.040000000000000036 0.24301999999999926
0.040000000000000036 0.23815999999999923
0.040000000000000036 0.24127999999999933
0.040000000000000036 0.24381999999999923
0.040000000000000036 0.22435999999999945
0.040000000000000036 0.2069599999999998
0.040000000000000036 0.19787999999999978
0.040000000000000036 0.1879399999999999
0.040000000000000036 0.2031600000000004
0.040000000000000036 0.21611999999999973
0.040000000000000036 0.20663999999999977
0.040000000000000036 0.20625999999999942
0.040000000000000036 0.19737999999999944
0.040000000000000036 0.18595999999999957
0.040000000000000036 0.1845799999999997
0.040000000000000036 0.18915999999999958
0.040000000000000036 0.20023999999999972
0.040000000000000036 0.1943199999999998
0.040000000000000036 0.19791999999999954
0.040000000000000036 0.1974799999999997
0.040000000000000036 0.19435999999999984
0.040000000000000036 0.19861999999999985
0.040000000000000036 0.20597999999999994
0.040000000000000036 0.19147999999999984
0.040000000000000036 0.18239999999999978
0.040000000000000036 0.18315999999999993
0.040000000000000036 0.18881999999999977
0.040000000000000036 0.19495999999999974
0.040000000000000036 0.2015799999999996
0.040000000000000036 0.19875999999999958
0.040000000000000036 0.19891999999999954
0.040000000000000036 0.19669999999999957
0.040000000000000036 0.2082399999999998
0.040000000000000036 0.2080599999999995
0.040000000000000036 0.1987399999999998
0.040000000000000036 0.20245999999999967
0.040000000000000036 0.2095199999999998
0.040000000000000036 0.19933999999999988
0.040000000000000036 0.19815999999999953
0.040000000000000036 0.19593999999999984
0.040000000000000036 0.19265999999999955
0.040000000000000036 0.19368000000000002
0.040000000000000036 0.19335999999999962
0.040000000000000036 0.19741999999999957
0.040000000000000036 0.1917399999999996
0.040000000000000036 0.19687999999999983
0.040000000000000036 0.19741999999999982
0.040000000000000036 0.19304
0.040000000000000036 0.19445999999999994
0.040000000000000036 0.18801999999999974
0.040000000000000036 0.19211999999999999
0.040000000000000036 0.1881199999999996
0.040000000000000036 0.18585999999999972
0.040000000000000036 0.17927999999999997
0.040000000000000036 0.1873399999999996
0.040000000000000036 0.18687999999999955
0.040000000000000036 0.19705999999999946
0.040000000000000036 0.1962599999999997
0.040000000000000036 0.18959999999999977
0.040000000000000036 0.2041400000000001
0.040000000000000036 0.19539999999999988
0.040000000000000036 0.19141999999999967
0.040000000000000036 0.18895999999999974
0.040000000000000036 0.18879999999999972
0.040000000000000036 0.18740000000000012
0.040000000000000036 0.17112000000000005
0.040000000000000036 0.17621999999999977
0.040000000000000036 0.1757999999999998
0.040000000000000036 0.1848000000000004
