0.91 0.409129999999998
0.91 0.4543799999999983
0.93 0.48552999999999935
0.93 0.5085099999999992
0.93 0.5436100000000031
0.93 0.572030000000002
0.94 0.5927200000000026
0.94 0.6299200000000019
0.94 0.642620000000003
0.94 0.6549000000000013
0.94 0.6614700000000002
0.96 0.6694500000000003
0.97 0.6772399999999998
0.97 0.6885999999999971
0.97 0.6934999999999961
0.97 0.6946399999999977
0.97 0.7114600000000014
0.97 0.7303000000000036
0.97 0.7237600000000044
0.97 0.7411600000000081
0.97 0.7377400000000065
0.97 0.7449000000000049
0.97 0.7450500000000062
0.97 0.750080000000009
0.97 0.764600000000011
0.97 0.7633500000000094
0.97 0.7660300000000106
0.97 0.7686300000000078
0.97 0.772380000000009
0.97 0.7717500000000105
0.97 0.7704900000000084
0.97 0.7735900000000083
0.97 0.7631000000000092
0.97 0.7785200000000099
0.97 0.7670600000000082
0.97 0.77437000000001
0.97 0.7639300000000103
0.97 0.7705000000000086
0.97 0.7695100000000094
0.97 0.7772700000000081
0.97 0.773550000000009
0.97 0.7834200000000083
0.97 0.784610000000006
0.97 0.7895300000000067
0.97 0.7984000000000082
0.97 0.8017900000000082
0.97 0.804400000000007
0.97 0.8012100000000068
0.97 0.8081400000000041
0.97 0.8112900000000062
0.97 0.8083500000000069
0.97 0.801160000000007
0.97 0.797130000000007
0.97 0.8098700000000063
0.97 0.8218900000000066
0.97 0.8347800000000066
0.97 0.8430300000000047
0.97 0.8377000000000053
0.97 0.8264500000000055
0.97 0.8337900000000045
0.97 0.8295400000000053
0.97 0.831470000000006
0.97 0.8392700000000013
0.97 0.8584899999999992
0.97 0.8443500000000017
0.97 0.8399400000000056
0.97 0.8443200000000047
0.97 0.8478000000000059
0.97 0.8534200000000034
0.97 0.8592900000000014
0.97 0.8552200000000016
0.97 0.8506600000000016
0.97 0.8539400000000034
0.97 0.8575400000000012
0.97 0.8630200000000015
0.97 0.8615500000000026
0.97 0.8649400000000017
0.97 0.8625900000000026
0.97 0.8667300000000036
0.97 0.8635500000000006
0.97 0.854089999999999
0.97 0.8622800000000006
0.97 0.8700000000000024
0.97 0.8660100000000022
0.97 0.8696800000000015
0.97 0.8664300000000033
0.97 0.8739100000000043
0.97 0.8679400000000032
0.97 0.8496900000000027
0.97 0.8559800000000025
0.97 0.8604900000000011
0.97 0.859710000000002
0.97 0.8703100000000007
0.97 0.8633100000000014
0.97 0.8637500000000022
0.97 0.8717100000000028
0.97 0.8849400000000046
0.97 0.8666700000000042
0.97 0.8700000000000035
0.97 0.8631200000000043
