0.69 0.39315000000000055
0.7 0.4379500000000003
0.7 0.4252500000000002
0.74 0.4804500000000003
0.7 0.43885000000000024
0.7 0.44210000000000016
0.71 0.4225000000000004
0.7 0.43035000000000023
0.7 0.41680000000000034
0.7 0.4354500000000004
0.7 0.45320000000000016
0.77 0.46115000000000017
0.7 0.4314000000000002
0.77 0.4444000000000002
0.77 0.44935000000000014
0.73 0.4791500000000001
0.8 0.47389999999999993
0.69 0.44400000000000006
0.69 0.4415499999999998
0.81 0.43425000000000014
0.69 0.4311999999999998
0.7 0.47170000000000006
0.7 0.5163500000000006
0.7 0.5228000000000004
0.7 0.5517500000000001
0.8 0.5970999999999997
0.88 0.6126000000000007
0.88 0.6582500000000008
0.73 0.6548500000000008
0.92 0.6901000000000017
0.92 0.6900500000000015
0.8 0.6900000000000016
0.82 0.6816000000000015
0.82 0.6942500000000017
0.88 0.6754500000000019
0.92 0.7053500000000019
0.92 0.7119500000000021
0.89 0.6168500000000008
0.84 0.6188000000000003
0.92 0.7011500000000016
0.93 0.7092000000000014
0.93 0.6977500000000013
0.93 0.7135000000000008
0.93 0.6645500000000006
0.94 0.6943000000000012
0.96 0.6907000000000003
0.96 0.6840999999999999
0.96 0.7233500000000009
0.96 0.7304500000000012
0.86 0.6306000000000003
0.7 0.51465
0.9 0.5719500000000004
0.9 0.60935
0.7 0.6043999999999999
0.9 0.7038000000000011
0.96 0.6660500000000014
0.85 0.578
0.96 0.6724500000000003
0.96 0.6464
0.7 0.6515
0.86 0.6828000000000003
0.7 0.5873999999999998
0.69 0.579149999999999
0.69 0.6171000000000005
0.69 0.4834999999999992
0.96 0.5482499999999991
0.96 0.635299999999999
0.9 0.48030000000000017
0.93 0.4879500000000011
0.96 0.6699500000000004
0.96 0.7479499999999991
0.96 0.6457000000000004
0.95 0.4578500000000005
0.96 0.7487999999999998
0.96 0.7888499999999986
0.96 0.7573999999999996
0.96 0.6887499999999994
0.96 0.7198000000000002
0.96 0.6040999999999991
0.7 0.3915999999999994
0.96 0.5669999999999985
0.96 0.607249999999999
0.96 0.7394499999999993
0.96 0.8314999999999982
0.96 0.7575500000000008
0.96 0.7606500000000009
0.96 0.7593000000000003
0.96 0.7573500000000003
0.95 0.6554500000000004
0.93 0.5717500000000009
0.7 0.6319
0.96 0.7129000000000002
0.95 0.7218500000000003
0.96 0.7970999999999994
0.96 0.72
0.7 0.687999999999999
0.96 0.8240499999999983
0.7 0.6181000000000014
0.7 0.6586500000000008
0.7 0.6403500000000015
0.7 0.669900000000002
0.69 0.6004000000000005
0.7 0.6495500000000003
0.69 0.6264500000000006
0.69 0.5813500000000004
0.68 0.38639999999999963
0.69 0.5295500000000004
0.7 0.6071000000000005
0.7 0.6486500000000003
0.77 0.6776999999999996
0.96 0.7176000000000005
0.96 0.6382500000000009
0.96 0.6878000000000013
0.7 0.6776000000000013
0.7 0.6479000000000014
0.69 0.6628000000000024
0.7 0.6586500000000014
0.82 0.6432500000000005
0.89 0.6752000000000002
0.7 0.6768500000000001
0.69 0.6814999999999989
0.7 0.6885999999999984
0.94 0.6855499999999985
0.7 0.6872499999999983
0.8 0.6920999999999988
0.91 0.6905499999999998
0.94 0.648
0.7 0.6105499999999997
0.7 0.6680999999999989
0.86 0.68275
0.7 0.6833499999999997
0.96 0.6993000000000008
0.95 0.7019000000000011
0.7 0.6708000000000005
0.7 0.5995000000000001
0.7 0.6403000000000002
0.7 0.5277000000000003
0.7 0.6430500000000019
0.7 0.6416500000000017
0.7 0.33740000000000137
0.7 0.4699000000000004
0.7 0.5122000000000003
0.7 0.5590000000000009
0.7 0.6291000000000013
0.7 0.6749500000000026
0.7 0.6852500000000028
0.7 0.6818500000000016
0.7 0.6821500000000031
0.7 0.5976000000000004
0.69 0.5254500000000007
0.72 0.6779500000000033
0.7 0.6876500000000024
0.7 0.684900000000002
0.84 0.6865500000000024
0.85 0.6590000000000005
0.77 0.6791000000000009
0.78 0.6931500000000009
0.78 0.6881500000000016
0.84 0.6921500000000013
0.84 0.7136000000000016
0.84 0.7088500000000012
0.85 0.7200500000000006
0.85 0.6696499999999999
0.91 0.6932500000000013
0.95 0.7427500000000006
0.86 0.6742500000000007
0.96 0.7782500000000002
0.96 0.7181000000000007
0.96 0.7066999999999999
0.96 0.7538999999999986
0.95 0.7562499999999988
0.96 0.8614500000000005
0.96 0.9027000000000025
0.96 0.9186000000000027
0.96 0.9306500000000001
0.96 0.9447499999999969
0.96 0.9449499999999971
0.96 0.8983999999999973
0.96 0.9018999999999986
0.96 0.8555499999999989
0.96 0.8849499999999996
0.96 0.7503500000000006
0.96 0.6867499999999996
0.81 0.5798500000000008
0.96 0.6472999999999999
0.96 0.5429500000000003
0.69 0.5826500000000004
0.69 0.5170000000000002
0.69 0.5988000000000002
0.69 0.6471999999999993
0.69 0.6671499999999988
0.96 0.8162999999999996
0.96 0.887249999999998
0.96 0.8049499999999989
0.96 0.6951999999999983
0.96 0.8416999999999984
0.96 0.8987999999999985
0.96 0.9270999999999994
0.96 0.94855
0.96 0.9438999999999997
0.96 0.9510499999999997
0.96 0.9477500000000003
0.96 0.9081999999999987
0.96 0.9160499999999994
0.96 0.9092999999999983
0.96 0.924399999999999
0.69 0.6878499999999985
0.69 0.6899499999999985
0.96 0.768349999999999
0.69 0.681649999999999
0.96 0.766449999999999
0.96 0.9321499999999996
0.96 0.9520000000000003
0.96 0.9532500000000005
0.96 0.9562000000000007
0.96 0.9009499999999986
0.96 0.9516500000000002
0.96 0.9468500000000002
0.96 0.9536000000000004
0.96 0.9538000000000004
0.96 0.9537000000000002
0.96 0.9537500000000004
0.96 0.9512500000000006
0.96 0.9532000000000006
0.96 0.9559000000000006
0.96 0.9569000000000006
0.96 0.9543000000000004
0.96 0.9492500000000004
0.96 0.9061999999999985
0.96 0.9385499999999997
0.96 0.9260999999999988
0.96 0.8910499999999975
0.96 0.8953499999999983
0.96 0.8241999999999987
0.96 0.9142999999999988
0.96 0.7935499999999988
0.96 0.8929999999999972
0.96 0.8940499999999981
0.69 0.6863499999999985
0.69 0.6885499999999984
0.69 0.6242999999999996
0.69 0.6703999999999989
0.7 0.6856499999999986
0.69 0.6855999999999988
0.69 0.6897999999999986
0.69 0.6890499999999985
0.96 0.7111499999999985
0.96 0.7435999999999994
0.96 0.8128999999999987
0.96 0.9310499999999984
0.96 0.931099999999999
0.96 0.7098999999999998
0.96 0.94495
0.96 0.9540500000000002
0.96 0.93425
0.96 0.8956999999999978
0.96 0.8611999999999985
0.96 0.879199999999998
0.69 0.6849499999999986
0.96 0.7574499999999987
0.96 0.786799999999999
0.96 0.845549999999999
0.69 0.6877499999999986
0.69 0.6889999999999984
0.69 0.6867999999999985
0.69 0.6874999999999984
0.69 0.6885999999999985
0.69 0.6884499999999987
0.69 0.6898499999999984
0.69 0.6877499999999985
0.69 0.6883999999999985
0.69 0.6894999999999984
0.69 0.6883999999999986
0.69 0.6875999999999987
0.69 0.6825499999999985
0.69 0.6893999999999986
0.69 0.6899499999999985
0.69 0.6874999999999984
0.69 0.6885499999999987
0.69 0.6892999999999985
0.69 0.6881999999999985
0.69 0.6891499999999985
0.69 0.6864499999999986
0.69 0.6885999999999985
0.69 0.6893499999999985
0.69 0.6893999999999985
0.69 0.6861499999999985
0.69 0.6882499999999985
0.69 0.6879999999999987
0.7 0.6876999999999984
0.7 0.6870499999999987
0.7 0.6878999999999985
0.76 0.6851499999999986
0.76 0.6880499999999986
0.75 0.6933499999999987
0.72 0.6963500000000009
0.72 0.6956500000000002
0.76 0.6982999999999993
0.78 0.7082999999999998
0.76 0.7002500000000014
0.78 0.7060000000000014
0.82 0.7300500000000002
0.82 0.7441000000000004
0.95 0.7620000000000005
0.95 0.7842499999999996
0.96 0.8027999999999984
0.96 0.8268499999999983
0.96 0.8246999999999978
0.96 0.8750999999999989
0.96 0.8946500000000015
0.96 0.9232000000000014
0.96 0.9369999999999996
0.96 0.7652000000000004
0.96 0.9426999999999975
0.96 0.9264499999999957
0.96 0.7667499999999996
0.7 0.6964500000000011
0.7 0.6993000000000009
0.96 0.7233000000000005
0.7 0.699750000000001
0.96 0.7335000000000005
0.96 0.8473499999999982
0.96 0.9082999999999977
0.96 0.9257999999999983
0.96 0.9475999999999982
0.96 0.9290499999999977
0.96 0.8637999999999963
0.96 0.643500000000002
0.96 0.698950000000001
0.96 0.7173000000000007
0.7 0.6960000000000011
0.7 0.6979500000000008
0.7 0.7000000000000008
0.7 0.7000000000000008
0.7 0.6989000000000009
0.7 0.6996000000000009
0.7 0.6981000000000008
0.7 0.699850000000001
0.7 0.699550000000001
0.7 0.7000000000000008
0.7 0.6969000000000011
0.7 0.7000000000000008
0.7 0.7000000000000008
0.7 0.699300000000001
0.7 0.7000000000000008
0.7 0.7000000000000008
0.7 0.6998000000000009
0.85 0.7042000000000008
0.96 0.7473499999999998
0.96 0.7689499999999996
0.96 0.8687499999999995
0.96 0.8984000000000016
0.96 0.89475
0.96 0.8756499999999986
0.7 0.699900000000001
0.7 0.699900000000001
0.7 0.7000000000000008
0.7 0.7000000000000008
0.7 0.698000000000001
0.7 0.698050000000001
0.7 0.7000000000000008
0.96 0.7808499999999993
0.96 0.8281499999999982
0.96 0.8971000000000007
0.96 0.9159999999999995
0.96 0.922649999999998
0.96 0.9408999999999957
0.96 0.9190999999999956
0.96 0.9328499999999968
0.96 0.9448999999999989
0.96 0.9380499999999984
0.96 0.9392499999999987
0.96 0.9457499999999993
0.96 0.8790999999999951
0.96 0.9144999999999972
0.96 0.9442499999999991
0.7 0.6887000000000021
0.7 0.6992500000000009
0.7 0.6971000000000012
0.7 0.698800000000001
0.7 0.6312500000000019
0.7 0.6917500000000014
0.7 0.6976000000000012
0.7 0.6991500000000009
0.7 0.7000000000000008
0.7 0.6618500000000017
0.7 0.6570000000000019
0.69 0.6146499999999997
0.7 0.6831500000000021
0.69 0.6402000000000008
0.69 0.6535000000000022
0.69 0.6647000000000028
0.69 0.6722000000000028
0.69 0.6802000000000029
0.69 0.6807500000000029
0.69 0.6852500000000015
0.69 0.6862500000000005
0.69 0.6870999999999994
0.69 0.686699999999999
0.69 0.6839999999999989
0.69 0.6857499999999984
0.69 0.6881499999999987
0.69 0.6889499999999985
0.69 0.6867999999999986
0.69 0.6882999999999986
0.69 0.6880499999999985
0.7 0.69485
0.7 0.6896499999999987
0.69 0.687999999999999
0.69 0.6890499999999987
0.7 0.6892499999999986
0.7 0.6891499999999983
0.7 0.6894999999999984
0.7 0.6891499999999988
0.7 0.6888499999999985
0.69 0.6850999999999984
0.69 0.6884999999999983
0.69 0.6890499999999983
0.7 0.6893999999999985
0.7 0.6874499999999985
0.7 0.6898999999999986
0.69 0.6893499999999984
0.69 0.6892499999999984
0.7 0.6908499999999982
0.69 0.6879999999999984
0.7 0.6948499999999994
0.69 0.6868999999999984
0.69 0.6828499999999985
0.7 0.6920499999999993
0.69 0.6860499999999986
0.69 0.6879499999999986
0.7 0.6888999999999986
0.69 0.6886999999999985
0.69 0.6873999999999986
0.7 0.6924499999999989
0.7 0.6350999999999993
0.7 0.6941499999999999
0.7 0.6902999999999999
0.7 0.6841500000000008
0.7 0.6930499999999994
0.7 0.6847499999999989
0.7 0.6883999999999985
0.7 0.6965000000000007
0.7 0.6873499999999982
0.7 0.6589499999999997
0.7 0.6832500000000005
0.7 0.5354499999999999
0.7 0.5811999999999995
0.7 0.6270999999999995
0.7 0.67995
0.7 0.6858999999999986
0.7 0.6914499999999982
0.7 0.69545
0.7 0.6968000000000008
0.7 0.6968000000000006
0.7 0.6935000000000012
0.7 0.6959000000000012
0.7 0.6974000000000014
0.7 0.6604000000000007
0.7 0.6965000000000012
0.7 0.69095
0.7 0.6943500000000007
0.7 0.6853499999999986
0.7 0.6912999999999987
0.69 0.6806499999999985
0.69 0.6803999999999989
0.7 0.6878999999999991
0.7 0.6945499999999997
0.7 0.6967500000000006
0.7 0.6977500000000012
0.7 0.6974000000000015
0.69 0.6848499999999986
0.69 0.6880499999999984
0.69 0.6878499999999987
0.69 0.6888999999999984
0.69 0.6843499999999986
0.69 0.6882499999999986
0.69 0.6894499999999986
0.69 0.6896999999999984
0.69 0.6891999999999985
0.69 0.6887499999999983
0.69 0.6898999999999984
0.69 0.6866999999999984
0.69 0.6882999999999986
0.7 0.6931999999999993
0.69 0.6348999999999989
0.69 0.6876499999999988
0.69 0.6668499999999983
0.69 0.6871499999999986
0.69 0.6880499999999985
0.69 0.6881499999999986
0.69 0.6784999999999981
0.69 0.6867499999999983
0.69 0.6857999999999989
0.69 0.6884499999999987
0.69 0.6865999999999987
0.69 0.6886499999999985
0.69 0.6874499999999985
0.69 0.6895499999999986
0.69 0.6886999999999986
