0.26 0.5877600000000035
0.16000000000000003 0.5607800000000049
0.16000000000000003 0.5335200000000053
0.09999999999999998 0.49974000000000396
0.040000000000000036 0.4663000000000034
0.040000000000000036 0.44620000000000404
0.020000000000000018 0.4267000000000034
0.020000000000000018 0.3999400000000028
0.020000000000000018 0.37632000000000276
0.020000000000000018 0.3658000000000026
0.020000000000000018 0.34688000000000263
0.020000000000000018 0.3315800000000025
0.020000000000000018 0.32686000000000226
0.020000000000000018 0.31256000000000245
0.020000000000000018 0.30678000000000266
0.020000000000000018 0.3117800000000029
0.020000000000000018 0.30438000000000254
0.020000000000000018 0.2963400000000021
0.020000000000000018 0.28028000000000197
0.020000000000000018 0.28552000000000194
0.020000000000000018 0.2787600000000017
0.020000000000000018 0.28716000000000186
0.020000000000000018 0.27034000000000113
0.020000000000000018 0.27132000000000156
0.020000000000000018 0.2775200000000017
0.020000000000000018 0.2742000000000018
0.020000000000000018 0.27276000000000183
0.020000000000000018 0.2606200000000012
0.020000000000000018 0.2641600000000014
0.020000000000000018 0.24996000000000126
0.020000000000000018 0.25096000000000057
0.020000000000000018 0.255320000000001
0.020000000000000018 0.25000000000000083
0.020000000000000018 0.23164000000000073
0.020000000000000018 0.22906000000000087
0.020000000000000018 0.22802000000000072
0.020000000000000018 0.22592000000000056
0.020000000000000018 0.22612000000000085
0.020000000000000018 0.2074400000000008
0.020000000000000018 0.2061400000000007
0.020000000000000018 0.20476000000000055
0.020000000000000018 0.2163600000000005
0.020000000000000018 0.21088000000000054
0.020000000000000018 0.20508000000000065
0.020000000000000018 0.19558000000000064
0.020000000000000018 0.18470000000000025
0.020000000000000018 0.18896000000000018
0.020000000000000018 0.19520000000000023
0.020000000000000018 0.1904800000000005
0.020000000000000018 0.1854000000000003
0.020000000000000018 0.1830000000000003
0.020000000000000018 0.19028000000000012
0.020000000000000018 0.17602000000000015
0.020000000000000018 0.16886000000000026
0.020000000000000018 0.1663400000000002
0.020000000000000018 0.16814000000000023
0.020000000000000018 0.17450000000000015
0.020000000000000018 0.1674400000000003
0.020000000000000018 0.15668000000000012
0.020000000000000018 0.18070000000000053
0.020000000000000018 0.18016000000000013
0.020000000000000018 0.17324000000000028
0.020000000000000018 0.17050000000000004
0.020000000000000018 0.16144000000000008
0.020000000000000018 0.15875999999999998
0.020000000000000018 0.15150000000000022
0.020000000000000018 0.15180000000000018
0.020000000000000018 0.15150000000000005
0.020000000000000018 0.15846000000000016
0.020000000000000018 0.16546000000000027
0.020000000000000018 0.15921999999999997
0.020000000000000018 0.15506000000000014
0.020000000000000018 0.15995999999999996
0.020000000000000018 0.1513400000000001
0.020000000000000018 0.15854000000000004
0.020000000000000018 0.15627999999999992
0.020000000000000018 0.16598000000000007
0.020000000000000018 0.14946000000000004
0.020000000000000018 0.14299999999999996
0.020000000000000018 0.1466799999999999
0.020000000000000018 0.14484000000000005
0.020000000000000018 0.1409400000000001
0.020000000000000018 0.14862000000000006
0.020000000000000018 0.14452000000000012
0.020000000000000018 0.14435999999999993
0.020000000000000018 0.14405999999999985
0.020000000000000018 0.14973999999999996
0.020000000000000018 0.14865999999999985
0.020000000000000018 0.13511999999999993
0.020000000000000018 0.13494000000000006
0.020000000000000018 0.12605999999999992
0.020000000000000018 0.13219999999999993
0.020000000000000018 0.13361999999999982
0.020000000000000018 0.13519999999999985
0.020000000000000018 0.1398199999999999
0.020000000000000018 0.13732000000000003
0.020000000000000018 0.13775999999999985
0.020000000000000018 0.13433999999999993
0.020000000000000018 0.13847999999999977
0.020000000000000018 0.1448399999999999
