0.71 0.40420000000000106
0.93 0.42500000000000054
0.93 0.4425499999999996
0.7 0.43309999999999954
0.81 0.4626499999999989
0.71 0.4308499999999995
0.82 0.48834999999999873
0.71 0.4873999999999986
0.8 0.4811999999999983
0.72 0.4490499999999994
0.69 0.41225000000000017
0.69 0.41705
0.95 0.48759999999999803
0.95 0.4292500000000002
0.95 0.47859999999999886
0.71 0.4448499999999991
0.81 0.4765999999999984
0.79 0.46969999999999856
0.73 0.4657999999999983
0.71 0.45699999999999896
0.71 0.5010999999999991
0.71 0.4747999999999985
0.78 0.5235999999999993
0.9 0.5476999999999997
0.9 0.5541499999999997
0.71 0.40685000000000093
0.71 0.42945000000000005
0.71 0.46624999999999894
0.71 0.47349999999999837
0.71 0.4783499999999985
0.71 0.5250499999999994
0.71 0.5738499999999995
0.75 0.5965999999999996
0.75 0.6223499999999998
0.71 0.5449499999999992
0.72 0.5514999999999995
0.78 0.6405999999999996
0.71 0.562549999999999
0.75 0.6148500000000001
0.73 0.5791499999999999
0.68 0.41959999999999936
0.71 0.5338499999999989
0.87 0.5973999999999999
0.75 0.6439500000000006
0.75 0.6528499999999997
0.71 0.5673999999999993
0.71 0.4757999999999985
0.71 0.48284999999999856
0.71 0.5088999999999995
0.71 0.5314499999999986
0.71 0.5510499999999989
0.71 0.6351000000000002
0.71 0.5152499999999983
0.71 0.5066999999999992
0.71 0.44889999999999924
0.71 0.46139999999999903
0.71 0.42144999999999977
0.71 0.5337499999999993
0.71 0.5346999999999987
0.71 0.5696999999999995
0.71 0.482149999999999
0.71 0.5217499999999986
0.71 0.5901999999999998
0.71 0.6573999999999985
0.71 0.6788499999999986
0.71 0.692349999999998
0.71 0.6948499999999984
0.71 0.7095999999999981
0.71 0.7099999999999983
0.71 0.6856999999999974
0.71 0.7060499999999977
0.71 0.6360499999999976
0.71 0.6813499999999972
0.71 0.6997999999999975
0.71 0.6764999999999983
0.71 0.6880999999999985
0.71 0.6955499999999977
0.71 0.7057999999999974
0.71 0.6715999999999983
0.71 0.6904999999999979
0.71 0.7033999999999978
0.71 0.706499999999998
0.71 0.7085999999999981
0.71 0.7068499999999979
0.71 0.6794499999999987
0.71 0.6971999999999982
0.71 0.7052999999999977
0.71 0.7089499999999981
0.71 0.708349999999998
0.71 0.705699999999998
0.71 0.6924499999999973
0.71 0.7073499999999978
0.71 0.699249999999997
0.71 0.7066499999999972
0.71 0.7033499999999971
0.71 0.7060499999999977
0.71 0.707499999999998
0.71 0.7076999999999978
0.71 0.7044999999999981
0.71 0.7059999999999981
0.71 0.704999999999998
0.71 0.7099999999999983
0.71 0.6893999999999981
0.71 0.7092499999999982
0.71 0.7067999999999981
0.71 0.7094499999999982
0.71 0.7098999999999981
0.71 0.708549999999998
0.71 0.7066499999999981
0.71 0.7086999999999981
0.71 0.7079999999999981
0.71 0.7072999999999982
0.71 0.7080999999999983
0.71 0.7068499999999983
0.71 0.7071999999999983
0.71 0.7021999999999983
0.71 0.702299999999998
0.71 0.6838999999999981
0.71 0.6890999999999982
0.71 0.7095999999999981
0.71 0.7095999999999981
0.71 0.6755999999999986
0.71 0.7008499999999981
0.71 0.7046499999999983
0.71 0.7042999999999984
0.71 0.7080499999999982
0.71 0.6932499999999984
0.71 0.703799999999998
0.71 0.7090499999999982
0.71 0.6965999999999977
0.71 0.7088499999999981
0.71 0.7043499999999981
0.71 0.7061999999999984
0.71 0.7085999999999983
0.71 0.6609499999999987
0.71 0.6941499999999979
0.71 0.7050999999999976
0.71 0.7071999999999976
0.71 0.709399999999998
0.71 0.7078999999999982
0.71 0.7085999999999981
0.71 0.7027499999999979
0.71 0.7096999999999983
0.71 0.7095499999999982
0.71 0.7064499999999982
0.71 0.7087499999999983
0.71 0.7099499999999982
0.71 0.7098999999999981
0.71 0.7040999999999983
0.71 0.7065499999999981
0.71 0.7099499999999982
0.71 0.7099999999999983
0.71 0.7099999999999983
0.71 0.7075499999999982
0.71 0.7098499999999981
0.71 0.7099999999999983
0.71 0.688149999999998
0.71 0.7081999999999983
0.71 0.709199999999998
0.71 0.709349999999998
0.71 0.709849999999998
0.71 0.7095999999999981
0.71 0.7069999999999982
0.71 0.6897499999999984
0.71 0.706449999999998
0.71 0.6489499999999984
0.71 0.5924499999999987
0.71 0.6624999999999988
0.71 0.7018999999999977
0.71 0.7084999999999981
0.71 0.7099499999999982
0.71 0.6999999999999983
0.71 0.7099999999999983
0.71 0.7099499999999982
0.71 0.7099999999999983
0.71 0.6642499999999986
0.71 0.6881499999999976
0.71 0.694949999999998
0.71 0.7095499999999982
0.71 0.707649999999998
0.71 0.6671999999999979
0.71 0.7029499999999976
0.71 0.7017499999999977
0.71 0.5772999999999996
0.71 0.5725000000000002
0.71 0.6538999999999987
0.71 0.6778999999999982
0.71 0.5641500000000003
0.71 0.6229499999999991
0.71 0.4758999999999979
0.71 0.5287499999999992
0.71 0.5540999999999997
0.71 0.5134500000000001
0.71 0.6002999999999994
0.71 0.6408500000000007
0.71 0.60625
0.71 0.5968999999999995
0.71 0.6449500000000001
0.71 0.5812499999999995
0.71 0.5999499999999993
0.71 0.6070999999999998
0.71 0.6020999999999995
0.71 0.4960499999999981
0.71 0.5524499999999996
0.71 0.6097499999999989
0.71 0.6366499999999992
0.71 0.6648999999999999
0.71 0.65055
0.71 0.647350000000001
0.71 0.6692500000000006
0.71 0.6869500000000012
0.71 0.6689500000000013
0.71 0.7020000000000004
0.71 0.7049499999999987
0.71 0.7070999999999966
0.71 0.7084999999999971
0.71 0.7090999999999975
0.71 0.7075999999999975
0.71 0.7096999999999983
0.71 0.7075499999999978
0.71 0.709699999999998
0.71 0.709699999999998
0.71 0.7095999999999981
0.71 0.7099499999999982
0.71 0.7081999999999979
0.71 0.6869499999999988
0.71 0.6578499999999992
0.71 0.7016999999999974
0.71 0.7065999999999976
0.71 0.7053999999999978
0.71 0.7074999999999981
0.71 0.6503999999999986
0.71 0.6801999999999983
0.71 0.6839999999999976
0.71 0.7069999999999977
0.71 0.6907499999999973
0.71 0.6993499999999975
0.71 0.709649999999998
0.71 0.689049999999997
0.71 0.6376999999999982
0.71 0.47964999999999863
0.71 0.4930499999999981
0.71 0.4119
0.71 0.592699999999999
0.71 0.6487999999999989
0.71 0.6933499999999978
0.71 0.7058499999999974
0.71 0.7044499999999981
0.71 0.7012499999999975
0.71 0.6873999999999971
0.71 0.7098499999999981
0.71 0.7079999999999981
0.71 0.6214999999999972
0.71 0.7095999999999982
0.71 0.708949999999998
0.71 0.709749999999998
0.71 0.708299999999998
0.71 0.7075499999999978
0.71 0.708449999999998
0.71 0.7096499999999982
0.71 0.7091499999999981
0.71 0.7099999999999983
0.71 0.7076499999999983
0.71 0.7038499999999981
0.71 0.6577499999999976
0.71 0.6877499999999982
0.71 0.6912999999999973
0.71 0.6508499999999989
0.71 0.659049999999999
0.71 0.6902999999999981
0.71 0.6788499999999972
0.71 0.4800999999999987
0.71 0.5273499999999985
0.71 0.5793999999999988
0.71 0.6700499999999978
0.71 0.673849999999998
0.71 0.6988999999999972
0.71 0.6943999999999971
0.71 0.6953999999999974
0.71 0.7002999999999977
0.71 0.6345499999999983
0.71 0.5936999999999987
0.71 0.6693999999999987
0.71 0.6864999999999984
0.71 0.6517999999999985
0.71 0.7005499999999969
0.71 0.7024499999999975
0.71 0.6602499999999982
0.71 0.7046499999999978
0.71 0.6994999999999979
0.71 0.7049999999999977
0.71 0.7030499999999978
0.71 0.7073499999999977
0.71 0.7032999999999981
0.71 0.7041999999999982
0.71 0.7069499999999982
0.71 0.705749999999998
0.71 0.6972999999999979
0.71 0.7099999999999983
0.71 0.6995999999999976
0.71 0.6386499999999982
0.71 0.6762999999999986
0.71 0.6958999999999983
0.71 0.7055499999999977
0.71 0.7001999999999982
0.71 0.7059499999999982
0.71 0.7059499999999977
0.71 0.7091999999999982
0.71 0.7078499999999981
0.71 0.7090499999999981
0.71 0.6977499999999978
0.71 0.6411499999999976
0.71 0.5952999999999984
0.71 0.6651499999999975
0.71 0.6834999999999982
0.71 0.6603499999999994
0.71 0.674999999999999
0.71 0.6930499999999978
0.71 0.7046999999999979
0.71 0.7066999999999982
0.71 0.707049999999998
0.71 0.7092499999999983
0.71 0.7072499999999979
0.71 0.6763499999999979
0.71 0.6804499999999983
0.71 0.6955499999999976
0.71 0.7007999999999975
0.71 0.7035499999999979
0.71 0.7098999999999981
0.71 0.7085999999999979
0.71 0.6968999999999975
0.71 0.7055499999999982
0.71 0.6970999999999975
0.71 0.7039499999999981
0.71 0.6997499999999975
0.71 0.7055499999999981
0.71 0.708799999999998
0.71 0.7027499999999979
0.71 0.6636999999999987
0.71 0.6968999999999973
0.71 0.6941999999999976
0.71 0.7035999999999977
0.71 0.7039999999999977
0.71 0.704149999999998
0.71 0.6661999999999973
0.71 0.6367499999999975
0.71 0.6902499999999974
0.71 0.6936499999999975
0.71 0.6908999999999981
0.71 0.7083999999999966
0.71 0.7055999999999976
0.71 0.7073999999999979
0.71 0.6974999999999977
0.71 0.7010999999999978
0.71 0.700099999999998
0.71 0.6935999999999971
0.71 0.7010499999999972
0.71 0.7069499999999976
0.71 0.7075499999999977
0.71 0.7071499999999977
0.71 0.7071999999999977
0.71 0.7088999999999978
0.71 0.7044499999999978
0.71 0.6988999999999977
0.71 0.6989999999999977
0.71 0.6975999999999974
0.71 0.6969499999999978
0.71 0.6887999999999974
0.71 0.6985999999999977
0.71 0.7044499999999979
0.71 0.6869999999999977
0.71 0.6988999999999976
0.71 0.707999999999998
0.71 0.708549999999998
0.71 0.7079999999999981
0.71 0.6978499999999976
0.71 0.6835999999999988
0.71 0.6910999999999978
0.71 0.7089499999999983
0.71 0.7079499999999977
0.71 0.7034999999999973
0.71 0.7071999999999978
0.71 0.6899499999999975
0.71 0.6972499999999971
0.71 0.7059999999999973
0.71 0.7073999999999976
0.71 0.7005499999999979
0.71 0.7054499999999975
0.71 0.7035499999999975
0.71 0.7050499999999978
0.71 0.7000499999999978
0.71 0.7004499999999976
0.71 0.6997999999999981
0.71 0.7030499999999976
0.71 0.709849999999998
0.71 0.7095999999999978
0.71 0.7060499999999981
0.71 0.7064499999999982
0.71 0.7099999999999983
0.71 0.7095499999999981
0.71 0.7091999999999982
0.71 0.7099499999999982
0.71 0.7059999999999981
0.71 0.7099499999999982
0.71 0.702999999999998
0.71 0.7075499999999981
0.71 0.7042499999999983
0.71 0.702249999999998
0.71 0.705799999999998
0.71 0.7056499999999979
0.71 0.7095499999999977
0.71 0.7099999999999983
0.71 0.7099499999999982
0.71 0.7042499999999983
0.71 0.7080499999999982
0.71 0.7060499999999982
0.71 0.6967499999999974
0.71 0.7043499999999979
0.71 0.6889499999999984
0.71 0.7018999999999973
0.71 0.7097499999999981
0.71 0.7077499999999981
0.71 0.7099999999999983
0.71 0.642899999999998
0.71 0.5413499999999994
0.71 0.6635999999999993
0.71 0.7036499999999978
0.71 0.7006999999999972
0.71 0.6681999999999991
0.71 0.6974499999999975
0.71 0.7042499999999974
0.71 0.7056999999999977
0.71 0.7078999999999981
0.71 0.7077499999999978
0.71 0.7091499999999978
0.71 0.7098999999999981
0.71 0.7090499999999982
0.71 0.7098999999999981
0.71 0.7081499999999982
0.71 0.7028999999999977
0.71 0.7091999999999978
0.71 0.7066999999999982
0.71 0.7099999999999983
0.71 0.7096999999999981
0.71 0.7054999999999982
0.71 0.7091499999999981
0.71 0.7076499999999979
0.71 0.7097499999999978
0.71 0.7050499999999978
0.71 0.7080499999999982
0.71 0.7079999999999979
0.71 0.707599999999998
0.71 0.709499999999998
0.71 0.7051999999999982
0.71 0.7042499999999983
0.71 0.703599999999998
0.71 0.7033499999999979
0.71 0.708249999999998
0.71 0.7099499999999982
0.71 0.7099999999999983
0.71 0.7099499999999982
0.71 0.707849999999998
0.71 0.7076999999999982
0.71 0.7006999999999978
0.71 0.7083499999999983
0.71 0.7080999999999983
0.71 0.6966499999999977
0.71 0.6810999999999972
0.71 0.7059499999999979
0.71 0.7060499999999981
0.71 0.6132499999999977
0.71 0.6001499999999976
0.71 0.6968999999999977
0.71 0.7019499999999979
0.71 0.7022999999999978
0.71 0.6964999999999978
0.71 0.704399999999998
0.71 0.7062999999999982
0.71 0.7097499999999982
0.71 0.7049499999999981
0.71 0.7078499999999981
0.71 0.6999999999999978
0.71 0.6979999999999977
0.71 0.7077499999999978
0.71 0.7095999999999979
0.71 0.7072499999999979
0.71 0.7098999999999982
0.71 0.7073999999999979
0.71 0.708299999999998
0.71 0.7088999999999982
0.71 0.7026999999999977
0.71 0.6930999999999977
0.71 0.6993499999999981
0.71 0.6862999999999979
0.71 0.6722999999999989
0.71 0.6909499999999978
0.71 0.6962999999999981
0.71 0.7071499999999982
0.71 0.7092999999999983
0.71 0.7012999999999974
