0.19999999999999996 0.6086000000000015
0.19999999999999996 0.5838000000000018
0.26 0.5793000000000021
0.09999999999999998 0.5932000000000018
0.38 0.5971000000000017
0.38 0.6208000000000021
0.38 0.6143000000000014
0.38 0.628600000000002
0.18000000000000005 0.6346000000000027
0.36 0.6013000000000022
0.21999999999999997 0.6106000000000025
0.16000000000000003 0.5891000000000021
0.24 0.5493000000000022
0.33999999999999997 0.5256000000000018
0.19999999999999996 0.545400000000002
0.33999999999999997 0.6049000000000025
0.28 0.5839000000000024
0.43999999999999995 0.6020000000000026
0.36 0.5727000000000022
0.36 0.6179000000000027
0.30000000000000004 0.5904000000000026
0.18000000000000005 0.5916000000000021
0.33999999999999997 0.5982000000000024
0.36 0.6063000000000026
0.36 0.5827000000000023
0.020000000000000018 0.5958000000000025
0.36 0.6158000000000027
0.24 0.5788000000000021
0.21999999999999997 0.572700000000002
0.21999999999999997 0.5265000000000016
0.26 0.5346000000000013
0.33999999999999997 0.49050000000000127
0.24 0.5282000000000011
0.33999999999999997 0.5793000000000018
0.36 0.6246000000000023
0.19999999999999996 0.5571000000000018
0.31999999999999995 0.5548000000000017
0.31999999999999995 0.5782000000000016
0.31999999999999995 0.5697000000000015
0.38 0.5367000000000016
0.31999999999999995 0.5188000000000014
0.24 0.5114000000000011
0.24 0.48680000000000134
0.38 0.5432000000000019
0.38 0.5067000000000013
0.31999999999999995 0.5389000000000006
0.31999999999999995 0.5208000000000008
0.31999999999999995 0.4506000000000006
0.28 0.5106000000000007
0.040000000000000036 0.4308000000000003
0.12 0.45700000000000096
0.30000000000000004 0.40530000000000027
0.30000000000000004 0.36680000000000057
0.30000000000000004 0.4388000000000012
0.21999999999999997 0.49800000000000144
0.040000000000000036 0.4472000000000007
0.14 0.4141000000000003
0.06000000000000005 0.35540000000000027
0.06000000000000005 0.31050000000000005
0.12 0.40370000000000056
0.09999999999999998 0.3999000000000006
0.040000000000000036 0.40740000000000065
0.040000000000000036 0.3564000000000004
0.19999999999999996 0.41340000000000077
0.07999999999999996 0.4043000000000002
0.06000000000000005 0.32690000000000025
0.06000000000000005 0.3145000000000002
0.040000000000000036 0.3236000000000003
0.06000000000000005 0.3297000000000002
0.06000000000000005 0.2999999999999999
0.06000000000000005 0.31550000000000006
0.06000000000000005 0.34730000000000005
0.06000000000000005 0.25920000000000004
0.06000000000000005 0.21839999999999996
0.06000000000000005 0.14539999999999995
0.06000000000000005 0.18709999999999993
0.06000000000000005 0.11390000000000017
0.06000000000000005 0.10940000000000018
0.06000000000000005 0.15120000000000006
0.06000000000000005 0.12370000000000024
0.06000000000000005 0.1965000000000002
0.06000000000000005 0.14290000000000014
0.06000000000000005 0.10730000000000033
0.06000000000000005 0.09720000000000022
0.06000000000000005 0.2692000000000001
0.06000000000000005 0.18080000000000024
0.06000000000000005 0.11870000000000017
0.06000000000000005 0.09250000000000032
0.06000000000000005 0.07430000000000031
0.06000000000000005 0.08200000000000024
0.06000000000000005 0.08540000000000025
0.06000000000000005 0.08040000000000024
0.06000000000000005 0.1166000000000002
0.06000000000000005 0.11330000000000018
0.06000000000000005 0.08880000000000023
0.06000000000000005 0.0818000000000002
0.06000000000000005 0.13400000000000004
0.06000000000000005 0.07730000000000027
0.06000000000000005 0.06540000000000033
0.06000000000000005 0.06840000000000032
0.06000000000000005 0.06770000000000032
0.06000000000000005 0.06940000000000032
0.06000000000000005 0.06840000000000032
0.06000000000000005 0.06860000000000033
0.06000000000000005 0.06400000000000032
0.06000000000000005 0.06630000000000033
0.06000000000000005 0.07270000000000032
0.06000000000000005 0.10390000000000016
0.06000000000000005 0.06880000000000033
0.06000000000000005 0.13070000000000012
0.06000000000000005 0.20270000000000013
0.06000000000000005 0.1885000000000001
0.26 0.33920000000000095
0.14 0.3288000000000009
0.14 0.32350000000000095
0.06000000000000005 0.25010000000000043
0.06000000000000005 0.22730000000000042
0.06000000000000005 0.1009000000000002
0.06000000000000005 0.17859999999999998
0.06000000000000005 0.33430000000000065
0.06000000000000005 0.3657000000000007
0.14 0.3383000000000008
0.21999999999999997 0.3365000000000009
0.09999999999999998 0.3021000000000009
0.09999999999999998 0.27260000000000056
0.14 0.3091000000000004
0.07999999999999996 0.2417000000000002
0.06000000000000005 0.2446
0.06000000000000005 0.19949999999999982
0.06000000000000005 0.18189999999999973
0.07999999999999996 0.18449999999999997
0.06000000000000005 0.24020000000000014
0.06000000000000005 0.22579999999999995
0.07999999999999996 0.2488000000000001
0.09999999999999998 0.2489999999999999
0.06000000000000005 0.22999999999999995
0.06000000000000005 0.20320000000000005
0.06000000000000005 0.206
0.06000000000000005 0.20009999999999983
0.12 0.2102
0.12 0.19039999999999985
0.09999999999999998 0.2154000000000001
0.07999999999999996 0.20990000000000006
0.06000000000000005 0.17469999999999997
0.06000000000000005 0.16699999999999984
0.16000000000000003 0.36450000000000066
0.06000000000000005 0.22240000000000015
0.09999999999999998 0.3313000000000004
0.06000000000000005 0.21700000000000014
0.09999999999999998 0.22230000000000008
0.09999999999999998 0.25989999999999996
0.07999999999999996 0.2298
0.06000000000000005 0.22299999999999998
0.06000000000000005 0.1512
0.06000000000000005 0.1445
0.06000000000000005 0.13770000000000002
0.06000000000000005 0.1906999999999999
0.07999999999999996 0.3014000000000003
0.07999999999999996 0.2939000000000001
0.06000000000000005 0.27590000000000026
0.06000000000000005 0.2741000000000001
0.06000000000000005 0.19320000000000004
0.07999999999999996 0.29670000000000035
0.06000000000000005 0.19219999999999998
0.06000000000000005 0.1623999999999999
0.06000000000000005 0.16690000000000002
0.06000000000000005 0.1134
0.06000000000000005 0.08749999999999998
0.06000000000000005 0.08860000000000001
0.06000000000000005 0.09330000000000008
0.06000000000000005 0.0967000000000001
0.06000000000000005 0.10990000000000015
0.06000000000000005 0.13100000000000003
0.06000000000000005 0.33820000000000033
0.06000000000000005 0.2994000000000004
0.06000000000000005 0.22320000000000018
0.06000000000000005 0.24100000000000021
0.07999999999999996 0.29730000000000034
0.07999999999999996 0.2844000000000001
0.07999999999999996 0.2840000000000002
0.09999999999999998 0.24600000000000008
0.09999999999999998 0.21210000000000004
0.09999999999999998 0.2525000000000001
0.09999999999999998 0.22009999999999993
0.09999999999999998 0.17379999999999995
0.09999999999999998 0.17690000000000006
0.09999999999999998 0.13529999999999995
0.09999999999999998 0.11869999999999986
0.09999999999999998 0.10909999999999984
0.09999999999999998 0.10659999999999985
0.12 0.17129999999999995
0.09999999999999998 0.2597000000000002
0.09999999999999998 0.19820000000000002
0.09999999999999998 0.14169999999999988
0.09999999999999998 0.12149999999999986
0.09999999999999998 0.16149999999999987
0.09999999999999998 0.11459999999999987
0.09999999999999998 0.11809999999999989
0.09999999999999998 0.10609999999999996
0.09999999999999998 0.10089999999999998
0.06000000000000005 0.10060000000000001
0.06000000000000005 0.09850000000000002
0.06000000000000005 0.0972
0.06000000000000005 0.09439999999999989
0.06000000000000005 0.17990000000000003
0.06000000000000005 0.13149999999999998
0.06000000000000005 0.2758000000000002
0.06000000000000005 0.1936000000000001
0.06000000000000005 0.23180000000000014
0.06000000000000005 0.15280000000000002
0.06000000000000005 0.10600000000000001
0.06000000000000005 0.09430000000000009
0.06000000000000005 0.30460000000000026
0.06000000000000005 0.25630000000000025
0.06000000000000005 0.2672000000000002
0.06000000000000005 0.29390000000000027
0.06000000000000005 0.2152000000000002
0.06000000000000005 0.14690000000000006
0.06000000000000005 0.25870000000000015
0.06000000000000005 0.3058000000000003
0.31999999999999995 0.3228000000000002
0.31999999999999995 0.3278000000000003
0.31999999999999995 0.3201000000000003
0.31999999999999995 0.3219000000000004
0.31999999999999995 0.32130000000000025
0.31999999999999995 0.3493000000000003
0.31999999999999995 0.3281000000000002
0.31999999999999995 0.3266000000000002
0.31999999999999995 0.3215000000000003
0.06000000000000005 0.18490000000000018
0.06000000000000005 0.1436000000000001
0.06000000000000005 0.1824000000000002
0.06000000000000005 0.0844000000000002
0.06000000000000005 0.0700000000000003
0.06000000000000005 0.06440000000000033
0.06000000000000005 0.06690000000000033
0.06000000000000005 0.1089000000000003
0.06000000000000005 0.07000000000000033
0.06000000000000005 0.06970000000000033
0.06000000000000005 0.1652000000000002
0.06000000000000005 0.0720000000000003
0.06000000000000005 0.1700000000000002
0.06000000000000005 0.2331000000000002
0.06000000000000005 0.10960000000000024
0.06000000000000005 0.08820000000000026
0.06000000000000005 0.20020000000000024
0.06000000000000005 0.3095000000000002
0.06000000000000005 0.16980000000000023
0.06000000000000005 0.30170000000000025
0.06000000000000005 0.2984000000000002
0.06000000000000005 0.31780000000000025
0.06000000000000005 0.3117000000000001
0.06000000000000005 0.30110000000000037
0.06000000000000005 0.26670000000000044
0.06000000000000005 0.24680000000000063
0.06000000000000005 0.18730000000000013
0.06000000000000005 0.0944000000000002
0.06000000000000005 0.1654000000000002
0.31999999999999995 0.32190000000000035
0.06000000000000005 0.2276000000000002
0.06000000000000005 0.10870000000000023
0.06000000000000005 0.08720000000000024
0.06000000000000005 0.07130000000000032
0.06000000000000005 0.12490000000000015
0.31999999999999995 0.5150000000000005
0.06000000000000005 0.30850000000000044
0.06000000000000005 0.16960000000000006
0.06000000000000005 0.1105000000000001
0.06000000000000005 0.16990000000000016
0.31999999999999995 0.3204000000000003
0.06000000000000005 0.1390000000000002
0.06000000000000005 0.09520000000000023
0.06000000000000005 0.08490000000000028
0.06000000000000005 0.0794000000000003
0.07999999999999996 0.08190000000000029
0.31999999999999995 0.3211000000000003
0.31999999999999995 0.32020000000000026
0.31999999999999995 0.33290000000000025
0.31999999999999995 0.3411000000000003
0.31999999999999995 0.3345000000000003
0.31999999999999995 0.3246000000000002
0.31999999999999995 0.32000000000000023
0.31999999999999995 0.32000000000000023
0.31999999999999995 0.32000000000000023
0.31999999999999995 0.32000000000000023
0.31999999999999995 0.32000000000000023
0.31999999999999995 0.32000000000000023
0.31999999999999995 0.32050000000000023
0.31999999999999995 0.32070000000000026
0.07999999999999996 0.2716000000000002
0.06000000000000005 0.2678000000000002
0.06000000000000005 0.2064000000000002
0.06000000000000005 0.1866000000000001
0.31999999999999995 0.3201000000000003
0.31999999999999995 0.3234000000000003
0.31999999999999995 0.3442000000000003
0.31999999999999995 0.34020000000000034
0.31999999999999995 0.3274000000000003
0.07999999999999996 0.27640000000000037
0.31999999999999995 0.34810000000000046
0.31999999999999995 0.3330000000000004
0.31999999999999995 0.32220000000000043
0.31999999999999995 0.3217000000000004
0.31999999999999995 0.32000000000000023
0.31999999999999995 0.3201000000000003
0.31999999999999995 0.32000000000000023
0.31999999999999995 0.32020000000000026
0.31999999999999995 0.3203000000000003
0.31999999999999995 0.3201000000000003
0.07999999999999996 0.24940000000000023
0.31999999999999995 0.32000000000000023
0.07999999999999996 0.23420000000000016
0.07999999999999996 0.16280000000000017
0.07999999999999996 0.13440000000000013
0.07999999999999996 0.10500000000000011
0.07999999999999996 0.09810000000000006
0.07999999999999996 0.0878000000000001
0.07999999999999996 0.09760000000000008
0.07999999999999996 0.09590000000000007
0.07999999999999996 0.09080000000000009
0.07999999999999996 0.09850000000000007
0.07999999999999996 0.08810000000000005
0.06000000000000005 0.17499999999999982
0.07999999999999996 0.15680000000000013
0.07999999999999996 0.15360000000000013
0.07999999999999996 0.15080000000000005
0.07999999999999996 0.1412000000000001
0.06000000000000005 0.11360000000000005
0.06000000000000005 0.08580000000000008
0.06000000000000005 0.08960000000000011
0.06000000000000005 0.09680000000000011
0.06000000000000005 0.0951000000000001
0.06000000000000005 0.08890000000000013
0.06000000000000005 0.09050000000000008
0.06000000000000005 0.0700000000000003
0.06000000000000005 0.0722000000000003
0.06000000000000005 0.07260000000000032
0.06000000000000005 0.07630000000000031
0.06000000000000005 0.08180000000000028
0.06000000000000005 0.0769000000000003
0.06000000000000005 0.07430000000000032
0.06000000000000005 0.0731000000000003
0.06000000000000005 0.07880000000000031
0.06000000000000005 0.06870000000000032
0.06000000000000005 0.06770000000000032
0.06000000000000005 0.07310000000000025
0.06000000000000005 0.0778000000000003
0.06000000000000005 0.0749000000000003
0.06000000000000005 0.07900000000000032
0.06000000000000005 0.08000000000000031
0.06000000000000005 0.10560000000000028
0.06000000000000005 0.07970000000000031
0.06000000000000005 0.07070000000000032
0.06000000000000005 0.06700000000000032
0.06000000000000005 0.06870000000000032
0.06000000000000005 0.06520000000000031
0.06000000000000005 0.06450000000000033
0.06000000000000005 0.0658000000000003
0.06000000000000005 0.06960000000000026
0.06000000000000005 0.06550000000000027
0.06000000000000005 0.06490000000000029
0.06000000000000005 0.0672000000000003
0.06000000000000005 0.0864000000000003
0.06000000000000005 0.0642000000000003
0.06000000000000005 0.07870000000000027
0.06000000000000005 0.06330000000000029
0.06000000000000005 0.06440000000000029
0.06000000000000005 0.06290000000000032
0.06000000000000005 0.06590000000000029
0.06000000000000005 0.11430000000000025
0.06000000000000005 0.06420000000000031
0.06000000000000005 0.06640000000000032
0.06000000000000005 0.06490000000000032
0.06000000000000005 0.06470000000000031
0.06000000000000005 0.06580000000000029
0.06000000000000005 0.0635000000000003
0.06000000000000005 0.06690000000000032
0.06000000000000005 0.06720000000000027
0.06000000000000005 0.0686000000000003
0.06000000000000005 0.07170000000000024
0.06000000000000005 0.06570000000000029
0.06000000000000005 0.0649000000000003
0.06000000000000005 0.06800000000000028
0.06000000000000005 0.06570000000000031
0.06000000000000005 0.06570000000000031
0.06000000000000005 0.0628000000000003
0.06000000000000005 0.06860000000000029
0.06000000000000005 0.07330000000000027
0.06000000000000005 0.06900000000000028
0.06000000000000005 0.07780000000000026
0.06000000000000005 0.1745000000000002
0.06000000000000005 0.07120000000000028
0.06000000000000005 0.09500000000000026
0.06000000000000005 0.06740000000000027
0.06000000000000005 0.08400000000000031
0.06000000000000005 0.0660000000000003
0.06000000000000005 0.07070000000000026
0.06000000000000005 0.06970000000000029
0.06000000000000005 0.06680000000000032
0.06000000000000005 0.06190000000000032
0.06000000000000005 0.06420000000000031
0.06000000000000005 0.09670000000000023
0.06000000000000005 0.1271000000000002
0.06000000000000005 0.20560000000000017
0.06000000000000005 0.30060000000000026
0.31999999999999995 0.36730000000000024
0.31999999999999995 0.37440000000000034
0.06000000000000005 0.3790000000000003
0.31999999999999995 0.5063000000000004
0.31999999999999995 0.4107000000000003
0.06000000000000005 0.29640000000000033
0.06000000000000005 0.18100000000000005
0.06000000000000005 0.1571000000000001
0.06000000000000005 0.09960000000000017
0.06000000000000005 0.07410000000000021
0.06000000000000005 0.07560000000000025
0.06000000000000005 0.07460000000000026
0.06000000000000005 0.0671000000000003
0.06000000000000005 0.10720000000000027
0.06000000000000005 0.06660000000000033
0.06000000000000005 0.08900000000000029
0.06000000000000005 0.2627000000000002
0.31999999999999995 0.3203000000000003
0.06000000000000005 0.11350000000000021
0.06000000000000005 0.08850000000000023
0.06000000000000005 0.07140000000000027
0.06000000000000005 0.08660000000000027
0.06000000000000005 0.06400000000000027
0.06000000000000005 0.08350000000000028
0.06000000000000005 0.06490000000000032
0.06000000000000005 0.06310000000000032
0.06000000000000005 0.06420000000000031
0.06000000000000005 0.06280000000000033
0.06000000000000005 0.06800000000000031
0.06000000000000005 0.08530000000000029
0.06000000000000005 0.1327000000000001
0.06000000000000005 0.07230000000000031
0.06000000000000005 0.06410000000000027
0.06000000000000005 0.16660000000000014
0.06000000000000005 0.2870000000000003
0.06000000000000005 0.3375
0.06000000000000005 0.23970000000000025
0.06000000000000005 0.13790000000000024
0.06000000000000005 0.09820000000000023
0.06000000000000005 0.09590000000000021
0.07999999999999996 0.16110000000000016
0.06000000000000005 0.07740000000000022
0.06000000000000005 0.06980000000000025
0.06000000000000005 0.1053000000000003
0.06000000000000005 0.30250000000000027
0.31999999999999995 0.32050000000000023
0.31999999999999995 0.3201000000000003
0.31999999999999995 0.32000000000000023
0.06000000000000005 0.2814000000000002
0.06000000000000005 0.15460000000000015
0.06000000000000005 0.27180000000000026
0.06000000000000005 0.1159000000000002
0.31999999999999995 0.3328000000000002
0.31999999999999995 0.3372000000000002
0.31999999999999995 0.36220000000000036
0.31999999999999995 0.3853000000000004
0.06000000000000005 0.20770000000000013
0.06000000000000005 0.30430000000000024
0.06000000000000005 0.2918000000000002
0.31999999999999995 0.32000000000000023
0.31999999999999995 0.32000000000000023
0.31999999999999995 0.3573000000000004
0.31999999999999995 0.34430000000000033
0.31999999999999995 0.32330000000000025
0.31999999999999995 0.37850000000000056
0.31999999999999995 0.3389000000000003
0.31999999999999995 0.3218000000000003
0.31999999999999995 0.32470000000000027
0.06000000000000005 0.28340000000000015
0.040000000000000036 0.2993000000000002
0.06000000000000005 0.21470000000000009
0.06000000000000005 0.16260000000000002
0.06000000000000005 0.19070000000000015
0.06000000000000005 0.12820000000000006
0.06000000000000005 0.09800000000000014
0.31999999999999995 0.3211000000000002
0.06000000000000005 0.10320000000000017
0.06000000000000005 0.1555000000000001
0.06000000000000005 0.13450000000000015
0.06000000000000005 0.10670000000000007
0.06000000000000005 0.1065000000000001
0.06000000000000005 0.23140000000000005
0.06000000000000005 0.1629000000000001
0.06000000000000005 0.17860000000000004
0.06000000000000005 0.22589999999999985
0.06000000000000005 0.2508999999999999
0.12 0.2397
0.12 0.2179000000000001
0.06000000000000005 0.17060000000000006
0.06000000000000005 0.15090000000000003
0.06000000000000005 0.11059999999999993
0.06000000000000005 0.10499999999999994
0.06000000000000005 0.10189999999999999
0.06000000000000005 0.14070000000000005
0.06000000000000005 0.13040000000000002
