0.85 0.3938500000000002
0.91 0.43755999999999995
0.93 0.46521000000000146
0.93 0.5008800000000005
0.98 0.5240299999999976
0.98 0.5459400000000008
0.98 0.5678599999999994
0.98 0.5869099999999993
0.98 0.6092799999999985
0.98 0.6303000000000024
0.98 0.6269100000000024
0.98 0.6538700000000041
0.98 0.6499400000000038
0.98 0.656380000000003
0.98 0.6722400000000038
0.98 0.6773400000000034
0.98 0.6915400000000022
0.98 0.70371
0.98 0.7101899999999979
0.99 0.7113899999999982
0.99 0.7207899999999965
0.99 0.7265499999999955
0.99 0.7328099999999939
0.99 0.7461799999999912
0.99 0.7493899999999927
0.99 0.7566799999999916
0.99 0.7721299999999883
0.99 0.7911699999999936
0.99 0.7932399999999935
0.99 0.7780399999999962
0.99 0.7803499999999967
0.99 0.7901999999999954
0.99 0.7942999999999976
0.99 0.812119999999997
0.99 0.8089299999999946
0.99 0.8174999999999972
0.99 0.8283399999999982
0.99 0.8307599999999993
0.99 0.8172399999999973
0.99 0.8177899999999972
0.99 0.8353599999999983
0.99 0.8295199999999984
0.99 0.8344199999999997
0.99 0.8457799999999993
0.99 0.8419199999999986
0.99 0.8367599999999986
0.99 0.8386499999999982
0.99 0.8303899999999993
0.99 0.8235599999999971
0.99 0.8350499999999969
0.99 0.8496099999999983
0.99 0.8541399999999978
0.99 0.8428299999999985
0.99 0.8386299999999983
0.99 0.8486299999999978
0.99 0.8420099999999971
0.99 0.8430799999999989
0.99 0.8325399999999976
0.99 0.8258599999999969
0.99 0.8194399999999954
0.99 0.8297699999999972
0.99 0.8444299999999991
0.99 0.8413000000000003
0.99 0.8539199999999987
0.99 0.8467299999999996
0.99 0.8443100000000007
0.99 0.8494599999999992
0.99 0.8616399999999971
0.99 0.8457299999999984
0.99 0.856669999999996
0.99 0.8514399999999966
0.99 0.8479199999999979
0.99 0.8511599999999989
0.99 0.8474599999999988
0.99 0.8548099999999986
0.99 0.8400299999999987
0.99 0.842879999999999
0.99 0.8376299999999989
0.99 0.8577899999999984
0.99 0.8502599999999991
0.99 0.8504899999999981
0.99 0.8461599999999988
0.99 0.845439999999999
0.99 0.8456599999999996
0.99 0.8458299999999989
0.99 0.8477399999999985
0.99 0.8589199999999969
0.99 0.848849999999996
0.99 0.8602199999999973
0.99 0.8523099999999981
0.99 0.8614200000000005
0.99 0.8539499999999972
0.99 0.848349999999998
0.99 0.8603299999999979
0.99 0.8542699999999975
0.99 0.8560399999999962
0.99 0.8533299999999969
0.99 0.8438699999999975
0.99 0.8397199999999978
0.99 0.8578999999999982
