0.21999999999999997 0.6362999999999982
0.07999999999999996 0.6116199999999989
0.07999999999999996 0.5805599999999986
0.07999999999999996 0.5591399999999992
0.07999999999999996 0.5270200000000004
0.07999999999999996 0.5053799999999995
0.07999999999999996 0.48173999999999984
0.06000000000000005 0.4503999999999993
0.06000000000000005 0.4294599999999984
0.09999999999999998 0.41091999999999895
0.09999999999999998 0.4090999999999986
0.09999999999999998 0.3910999999999989
0.06000000000000005 0.37257999999999847
0.06000000000000005 0.3625599999999988
0.06000000000000005 0.3460199999999988
0.06000000000000005 0.3378999999999984
0.06000000000000005 0.32317999999999847
0.06000000000000005 0.3132999999999987
0.06000000000000005 0.31149999999999894
0.06000000000000005 0.2970999999999989
0.06000000000000005 0.28197999999999895
0.06000000000000005 0.289399999999999
0.06000000000000005 0.284439999999999
0.06000000000000005 0.272239999999999
0.06000000000000005 0.25895999999999914
0.06000000000000005 0.2613799999999993
0.06000000000000005 0.24383999999999917
0.06000000000000005 0.24439999999999928
0.06000000000000005 0.23655999999999944
0.06000000000000005 0.2331399999999994
0.06000000000000005 0.21917999999999957
0.06000000000000005 0.20715999999999934
0.06000000000000005 0.20459999999999948
0.06000000000000005 0.19595999999999927
0.06000000000000005 0.19045999999999905
0.06000000000000005 0.1856999999999992
0.06000000000000005 0.1709199999999995
0.06000000000000005 0.17965999999999915
0.06000000000000005 0.17959999999999945
0.06000000000000005 0.17911999999999953
0.06000000000000005 0.16963999999999946
0.06000000000000005 0.1669799999999992
0.06000000000000005 0.17531999999999923
0.06000000000000005 0.1692999999999994
0.06000000000000005 0.1772799999999994
0.06000000000000005 0.17725999999999933
0.06000000000000005 0.17477999999999952
0.06000000000000005 0.16997999999999944
0.06000000000000005 0.16881999999999958
0.06000000000000005 0.1653599999999995
0.06000000000000005 0.17723999999999931
0.06000000000000005 0.17489999999999922
0.06000000000000005 0.1776999999999994
0.06000000000000005 0.17753999999999936
0.06000000000000005 0.17989999999999934
0.06000000000000005 0.18051999999999907
0.06000000000000005 0.18025999999999937
0.06000000000000005 0.1839599999999993
0.06000000000000005 0.18247999999999945
0.06000000000000005 0.17477999999999927
0.06000000000000005 0.18263999999999928
0.06000000000000005 0.16973999999999934
0.06000000000000005 0.17275999999999922
0.06000000000000005 0.19313999999999912
0.06000000000000005 0.18445999999999924
0.06000000000000005 0.17853999999999895
0.06000000000000005 0.1854199999999994
0.06000000000000005 0.17927999999999952
0.06000000000000005 0.1668799999999994
0.06000000000000005 0.16061999999999946
0.06000000000000005 0.16425999999999924
0.06000000000000005 0.16157999999999945
0.06000000000000005 0.1667199999999995
0.06000000000000005 0.17527999999999946
0.06000000000000005 0.17921999999999935
0.06000000000000005 0.19151999999999908
0.06000000000000005 0.1918999999999995
0.06000000000000005 0.1816999999999992
0.06000000000000005 0.1811799999999992
0.06000000000000005 0.17923999999999943
0.06000000000000005 0.18541999999999925
0.06000000000000005 0.1828799999999993
0.06000000000000005 0.18671999999999936
0.06000000000000005 0.18815999999999924
0.06000000000000005 0.18645999999999938
0.06000000000000005 0.1899199999999992
0.06000000000000005 0.19469999999999923
0.06000000000000005 0.1977799999999993
0.06000000000000005 0.2005599999999993
0.06000000000000005 0.19347999999999915
0.06000000000000005 0.1983399999999992
0.06000000000000005 0.1983999999999993
0.06000000000000005 0.1851399999999994
0.06000000000000005 0.17785999999999932
0.06000000000000005 0.18759999999999943
0.06000000000000005 0.1945599999999993
0.06000000000000005 0.18915999999999936
0.06000000000000005 0.19715999999999914
0.06000000000000005 0.18723999999999918
0.06000000000000005 0.18705999999999912
