0.14 0.5614600000000061
0.14 0.537060000000006
0.14 0.5113200000000047
0.14 0.4728600000000035
0.06000000000000005 0.4390800000000035
0.06000000000000005 0.4174400000000033
0.06000000000000005 0.394800000000003
0.06000000000000005 0.36792000000000213
0.06000000000000005 0.35010000000000163
0.06000000000000005 0.3304000000000006
0.09999999999999998 0.31068000000000046
0.09999999999999998 0.30186000000000074
0.09999999999999998 0.29120000000000074
0.12 0.2899200000000012
0.12 0.28072000000000097
0.12 0.2704800000000009
0.12 0.27286000000000094
0.12 0.27522000000000074
0.12 0.264240000000001
0.12 0.2760600000000013
0.12 0.26950000000000074
0.12 0.2527400000000009
0.12 0.2399400000000005
0.12 0.2321200000000003
0.12 0.22992000000000035
0.12 0.23236000000000018
0.12 0.22350000000000025
0.12 0.22247999999999996
0.12 0.21766000000000035
0.12 0.21824000000000038
0.12 0.2100800000000001
0.12 0.22666000000000042
0.12 0.22722000000000017
0.12 0.21006000000000014
0.12 0.21077999999999986
0.12 0.21217999999999995
0.12 0.21133999999999997
0.12 0.21098
0.12 0.20775999999999994
0.12 0.20163999999999974
0.12 0.21017999999999956
0.12 0.21072000000000005
0.12 0.20681999999999975
0.12 0.20691999999999997
0.12 0.2038799999999999
0.12 0.2046199999999998
0.12 0.20133999999999977
0.12 0.19183999999999973
0.12 0.19239999999999974
0.12 0.18800000000000006
0.12 0.18738000000000002
0.12 0.18022000000000005
0.12 0.1783199999999998
0.12 0.1828999999999999
0.12 0.18636
0.12 0.18468000000000012
0.12 0.1810000000000001
0.12 0.1866399999999998
0.12 0.1896599999999999
0.12 0.1864599999999998
0.12 0.18702000000000013
0.12 0.18332000000000007
0.12 0.17881999999999992
0.12 0.1693199999999998
0.12 0.17516000000000007
0.12 0.1632200000000001
0.12 0.1687999999999999
0.12 0.16199999999999987
0.12 0.15423999999999985
0.12 0.1636799999999997
0.12 0.17129999999999962
0.12 0.17635999999999993
0.12 0.16305999999999984
0.12 0.15929999999999983
0.12 0.16421999999999976
0.12 0.1616599999999997
0.12 0.15123999999999996
0.12 0.15284
0.12 0.15722000000000003
0.12 0.15105999999999983
0.12 0.1548199999999997
0.12 0.1606599999999997
0.12 0.1619799999999995
0.12 0.15157999999999983
0.12 0.14987999999999996
0.12 0.1446999999999999
0.12 0.15375999999999987
0.12 0.16557999999999987
0.12 0.16578
0.12 0.1641599999999997
0.12 0.15801999999999983
0.12 0.15969999999999981
0.12 0.16727999999999993
0.12 0.15551999999999977
0.12 0.15527999999999995
0.12 0.14925999999999987
0.12 0.1595599999999999
0.12 0.15193999999999988
0.12 0.15437999999999974
0.12 0.1513200000000001
