0.12 0.605400000000001
0.12 0.5691200000000012
0.040000000000000036 0.5413200000000015
0.040000000000000036 0.5206800000000011
0.020000000000000018 0.49178000000000094
0.020000000000000018 0.4773400000000021
0.040000000000000036 0.45410000000000084
0.040000000000000036 0.43057999999999863
0.040000000000000036 0.414099999999998
0.040000000000000036 0.4063199999999967
0.040000000000000036 0.3885599999999965
0.040000000000000036 0.38827999999999696
0.07999999999999996 0.3884999999999976
0.07999999999999996 0.3718599999999976
0.07999999999999996 0.3683399999999969
0.07999999999999996 0.3746199999999971
0.07999999999999996 0.3520599999999973
0.07999999999999996 0.34723999999999705
0.07999999999999996 0.3322399999999972
0.07999999999999996 0.32683999999999686
0.07999999999999996 0.3227399999999969
0.07999999999999996 0.3132799999999965
0.07999999999999996 0.3027799999999963
0.020000000000000018 0.30527999999999716
0.020000000000000018 0.30017999999999706
0.020000000000000018 0.2944199999999974
0.020000000000000018 0.3022999999999974
0.020000000000000018 0.296139999999997
0.020000000000000018 0.28333999999999826
0.020000000000000018 0.26427999999999796
0.020000000000000018 0.252599999999998
0.020000000000000018 0.246319999999998
0.020000000000000018 0.24467999999999854
0.040000000000000036 0.23905999999999858
0.040000000000000036 0.22381999999999874
0.040000000000000036 0.2217399999999991
0.040000000000000036 0.22469999999999857
0.040000000000000036 0.2106599999999993
0.040000000000000036 0.19563999999999956
0.040000000000000036 0.19329999999999925
0.040000000000000036 0.18679999999999972
0.040000000000000036 0.17948000000000014
0.040000000000000036 0.16358000000000017
0.040000000000000036 0.15488000000000018
0.040000000000000036 0.16292000000000004
0.040000000000000036 0.16338000000000016
0.040000000000000036 0.16334000000000012
0.040000000000000036 0.16800000000000015
0.040000000000000036 0.16380000000000036
0.040000000000000036 0.1562400000000001
0.040000000000000036 0.14782000000000017
0.040000000000000036 0.14786000000000013
0.040000000000000036 0.14928000000000013
0.040000000000000036 0.14604000000000014
0.040000000000000036 0.14920000000000005
0.040000000000000036 0.16716000000000017
0.040000000000000036 0.1456000000000002
0.040000000000000036 0.1522000000000002
0.040000000000000036 0.15516000000000016
0.040000000000000036 0.14396000000000003
0.040000000000000036 0.14832000000000015
0.040000000000000036 0.15862000000000007
0.040000000000000036 0.1498000000000001
0.040000000000000036 0.15394000000000008
0.040000000000000036 0.15606000000000017
0.040000000000000036 0.16494000000000003
0.040000000000000036 0.1556200000000002
0.040000000000000036 0.14638000000000007
0.040000000000000036 0.14620000000000005
0.040000000000000036 0.13876000000000005
0.040000000000000036 0.14646000000000006
0.040000000000000036 0.1331000000000001
0.040000000000000036 0.13462000000000007
0.040000000000000036 0.1383600000000001
0.040000000000000036 0.13864000000000018
0.040000000000000036 0.1355800000000001
0.040000000000000036 0.14670000000000022
0.040000000000000036 0.13910000000000008
0.040000000000000036 0.1498400000000001
0.040000000000000036 0.14404000000000006
0.040000000000000036 0.15438000000000013
0.040000000000000036 0.15026000000000017
0.040000000000000036 0.14910000000000018
0.040000000000000036 0.14108000000000015
0.040000000000000036 0.14896000000000004
0.040000000000000036 0.1454800000000002
0.040000000000000036 0.14046
0.040000000000000036 0.13946000000000003
0.040000000000000036 0.14184000000000002
0.040000000000000036 0.14708000000000013
0.040000000000000036 0.1378200000000001
0.040000000000000036 0.13300000000000017
0.040000000000000036 0.1492400000000001
0.040000000000000036 0.1366400000000001
0.040000000000000036 0.14613999999999994
0.040000000000000036 0.1378200000000001
0.040000000000000036 0.13924000000000006
0.040000000000000036 0.13646000000000014
0.040000000000000036 0.14264000000000004
0.040000000000000036 0.13798000000000007
