0.07999999999999996 0.600500000000007
0.07999999999999996 0.5695200000000047
0.07999999999999996 0.5407600000000053
0.06000000000000005 0.5221000000000047
0.06000000000000005 0.48108000000000317
0.040000000000000036 0.46834000000000187
0.040000000000000036 0.4464400000000019
0.040000000000000036 0.43782000000000265
0.040000000000000036 0.4185600000000024
0.040000000000000036 0.40042000000000144
0.040000000000000036 0.4065000000000019
0.040000000000000036 0.3868000000000009
0.040000000000000036 0.3791400000000015
0.040000000000000036 0.3770200000000014
0.020000000000000018 0.3756400000000016
0.020000000000000018 0.3719200000000017
0.020000000000000018 0.3659600000000023
0.020000000000000018 0.3696000000000029
0.020000000000000018 0.3561200000000026
0.06000000000000005 0.35464000000000245
0.06000000000000005 0.3467600000000027
0.06000000000000005 0.3374200000000027
0.06000000000000005 0.32978000000000207
0.06000000000000005 0.3233200000000022
0.06000000000000005 0.31096000000000146
0.06000000000000005 0.2973000000000014
0.06000000000000005 0.3030200000000018
0.06000000000000005 0.2919800000000014
0.06000000000000005 0.28542000000000123
0.06000000000000005 0.2843000000000013
0.06000000000000005 0.27420000000000105
0.06000000000000005 0.27240000000000103
0.06000000000000005 0.2662400000000009
0.06000000000000005 0.2645400000000008
0.06000000000000005 0.26276000000000044
0.06000000000000005 0.25758000000000064
0.06000000000000005 0.2556400000000006
0.06000000000000005 0.2508600000000007
0.06000000000000005 0.2425400000000002
0.06000000000000005 0.23758000000000062
0.06000000000000005 0.23574000000000062
0.06000000000000005 0.2198600000000005
0.06000000000000005 0.22466000000000055
0.06000000000000005 0.23376000000000027
0.06000000000000005 0.22512000000000026
0.06000000000000005 0.22220000000000004
0.06000000000000005 0.22574
0.06000000000000005 0.21722000000000005
0.06000000000000005 0.2273600000000001
0.06000000000000005 0.21856000000000003
0.06000000000000005 0.2175800000000001
0.06000000000000005 0.21919999999999998
0.06000000000000005 0.2191999999999999
0.06000000000000005 0.21655999999999992
0.06000000000000005 0.21433999999999978
0.06000000000000005 0.20153999999999977
0.06000000000000005 0.18868000000000007
0.06000000000000005 0.19356000000000004
0.06000000000000005 0.1981600000000002
0.06000000000000005 0.19689999999999977
0.06000000000000005 0.19216000000000005
0.06000000000000005 0.1917999999999998
0.06000000000000005 0.19409999999999963
0.06000000000000005 0.20630000000000007
0.06000000000000005 0.20692000000000033
0.06000000000000005 0.19560000000000036
0.06000000000000005 0.19028000000000023
0.06000000000000005 0.19280000000000005
0.06000000000000005 0.19263999999999995
0.06000000000000005 0.18756000000000003
0.06000000000000005 0.20206000000000018
0.06000000000000005 0.20306000000000013
0.06000000000000005 0.1917999999999999
0.06000000000000005 0.19438000000000027
0.06000000000000005 0.19594000000000003
0.06000000000000005 0.20572000000000024
0.06000000000000005 0.19404000000000024
0.06000000000000005 0.1981999999999999
0.06000000000000005 0.20636000000000013
0.06000000000000005 0.2016799999999999
0.06000000000000005 0.2004800000000001
0.06000000000000005 0.20685999999999996
0.06000000000000005 0.21015999999999999
0.06000000000000005 0.2159600000000001
0.06000000000000005 0.19552000000000017
0.06000000000000005 0.19940000000000002
0.06000000000000005 0.18758000000000008
0.06000000000000005 0.18719999999999978
0.06000000000000005 0.19434000000000015
0.06000000000000005 0.1871200000000003
0.06000000000000005 0.17802000000000015
0.06000000000000005 0.16676000000000019
0.06000000000000005 0.18158
0.06000000000000005 0.17950000000000013
0.06000000000000005 0.16790000000000013
0.06000000000000005 0.16968000000000033
0.06000000000000005 0.16590000000000027
0.06000000000000005 0.1698600000000002
0.06000000000000005 0.1718600000000005
0.06000000000000005 0.1742600000000004
