0.67 0.3818
0.67 0.40744999999999965
0.69 0.42344999999999944
0.69 0.4167499999999993
0.69 0.4077499999999995
0.69 0.4227499999999995
0.8 0.4462999999999995
0.84 0.43664999999999915
0.69 0.45829999999999954
0.7 0.48374999999999974
0.83 0.48649999999999977
0.92 0.5218000000000002
0.85 0.42444999999999944
0.92 0.41764999999999963
0.94 0.47624999999999945
0.95 0.5027499999999996
0.73 0.46154999999999974
0.87 0.4655999999999999
0.84 0.45384999999999964
0.81 0.43694999999999956
0.7 0.4303999999999997
0.73 0.44104999999999955
0.71 0.39164999999999955
0.81 0.4129999999999997
0.69 0.3881499999999999
0.69 0.4267999999999995
0.69 0.40794999999999965
0.69 0.4320999999999995
0.83 0.45049999999999946
0.7 0.4518999999999997
0.67 0.40759999999999974
0.67 0.40464999999999984
0.79 0.42199999999999976
0.69 0.40769999999999973
0.76 0.42254999999999976
0.66 0.37069999999999936
0.6 0.3945499999999995
0.77 0.4263999999999995
0.86 0.4494499999999996
0.8 0.47689999999999977
0.8 0.44619999999999954
0.75 0.46949999999999986
0.76 0.4903499999999999
0.81 0.5566999999999996
0.78 0.5898500000000001
0.89 0.597
0.88 0.6200000000000006
0.87 0.6563500000000002
0.94 0.6981499999999998
0.92 0.7070500000000003
0.9 0.6489500000000006
0.91 0.7241000000000005
0.97 0.7446499999999997
0.97 0.7273000000000001
0.97 0.7606000000000002
0.97 0.7771499999999992
0.97 0.8130499999999994
0.97 0.7864000000000003
0.97 0.7440499999999994
0.97 0.8138499999999997
0.97 0.8412999999999998
0.97 0.8682000000000007
0.97 0.8860500000000008
0.97 0.9021500000000003
0.97 0.8793000000000007
0.97 0.8393499999999997
0.97 0.9087499999999984
0.97 0.9299499999999997
0.97 0.9353999999999993
0.99 0.9409000000000003
0.97 0.9435999999999991
0.99 0.8894000000000004
0.99 0.9097499999999995
0.99 0.9297000000000005
0.97 0.6578500000000013
0.76 0.3864999999999997
0.85 0.4217499999999996
0.89 0.4875499999999998
0.82 0.39094999999999963
0.86 0.3947999999999996
0.65 0.4584999999999995
0.65 0.4918499999999996
0.97 0.5087499999999998
0.99 0.6280499999999999
0.99 0.7931999999999999
0.99 0.8544000000000005
0.99 0.8628500000000007
0.99 0.8951000000000008
1.0 0.8806000000000016
0.99 0.8870500000000014
1.0 0.9221999999999987
0.98 0.9323499999999992
1.0 0.9475999999999978
0.99 0.9262999999999999
1.0 0.9438499999999997
1.0 0.9470500000000004
1.0 0.9143999999999991
0.99 0.8152499999999986
1.0 0.9236499999999992
0.99 0.9243000000000001
0.97 0.9186499999999994
0.97 0.8213999999999997
0.97 0.8372999999999992
0.99 0.9013000000000004
0.97 0.9187999999999987
0.99 0.9551999999999995
0.98 0.944149999999998
0.99 0.9400999999999986
0.99 0.9358999999999995
0.99 0.9126499999999992
0.99 0.8596499999999988
0.99 0.8658500000000002
0.99 0.8343999999999981
0.99 0.8363000000000014
0.97 0.8793000000000017
0.99 0.9260499999999986
0.99 0.7695000000000007
0.97 0.5761000000000004
0.97 0.6739000000000002
0.97 0.6488
0.97 0.6471000000000003
0.97 0.6518499999999999
0.97 0.6578500000000002
0.97 0.6792000000000002
0.66 0.6180499999999991
0.66 0.5977499999999992
0.96 0.5930999999999998
0.96 0.611899999999999
0.97 0.6282999999999993
0.97 0.6163000000000004
0.97 0.6551000000000008
0.95 0.5535999999999998
0.97 0.5578000000000002
0.62 0.4120999999999995
0.63 0.3638999999999995
0.64 0.4166999999999995
0.62 0.36149999999999954
0.64 0.40429999999999966
0.64 0.4247999999999996
0.64 0.4455499999999998
0.64 0.46324999999999983
0.97 0.5693499999999996
0.65 0.49060000000000026
0.64 0.5079000000000002
0.62 0.3967999999999996
0.64 0.43479999999999897
0.65 0.5513500000000002
0.65 0.5334000000000001
0.65 0.49245000000000017
0.65 0.4553999999999997
0.64 0.5079999999999996
0.65 0.5552999999999995
0.91 0.5377000000000002
0.97 0.5759999999999998
0.65 0.5992499999999995
0.65 0.5536500000000002
0.65 0.5668000000000001
0.65 0.5810499999999997
0.65 0.59445
0.95 0.6004999999999997
0.95 0.6081
0.96 0.6139499999999998
0.95 0.5822999999999997
0.65 0.5715499999999998
0.65 0.6141500000000003
0.65 0.5790999999999995
0.65 0.6080999999999996
0.65 0.6357999999999998
0.65 0.6354499999999998
0.65 0.6376000000000005
0.65 0.6387500000000009
0.65 0.6425000000000017
0.65 0.5996000000000008
0.65 0.6262500000000013
0.65 0.6373000000000014
0.65 0.6428000000000013
0.65 0.5895999999999999
0.65 0.6105500000000001
0.65 0.6317499999999999
0.65 0.635300000000001
0.65 0.6480500000000018
0.65 0.646100000000002
0.65 0.6425000000000022
0.65 0.6455500000000022
0.65 0.6444500000000021
0.65 0.5209999999999991
0.65 0.6302500000000015
0.65 0.640200000000002
0.65 0.644850000000002
0.65 0.644900000000002
0.65 0.6393500000000021
0.65 0.6408500000000019
0.65 0.6407000000000016
0.65 0.6438500000000021
0.65 0.6399000000000021
0.65 0.5443999999999989
0.65 0.5149999999999995
0.65 0.5312499999999993
0.65 0.5468000000000003
0.65 0.5744000000000001
0.65 0.6110499999999994
0.65 0.6172500000000001
0.65 0.6120000000000002
0.65 0.628750000000001
0.65 0.6266000000000012
0.65 0.6403000000000015
0.65 0.6095000000000009
0.65 0.5495999999999992
0.65 0.5770999999999998
0.65 0.6191500000000009
0.65 0.6340500000000017
0.65 0.5799999999999995
0.65 0.6200500000000005
0.65 0.6216500000000008
0.65 0.6391000000000013
0.65 0.6458000000000022
0.65 0.6370000000000016
0.65 0.646200000000002
0.65 0.6438000000000023
0.65 0.642950000000002
0.65 0.6465500000000024
0.65 0.6441500000000023
0.65 0.6404500000000017
0.65 0.6331500000000014
0.65 0.6141500000000013
0.65 0.6242000000000014
0.65 0.6236000000000014
0.65 0.611550000000001
0.65 0.6082000000000014
0.65 0.5735500000000001
0.65 0.5861000000000005
0.65 0.39444999999999936
0.65 0.5350499999999994
0.65 0.4393999999999997
0.65 0.4522999999999998
0.65 0.4848999999999997
0.65 0.5159999999999999
0.65 0.5323499999999992
0.65 0.5270999999999996
0.65 0.5749999999999994
0.65 0.5809499999999995
0.65 0.6042999999999994
0.65 0.6166999999999999
0.65 0.5981999999999993
0.65 0.6270000000000004
0.65 0.6145500000000004
0.65 0.6298500000000005
0.65 0.640000000000001
0.65 0.6219500000000012
0.65 0.6020000000000008
0.65 0.6237000000000009
0.65 0.48774999999999963
0.65 0.5297499999999993
0.65 0.5747499999999998
0.65 0.5366999999999993
0.65 0.5630499999999995
0.65 0.6051000000000002
0.65 0.5949000000000003
0.65 0.627650000000001
0.65 0.6271500000000008
0.65 0.6329500000000013
0.65 0.5984500000000004
0.65 0.5497999999999993
0.65 0.5996500000000005
0.65 0.6024000000000006
0.65 0.613250000000001
0.65 0.6127000000000009
0.65 0.6051500000000007
0.65 0.56025
0.65 0.593500000000001
0.65 0.5773999999999997
0.65 0.609850000000001
0.65 0.6133500000000012
0.65 0.5766500000000002
0.65 0.5748000000000002
0.65 0.5878499999999999
0.65 0.5910500000000005
0.65 0.6091500000000007
0.65 0.611000000000001
0.65 0.5972500000000012
0.65 0.6093500000000014
0.65 0.5047499999999988
0.65 0.5322999999999993
0.65 0.5701999999999999
0.65 0.5854000000000003
0.65 0.6056500000000004
0.65 0.6258500000000005
0.65 0.6171000000000009
0.65 0.6170000000000012
0.65 0.6251500000000016
0.49 0.3656999999999994
0.49 0.3639999999999995
0.49 0.3703499999999995
0.65 0.5691999999999993
0.65 0.5841499999999988
0.65 0.6011999999999992
0.65 0.6143999999999997
0.65 0.5898999999999998
0.65 0.5877499999999999
0.65 0.6018500000000003
0.65 0.6228500000000011
0.65 0.6054500000000008
0.65 0.6266000000000015
0.65 0.6265000000000016
0.65 0.597500000000001
0.65 0.5820500000000005
0.65 0.6186000000000013
0.65 0.6103000000000012
0.65 0.6092500000000013
0.65 0.5216499999999993
0.65 0.5771500000000002
0.65 0.6021500000000011
0.65 0.6199000000000013
0.65 0.6311500000000014
0.65 0.6269000000000016
0.65 0.6240000000000017
0.65 0.6219000000000015
0.65 0.6240000000000012
0.65 0.6346000000000016
0.65 0.6454000000000021
0.65 0.6357500000000019
0.65 0.6325000000000017
0.65 0.6217000000000014
0.65 0.5891500000000004
0.65 0.6053000000000006
0.65 0.6275000000000015
0.65 0.6348000000000017
0.65 0.6262000000000016
0.65 0.6333500000000021
0.65 0.6244500000000016
0.65 0.6324500000000017
0.65 0.6330000000000015
0.65 0.46584999999999943
0.65 0.6043000000000006
0.65 0.4604999999999989
0.65 0.5338499999999995
0.65 0.5616999999999996
0.46 0.35119999999999973
0.46 0.36229999999999957
0.49 0.37459999999999916
0.49 0.3926999999999994
0.49 0.4071
0.65 0.4328000000000008
0.49 0.44250000000000056
0.49 0.45795000000000013
0.61 0.46769999999999884
0.57 0.47959999999999914
0.59 0.4850000000000002
0.5 0.48315000000000036
0.5 0.48499999999999993
0.6 0.4878499999999992
0.6 0.49439999999999906
0.6 0.5084499999999983
0.6 0.5178499999999989
0.64 0.5229999999999984
0.64 0.5175499999999991
0.64 0.49754999999999927
0.64 0.5016500000000002
0.64 0.49690000000000006
0.64 0.5241999999999983
0.64 0.5448999999999997
0.65 0.5457499999999994
0.65 0.5706499999999991
0.65 0.6009499999999991
0.65 0.5353499999999999
0.65 0.5687999999999996
0.65 0.602499999999999
0.65 0.5737499999999991
0.65 0.5931999999999992
0.65 0.5776499999999991
0.65 0.5803999999999987
0.65 0.5575499999999988
0.65 0.588199999999999
0.65 0.5737999999999994
0.65 0.5887499999999991
0.65 0.5807999999999994
0.65 0.5943499999999989
0.65 0.5986499999999993
0.65 0.6281499999999993
0.65 0.6236999999999996
0.65 0.6234500000000005
0.65 0.6346000000000013
0.65 0.6260000000000013
0.65 0.6140500000000009
0.65 0.6282000000000014
0.65 0.6378000000000018
0.65 0.639000000000002
0.65 0.5727499999999999
0.65 0.515799999999998
0.65 0.5489999999999982
0.65 0.5716999999999997
0.65 0.6126000000000008
0.65 0.6065000000000007
0.65 0.6122500000000008
0.65 0.6195500000000003
0.65 0.6131500000000004
0.65 0.6116500000000007
0.65 0.6239000000000012
0.65 0.6165500000000007
0.65 0.6221000000000012
0.65 0.6218500000000012
0.65 0.6192500000000012
0.65 0.6080000000000012
0.65 0.6142000000000012
0.65 0.6246000000000017
0.65 0.5734000000000004
0.65 0.6082500000000012
0.65 0.6247000000000016
0.65 0.6303000000000019
0.65 0.6215500000000015
0.65 0.6275000000000016
0.65 0.6244500000000012
0.65 0.6239500000000013
0.65 0.6156500000000014
0.65 0.6248500000000016
0.65 0.5680000000000003
0.65 0.6244500000000013
0.65 0.6361000000000017
0.65 0.6293500000000017
0.65 0.6266500000000018
0.65 0.6250000000000019
0.65 0.5441499999999998
0.65 0.5625500000000003
0.65 0.5951500000000005
0.65 0.6022000000000006
0.65 0.602850000000001
0.65 0.6101000000000011
0.65 0.617650000000001
0.65 0.6233500000000013
0.65 0.6123000000000008
0.65 0.6321000000000015
0.65 0.6163000000000012
0.65 0.6144500000000013
0.65 0.6114500000000015
0.65 0.6285500000000017
0.65 0.6172000000000015
0.65 0.6266000000000018
0.65 0.6141000000000012
0.65 0.6289000000000017
0.65 0.6310500000000016
0.65 0.6253000000000016
0.65 0.6274000000000016
0.65 0.6174500000000013
0.65 0.5832500000000004
0.65 0.5354499999999992
0.65 0.5689999999999997
0.65 0.6126000000000008
0.65 0.6195000000000009
0.65 0.617500000000001
0.65 0.6195500000000012
0.65 0.6311000000000014
0.65 0.5341499999999992
0.65 0.5118999999999994
0.65 0.5548999999999992
0.65 0.5925
0.65 0.5981500000000002
0.65 0.6062000000000005
0.65 0.6077000000000009
0.65 0.6160000000000011
0.65 0.6255500000000015
0.65 0.6276500000000016
0.65 0.6277500000000016
0.65 0.6159000000000013
0.65 0.634250000000002
0.65 0.634750000000002
0.65 0.6176000000000015
0.65 0.6276000000000018
0.65 0.6207000000000016
0.65 0.637050000000002
0.65 0.6248500000000017
0.65 0.6246000000000016
0.65 0.635850000000002
0.65 0.6244500000000017
0.65 0.6227500000000016
0.65 0.6295500000000017
0.65 0.6307500000000015
0.65 0.6199500000000014
0.65 0.6194000000000015
0.65 0.6212500000000014
0.65 0.6161000000000014
0.65 0.6211000000000015
0.65 0.6179500000000016
0.65 0.6233000000000019
0.65 0.6263500000000018
0.65 0.628250000000002
0.65 0.6284000000000016
0.65 0.6228500000000016
0.65 0.6191000000000018
0.65 0.6265500000000016
0.65 0.6292500000000018
0.65 0.6208000000000016
0.65 0.6185000000000012
0.65 0.6208000000000011
0.65 0.6190000000000011
0.65 0.616450000000001
0.65 0.6187500000000014
0.65 0.6068500000000011
0.65 0.6238500000000013
0.65 0.6240000000000019
0.65 0.6083000000000011
