0.14 0.5992599999999971
0.12 0.5525599999999998
0.12 0.5282199999999998
0.12 0.5039199999999989
0.06000000000000005 0.468879999999999
0.06000000000000005 0.44915999999999945
0.09999999999999998 0.42894
0.07999999999999996 0.4127200000000007
0.06000000000000005 0.40482000000000073
0.06000000000000005 0.39216000000000056
0.06000000000000005 0.3694400000000007
0.06000000000000005 0.3621800000000015
0.06000000000000005 0.34852000000000183
0.020000000000000018 0.3377000000000027
0.020000000000000018 0.3305800000000026
0.020000000000000018 0.3196400000000023
0.020000000000000018 0.3161800000000024
0.020000000000000018 0.30342000000000263
0.020000000000000018 0.3096000000000026
0.020000000000000018 0.2970200000000025
0.020000000000000018 0.28372000000000214
0.020000000000000018 0.2811400000000023
0.020000000000000018 0.2654600000000022
0.020000000000000018 0.2515600000000014
0.020000000000000018 0.24630000000000152
0.020000000000000018 0.24924000000000157
0.020000000000000018 0.24548000000000092
0.020000000000000018 0.2409800000000012
0.020000000000000018 0.23134000000000127
0.020000000000000018 0.22770000000000085
0.020000000000000018 0.22140000000000076
0.020000000000000018 0.21654000000000012
0.020000000000000018 0.21436000000000052
0.020000000000000018 0.2124800000000003
0.020000000000000018 0.18734000000000006
0.020000000000000018 0.1933400000000002
0.020000000000000018 0.20226000000000016
0.020000000000000018 0.2007200000000002
0.020000000000000018 0.2013799999999998
0.020000000000000018 0.19147999999999954
0.020000000000000018 0.19055999999999987
0.020000000000000018 0.18809999999999985
0.020000000000000018 0.17743999999999974
0.020000000000000018 0.16267999999999988
0.020000000000000018 0.15819999999999976
0.020000000000000018 0.16351999999999972
0.020000000000000018 0.1705399999999997
0.020000000000000018 0.16743999999999967
0.020000000000000018 0.16941999999999957
0.020000000000000018 0.16029999999999983
0.020000000000000018 0.15697999999999973
0.020000000000000018 0.15187999999999957
0.020000000000000018 0.15713999999999959
0.020000000000000018 0.14927999999999964
0.020000000000000018 0.13549999999999968
0.020000000000000018 0.1426599999999996
0.020000000000000018 0.1414199999999997
0.020000000000000018 0.14373999999999967
0.020000000000000018 0.14611999999999964
0.020000000000000018 0.13503999999999972
0.020000000000000018 0.14107999999999976
0.020000000000000018 0.13863999999999962
0.020000000000000018 0.1317799999999996
0.020000000000000018 0.14491999999999952
0.020000000000000018 0.1327999999999995
0.020000000000000018 0.1437999999999996
0.020000000000000018 0.13847999999999963
0.020000000000000018 0.14005999999999957
0.020000000000000018 0.1551399999999997
0.020000000000000018 0.14965999999999965
0.020000000000000018 0.13849999999999973
0.020000000000000018 0.13471999999999965
0.020000000000000018 0.14281999999999956
0.020000000000000018 0.13645999999999958
0.020000000000000018 0.13549999999999965
0.020000000000000018 0.13999999999999965
0.020000000000000018 0.13553999999999972
0.020000000000000018 0.12925999999999963
0.020000000000000018 0.13009999999999977
0.020000000000000018 0.12565999999999972
0.020000000000000018 0.12501999999999966
0.020000000000000018 0.1306999999999996
0.020000000000000018 0.13017999999999977
0.020000000000000018 0.12771999999999975
0.020000000000000018 0.1323599999999996
0.020000000000000018 0.12465999999999978
0.020000000000000018 0.12167999999999966
0.020000000000000018 0.12363999999999972
0.020000000000000018 0.13253999999999963
0.020000000000000018 0.13475999999999963
0.020000000000000018 0.1396599999999997
0.020000000000000018 0.13703999999999975
0.020000000000000018 0.13953999999999966
0.020000000000000018 0.14473999999999979
0.020000000000000018 0.14039999999999975
0.020000000000000018 0.12265999999999971
0.020000000000000018 0.1276999999999997
0.020000000000000018 0.13511999999999974
0.020000000000000018 0.13847999999999977
0.020000000000000018 0.14013999999999985
