0.8 0.4219900000000037
0.89 0.4775900000000045
0.89 0.5095900000000027
0.91 0.5407900000000014
0.92 0.5587700000000009
0.96 0.5820999999999998
0.96 0.5994699999999978
0.98 0.6250399999999973
0.98 0.650799999999999
0.99 0.6581999999999973
0.99 0.6828899999999957
0.99 0.6884899999999932
0.99 0.6893899999999926
0.99 0.7059899999999933
0.99 0.7132699999999935
0.99 0.715099999999997
0.99 0.7081999999999947
0.99 0.7176099999999971
0.99 0.7401500000000004
0.99 0.7378699999999998
0.99 0.7409100000000014
0.99 0.7200899999999981
0.99 0.7306599999999998
0.99 0.742910000000001
0.99 0.7495899999999998
0.99 0.7475400000000005
0.99 0.7545400000000011
0.99 0.7548000000000018
0.99 0.7595400000000028
0.99 0.7641200000000025
0.99 0.7631100000000036
0.99 0.7751600000000052
0.99 0.7831900000000066
0.99 0.7829800000000069
0.99 0.7756500000000054
0.99 0.7769600000000056
0.99 0.7824900000000063
0.99 0.7790100000000052
0.99 0.7714600000000045
0.99 0.7730900000000057
0.99 0.7721500000000068
0.99 0.7771300000000056
0.99 0.7966400000000071
0.99 0.8022600000000069
0.99 0.8138700000000039
0.99 0.8199100000000022
0.99 0.817270000000005
0.99 0.8211300000000044
0.99 0.8232200000000046
0.99 0.8172900000000013
0.99 0.8248000000000044
0.99 0.832340000000004
0.99 0.8376000000000058
0.99 0.8301400000000052
0.99 0.8299200000000054
0.99 0.8219000000000063
0.99 0.8132300000000027
0.99 0.8326800000000051
0.99 0.8472200000000071
0.99 0.8416800000000073
0.99 0.8546500000000059
0.99 0.8551500000000036
0.99 0.8574300000000051
0.99 0.8537100000000045
0.99 0.8656400000000083
0.99 0.8616900000000071
0.99 0.8575500000000067
0.99 0.8699400000000069
0.99 0.8671900000000071
0.99 0.8539700000000049
0.99 0.851480000000005
0.99 0.8635000000000056
0.99 0.867290000000007
0.99 0.8697000000000078
0.99 0.8765500000000082
0.99 0.8754100000000069
0.99 0.8687700000000068
0.99 0.8630500000000071
0.99 0.8708300000000077
0.99 0.8668400000000065
0.99 0.8733900000000069
0.99 0.8698000000000043
0.99 0.8788900000000053
0.99 0.8816100000000069
0.99 0.8709700000000057
0.99 0.8772600000000068
0.99 0.8864300000000063
0.99 0.8720100000000078
0.99 0.8876200000000078
0.99 0.8962900000000088
0.99 0.8780300000000059
0.99 0.8801300000000067
0.99 0.8820900000000076
0.99 0.8839600000000072
0.99 0.8706600000000072
0.99 0.8685600000000061
0.99 0.8766500000000061
0.99 0.8841600000000075
0.99 0.8774700000000057
0.99 0.8802700000000063
