0.09999999999999998 0.5966200000000016
0.040000000000000036 0.567900000000001
0.06000000000000005 0.5334199999999998
0.06000000000000005 0.5114600000000002
0.06000000000000005 0.48322000000000087
0.06000000000000005 0.46987999999999974
0.06000000000000005 0.44369999999999876
0.06000000000000005 0.42963999999999863
0.06000000000000005 0.415759999999998
0.06000000000000005 0.39963999999999944
0.06000000000000005 0.39004000000000033
0.09999999999999998 0.38276000000000027
0.09999999999999998 0.3701800000000002
0.09999999999999998 0.35244000000000003
0.09999999999999998 0.34580000000000083
0.09999999999999998 0.3540000000000005
0.09999999999999998 0.3323
0.09999999999999998 0.33836000000000077
0.09999999999999998 0.32594000000000045
0.09999999999999998 0.32510000000000044
0.09999999999999998 0.3118599999999999
0.09999999999999998 0.29291999999999974
0.09999999999999998 0.27998000000000023
0.09999999999999998 0.2731
0.09999999999999998 0.26475999999999994
0.09999999999999998 0.2581799999999999
0.09999999999999998 0.26120000000000015
0.09999999999999998 0.26502000000000014
0.09999999999999998 0.247
0.09999999999999998 0.2381399999999996
0.09999999999999998 0.23843999999999982
0.09999999999999998 0.2345599999999998
0.09999999999999998 0.22349999999999953
0.09999999999999998 0.22435999999999998
0.09999999999999998 0.2209399999999997
0.09999999999999998 0.21509999999999962
0.09999999999999998 0.2150399999999995
0.09999999999999998 0.23581999999999934
0.09999999999999998 0.22679999999999959
0.09999999999999998 0.21379999999999924
0.09999999999999998 0.21627999999999967
0.09999999999999998 0.2032399999999998
0.09999999999999998 0.22083999999999956
0.09999999999999998 0.21387999999999976
0.09999999999999998 0.21990000000000015
0.09999999999999998 0.22045999999999963
0.09999999999999998 0.21799999999999986
0.09999999999999998 0.2088599999999998
0.09999999999999998 0.19634000000000001
0.09999999999999998 0.1958799999999998
0.09999999999999998 0.1859599999999999
0.09999999999999998 0.19031999999999988
0.09999999999999998 0.19085999999999972
0.09999999999999998 0.1996799999999996
0.09999999999999998 0.19691999999999976
0.09999999999999998 0.19469999999999993
0.09999999999999998 0.19793999999999987
0.09999999999999998 0.20615999999999995
0.09999999999999998 0.1948799999999998
0.09999999999999998 0.18993999999999978
0.09999999999999998 0.1929400000000001
0.09999999999999998 0.19049999999999997
0.09999999999999998 0.19192000000000015
0.09999999999999998 0.18795999999999988
0.09999999999999998 0.18905999999999976
0.09999999999999998 0.19284000000000012
0.09999999999999998 0.18770000000000006
0.09999999999999998 0.1869200000000003
0.09999999999999998 0.1880000000000001
0.09999999999999998 0.19804000000000044
0.09999999999999998 0.18946000000000016
0.09999999999999998 0.19208000000000008
0.09999999999999998 0.18689999999999993
0.09999999999999998 0.18754000000000023
0.09999999999999998 0.1821600000000001
0.09999999999999998 0.18868000000000001
0.09999999999999998 0.19024000000000038
0.09999999999999998 0.18796000000000002
0.09999999999999998 0.1955599999999998
0.09999999999999998 0.19097999999999998
0.09999999999999998 0.18791999999999978
0.09999999999999998 0.1887
0.09999999999999998 0.1916400000000004
0.09999999999999998 0.20976000000000003
0.09999999999999998 0.20693999999999996
0.09999999999999998 0.2054199999999994
0.09999999999999998 0.20059999999999978
0.09999999999999998 0.20001999999999998
0.09999999999999998 0.19128000000000006
0.09999999999999998 0.19831999999999994
0.09999999999999998 0.20446
0.09999999999999998 0.2110600000000001
0.09999999999999998 0.20446000000000003
0.09999999999999998 0.19699999999999995
0.09999999999999998 0.1937600000000001
0.09999999999999998 0.1856400000000003
0.09999999999999998 0.19354000000000007
0.09999999999999998 0.19784000000000046
0.09999999999999998 0.19919999999999982
0.09999999999999998 0.19459999999999997
