0.07999999999999996 0.5755399999999985
0.07999999999999996 0.5348800000000002
0.020000000000000018 0.5022599999999998
0.020000000000000018 0.48099999999999987
0.020000000000000018 0.44710000000000055
0.020000000000000018 0.4243200000000002
0.020000000000000018 0.3943400000000001
0.020000000000000018 0.375859999999999
0.020000000000000018 0.35503999999999897
0.020000000000000018 0.33309999999999834
0.020000000000000018 0.334759999999998
0.020000000000000018 0.31601999999999764
0.020000000000000018 0.3064199999999973
0.020000000000000018 0.2852999999999977
0.020000000000000018 0.28651999999999767
0.020000000000000018 0.2792599999999974
0.020000000000000018 0.27585999999999744
0.020000000000000018 0.2677199999999978
0.020000000000000018 0.254459999999998
0.020000000000000018 0.24957999999999805
0.020000000000000018 0.2359199999999987
0.020000000000000018 0.22713999999999826
0.020000000000000018 0.22055999999999823
0.020000000000000018 0.21701999999999833
0.020000000000000018 0.20205999999999857
0.020000000000000018 0.19639999999999871
0.020000000000000018 0.1917599999999988
0.020000000000000018 0.19691999999999876
0.020000000000000018 0.18439999999999906
0.020000000000000018 0.18109999999999876
0.020000000000000018 0.18811999999999876
0.020000000000000018 0.17221999999999887
0.020000000000000018 0.17679999999999899
0.020000000000000018 0.172979999999999
0.020000000000000018 0.18275999999999892
0.020000000000000018 0.1742999999999993
0.020000000000000018 0.18079999999999913
0.020000000000000018 0.16669999999999902
0.020000000000000018 0.16377999999999887
0.020000000000000018 0.16139999999999896
0.020000000000000018 0.15249999999999894
0.020000000000000018 0.15659999999999896
0.020000000000000018 0.15935999999999914
0.020000000000000018 0.15167999999999915
0.020000000000000018 0.15937999999999905
0.020000000000000018 0.1555999999999989
0.020000000000000018 0.15933999999999893
0.020000000000000018 0.16531999999999863
0.020000000000000018 0.16807999999999884
0.020000000000000018 0.15067999999999904
0.020000000000000018 0.14813999999999905
0.020000000000000018 0.1442999999999991
0.020000000000000018 0.14359999999999917
0.020000000000000018 0.1306199999999992
0.020000000000000018 0.1442599999999991
0.020000000000000018 0.13663999999999918
0.020000000000000018 0.12263999999999933
0.020000000000000018 0.1263199999999993
0.020000000000000018 0.12593999999999925
0.020000000000000018 0.13589999999999913
0.020000000000000018 0.1460999999999992
0.020000000000000018 0.15293999999999922
0.020000000000000018 0.1404799999999992
0.020000000000000018 0.13849999999999899
0.020000000000000018 0.14115999999999906
0.020000000000000018 0.14271999999999913
0.020000000000000018 0.14407999999999913
0.020000000000000018 0.14151999999999906
0.020000000000000018 0.13469999999999918
0.020000000000000018 0.12819999999999923
0.020000000000000018 0.132739999999999
0.020000000000000018 0.12567999999999926
0.020000000000000018 0.13077999999999929
0.020000000000000018 0.13051999999999922
0.020000000000000018 0.13957999999999915
0.020000000000000018 0.13531999999999905
0.020000000000000018 0.13067999999999924
0.020000000000000018 0.12927999999999926
0.020000000000000018 0.1308999999999992
0.020000000000000018 0.13519999999999915
0.020000000000000018 0.13807999999999926
0.020000000000000018 0.1398399999999992
0.020000000000000018 0.15129999999999913
0.020000000000000018 0.13461999999999905
0.020000000000000018 0.13217999999999905
0.020000000000000018 0.13139999999999905
0.020000000000000018 0.13191999999999912
0.020000000000000018 0.12675999999999935
0.020000000000000018 0.12707999999999933
0.020000000000000018 0.12039999999999933
0.020000000000000018 0.1282999999999992
0.020000000000000018 0.12501999999999938
0.020000000000000018 0.13201999999999925
0.020000000000000018 0.13027999999999912
0.020000000000000018 0.13621999999999915
0.020000000000000018 0.13341999999999943
0.020000000000000018 0.13059999999999933
0.020000000000000018 0.12761999999999923
0.020000000000000018 0.12813999999999928
0.020000000000000018 0.12219999999999938
