0.68 0.3834999999999997
0.68 0.37639999999999985
0.76 0.39134999999999975
0.67 0.3844000000000002
0.68 0.3985499999999996
0.79 0.3711000000000002
0.68 0.4002499999999996
0.68 0.3997999999999998
0.68 0.41509999999999925
0.75 0.40739999999999926
0.67 0.41459999999999936
0.84 0.4283499999999988
0.69 0.3980999999999995
0.68 0.40604999999999936
0.76 0.39679999999999965
0.68 0.40029999999999943
0.81 0.40914999999999924
0.68 0.3944999999999994
0.68 0.41034999999999927
0.68 0.41694999999999866
0.69 0.4145999999999991
0.74 0.4154499999999989
0.77 0.41809999999999903
0.72 0.41509999999999914
0.75 0.4186499999999991
0.68 0.45899999999999813
0.79 0.4356999999999984
0.69 0.45394999999999797
0.9 0.4730999999999978
0.84 0.48179999999999745
0.76 0.4433999999999985
0.76 0.4624999999999981
0.76 0.497249999999998
0.71 0.4886499999999978
0.72 0.48574999999999735
0.75 0.5023999999999978
0.75 0.5363499999999983
0.85 0.5157999999999983
0.75 0.5406999999999987
0.83 0.5460999999999988
0.68 0.5204499999999982
0.68 0.5325999999999986
0.68 0.48494999999999794
0.68 0.48429999999999807
0.68 0.5089999999999981
0.68 0.5079499999999979
0.79 0.5175999999999978
0.68 0.5458999999999983
0.8 0.5628999999999985
0.68 0.6032000000000004
0.79 0.5861499999999994
0.7 0.5702999999999995
0.68 0.520549999999998
0.79 0.5781999999999995
0.79 0.5820499999999992
0.68 0.6106500000000001
0.68 0.6231000000000008
0.79 0.6277000000000011
0.79 0.5810999999999996
0.73 0.5144999999999978
0.79 0.5676499999999988
0.79 0.6143000000000006
0.72 0.6303000000000014
0.72 0.6274000000000008
0.68 0.6185000000000006
0.72 0.6387000000000014
0.72 0.642300000000002
0.72 0.6074000000000007
0.77 0.5984500000000004
0.77 0.5860000000000002
0.79 0.6099000000000008
0.79 0.615400000000001
0.79 0.6386500000000015
0.89 0.6521000000000021
0.88 0.6388500000000014
0.88 0.6422000000000019
0.88 0.6081000000000003
0.88 0.6235000000000014
0.79 0.6296500000000013
0.77 0.61005
0.77 0.6263000000000004
0.8 0.6135500000000002
0.8 0.5760999999999997
0.8 0.5893
0.87 0.6077000000000001
0.92 0.6298500000000007
0.92 0.6470000000000017
0.92 0.6472000000000019
0.93 0.6482500000000023
0.93 0.6540000000000019
0.93 0.6393500000000006
0.93 0.6572500000000026
0.93 0.6403000000000013
0.93 0.6253000000000009
0.93 0.6411000000000016
0.93 0.6381500000000012
0.93 0.6307500000000009
0.93 0.6363000000000016
0.93 0.6328500000000015
0.93 0.6634500000000024
0.93 0.6583000000000027
0.93 0.6655500000000025
0.93 0.6584000000000029
0.93 0.6713000000000026
0.93 0.6830500000000028
0.93 0.6863000000000032
0.94 0.6776000000000032
0.94 0.6863500000000031
0.94 0.6877000000000035
0.94 0.6685500000000023
0.94 0.6660000000000026
0.88 0.6659000000000027
0.88 0.6618500000000028
0.88 0.6692000000000025
0.88 0.659950000000003
0.89 0.6463000000000022
0.89 0.646950000000002
0.89 0.5649499999999993
0.89 0.5613999999999995
0.89 0.5867500000000002
0.89 0.6048000000000002
0.89 0.6279500000000009
0.69 0.6016000000000002
0.69 0.6133000000000003
0.79 0.5581999999999999
0.68 0.5711999999999999
0.68 0.6223000000000011
0.68 0.627000000000001
0.68 0.6301500000000014
0.82 0.6437000000000016
0.73 0.5514
0.68 0.55255
0.73 0.5663999999999996
0.72 0.5935500000000007
0.72 0.5894000000000001
0.87 0.619950000000001
0.87 0.6406500000000018
0.87 0.6476500000000024
0.87 0.652050000000003
0.72 0.6261000000000015
0.68 0.643250000000002
0.85 0.6571500000000028
0.85 0.6550500000000031
0.85 0.6343500000000015
0.88 0.645450000000002
0.85 0.6481000000000021
0.89 0.6480000000000019
0.85 0.6618000000000017
0.88 0.650250000000002
0.69 0.6095499999999997
0.68 0.6385000000000012
0.88 0.6315500000000018
0.88 0.6355000000000015
0.88 0.6475500000000022
0.88 0.6383500000000016
0.88 0.6469000000000017
0.88 0.6284000000000011
0.88 0.6361500000000013
0.88 0.6027500000000002
0.85 0.6070000000000001
0.88 0.5875499999999999
0.85 0.5931999999999998
0.85 0.5580999999999994
0.85 0.5975500000000001
0.93 0.621250000000001
0.93 0.6227500000000012
0.93 0.6449500000000021
0.93 0.6542000000000027
0.93 0.6814000000000027
0.94 0.6798000000000028
0.94 0.7044000000000031
0.94 0.6934000000000027
0.94 0.6919000000000028
0.94 0.6909000000000023
0.91 0.679400000000002
0.91 0.6878500000000023
0.91 0.6807000000000023
0.93 0.6898500000000028
0.93 0.6877500000000022
0.93 0.6813500000000023
0.93 0.6938000000000025
0.93 0.7088000000000031
0.93 0.683750000000003
0.93 0.6609500000000023
0.93 0.6861000000000023
0.93 0.6817000000000024
0.93 0.6666000000000024
0.93 0.6812500000000027
0.93 0.6873500000000027
0.93 0.6870000000000028
0.94 0.6915500000000029
0.94 0.682950000000003
0.94 0.6842500000000032
0.94 0.6830000000000029
0.94 0.6832500000000026
0.94 0.6862000000000024
0.94 0.6952000000000024
0.94 0.7162500000000027
0.94 0.7164000000000023
0.94 0.7087500000000011
0.94 0.7232500000000007
0.94 0.7058000000000003
0.94 0.7404500000000016
0.94 0.6807500000000013
0.98 0.670850000000001
0.98 0.7119000000000005
0.98 0.7360500000000014
0.94 0.725000000000001
0.94 0.7023500000000005
0.94 0.6852500000000002
0.94 0.62095
0.94 0.6530000000000007
0.95 0.6937500000000004
0.95 0.7043999999999998
0.94 0.6718000000000012
0.94 0.6913500000000008
0.95 0.6958000000000005
0.94 0.7543500000000006
0.95 0.7655500000000001
0.95 0.7456500000000006
0.95 0.7598999999999999
0.95 0.7478500000000007
0.95 0.7951499999999999
0.95 0.7860999999999996
0.95 0.76575
0.95 0.7980499999999978
0.95 0.815799999999999
0.95 0.7845999999999989
0.95 0.789399999999999
0.95 0.8129999999999993
0.95 0.7664499999999991
0.93 0.7416000000000008
0.95 0.8150500000000003
0.93 0.8051999999999994
0.94 0.8135499999999988
0.96 0.7939499999999993
0.97 0.8015000000000003
0.97 0.7574000000000001
0.97 0.7954499999999993
0.97 0.7827500000000004
0.97 0.7674499999999996
0.97 0.7806499999999995
0.97 0.8133499999999991
0.97 0.8031499999999998
0.97 0.8001500000000005
0.97 0.7652000000000004
0.98 0.8204999999999992
0.98 0.8442500000000002
0.96 0.7317500000000002
0.96 0.7475000000000006
0.92 0.5978999999999994
0.95 0.6652499999999997
0.96 0.6813999999999996
0.96 0.6707499999999992
0.96 0.5272499999999988
0.9 0.4591499999999973
0.93 0.5418999999999989
0.93 0.5944499999999991
0.93 0.6392999999999995
0.93 0.6636499999999995
0.93 0.6704000000000007
0.94 0.656050000000001
0.93 0.6225000000000004
0.86 0.4653499999999983
0.93 0.5978000000000001
0.9 0.5848500000000001
0.93 0.686150000000001
0.93 0.6996500000000005
0.94 0.6859000000000001
0.94 0.7249500000000008
0.93 0.536000000000001
0.93 0.5915000000000008
0.94 0.6411500000000003
0.93 0.5749
0.95 0.517149999999999
0.89 0.4791499999999992
0.74 0.4551499999999987
0.89 0.4248999999999984
0.72 0.42454999999999876
0.71 0.4339999999999991
0.88 0.48964999999999925
0.84 0.49434999999999973
0.87 0.5260999999999997
0.96 0.5555500000000003
0.96 0.5888499999999997
0.97 0.5945499999999995
0.97 0.5852499999999996
0.98 0.6211999999999998
0.97 0.6297499999999999
0.99 0.6489
0.98 0.6501
0.98 0.6506499999999994
0.98 0.6712999999999991
0.99 0.6814
0.99 0.7138000000000011
0.99 0.6880500000000018
0.99 0.7217000000000011
0.99 0.7506500000000007
0.99 0.7471500000000008
0.99 0.8019
0.99 0.7903499999999994
0.99 0.7972999999999986
0.99 0.6972
0.99 0.7140000000000013
0.99 0.671050000000002
0.99 0.7059500000000025
0.99 0.7236000000000022
0.99 0.744450000000001
0.99 0.6279
0.99 0.5669499999999998
0.99 0.6922000000000006
0.99 0.6686500000000006
0.99 0.6964500000000018
0.99 0.7093500000000009
0.99 0.6713000000000006
0.99 0.5925999999999992
0.99 0.7491000000000011
0.99 0.7899500000000007
0.99 0.7475500000000005
0.99 0.7699500000000006
0.99 0.7944000000000001
0.99 0.7650500000000007
0.99 0.8104999999999982
0.99 0.7721999999999999
0.99 0.7853000000000008
0.99 0.7896499999999996
0.99 0.8031499999999988
0.99 0.8276000000000008
0.99 0.8606000000000003
0.99 0.8481000000000004
0.99 0.8415500000000017
0.99 0.8288000000000006
0.99 0.8042999999999991
0.99 0.7506499999999996
0.99 0.7852999999999981
0.99 0.7752499999999987
0.99 0.757849999999999
0.99 0.67485
0.99 0.6024999999999994
0.99 0.6318999999999995
0.99 0.5916499999999992
0.99 0.5874999999999994
0.96 0.6055000000000001
0.96 0.6147500000000004
0.99 0.6203000000000002
0.68 0.6137000000000001
0.99 0.6138500000000001
0.99 0.5985499999999998
0.99 0.5991999999999996
0.99 0.6086499999999999
0.72 0.58885
0.68 0.5821999999999998
0.68 0.5925
0.68 0.6018000000000001
0.68 0.5970500000000001
0.68 0.6135000000000004
0.68 0.6128000000000003
0.68 0.6100500000000002
0.68 0.6077000000000001
0.68 0.60685
0.68 0.6123500000000001
0.68 0.6093500000000001
0.68 0.6172000000000002
0.68 0.61955
0.68 0.6223
0.68 0.6071000000000001
0.68 0.6045500000000001
0.68 0.6127500000000001
0.68 0.6008499999999998
0.68 0.5963500000000002
0.68 0.6031500000000001
0.68 0.5839999999999997
0.68 0.5892500000000002
0.68 0.5983999999999999
0.68 0.6000499999999999
0.68 0.5904499999999999
0.68 0.5927
0.68 0.6182500000000002
0.68 0.6015999999999999
0.68 0.6067000000000001
0.68 0.6091500000000001
0.64 0.6061500000000001
0.98 0.6158000000000001
0.98 0.6050000000000001
0.7 0.57765
0.98 0.6284000000000003
0.99 0.6554500000000002
0.99 0.6575500000000004
0.99 0.6674000000000005
0.99 0.7054499999999997
0.99 0.7358499999999993
0.99 0.7675499999999994
0.99 0.8199
0.99 0.8652999999999988
0.99 0.8973499999999988
0.99 0.8892999999999993
0.99 0.9042999999999981
0.99 0.9163499999999973
0.99 0.9305499999999973
0.99 0.9170999999999975
0.99 0.8954499999999982
0.99 0.8713499999999987
0.99 0.8861999999999983
0.99 0.8689999999999992
0.99 0.9057999999999977
0.99 0.8516000000000008
0.99 0.8750999999999992
0.99 0.8945499999999977
0.99 0.8948999999999989
0.99 0.9135999999999983
0.99 0.9302999999999985
0.99 0.9135999999999979
0.99 0.9017999999999976
0.99 0.8825499999999973
0.99 0.893299999999998
0.99 0.8867999999999979
0.99 0.9019999999999984
0.99 0.9050999999999988
0.99 0.9055499999999984
0.99 0.9306999999999975
0.99 0.920949999999998
0.99 0.8959499999999972
0.99 0.8864999999999984
0.99 0.9051499999999976
0.99 0.9038999999999969
0.99 0.9148499999999973
0.99 0.9285999999999975
0.99 0.9058999999999969
0.99 0.9072999999999971
0.99 0.8795999999999975
0.99 0.8885999999999971
0.99 0.8977999999999975
0.99 0.9142499999999978
0.99 0.9035999999999969
0.99 0.8861499999999974
0.99 0.8954499999999981
0.99 0.9027499999999978
0.99 0.9062999999999976
0.99 0.9093999999999981
0.99 0.9102499999999987
0.99 0.9171999999999986
0.99 0.9127499999999986
0.99 0.9061499999999983
0.99 0.9173499999999983
0.99 0.8855499999999986
0.99 0.9149499999999979
0.99 0.9191499999999978
0.99 0.9128499999999979
0.99 0.9212999999999978
0.99 0.8963499999999979
0.99 0.8982499999999978
0.99 0.8948999999999987
0.99 0.7417500000000021
0.99 0.8855999999999988
0.99 0.8842999999999985
0.99 0.8950499999999978
0.99 0.9033999999999988
0.99 0.9105499999999978
0.99 0.9087999999999975
0.99 0.9142999999999972
0.99 0.9370999999999979
0.99 0.9306999999999984
0.99 0.9190499999999979
0.99 0.8866499999999976
0.99 0.8316499999999987
0.99 0.7973500000000001
0.99 0.9116499999999974
0.99 0.9131499999999976
0.99 0.7338500000000033
0.99 0.6669500000000009
0.99 0.8482999999999986
0.99 0.8759499999999985
0.99 0.8813499999999976
0.99 0.8388999999999999
0.99 0.8761999999999981
0.99 0.9087999999999979
0.99 0.9221499999999976
0.99 0.9107499999999972
0.99 0.887549999999998
0.99 0.888549999999997
0.99 0.9043499999999979
0.99 0.9114499999999985
0.99 0.9045499999999984
0.99 0.9076999999999985
0.99 0.8764499999999984
0.99 0.8573999999999975
0.99 0.8687999999999978
0.99 0.8812499999999984
0.99 0.8868999999999982
0.99 0.8840499999999979
0.99 0.8794499999999975
0.99 0.8735999999999976
0.99 0.8845499999999973
0.99 0.8732499999999976
0.99 0.9049499999999969
0.99 0.8952499999999973
0.99 0.9147499999999981
0.99 0.9025499999999973
0.99 0.9064999999999978
0.99 0.8984499999999983
