0.68 0.38375
0.68 0.41334999999999916
0.7 0.4285499999999985
0.7 0.42899999999999866
0.7 0.42489999999999895
0.74 0.4474499999999981
0.74 0.4349999999999982
0.74 0.42759999999999854
0.74 0.4121499999999987
0.85 0.434749999999998
0.85 0.5451499999999986
0.88 0.5243499999999989
0.7 0.41434999999999966
0.8 0.4343499999999984
0.7 0.4626999999999979
0.7 0.40839999999999926
0.7 0.4130999999999991
0.7 0.4033499999999999
0.7 0.4262499999999985
0.71 0.42054999999999837
0.7 0.4239499999999983
0.7 0.4194499999999985
0.7 0.4564999999999979
0.7 0.41679999999999895
0.7 0.44909999999999867
0.75 0.46109999999999796
0.7 0.46684999999999927
0.7 0.4460499999999986
0.69 0.46839999999999904
0.7 0.4652499999999993
0.7 0.44184999999999824
0.65 0.43089999999999895
0.68 0.47049999999999964
0.7 0.5259999999999991
0.82 0.5587999999999995
0.82 0.5673999999999996
0.7 0.59325
0.7 0.5827999999999999
0.7 0.4804500000000003
0.7 0.47254999999999936
0.7 0.6164500000000005
0.71 0.5866499999999985
0.71 0.38194999999999996
0.65 0.3658500000000003
0.69 0.41114999999999896
0.72 0.5655499999999996
0.7 0.5836499999999996
0.7 0.6294000000000008
0.7 0.6298000000000011
0.7 0.5576000000000014
0.7 0.6264500000000005
0.7 0.5542499999999996
0.7 0.6084999999999993
0.7 0.6669000000000003
0.7 0.6574500000000008
0.7 0.6862500000000011
0.7 0.687150000000001
0.7 0.6824000000000013
0.7 0.6824000000000012
0.7 0.6972000000000016
0.7 0.6738000000000014
0.7 0.6785000000000011
0.7 0.679000000000001
0.72 0.6792500000000014
0.7 0.6933000000000016
0.7 0.6799000000000013
0.7 0.3996499999999994
0.7 0.5952000000000001
0.7 0.6920000000000008
0.7 0.6959500000000012
0.7 0.6734500000000014
0.7 0.39664999999999945
0.72 0.6640500000000015
0.72 0.5693499999999991
0.7 0.497199999999999
0.74 0.5491999999999989
0.7 0.5372499999999987
0.7 0.6847500000000015
0.7 0.6921000000000016
0.7 0.6932000000000016
0.7 0.6937500000000014
0.7 0.6912000000000016
0.7 0.6863000000000017
0.7 0.6853500000000016
0.7 0.6857000000000016
0.69 0.493550000000001
0.7 0.6351500000000008
0.74 0.6636500000000014
0.7 0.6706000000000016
0.7 0.673250000000002
0.7 0.6925000000000017
0.7 0.6775500000000012
0.73 0.6783500000000021
0.73 0.675400000000002
0.86 0.6584000000000017
0.7 0.6650000000000013
0.85 0.4892499999999974
0.72 0.5319499999999998
0.7 0.5664999999999997
0.75 0.5768000000000005
0.81 0.5670999999999995
0.86 0.5884499999999991
0.86 0.6294999999999997
0.95 0.658450000000001
0.95 0.6869000000000008
0.95 0.7046000000000007
0.84 0.5858500000000002
0.87 0.6323499999999997
0.7 0.5836000000000006
0.7 0.6775000000000003
0.7 0.6874999999999997
0.84 0.6278499999999996
0.7 0.6848500000000004
0.7 0.5866499999999989
0.7 0.5775999999999993
0.7 0.544149999999999
0.7 0.6279999999999989
0.7 0.6604999999999994
0.7 0.6746999999999997
0.7 0.5887499999999986
0.7 0.5355499999999971
0.7 0.49404999999999694
0.7 0.6172999999999987
0.7 0.6687499999999993
0.7 0.5885499999999992
0.7 0.5797999999999989
0.7 0.6475000000000004
0.7 0.6225999999999994
0.7 0.5660999999999983
0.7 0.6605500000000005
0.7 0.5242499999999967
0.7 0.465649999999998
0.7 0.4178499999999991
0.7 0.5380999999999974
0.7 0.37350000000000017
0.35 0.3500000000000004
0.7 0.65985
0.7 0.6665500000000003
0.7 0.6558000000000008
0.7 0.6628500000000007
0.7 0.6492500000000008
0.7 0.5586499999999991
0.7 0.5576499999999982
0.7 0.6115499999999993
0.7 0.6897500000000014
0.7 0.6829000000000012
0.7 0.6925500000000013
0.7 0.6523000000000008
0.7 0.6718500000000013
0.7 0.6644500000000012
0.7 0.6780000000000022
0.7 0.6245000000000003
0.7 0.6829500000000016
0.7 0.6851500000000016
0.7 0.6994000000000012
0.7 0.6970000000000011
0.7 0.6993000000000013
0.7 0.6266500000000003
0.7 0.6976500000000011
0.7 0.6961000000000013
0.7 0.5367999999999981
0.7 0.6699500000000015
0.7 0.6870000000000015
0.7 0.6960500000000012
0.7 0.6992500000000009
0.7 0.6977500000000011
0.7 0.6773000000000013
0.7 0.5561999999999988
0.7 0.6589000000000012
0.7 0.5323499999999981
0.7 0.4103999999999992
0.7 0.4818999999999976
0.7 0.3785499999999998
0.7 0.5462999999999996
0.7 0.6247500000000007
0.7 0.6059000000000001
0.7 0.45994999999999786
0.7 0.42834999999999857
0.7 0.45274999999999793
0.7 0.49264999999999803
0.7 0.5308499999999994
0.7 0.6414500000000019
0.7 0.6426000000000017
0.7 0.6695000000000015
0.7 0.682800000000001
0.7 0.6852000000000017
0.7 0.6756000000000014
0.7 0.6810500000000016
0.7 0.6688000000000014
0.7 0.46444999999999764
0.7 0.4822999999999975
0.7 0.6477000000000007
0.7 0.6314500000000003
0.7 0.6436500000000008
0.7 0.6663500000000017
0.7 0.681500000000002
0.7 0.6921500000000016
0.7 0.6715000000000021
0.7 0.6803500000000017
0.7 0.5679499999999998
0.7 0.6100500000000005
0.7 0.6526000000000012
0.7 0.6799500000000015
0.7 0.6421500000000006
0.7 0.6837500000000015
0.7 0.6919500000000015
0.7 0.6920000000000016
0.7 0.6880500000000015
0.7 0.6981500000000013
0.7 0.6963000000000011
0.7 0.6969000000000011
0.7 0.698450000000001
0.7 0.6966500000000011
0.7 0.6980500000000012
0.7 0.699900000000001
0.7 0.6982500000000009
0.7 0.699500000000001
0.7 0.699650000000001
0.7 0.699900000000001
0.7 0.6982000000000014
0.7 0.6940000000000012
0.7 0.6979500000000008
0.7 0.6960000000000012
0.7 0.699200000000001
0.7 0.699900000000001
0.7 0.6997000000000011
0.7 0.6990500000000011
0.7 0.6992000000000012
0.7 0.699900000000001
0.7 0.7000000000000008
0.7 0.699900000000001
0.7 0.7000000000000008
0.7 0.6947500000000011
0.7 0.6931500000000012
0.7 0.699750000000001
0.7 0.6999500000000008
0.7 0.698100000000001
0.7 0.699850000000001
0.7 0.6981000000000012
0.7 0.6960500000000013
0.7 0.6462000000000009
0.7 0.6801000000000016
0.7 0.6806000000000015
0.7 0.695400000000001
0.7 0.6852000000000014
0.7 0.660650000000001
0.7 0.6844500000000014
0.7 0.6941500000000009
0.7 0.6964000000000011
0.7 0.6926500000000013
0.7 0.6844000000000015
0.7 0.6250500000000003
0.7 0.6438500000000005
0.7 0.6413000000000011
0.7 0.6425000000000007
0.7 0.5847999999999995
0.7 0.656000000000001
0.7 0.6715000000000014
0.7 0.5535499999999984
0.7 0.5771999999999992
0.7 0.5762499999999993
0.7 0.5924499999999994
0.7 0.5498999999999981
0.7 0.6584500000000013
0.7 0.6936000000000015
0.7 0.6949500000000012
0.7 0.6945000000000011
0.7 0.697600000000001
0.7 0.6998500000000009
0.7 0.6961000000000013
0.7 0.6969500000000012
0.7 0.6779500000000014
0.7 0.6839000000000017
0.7 0.696600000000001
0.7 0.6959000000000012
0.7 0.699200000000001
0.7 0.6921500000000015
0.7 0.6974000000000011
0.7 0.6924000000000013
0.7 0.6075499999999997
0.7 0.6992000000000013
0.7 0.6995000000000011
0.7 0.6974500000000012
0.7 0.6997000000000009
0.7 0.6860000000000013
0.7 0.6935000000000011
0.7 0.6968000000000012
0.7 0.690100000000001
0.7 0.5856999999999993
0.7 0.5939999999999995
0.7 0.48664999999999764
0.7 0.4127499999999991
0.7 0.5153499999999978
0.7 0.5619999999999987
0.7 0.5473499999999984
0.7 0.6392500000000009
0.7 0.6116
0.7 0.6708000000000015
0.7 0.6118499999999998
0.7 0.6929500000000017
0.7 0.6977500000000013
0.7 0.6994000000000011
0.7 0.699500000000001
0.7 0.6957500000000013
0.7 0.6819000000000015
0.7 0.6994000000000011
0.7 0.699850000000001
0.7 0.6971500000000013
0.7 0.6873000000000011
0.7 0.532449999999998
0.7 0.6732500000000013
0.7 0.5915999999999996
0.7 0.5230499999999979
0.7 0.6702500000000016
0.7 0.6922500000000015
0.7 0.6961500000000013
0.7 0.6992500000000009
0.7 0.6983500000000009
0.7 0.698050000000001
0.7 0.697550000000001
0.7 0.699650000000001
0.7 0.6991500000000009
0.7 0.6975000000000011
0.7 0.6925000000000016
0.7 0.6894000000000013
0.7 0.693100000000001
0.7 0.6947000000000011
0.7 0.6442000000000009
0.7 0.5772999999999996
0.7 0.6532500000000012
0.7 0.6402000000000011
0.7 0.6827500000000016
0.7 0.6797500000000017
0.7 0.5830999999999995
0.7 0.573549999999999
0.7 0.6381500000000007
0.7 0.6672000000000012
0.7 0.6672000000000015
0.7 0.6210000000000003
0.7 0.6739500000000017
0.7 0.6293500000000005
0.7 0.6719000000000014
0.7 0.6718000000000015
0.7 0.6682500000000015
0.7 0.6752500000000013
0.7 0.6901500000000012
0.7 0.6907000000000011
0.7 0.6787000000000014
0.7 0.655350000000001
0.7 0.654050000000001
0.7 0.6797000000000015
0.7 0.5924499999999996
0.35 0.3500000000000004
0.35 0.3500000000000004
0.7 0.37829999999999997
0.7 0.4816999999999977
0.7 0.3619500000000002
0.7 0.36925000000000013
0.7 0.60985
0.7 0.6938500000000017
0.7 0.6745000000000014
0.7 0.6367500000000006
0.7 0.5788999999999992
0.7 0.37435
0.7 0.5120999999999976
0.7 0.4398499999999984
0.7 0.6918500000000019
0.7 0.6993000000000013
0.7 0.6948000000000011
0.7 0.6918000000000012
0.7 0.6964500000000011
0.7 0.6946000000000012
0.7 0.6967000000000012
0.7 0.6918000000000016
0.7 0.6947000000000011
0.7 0.6990000000000012
0.7 0.699450000000001
0.7 0.6977500000000009
0.7 0.6988000000000012
0.7 0.6999500000000008
0.7 0.6944500000000011
0.7 0.6930500000000012
0.7 0.7000000000000008
0.7 0.6982500000000009
0.7 0.6996000000000009
0.7 0.699850000000001
0.7 0.6999500000000008
0.7 0.6996000000000011
0.7 0.6972500000000013
0.7 0.6878500000000014
0.7 0.6855500000000014
0.7 0.6809500000000013
0.7 0.6956500000000014
0.7 0.6947000000000014
0.7 0.697550000000001
0.7 0.6755000000000012
0.7 0.6966000000000011
0.7 0.6514000000000008
0.7 0.6211000000000001
0.7 0.5381499999999981
0.7 0.6548000000000009
0.7 0.4749999999999981
0.7 0.6039499999999997
0.7 0.6359500000000007
0.7 0.6967500000000014
0.7 0.685850000000001
0.7 0.6902000000000009
0.7 0.6814500000000011
0.7 0.6963000000000015
0.7 0.6906500000000014
0.7 0.6903000000000011
0.7 0.6247500000000006
0.7 0.6619000000000013
0.7 0.5259999999999984
0.7 0.6040499999999998
0.7 0.6103999999999999
0.7 0.6833000000000012
0.7 0.6677500000000012
0.7 0.6931500000000014
0.7 0.6950000000000013
0.7 0.6990000000000011
0.7 0.6834500000000019
0.7 0.6733000000000015
0.7 0.657900000000001
0.7 0.6719000000000015
0.7 0.6673500000000014
0.7 0.6430500000000009
0.7 0.6604500000000014
0.7 0.6857000000000016
0.7 0.6740000000000016
0.7 0.6644000000000014
0.7 0.6579000000000012
0.7 0.6840000000000014
0.7 0.5768999999999993
0.7 0.6852500000000015
0.7 0.3892499999999998
0.7 0.39009999999999984
0.7 0.4961999999999977
0.7 0.5523999999999988
0.7 0.5753999999999996
0.7 0.6770000000000017
0.7 0.6079000000000006
0.7 0.6870500000000014
0.7 0.6848500000000014
0.7 0.6901500000000012
0.7 0.6191500000000001
0.7 0.6900500000000013
0.7 0.6947500000000013
0.7 0.6411000000000007
0.7 0.4496999999999985
0.7 0.6964500000000012
0.7 0.6964500000000012
0.7 0.6998500000000009
0.7 0.6349500000000002
0.7 0.6987000000000012
0.7 0.6956000000000011
0.7 0.6968000000000015
0.7 0.6976000000000013
0.7 0.6952000000000014
0.7 0.6937000000000009
0.7 0.6952500000000015
0.7 0.6944000000000013
0.7 0.696200000000001
0.7 0.6874000000000012
0.7 0.6018999999999997
0.7 0.694500000000001
0.7 0.7000000000000008
0.7 0.694750000000001
0.7 0.6989000000000009
0.7 0.6970500000000012
0.7 0.698600000000001
0.7 0.7000000000000008
0.7 0.6837000000000018
0.7 0.6920500000000012
0.7 0.6952000000000009
0.7 0.694200000000001
0.7 0.6778000000000014
0.7 0.6671500000000014
0.7 0.6547500000000014
0.7 0.5597499999999989
0.7 0.47639999999999794
0.7 0.6411000000000007
0.7 0.6815500000000014
0.7 0.6432000000000005
0.7 0.5104999999999974
0.7 0.43234999999999874
0.7 0.6773500000000012
0.7 0.6968500000000012
0.7 0.6997000000000009
0.7 0.7000000000000008
0.7 0.698250000000001
0.7 0.7000000000000008
0.7 0.696800000000001
0.7 0.6526500000000012
0.7 0.6928500000000015
0.7 0.696700000000001
0.7 0.691950000000001
0.7 0.6165000000000004
0.7 0.39549999999999963
0.7 0.44779999999999853
