0.24 0.5844600000000036
0.24 0.553140000000004
0.24 0.525800000000003
0.18000000000000005 0.5016800000000028
0.06000000000000005 0.4756400000000013
0.06000000000000005 0.447760000000001
0.06000000000000005 0.4096800000000008
0.06000000000000005 0.38656000000000107
0.06000000000000005 0.36852000000000207
0.040000000000000036 0.35690000000000166
0.040000000000000036 0.33866000000000235
0.040000000000000036 0.3235800000000019
0.040000000000000036 0.3292000000000022
0.040000000000000036 0.3160800000000021
0.14 0.31566000000000216
0.14 0.3135800000000024
0.14 0.3132400000000026
0.14 0.3101400000000024
0.14 0.29908000000000184
0.14 0.2941600000000023
0.14 0.2910200000000023
0.14 0.2867800000000025
0.14 0.2785200000000022
0.14 0.2851600000000022
0.14 0.2852800000000027
0.14 0.28458000000000266
0.14 0.27254000000000217
0.14 0.26852000000000165
0.14 0.2628200000000018
0.14 0.2714000000000012
0.14 0.26526000000000166
0.14 0.2586200000000011
0.14 0.2480400000000012
0.14 0.2504000000000014
0.14 0.23610000000000092
0.14 0.2321000000000012
0.14 0.23700000000000115
0.14 0.22080000000000108
0.14 0.22186000000000064
0.14 0.21608000000000036
0.14 0.22080000000000077
0.14 0.2111800000000008
0.14 0.20680000000000012
0.14 0.2125800000000006
0.14 0.2115000000000003
0.14 0.20127999999999996
0.14 0.19560000000000016
0.14 0.20326000000000016
0.14 0.19390000000000016
0.14 0.19230000000000022
0.14 0.19688000000000028
0.14 0.19100000000000011
0.14 0.1808000000000001
0.14 0.1701399999999998
0.14 0.16649999999999976
0.14 0.17299999999999993
0.14 0.17340000000000005
0.14 0.1679799999999995
0.14 0.16227999999999956
0.14 0.1673599999999998
0.14 0.17303999999999997
0.14 0.18195999999999976
0.14 0.18083999999999995
0.14 0.18391999999999997
0.14 0.17773999999999987
0.14 0.16625999999999994
0.14 0.1610599999999999
0.14 0.16877999999999996
0.14 0.17335999999999985
0.14 0.17475999999999953
0.14 0.1791199999999999
0.14 0.16789999999999983
0.14 0.16429999999999978
0.14 0.16922000000000018
0.14 0.1766799999999999
0.14 0.16961999999999988
0.14 0.16913999999999982
0.14 0.1730399999999996
0.14 0.18365999999999966
0.14 0.18017999999999962
0.14 0.16815999999999953
0.14 0.16293999999999947
0.14 0.16799999999999995
0.14 0.1809199999999998
0.14 0.19212000000000012
0.14 0.17958000000000016
0.14 0.17432000000000014
0.14 0.16835999999999976
0.14 0.16495999999999955
0.14 0.16879999999999992
0.14 0.18254000000000004
0.14 0.17938
0.14 0.1821799999999999
0.14 0.18858
0.14 0.18631999999999985
0.14 0.16849999999999973
0.14 0.17071999999999993
0.14 0.17460000000000017
0.14 0.17102
0.14 0.1790999999999999
