0.67 0.37650000000000033
0.67 0.4072499999999999
0.67 0.41719999999999985
0.67 0.4432999999999997
0.68 0.4430999999999993
0.68 0.44744999999999974
0.77 0.4251999999999996
0.67 0.4416
0.81 0.40934999999999966
0.8 0.47474999999999995
0.67 0.46270000000000017
0.66 0.4303999999999998
0.64 0.4019999999999995
0.7 0.43034999999999934
0.67 0.41869999999999935
0.72 0.45275
0.7 0.47464999999999935
0.68 0.4428499999999998
0.78 0.48369999999999985
0.79 0.5396999999999998
0.86 0.5460999999999998
0.89 0.5230500000000005
0.67 0.41429999999999984
0.67 0.4109499999999999
0.72 0.4088499999999997
0.55 0.36524999999999985
0.68 0.38224999999999987
0.83 0.39799999999999963
0.67 0.3906499999999995
0.71 0.4009999999999996
0.71 0.4158999999999999
0.72 0.4132499999999996
0.83 0.4589999999999997
0.69 0.4666499999999995
0.81 0.47950000000000015
0.95 0.4922000000000001
0.95 0.5425
0.95 0.5415500000000002
0.79 0.5190999999999998
0.92 0.5232000000000003
0.96 0.5966999999999998
0.95 0.6575500000000004
0.9 0.54765
0.96 0.7644500000000011
0.95 0.5607999999999995
0.95 0.5905000000000001
0.96 0.5633000000000004
0.95 0.6395500000000001
0.95 0.6209500000000003
0.96 0.7149
0.96 0.7877500000000004
0.95 0.7903999999999998
0.96 0.6985500000000004
0.96 0.8591000000000014
0.96 0.8459500000000005
0.94 0.6919499999999984
0.76 0.6042999999999996
0.76 0.5924499999999997
0.74 0.447399999999999
0.74 0.49619999999999975
0.74 0.53475
0.75 0.5305500000000003
0.78 0.5545000000000003
0.89 0.6214999999999996
0.89 0.6646500000000001
0.94 0.7147500000000013
0.94 0.6903500000000004
0.88 0.7123000000000007
0.93 0.6864000000000006
0.93 0.7105500000000007
0.93 0.7358500000000008
0.88 0.6710500000000001
0.86 0.6975500000000002
0.88 0.7260000000000008
0.89 0.6084499999999996
0.91 0.6848500000000017
0.92 0.7462000000000001
0.91 0.7381500000000016
0.92 0.7365500000000006
0.93 0.7987499999999992
0.93 0.8293999999999988
0.93 0.8555000000000011
0.93 0.8508000000000009
0.96 0.8259500000000002
0.95 0.8771499999999993
0.94 0.8669999999999987
0.94 0.7005000000000001
0.95 0.7376999999999994
0.95 0.7594999999999995
0.95 0.8295499999999982
0.95 0.8791000000000002
0.96 0.8954500000000014
0.96 0.82565
0.96 0.8818500000000005
0.96 0.8609000000000008
0.93 0.7106500000000002
0.95 0.7225500000000002
0.96 0.7534499999999993
0.95 0.6213499999999997
0.96 0.5837000000000001
0.96 0.6615500000000004
0.84 0.6241000000000003
0.84 0.6774500000000009
0.96 0.6894500000000012
0.96 0.7458499999999997
0.96 0.7560999999999994
0.96 0.7573000000000003
0.96 0.7135500000000008
0.93 0.7808000000000002
0.94 0.7774000000000002
0.94 0.8260999999999986
0.84 0.7826499999999994
0.84 0.7837499999999983
0.94 0.810149999999998
0.94 0.8459999999999982
0.94 0.8794000000000001
0.96 0.8149499999999977
0.96 0.872199999999998
0.96 0.8896500000000003
0.96 0.900000000000002
0.96 0.9112000000000013
0.94 0.9061000000000005
0.94 0.8803500000000016
0.94 0.8263999999999986
0.94 0.8182499999999981
0.84 0.8046999999999982
0.94 0.8613500000000001
0.94 0.8978000000000005
0.94 0.9119000000000003
0.94 0.8805500000000005
0.94 0.8983000000000015
0.94 0.8615499999999991
0.94 0.795849999999998
0.84 0.7198500000000013
0.84 0.7772999999999992
0.84 0.7026
0.84 0.7834999999999988
0.84 0.8086999999999986
0.84 0.8254499999999994
0.86 0.8154000000000007
0.86 0.8319500000000016
0.87 0.8380000000000023
0.9 0.8387000000000023
0.93 0.8148000000000017
0.93 0.8495000000000026
0.93 0.8160000000000028
0.93 0.8296500000000026
0.94 0.8185000000000023
0.95 0.862950000000001
0.89 0.7926000000000017
0.87 0.6832500000000007
0.94 0.7373500000000014
0.94 0.791000000000001
0.94 0.8080000000000005
0.94 0.8391000000000011
0.94 0.8448500000000013
0.94 0.7007999999999993
0.93 0.7177999999999986
0.96 0.7406499999999994
0.96 0.8067499999999987
0.95 0.7343999999999989
0.95 0.7934000000000002
0.95 0.45584999999999964
0.94 0.6149000000000003
0.91 0.45829999999999954
0.89 0.42779999999999957
0.8 0.4511999999999998
0.96 0.7570500000000006
0.96 0.8371999999999999
0.96 0.8632000000000006
0.95 0.8584500000000013
0.93 0.8295000000000005
0.94 0.8528500000000008
0.84 0.7665000000000003
0.92 0.8042500000000007
0.92 0.7972000000000002
0.92 0.825850000000002
0.92 0.849050000000002
0.92 0.8629000000000012
0.92 0.7373500000000007
0.94 0.7849000000000013
0.84 0.7902000000000016
0.84 0.8149500000000018
0.92 0.6965000000000034
0.92 0.751050000000001
0.93 0.7142500000000008
0.93 0.7138000000000023
0.93 0.6924000000000018
0.93 0.724500000000002
0.93 0.7177500000000022
0.93 0.8280499999999997
0.93 0.7957000000000005
0.94 0.8148499999999992
0.94 0.8152999999999984
0.94 0.8318499999999988
0.94 0.7970500000000004
0.89 0.7503500000000014
0.89 0.7762499999999999
0.85 0.8120499999999999
0.93 0.8204000000000016
0.93 0.8220000000000014
0.95 0.8229500000000012
0.95 0.8670000000000012
0.95 0.868650000000001
0.95 0.8415999999999991
0.93 0.6813999999999996
0.95 0.8158999999999987
0.95 0.9136000000000009
0.95 0.8591999999999997
0.95 0.8650499999999998
0.96 0.9109500000000021
0.96 0.9302500000000022
0.96 0.927350000000002
0.96 0.9374000000000012
0.96 0.9346500000000014
0.96 0.9392500000000009
0.96 0.929900000000001
0.96 0.936599999999999
0.96 0.9374999999999978
0.96 0.936649999999998
0.96 0.9444999999999973
0.96 0.9460999999999967
0.96 0.9299499999999984
0.96 0.8395000000000001
0.96 0.8834999999999996
0.96 0.9387999999999971
0.96 0.9420499999999957
0.96 0.9414499999999966
0.96 0.9484999999999988
0.97 0.9539999999999995
0.96 0.9516999999999994
0.97 0.936049999999998
0.97 0.9276999999999979
0.97 0.9488499999999999
0.97 0.9542999999999996
0.97 0.8112499999999989
0.97 0.939949999999997
0.97 0.9466999999999968
0.97 0.9506999999999993
0.97 0.9428999999999986
0.97 0.9556499999999996
0.97 0.9207499999999965
0.97 0.9345499999999987
0.97 0.9374999999999991
0.97 0.9518499999999996
0.97 0.9572999999999997
0.97 0.9147999999999983
0.97 0.9172999999999978
0.97 0.9344999999999982
0.97 0.9367499999999981
0.97 0.9320499999999996
0.97 0.9395500000000006
0.97 0.93145
0.97 0.9297
0.97 0.924149999999999
0.97 0.9612
0.97 0.9637500000000001
0.97 0.9621499999999995
0.97 0.9666999999999996
0.97 0.9672499999999996
0.97 0.9236499999999995
0.97 0.895299999999998
0.97 0.9324999999999999
0.97 0.9577000000000011
0.97 0.966950000000001
0.97 0.9627
0.97 0.9662999999999997
0.97 0.9672999999999995
0.97 0.9670499999999999
0.97 0.9636
0.97 0.8564999999999975
0.97 0.9586000000000005
0.97 0.9375499999999996
0.97 0.9631999999999998
0.97 0.9681999999999998
0.97 0.9623999999999999
0.97 0.9337000000000009
0.96 0.6103499999999995
0.96 0.7564000000000024
0.97 0.9383999999999993
0.96 0.8717500000000001
0.96 0.9157499999999997
0.96 0.9426999999999995
0.96 0.8825499999999987
0.96 0.9167499999999987
0.96 0.9345499999999997
0.96 0.9524000000000001
0.96 0.9503
0.96 0.9524000000000001
0.96 0.9152499999999993
0.96 0.8999499999999994
0.96 0.9085999999999999
0.96 0.9515000000000007
0.96 0.9505500000000003
0.96 0.9491499999999995
0.96 0.9533000000000006
0.96 0.9553500000000003
0.96 0.9513999999999995
0.96 0.9545500000000001
0.96 0.9587500000000004
0.96 0.9577000000000006
0.96 0.9546499999999999
0.96 0.9493999999999997
0.96 0.9536000000000006
0.96 0.9536500000000003
0.96 0.8017500000000024
0.96 0.9568499999999992
0.96 0.8060000000000023
0.96 0.8839499999999993
0.96 0.9094499999999991
0.97 0.9526
0.97 0.9543999999999987
0.96 0.9297999999999992
0.96 0.9137500000000006
0.96 0.9306999999999997
0.96 0.8902000000000002
0.96 0.9365500000000004
0.96 0.9309499999999999
0.97 0.9555500000000003
0.97 0.9151000000000004
0.97 0.9540499999999997
0.97 0.9560500000000003
0.97 0.7887000000000021
0.97 0.7631500000000018
0.97 0.9398499999999989
0.97 0.9420500000000008
0.97 0.5291999999999992
0.97 0.6337999999999995
0.97 0.6600000000000007
0.97 0.5999499999999995
0.97 0.6706000000000009
0.88 0.5977999999999994
0.66 0.38119999999999954
0.96 0.45634999999999964
0.71 0.5219000000000001
0.97 0.7442000000000017
0.97 0.7730500000000013
0.97 0.5106499999999996
0.97 0.5123499999999998
0.97 0.707250000000002
0.97 0.7225000000000006
0.97 0.748750000000001
0.97 0.7584500000000015
0.97 0.4265999999999996
0.97 0.7398000000000006
0.97 0.4953499999999995
0.97 0.6351
0.97 0.6672000000000016
0.97 0.6922000000000019
0.96 0.7166000000000007
0.97 0.7501500000000013
0.97 0.8057999999999985
0.97 0.8147999999999983
0.97 0.8604499999999987
0.97 0.8374499999999991
0.97 0.7194500000000024
0.96 0.7795500000000009
0.96 0.735799999999999
0.97 0.7791
0.97 0.8015500000000009
0.97 0.8955499999999991
0.97 0.6441999999999999
0.97 0.7243000000000026
0.97 0.8516999999999995
0.97 0.8211499999999998
0.97 0.8304500000000001
0.97 0.7961500000000007
0.97 0.8181500000000003
0.97 0.7643499999999996
0.97 0.8665499999999986
0.97 0.8882499999999998
0.97 0.8779
0.97 0.8856499999999992
0.97 0.8688999999999996
0.97 0.8979999999999994
0.97 0.9123999999999991
0.97 0.933849999999998
0.97 0.9239499999999999
0.97 0.9063500000000001
0.97 0.9322499999999994
0.97 0.9168000000000002
0.97 0.9229499999999996
0.97 0.8988499999999994
0.97 0.9368999999999993
0.97 0.9223999999999992
0.97 0.9093999999999991
0.97 0.9429499999999992
0.97 0.9408499999999995
0.97 0.9587999999999992
0.97 0.8895499999999998
0.97 0.9576499999999996
0.97 0.914800000000001
0.97 0.9432500000000007
0.97 0.9341499999999993
0.97 0.960199999999999
0.97 0.9407999999999999
0.97 0.7942500000000022
0.97 0.8913999999999993
0.97 0.8855499999999995
0.97 0.9020499999999996
0.97 0.8800499999999986
0.97 0.8970999999999982
0.97 0.8970999999999982
0.97 0.9079999999999978
0.97 0.9294999999999984
0.97 0.9133999999999987
0.97 0.8501999999999975
0.97 0.8453999999999978
0.97 0.7317500000000001
0.91 0.6170000000000008
0.97 0.6633500000000003
0.97 0.7542000000000009
0.97 0.6592000000000003
0.97 0.7351500000000007
0.97 0.641050000000001
0.97 0.7199999999999999
0.97 0.7712000000000004
0.97 0.7593500000000004
0.97 0.8008499999999995
0.97 0.8379999999999989
0.97 0.8443999999999986
0.97 0.866299999999999
0.97 0.9075999999999992
0.97 0.9080499999999989
0.97 0.9055499999999977
0.97 0.9345999999999975
0.97 0.9175999999999983
0.88 0.7244499999999998
0.97 0.9389000000000003
0.97 0.9507000000000001
0.96 0.754300000000001
0.97 0.7699500000000008
0.97 0.7703500000000005
0.97 0.7979499999999996
0.97 0.8278999999999992
0.97 0.8072999999999996
0.97 0.8456000000000007
0.97 0.8489500000000002
0.97 0.9125499999999989
0.97 0.9085499999999992
0.84 0.6433500000000016
0.97 0.6487
0.97 0.7431500000000013
0.97 0.8001500000000001
0.97 0.8835499999999996
0.97 0.8949999999999997
0.97 0.9198499999999973
0.97 0.9502499999999989
0.97 0.876149999999999
0.97 0.8946999999999988
0.97 0.9297999999999971
0.97 0.8564499999999978
0.97 0.7564000000000022
0.97 0.8817999999999983
0.97 0.8808499999999988
0.97 0.9525500000000009
0.97 0.9318499999999998
0.97 0.9538499999999998
0.97 0.9569500000000004
0.97 0.9609999999999996
0.97 0.9517999999999996
0.97 0.9621999999999998
0.97 0.9614499999999992
0.97 0.9641500000000007
0.97 0.961349999999999
0.97 0.9640000000000001
0.97 0.9632500000000003
0.97 0.9630500000000004
0.97 0.9622499999999994
0.97 0.9608999999999992
0.97 0.9558999999999989
0.97 0.9588499999999993
0.97 0.9636999999999994
0.97 0.892700000000001
0.97 0.9576
0.97 0.9559500000000003
0.97 0.9579500000000006
0.97 0.9244000000000001
0.97 0.9473999999999998
0.97 0.9556999999999995
0.97 0.9430999999999995
0.97 0.956849999999999
0.97 0.956799999999999
0.97 0.955449999999999
0.97 0.9203499999999984
0.97 0.9296499999999989
0.97 0.9054999999999994
0.97 0.9111999999999985
0.97 0.9620499999999992
0.97 0.9380499999999989
0.97 0.9428999999999994
0.97 0.9425500000000006
0.97 0.9461499999999987
0.97 0.9373999999999996
0.97 0.8919000000000012
0.97 0.8704000000000002
0.97 0.9267
0.97 0.9542999999999996
0.97 0.9135000000000001
0.97 0.6411499999999998
