0.74 0.37409999999999904
0.74 0.4052499999999991
0.74 0.41419999999999924
0.7 0.4270999999999997
0.78 0.4295999999999997
0.79 0.4207999999999995
0.79 0.42394999999999994
0.7 0.42089999999999983
0.7 0.4053499999999995
0.7 0.4201000000000002
0.67 0.4182999999999999
0.7 0.43805000000000044
0.77 0.43195
0.65 0.39869999999999933
0.67 0.3993999999999993
0.7 0.40730000000000005
0.67 0.41315000000000024
0.7 0.439900000000001
0.7 0.45920000000000144
0.66 0.4096499999999999
0.68 0.3973499999999995
0.66 0.39304999999999973
0.7 0.40365
0.72 0.41840000000000044
0.72 0.44535000000000124
0.78 0.44460000000000105
0.76 0.4630500000000018
0.89 0.48130000000000145
0.82 0.49400000000000055
0.89 0.5336000000000005
0.84 0.5308000000000007
0.84 0.5189500000000009
0.9 0.5162500000000008
0.9 0.536400000000001
0.78 0.5147000000000006
0.9 0.5561000000000005
0.89 0.5876499999999998
0.86 0.6183999999999998
0.86 0.6334000000000001
0.89 0.6627000000000006
0.84 0.676750000000001
0.86 0.6435000000000002
0.95 0.670000000000001
0.95 0.6663000000000013
0.94 0.6664500000000005
0.92 0.6868500000000014
0.87 0.6631000000000005
0.93 0.6959500000000008
0.91 0.6542000000000006
0.91 0.6556500000000007
0.91 0.6937500000000014
0.72 0.6550500000000015
0.7 0.5996000000000002
0.7 0.6359000000000011
0.7 0.6322000000000008
0.85 0.6681000000000019
0.85 0.6733500000000017
0.7 0.6153000000000011
0.7 0.5791000000000008
0.7 0.5672000000000006
0.7 0.630600000000001
0.7 0.6610500000000015
0.7 0.6376000000000012
0.7 0.4883000000000009
0.7 0.45535000000000025
0.7 0.5332000000000003
0.7 0.5244500000000009
0.7 0.5049500000000008
0.7 0.6143500000000001
0.7 0.5944999999999996
0.7 0.6134000000000001
0.7 0.66235
0.7 0.6668000000000006
0.7 0.672500000000001
0.7 0.6869500000000011
0.7 0.6851500000000016
0.7 0.6212000000000005
0.7 0.6728500000000008
0.7 0.6609000000000003
0.7 0.6142499999999999
0.7 0.60435
0.69 0.5887499999999994
0.69 0.6046000000000005
0.69 0.5258500000000015
0.69 0.6016999999999999
0.7 0.6398499999999995
0.7 0.6725500000000011
0.7 0.675650000000001
0.7 0.6792000000000007
0.7 0.6494499999999994
0.7 0.6753500000000011
0.7 0.6764000000000003
0.7 0.6785999999999994
0.7 0.6665999999999996
0.7 0.6798499999999997
0.7 0.6893499999999988
0.7 0.6931499999999994
0.7 0.6951000000000005
0.7 0.6974000000000008
0.7 0.6985500000000016
0.7 0.6938500000000013
0.7 0.6814500000000008
0.7 0.6939000000000013
0.7 0.6903500000000014
0.7 0.6889500000000015
0.7 0.6417500000000007
0.7 0.6962000000000017
0.7 0.6923000000000014
0.7 0.6966500000000014
0.7 0.6916000000000014
0.7 0.6942000000000015
0.7 0.5844499999999991
0.7 0.6476499999999993
0.7 0.6277999999999996
0.7 0.6338500000000007
0.7 0.5696999999999999
0.7 0.6395500000000002
0.7 0.5198000000000007
0.7 0.53655
0.69 0.46340000000000153
0.7 0.49135000000000134
0.68 0.4945000000000009
0.67 0.49860000000000054
0.67 0.5180000000000006
0.67 0.5689999999999996
0.7 0.5894499999999991
0.68 0.6112499999999996
0.69 0.6303499999999996
0.68 0.6457500000000005
0.68 0.6588500000000007
0.68 0.6666000000000012
0.68 0.671550000000001
0.69 0.669150000000001
0.68 0.6502500000000009
0.68 0.6666000000000012
0.69 0.670000000000001
0.69 0.62895
0.69 0.6041500000000005
0.69 0.6451000000000005
0.69 0.6598500000000009
0.7 0.6641500000000007
0.68 0.6532500000000012
0.69 0.6239500000000008
0.69 0.6687000000000006
0.69 0.6736000000000013
0.69 0.6775000000000021
0.69 0.6713000000000016
0.69 0.6668500000000017
0.7 0.6791500000000025
0.69 0.6806000000000025
0.69 0.626750000000001
0.69 0.6310000000000006
0.69 0.6326000000000014
0.69 0.6423000000000003
0.69 0.6628500000000014
0.69 0.6479000000000006
0.67 0.5805000000000012
0.67 0.5062
0.67 0.6366000000000007
0.68 0.6442500000000011
0.67 0.6167500000000016
0.69 0.5740000000000012
0.69 0.6338000000000006
0.7 0.6164500000000004
0.7 0.6499000000000005
0.7 0.6489500000000011
0.7 0.6574000000000005
0.69 0.6542000000000011
0.69 0.6701500000000012
0.7 0.6769500000000014
0.7 0.6530500000000012
0.7 0.6852999999999996
0.7 0.688
0.7 0.6918499999999997
0.7 0.6812500000000002
0.7 0.6840999999999989
0.7 0.6898000000000006
0.7 0.6929000000000012
0.7 0.6804000000000001
0.7 0.6618499999999993
0.7 0.6617000000000004
0.7 0.5435000000000015
0.7 0.6585500000000006
0.7 0.6817000000000007
0.7 0.6839500000000004
0.7 0.6861999999999998
0.7 0.6898500000000007
0.7 0.6653000000000004
0.7 0.6938500000000013
0.7 0.6821000000000003
0.7 0.6785500000000004
0.7 0.6685500000000006
0.7 0.6868000000000012
0.7 0.6829000000000021
0.7 0.6921000000000016
0.7 0.6858500000000007
0.7 0.6902500000000008
0.7 0.6749500000000009
0.7 0.6755000000000011
0.7 0.6751500000000015
0.7 0.6768500000000018
0.7 0.6777000000000026
0.69 0.6653000000000009
0.69 0.6740000000000004
0.7 0.6836000000000023
0.7 0.6831500000000023
0.7 0.6882500000000017
0.7 0.6919000000000018
0.7 0.6887500000000014
0.7 0.691150000000001
0.7 0.6852000000000023
0.7 0.6876000000000027
0.69 0.6641000000000004
0.69 0.654
0.69 0.6023000000000003
0.69 0.6421499999999999
0.69 0.6243000000000003
0.69 0.5329500000000013
0.7 0.6240500000000003
0.69 0.549900000000001
0.69 0.6426500000000003
0.69 0.659700000000001
0.69 0.6737500000000012
0.69 0.6752000000000008
0.69 0.6770000000000003
0.7 0.6615000000000009
0.7 0.6710500000000011
0.7 0.6686000000000011
0.7 0.6756500000000015
0.7 0.6771500000000011
0.7 0.6810000000000004
0.7 0.6795500000000011
0.7 0.6638000000000004
0.7 0.6759500000000008
0.69 0.6681000000000015
0.69 0.6682500000000006
0.69 0.6581000000000001
0.69 0.6589500000000007
0.7 0.6218499999999998
0.7 0.5372000000000016
0.7 0.6573499999999997
0.7 0.6768500000000008
0.7 0.6578500000000005
0.7 0.6586499999999996
0.7 0.6628000000000003
0.7 0.6212999999999999
0.7 0.6747000000000011
0.7 0.6767500000000015
0.69 0.6817500000000015
0.7 0.6780500000000014
0.69 0.6673000000000008
0.7 0.6754000000000009
0.7 0.6778000000000008
0.7 0.6729500000000008
0.7 0.6678000000000011
0.7 0.6627000000000015
0.7 0.6841000000000005
0.7 0.6838000000000005
0.7 0.6832500000000009
0.7 0.688499999999999
0.7 0.6879499999999997
0.7 0.671350000000001
0.7 0.6796500000000012
0.7 0.6843000000000014
0.7 0.6399999999999999
0.7 0.6699500000000016
0.7 0.6844000000000012
0.7 0.687000000000001
0.7 0.6912000000000014
0.7 0.690100000000002
0.7 0.6865500000000014
0.7 0.6937000000000019
0.7 0.6967500000000019
0.7 0.6895000000000016
0.7 0.6913000000000019
0.7 0.6929000000000022
0.7 0.6945000000000023
0.7 0.6927500000000021
0.7 0.6963000000000019
0.7 0.6959500000000021
0.7 0.6961500000000023
0.7 0.6952000000000019
0.7 0.694750000000002
0.7 0.6949000000000021
0.7 0.695150000000002
0.7 0.6958500000000015
0.7 0.692950000000002
0.7 0.6919000000000017
0.7 0.6935500000000018
0.7 0.689900000000002
0.7 0.6689500000000017
0.7 0.6126499999999983
0.7 0.6791000000000027
0.7 0.6792500000000022
0.7 0.6650500000000018
0.7 0.6806000000000023
0.7 0.6651000000000019
0.7 0.6756500000000026
0.7 0.6870500000000018
0.7 0.6843500000000025
0.7 0.6899500000000018
0.7 0.6901000000000016
0.7 0.6916000000000015
0.7 0.6891500000000018
0.7 0.6939000000000024
0.7 0.670450000000002
0.7 0.6797000000000023
0.69 0.6759500000000034
0.69 0.6794500000000034
0.69 0.6803500000000036
0.7 0.6908500000000016
0.7 0.6873000000000018
0.7 0.6801000000000017
0.7 0.6922000000000017
0.7 0.6947000000000015
0.7 0.6928500000000016
0.7 0.6906000000000019
0.7 0.6755000000000022
0.7 0.691900000000002
0.7 0.690500000000002
0.7 0.696550000000002
0.7 0.6957500000000022
0.7 0.6783500000000025
0.7 0.63785
0.7 0.6292499999999999
0.7 0.686250000000002
0.7 0.6577500000000014
0.7 0.6728000000000024
0.7 0.6343500000000001
0.7 0.5919999999999983
0.68 0.5221000000000002
0.66 0.5225000000000002
0.7 0.5823499999999988
0.7 0.6041499999999984
0.7 0.6695500000000013
0.7 0.6818500000000021
0.7 0.69025
0.7 0.684500000000001
0.7 0.6940000000000013
0.7 0.6970500000000014
0.7 0.6876000000000004
0.7 0.6877500000000021
0.7 0.6826000000000023
0.7 0.691950000000002
0.7 0.6908500000000017
0.7 0.6444000000000003
0.7 0.6927500000000016
0.7 0.6449500000000004
0.7 0.5498999999999999
0.7 0.5612499999999991
0.7 0.5595999999999991
0.68 0.5705999999999994
0.7 0.5832000000000012
0.7 0.6034499999999998
0.7 0.6361999999999994
0.7 0.6597500000000003
0.7 0.65235
0.7 0.6543499999999998
0.7 0.6507499999999999
0.7 0.653150000000001
0.7 0.6795000000000012
0.7 0.6911000000000006
0.7 0.6740500000000018
0.7 0.6841000000000009
0.7 0.6969500000000015
0.7 0.6940500000000007
0.7 0.6966000000000012
0.7 0.693600000000001
0.7 0.688000000000001
0.7 0.691000000000001
0.7 0.6802000000000017
0.7 0.6891500000000018
0.7 0.6940000000000016
0.7 0.6957500000000016
0.7 0.698200000000001
0.7 0.6940000000000013
0.7 0.6948500000000011
0.7 0.6929500000000018
0.7 0.6912000000000015
0.7 0.6198000000000006
0.7 0.6529000000000008
0.68 0.5717
0.7 0.6620000000000006
0.7 0.681250000000001
0.7 0.6882000000000015
0.7 0.6929500000000008
0.7 0.6904500000000016
0.7 0.6736499999999996
0.7 0.6733500000000003
0.7 0.6929499999999997
0.7 0.668800000000001
0.7 0.6746500000000013
0.7 0.687650000000001
0.7 0.6921000000000015
0.7 0.6801000000000017
0.7 0.6940500000000013
0.7 0.6837500000000019
0.7 0.6919000000000011
0.7 0.6897500000000018
0.7 0.5854000000000006
0.7 0.6796000000000012
0.7 0.6242000000000008
0.7 0.6291000000000008
0.7 0.6407500000000012
0.7 0.6729000000000014
0.7 0.680100000000002
0.7 0.6868500000000017
0.7 0.6944000000000013
0.7 0.6955500000000018
0.7 0.6881500000000018
0.7 0.6901500000000012
0.7 0.6916500000000014
0.7 0.6923500000000017
0.7 0.6301000000000011
0.7 0.6224000000000018
0.7 0.5574500000000011
0.7 0.5949500000000012
0.7 0.6468500000000011
0.7 0.567250000000001
0.7 0.5667500000000006
0.7 0.5111500000000018
0.7 0.615600000000001
0.7 0.4526500000000009
0.7 0.4806500000000018
0.7 0.500200000000002
0.7 0.5257500000000019
0.7 0.560500000000001
0.7 0.5157000000000006
0.7 0.557800000000001
0.7 0.5903500000000004
0.7 0.6059000000000001
0.7 0.6186999999999999
0.7 0.6266
0.66 0.440400000000001
0.68 0.4654500000000014
0.68 0.4930000000000003
0.68 0.5116499999999999
0.7 0.6458000000000009
0.7 0.6459000000000017
0.7 0.6624000000000015
0.7 0.6641500000000015
0.7 0.6670500000000006
0.7 0.6751999999999998
0.7 0.6482499999999999
0.7 0.5284999999999989
0.7 0.5467999999999995
0.7 0.5331000000000006
0.7 0.6217999999999997
0.7 0.6149999999999998
0.7 0.6322499999999998
0.7 0.5578500000000013
0.69 0.5003000000000022
0.7 0.49850000000000194
0.7 0.538050000000001
0.7 0.61155
0.69 0.46840000000000137
0.7 0.546050000000001
0.7 0.6302500000000002
0.67 0.4753500000000011
0.67 0.4783500000000013
0.67 0.5320000000000008
0.68 0.5530500000000004
0.68 0.5813999999999993
0.68 0.5914999999999996
0.68 0.6174500000000003
0.68 0.63495
0.68 0.6421500000000003
0.69 0.6496500000000007
0.69 0.6648500000000004
0.69 0.6543500000000003
0.69 0.6637000000000002
0.67 0.6526
0.68 0.6471000000000005
0.68 0.6565000000000009
0.67 0.6615000000000008
0.67 0.6657500000000012
0.69 0.6577500000000011
0.68 0.6182500000000015
0.67 0.6273000000000016
0.67 0.6313500000000016
0.67 0.6513000000000013
0.67 0.6646000000000014
0.67 0.6578000000000014
0.67 0.6668000000000014
0.67 0.6614000000000014
0.67 0.6476000000000016
0.67 0.6553000000000015
0.67 0.6536000000000014
0.67 0.6480000000000016
0.67 0.6549500000000014
0.67 0.6630000000000013
0.67 0.6576500000000013
0.67 0.6633500000000017
0.67 0.6591500000000015
0.67 0.6594500000000015
0.67 0.6480000000000014
0.67 0.6614000000000018
0.68 0.6696500000000011
0.67 0.6661500000000011
0.68 0.6688500000000009
