0.86 0.41457000000000116
0.86 0.46429000000000253
0.94 0.49460000000000204
0.94 0.528670000000002
0.97 0.5549600000000007
0.97 0.5785000000000011
0.97 0.6157700000000013
0.97 0.6419899999999988
0.97 0.6465199999999992
0.97 0.6662400000000029
0.97 0.6787700000000041
0.97 0.6895400000000033
0.97 0.7102900000000082
0.98 0.7278900000000081
0.98 0.7340300000000063
0.98 0.7340000000000068
0.98 0.7377300000000069
0.98 0.7363000000000072
0.98 0.7615300000000055
0.98 0.762650000000004
0.98 0.753660000000005
0.98 0.7581200000000036
0.98 0.7628900000000051
0.98 0.7777000000000046
0.98 0.783120000000005
0.98 0.7982700000000035
0.98 0.7909300000000034
0.98 0.8089500000000038
0.98 0.8158500000000015
0.98 0.8125200000000016
0.98 0.8271700000000043
0.98 0.8338200000000048
0.98 0.8404200000000038
0.98 0.8417800000000026
0.98 0.8545400000000034
0.98 0.8546600000000021
0.98 0.8654600000000002
0.98 0.8603199999999993
0.98 0.8559099999999998
0.98 0.8592099999999996
0.98 0.8508900000000009
0.98 0.8474100000000008
0.98 0.8439700000000017
0.98 0.8496699999999994
0.98 0.8528499999999981
0.98 0.8613599999999967
0.98 0.8567299999999984
0.98 0.8629699999999979
0.99 0.8530299999999963
0.99 0.8558799999999984
0.99 0.8598599999999971
0.99 0.8688699999999984
0.99 0.8622300000000012
0.99 0.8663300000000004
0.99 0.8650999999999991
0.99 0.8741500000000042
0.99 0.869550000000003
0.99 0.8676000000000035
0.99 0.8659200000000026
0.99 0.8709300000000066
0.99 0.8755000000000069
0.99 0.862990000000007
0.99 0.8716900000000088
0.99 0.874450000000009
0.99 0.8803000000000082
0.99 0.8640800000000058
0.99 0.863430000000007
0.99 0.861240000000004
0.99 0.8694200000000046
0.99 0.868680000000008
0.99 0.8751700000000088
0.99 0.8747400000000081
0.99 0.8759500000000083
0.99 0.8760800000000087
0.99 0.8801800000000086
0.99 0.8799000000000085
0.99 0.8791100000000087
0.99 0.8876900000000093
0.99 0.8790400000000089
0.99 0.8875300000000098
0.99 0.8878800000000094
0.99 0.8970700000000108
0.99 0.8845500000000093
0.99 0.8913100000000092
0.99 0.8855100000000099
0.99 0.8809000000000106
0.99 0.8722400000000103
0.99 0.8828300000000115
0.99 0.8748700000000088
0.99 0.8726800000000061
0.99 0.8830300000000079
0.99 0.8812800000000106
0.99 0.8823400000000107
0.99 0.8897300000000117
0.99 0.8853600000000118
0.99 0.8817700000000099
0.99 0.8795300000000076
0.99 0.8741400000000037
0.99 0.8860000000000072
0.99 0.8799600000000067
