0.84 0.4113799999999956
0.87 0.4526999999999964
0.87 0.4823899999999981
0.91 0.5055799999999976
0.94 0.5301899999999992
0.96 0.5622800000000044
0.96 0.5840500000000011
0.96 0.6048900000000031
0.96 0.6270600000000022
0.96 0.6431700000000039
0.96 0.6514800000000063
0.97 0.663660000000008
0.97 0.6759600000000086
0.98 0.695460000000005
0.98 0.7001500000000047
0.98 0.7108800000000016
0.98 0.7132800000000012
0.98 0.7198199999999988
0.98 0.7246899999999966
0.98 0.730429999999997
0.98 0.7377599999999943
0.98 0.7500899999999918
0.98 0.7513699999999917
0.98 0.7425799999999937
0.98 0.7564899999999917
0.98 0.7623999999999909
0.98 0.7803599999999925
0.98 0.7873899999999944
0.98 0.7968699999999955
0.98 0.805799999999993
0.98 0.8147399999999957
0.98 0.819719999999997
0.98 0.8260099999999966
0.98 0.8363599999999982
0.98 0.846149999999998
0.98 0.8516099999999968
0.98 0.8511799999999986
0.98 0.8428799999999965
0.98 0.8553499999999946
0.98 0.8539099999999941
0.98 0.8504699999999962
0.98 0.8558399999999962
0.98 0.8488899999999968
0.98 0.8426799999999964
0.98 0.8583099999999952
0.98 0.8683299999999959
0.98 0.8674599999999947
0.98 0.8651299999999945
0.98 0.8725899999999932
0.98 0.8705699999999932
0.98 0.8774599999999922
0.98 0.8708999999999913
0.98 0.8773699999999925
0.98 0.8749999999999927
0.98 0.8818199999999945
0.98 0.8843499999999955
0.98 0.8894499999999966
0.98 0.8806299999999952
0.98 0.8766699999999937
0.98 0.8726499999999894
0.98 0.8746699999999922
0.98 0.8795599999999918
0.98 0.8700799999999901
0.98 0.8664699999999914
0.98 0.8607599999999919
0.98 0.8682399999999927
0.98 0.8643599999999925
0.98 0.8725699999999897
0.99 0.8801099999999936
0.99 0.8697799999999907
0.99 0.8774199999999921
0.99 0.8770299999999899
0.99 0.8775799999999929
0.99 0.8736899999999922
0.99 0.8652199999999933
0.99 0.8662899999999923
0.99 0.8748899999999917
0.99 0.8646799999999899
0.99 0.8724699999999909
0.99 0.8699499999999912
0.99 0.8767399999999921
0.99 0.8734399999999914
0.99 0.8776499999999905
0.99 0.869819999999991
0.99 0.8797299999999916
0.99 0.8855599999999934
0.99 0.8707499999999935
0.99 0.868719999999993
0.99 0.872269999999993
0.99 0.8733499999999911
0.99 0.8566399999999926
0.99 0.8718799999999911
0.99 0.8719499999999933
0.99 0.8700799999999916
0.99 0.8736199999999927
0.99 0.8765699999999926
0.99 0.8737699999999928
0.99 0.8757699999999918
0.99 0.8822099999999929
0.99 0.8789199999999923
