0.89 0.41726000000000124
0.89 0.46200000000000246
0.89 0.49411000000000277
0.89 0.5240900000000005
0.89 0.5503000000000011
0.94 0.5686700000000001
0.94 0.5865300000000002
0.96 0.6007300000000036
0.96 0.6203600000000026
0.96 0.6423300000000037
0.96 0.6530300000000018
0.96 0.657750000000003
0.96 0.6631400000000015
0.99 0.6859999999999973
0.99 0.6909699999999961
0.99 0.710759999999993
0.99 0.7201999999999904
0.99 0.7181199999999948
0.99 0.7270299999999962
0.99 0.723319999999999
0.99 0.7268299999999983
0.99 0.7257799999999992
0.99 0.7298499999999984
0.99 0.7237099999999986
0.99 0.736110000000001
0.99 0.7436600000000019
0.99 0.7497100000000054
0.99 0.7462600000000044
0.99 0.7396200000000028
0.99 0.7396500000000014
0.99 0.747960000000002
0.99 0.7522800000000052
0.99 0.7470800000000049
0.99 0.7428600000000011
0.99 0.7453500000000042
0.99 0.7628000000000088
0.99 0.7625900000000061
0.99 0.7604100000000044
0.99 0.7525000000000017
0.99 0.755820000000004
0.99 0.7489300000000011
0.99 0.7577200000000062
0.99 0.758790000000007
0.99 0.7684100000000094
0.99 0.7661100000000085
0.99 0.7765500000000095
0.99 0.7770800000000075
0.99 0.7728000000000079
0.99 0.7743700000000081
0.99 0.7694900000000059
0.99 0.7689600000000054
0.99 0.7826100000000072
0.99 0.7819600000000053
0.99 0.790710000000004
0.99 0.7913700000000028
0.99 0.7940000000000041
0.99 0.7971200000000047
0.99 0.8029500000000047
0.99 0.7978400000000043
0.99 0.8036000000000039
0.99 0.8037800000000027
0.99 0.8045400000000008
0.99 0.8047200000000021
0.99 0.8050999999999999
0.99 0.8189000000000007
0.99 0.8223700000000006
0.99 0.8298300000000017
0.99 0.8306900000000011
0.99 0.8340600000000014
0.99 0.8417399999999999
0.99 0.8333499999999993
0.99 0.836780000000002
0.99 0.8372300000000023
0.99 0.8489300000000003
0.99 0.8537499999999999
0.99 0.8532199999999988
0.99 0.8534200000000005
0.99 0.8583599999999981
0.99 0.8553800000000009
0.99 0.857019999999998
0.99 0.8533599999999989
0.99 0.8573899999999979
0.99 0.8599399999999953
0.99 0.8691199999999955
0.99 0.8620699999999951
0.99 0.8576999999999984
0.99 0.8581299999999957
0.99 0.858799999999995
0.99 0.8468099999999974
0.99 0.8607999999999959
0.99 0.8732399999999946
0.99 0.8612099999999955
0.99 0.8538499999999963
0.99 0.859569999999996
0.99 0.8602299999999952
0.99 0.8610499999999967
0.99 0.8553199999999983
0.99 0.8439399999999984
0.99 0.8506499999999988
0.99 0.8593199999999969
