0.4 0.6338000000000001
0.4 0.6044000000000004
0.33999999999999997 0.6228000000000008
0.31999999999999995 0.6180000000000008
0.4 0.5738000000000008
0.24 0.5758000000000006
0.4 0.6122000000000007
0.4 0.589000000000001
0.4 0.610800000000001
0.09999999999999998 0.5964000000000012
0.4 0.6319000000000011
0.28 0.6026000000000011
0.33999999999999997 0.5881000000000013
0.24 0.6065000000000006
0.31999999999999995 0.6134000000000008
0.36 0.6366000000000014
0.4 0.6190000000000012
0.4 0.6417000000000015
0.43999999999999995 0.6077000000000006
0.4 0.6455000000000014
0.24 0.6031000000000012
0.4 0.6294000000000015
0.4 0.6076000000000014
0.16000000000000003 0.5912000000000014
0.4 0.6320000000000013
0.19999999999999996 0.604300000000001
0.4 0.5795000000000006
0.4 0.5982000000000013
0.4 0.6008000000000012
0.18000000000000005 0.5890000000000007
0.4 0.6150000000000011
0.4 0.5988000000000011
0.33999999999999997 0.5593000000000007
0.28 0.5914000000000007
0.30000000000000004 0.5830000000000004
0.4 0.5450000000000005
0.26 0.5182000000000007
0.09999999999999998 0.5439000000000005
0.09999999999999998 0.5573000000000009
0.12 0.5244000000000006
0.09999999999999998 0.5123000000000008
0.09999999999999998 0.48400000000000043
0.09999999999999998 0.4742000000000004
0.09999999999999998 0.44010000000000027
0.040000000000000036 0.4000000000000005
0.06000000000000005 0.42970000000000036
0.06000000000000005 0.29870000000000013
0.06000000000000005 0.24750000000000014
0.09999999999999998 0.2663000000000002
0.09999999999999998 0.28050000000000047
0.040000000000000036 0.2596000000000003
0.09999999999999998 0.25340000000000046
0.040000000000000036 0.23010000000000028
0.07999999999999996 0.21920000000000006
0.040000000000000036 0.2411000000000003
0.09999999999999998 0.17270000000000008
0.09999999999999998 0.15159999999999985
0.09999999999999998 0.18059999999999996
0.09999999999999998 0.15250000000000002
0.06000000000000005 0.16750000000000007
0.040000000000000036 0.3224000000000008
0.07999999999999996 0.38810000000000033
0.09999999999999998 0.3779000000000004
0.09999999999999998 0.3193000000000004
0.09999999999999998 0.41419999999999957
0.07999999999999996 0.2751000000000003
0.09999999999999998 0.21500000000000002
0.09999999999999998 0.26049999999999995
0.09999999999999998 0.42900000000000044
0.09999999999999998 0.4007000000000003
0.09999999999999998 0.42040000000000044
0.07999999999999996 0.34929999999999994
0.07999999999999996 0.3918999999999999
0.040000000000000036 0.41950000000000004
0.040000000000000036 0.3556999999999999
0.040000000000000036 0.3856000000000002
0.040000000000000036 0.2715000000000001
0.040000000000000036 0.32520000000000054
0.040000000000000036 0.23680000000000054
0.040000000000000036 0.17429999999999984
0.040000000000000036 0.17029999999999995
0.040000000000000036 0.20990000000000006
0.040000000000000036 0.2703999999999999
0.040000000000000036 0.31650000000000017
0.040000000000000036 0.19380000000000006
0.040000000000000036 0.18420000000000003
0.040000000000000036 0.12799999999999997
0.040000000000000036 0.2427000000000004
0.040000000000000036 0.21370000000000022
0.040000000000000036 0.32860000000000034
0.040000000000000036 0.23650000000000027
0.040000000000000036 0.3677000000000008
0.040000000000000036 0.3078000000000005
0.16000000000000003 0.5021000000000001
0.33999999999999997 0.5160000000000005
0.33999999999999997 0.47790000000000055
0.33999999999999997 0.45180000000000087
0.33999999999999997 0.5550000000000006
0.33999999999999997 0.5089000000000001
0.33999999999999997 0.39590000000000086
0.33999999999999997 0.3681000000000012
0.33999999999999997 0.35440000000000127
0.040000000000000036 0.31770000000000137
0.33999999999999997 0.3463000000000015
0.33999999999999997 0.34540000000000165
0.040000000000000036 0.30920000000000125
0.040000000000000036 0.273500000000001
0.040000000000000036 0.24490000000000076
0.040000000000000036 0.23030000000000073
0.040000000000000036 0.2123000000000003
0.040000000000000036 0.1928000000000002
0.040000000000000036 0.2092000000000002
0.040000000000000036 0.14750000000000016
0.040000000000000036 0.11300000000000007
0.040000000000000036 0.11560000000000008
0.040000000000000036 0.11190000000000005
0.040000000000000036 0.10310000000000002
0.040000000000000036 0.1159
0.16000000000000003 0.3294000000000014
0.040000000000000036 0.10040000000000003
0.040000000000000036 0.09710000000000006
0.24 0.33840000000000126
0.24 0.3892000000000005
0.33999999999999997 0.3601000000000012
0.24 0.3506000000000013
0.24 0.34760000000000146
0.24 0.3429000000000015
0.33999999999999997 0.38470000000000126
0.33999999999999997 0.38050000000000067
0.33999999999999997 0.4168000000000006
0.33999999999999997 0.3803000000000009
0.33999999999999997 0.35460000000000114
0.33999999999999997 0.35320000000000135
0.33999999999999997 0.34820000000000134
0.33999999999999997 0.3727000000000016
0.33999999999999997 0.34520000000000167
0.33999999999999997 0.34410000000000174
0.33999999999999997 0.34120000000000167
0.040000000000000036 0.3299000000000015
0.040000000000000036 0.32270000000000143
0.040000000000000036 0.3203000000000014
0.040000000000000036 0.30730000000000124
0.040000000000000036 0.30670000000000125
0.040000000000000036 0.2644000000000009
0.040000000000000036 0.33640000000000064
0.040000000000000036 0.34590000000000015
0.040000000000000036 0.2593
0.040000000000000036 0.30590000000000056
0.040000000000000036 0.17020000000000013
0.040000000000000036 0.11599999999999998
0.040000000000000036 0.09189999999999998
0.040000000000000036 0.07320000000000002
0.040000000000000036 0.07550000000000003
0.040000000000000036 0.07060000000000001
0.040000000000000036 0.10210000000000001
0.040000000000000036 0.24350000000000027
0.040000000000000036 0.3202000000000006
0.040000000000000036 0.34520000000000123
0.040000000000000036 0.20920000000000016
0.040000000000000036 0.1399
0.040000000000000036 0.41920000000000085
0.040000000000000036 0.4160000000000012
0.040000000000000036 0.171
0.040000000000000036 0.3303000000000013
0.040000000000000036 0.3101000000000012
0.07999999999999996 0.3289000000000016
0.33999999999999997 0.34580000000000155
0.33999999999999997 0.34290000000000165
0.33999999999999997 0.34020000000000167
0.16000000000000003 0.33800000000000163
0.16000000000000003 0.3621000000000015
0.30000000000000004 0.34700000000000175
0.16000000000000003 0.33690000000000125
0.16000000000000003 0.4261000000000014
0.33999999999999997 0.691800000000001
0.33999999999999997 0.6982000000000009
0.33999999999999997 0.6721000000000013
0.33999999999999997 0.691000000000001
0.7 0.7000000000000008
0.7 0.7000000000000008
0.7 0.7000000000000008
0.7 0.7000000000000008
0.7 0.7000000000000008
0.7 0.7000000000000008
0.7 0.7000000000000008
0.7 0.7000000000000008
0.33999999999999997 0.5771000000000015
0.33999999999999997 0.4763000000000007
0.33999999999999997 0.4365000000000008
0.26 0.403300000000001
0.040000000000000036 0.3209000000000008
0.040000000000000036 0.29170000000000057
0.040000000000000036 0.2937000000000007
0.040000000000000036 0.2383000000000003
0.040000000000000036 0.20670000000000016
0.040000000000000036 0.18270000000000014
0.040000000000000036 0.13109999999999997
0.040000000000000036 0.08620000000000004
0.040000000000000036 0.08630000000000004
0.040000000000000036 0.0815
0.07999999999999996 0.31740000000000135
0.040000000000000036 0.12579999999999994
0.040000000000000036 0.12409999999999999
0.040000000000000036 0.16349999999999995
0.040000000000000036 0.11840000000000002
0.040000000000000036 0.059600000000000014
0.040000000000000036 0.11769999999999997
0.040000000000000036 0.14479999999999996
0.040000000000000036 0.20110000000000006
0.040000000000000036 0.3127000000000002
0.040000000000000036 0.2440000000000001
0.06000000000000005 0.15119999999999997
0.06000000000000005 0.1027
0.33999999999999997 0.39090000000000147
0.33999999999999997 0.34530000000000144
0.33999999999999997 0.3425000000000016
0.33999999999999997 0.3414000000000017
0.33999999999999997 0.3463000000000015
0.040000000000000036 0.17610000000000015
0.040000000000000036 0.2257000000000002
0.040000000000000036 0.09260000000000003
0.040000000000000036 0.054400000000000046
0.040000000000000036 0.19690000000000007
0.040000000000000036 0.050800000000000026
0.040000000000000036 0.07530000000000003
0.040000000000000036 0.1912000000000001
0.040000000000000036 0.12629999999999997
0.040000000000000036 0.049600000000000054
0.040000000000000036 0.0685
0.040000000000000036 0.05010000000000003
0.040000000000000036 0.04880000000000005
0.040000000000000036 0.04610000000000004
0.040000000000000036 0.04420000000000004
0.040000000000000036 0.04530000000000005
0.040000000000000036 0.12719999999999998
0.040000000000000036 0.05300000000000003
0.040000000000000036 0.05230000000000004
0.040000000000000036 0.07930000000000001
0.040000000000000036 0.12240000000000005
0.040000000000000036 0.4741000000000009
0.040000000000000036 0.14080000000000004
0.040000000000000036 0.09440000000000001
0.040000000000000036 0.13579999999999998
0.040000000000000036 0.1515
0.040000000000000036 0.11329999999999998
0.040000000000000036 0.1993000000000002
0.040000000000000036 0.2246000000000002
0.040000000000000036 0.5447000000000012
0.040000000000000036 0.4778000000000012
0.040000000000000036 0.41610000000000097
0.040000000000000036 0.2481000000000004
0.040000000000000036 0.22490000000000024
0.040000000000000036 0.10840000000000001
0.040000000000000036 0.07299999999999998
0.040000000000000036 0.1650999999999999
0.040000000000000036 0.09469999999999996
0.040000000000000036 0.15999999999999992
0.040000000000000036 0.6336000000000017
0.7 0.7000000000000008
0.7 0.7000000000000008
0.7 0.7002000000000009
0.7 0.7000000000000008
0.040000000000000036 0.2122000000000002
0.7 0.7000000000000008
0.7 0.7000000000000008
0.7 0.7000000000000008
0.040000000000000036 0.1436000000000001
0.040000000000000036 0.6112000000000016
0.7 0.7000000000000008
0.7 0.7000000000000008
0.7 0.7000000000000008
0.7 0.7000000000000008
0.7 0.7000000000000008
0.7 0.7000000000000008
0.33999999999999997 0.682300000000001
0.040000000000000036 0.18750000000000014
0.33999999999999997 0.689900000000001
0.040000000000000036 0.2531000000000003
0.040000000000000036 0.10120000000000003
0.040000000000000036 0.08280000000000004
0.33999999999999997 0.6946000000000009
0.040000000000000036 0.5558000000000015
0.7 0.7000000000000008
0.7 0.7000000000000008
0.7 0.7000000000000008
0.7 0.7000000000000008
0.7 0.7000000000000008
0.7 0.7002000000000008
0.7 0.7000000000000008
0.040000000000000036 0.6766000000000012
0.040000000000000036 0.32120000000000054
0.040000000000000036 0.6658000000000014
0.040000000000000036 0.14220000000000002
0.040000000000000036 0.1266
0.040000000000000036 0.06100000000000001
0.040000000000000036 0.0877
0.040000000000000036 0.059700000000000024
0.040000000000000036 0.04379999999999998
0.040000000000000036 0.04560000000000003
0.040000000000000036 0.09519999999999999
0.040000000000000036 0.05200000000000005
0.040000000000000036 0.09669999999999998
0.040000000000000036 0.20300000000000012
0.040000000000000036 0.12589999999999996
0.040000000000000036 0.07280000000000003
0.040000000000000036 0.07430000000000005
0.040000000000000036 0.05380000000000005
0.040000000000000036 0.04550000000000004
0.040000000000000036 0.04750000000000004
0.040000000000000036 0.1054
0.040000000000000036 0.05050000000000005
0.040000000000000036 0.04450000000000004
0.040000000000000036 0.04030000000000003
0.040000000000000036 0.052900000000000065
0.040000000000000036 0.048300000000000044
0.040000000000000036 0.04550000000000001
0.040000000000000036 0.042300000000000025
0.06000000000000005 0.048800000000000024
0.040000000000000036 0.05840000000000003
0.040000000000000036 0.046300000000000036
0.040000000000000036 0.05440000000000004
0.040000000000000036 0.051500000000000046
0.040000000000000036 0.05080000000000005
0.040000000000000036 0.05480000000000003
0.040000000000000036 0.045200000000000025
0.040000000000000036 0.04360000000000003
0.040000000000000036 0.2106000000000001
0.040000000000000036 0.21160000000000012
0.040000000000000036 0.17090000000000002
0.040000000000000036 0.1256
0.040000000000000036 0.14049999999999996
0.040000000000000036 0.06250000000000001
0.040000000000000036 0.04680000000000004
0.040000000000000036 0.046300000000000015
0.040000000000000036 0.04869999999999999
0.040000000000000036 0.04379999999999999
0.040000000000000036 0.04600000000000002
0.040000000000000036 0.04880000000000002
0.040000000000000036 0.04300000000000002
0.040000000000000036 0.044500000000000005
0.040000000000000036 0.09299999999999999
0.040000000000000036 0.23650000000000024
0.040000000000000036 0.13260000000000002
0.040000000000000036 0.08610000000000002
0.040000000000000036 0.06380000000000002
0.040000000000000036 0.053000000000000054
0.040000000000000036 0.09759999999999999
0.040000000000000036 0.08180000000000004
0.040000000000000036 0.16919999999999993
0.040000000000000036 0.07240000000000003
0.040000000000000036 0.18140000000000003
0.040000000000000036 0.47820000000000124
0.33999999999999997 0.6909000000000011
0.33999999999999997 0.6812000000000011
0.33999999999999997 0.6693000000000012
0.33999999999999997 0.6447000000000009
0.07999999999999996 0.6105000000000005
0.07999999999999996 0.5675
0.07999999999999996 0.5074999999999998
0.040000000000000036 0.45790000000000064
0.040000000000000036 0.43360000000000054
0.040000000000000036 0.36170000000000024
0.040000000000000036 0.3044000000000003
0.040000000000000036 0.22480000000000014
0.040000000000000036 0.17429999999999995
0.040000000000000036 0.1142
0.040000000000000036 0.5877000000000016
0.040000000000000036 0.5406000000000014
0.7 0.7000000000000008
0.7 0.7000000000000008
0.040000000000000036 0.6898000000000011
0.7 0.7003000000000008
0.7 0.7000000000000008
0.7 0.7000000000000008
0.7 0.7002000000000008
0.7 0.7008000000000009
0.7 0.7007000000000008
0.7 0.7005000000000007
0.7 0.7001000000000007
0.7 0.7000000000000008
0.7 0.7000000000000008
0.7 0.7000000000000008
0.7 0.7000000000000008
0.040000000000000036 0.6410000000000018
0.72 0.7001000000000007
0.72 0.7003000000000008
0.72 0.7012000000000009
0.72 0.7005000000000008
0.72 0.7009000000000007
0.72 0.7015000000000008
0.45999999999999996 0.6985000000000008
0.72 0.7017000000000009
0.7 0.7010000000000008
0.33999999999999997 0.6957000000000011
0.7 0.702700000000001
0.7 0.7036000000000009
0.7 0.703600000000001
0.7 0.7013000000000008
0.7 0.7000000000000008
0.7 0.7009000000000009
0.45999999999999996 0.6966000000000007
0.45999999999999996 0.6915000000000007
0.45999999999999996 0.6795000000000009
0.4 0.6613000000000012
0.040000000000000036 0.5046000000000006
0.040000000000000036 0.4109
0.040000000000000036 0.34140000000000065
0.040000000000000036 0.2922000000000007
0.040000000000000036 0.3467000000000008
0.040000000000000036 0.2560000000000004
0.040000000000000036 0.19100000000000017
0.040000000000000036 0.16280000000000006
0.040000000000000036 0.1179
0.040000000000000036 0.07250000000000006
0.040000000000000036 0.058800000000000054
0.040000000000000036 0.045800000000000035
0.040000000000000036 0.04780000000000002
0.040000000000000036 0.044700000000000045
0.040000000000000036 0.054600000000000024
0.040000000000000036 0.04740000000000004
0.040000000000000036 0.0738
0.040000000000000036 0.05840000000000003
0.040000000000000036 0.05379999999999999
0.040000000000000036 0.07220000000000001
0.040000000000000036 0.05770000000000002
0.040000000000000036 0.05940000000000003
0.040000000000000036 0.04740000000000004
0.040000000000000036 0.04660000000000003
0.040000000000000036 0.045500000000000033
0.040000000000000036 0.042200000000000015
0.040000000000000036 0.04980000000000003
0.040000000000000036 0.06110000000000003
0.040000000000000036 0.0879
0.040000000000000036 0.42480000000000095
0.040000000000000036 0.2241000000000002
0.040000000000000036 0.22000000000000022
0.040000000000000036 0.10020000000000005
0.040000000000000036 0.09640000000000003
0.040000000000000036 0.06280000000000004
0.040000000000000036 0.05660000000000005
0.040000000000000036 0.06460000000000003
0.040000000000000036 0.052100000000000014
0.040000000000000036 0.043000000000000045
0.040000000000000036 0.04270000000000003
0.040000000000000036 0.047200000000000034
0.040000000000000036 0.05140000000000003
0.040000000000000036 0.05370000000000004
0.040000000000000036 0.042600000000000034
0.040000000000000036 0.05570000000000004
0.040000000000000036 0.09170000000000002
0.040000000000000036 0.047800000000000044
0.040000000000000036 0.06040000000000003
0.040000000000000036 0.04950000000000004
0.040000000000000036 0.04970000000000004
0.040000000000000036 0.04450000000000004
0.040000000000000036 0.041600000000000026
0.040000000000000036 0.07190000000000002
0.040000000000000036 0.05280000000000003
0.040000000000000036 0.056900000000000034
0.040000000000000036 0.08290000000000002
0.040000000000000036 0.04210000000000003
0.040000000000000036 0.05750000000000002
0.040000000000000036 0.042600000000000034
0.040000000000000036 0.04070000000000004
0.040000000000000036 0.04640000000000004
0.040000000000000036 0.0924
0.040000000000000036 0.1026
0.040000000000000036 0.06060000000000002
0.040000000000000036 0.04470000000000003
0.040000000000000036 0.12009999999999996
0.040000000000000036 0.1791
0.040000000000000036 0.11609999999999995
0.040000000000000036 0.0834
0.040000000000000036 0.07120000000000001
0.040000000000000036 0.058500000000000024
0.040000000000000036 0.07660000000000002
0.040000000000000036 0.08439999999999999
0.040000000000000036 0.0944
0.040000000000000036 0.061200000000000025
0.040000000000000036 0.4968000000000013
0.040000000000000036 0.3804000000000008
0.040000000000000036 0.16219999999999998
0.040000000000000036 0.13879999999999998
0.040000000000000036 0.10490000000000001
0.040000000000000036 0.14539999999999997
0.56 0.6603000000000019
0.33999999999999997 0.448500000000001
0.33999999999999997 0.39560000000000156
0.33999999999999997 0.37760000000000155
0.33999999999999997 0.37680000000000147
0.040000000000000036 0.28680000000000044
0.040000000000000036 0.11250000000000003
0.040000000000000036 0.10110000000000001
0.040000000000000036 0.1023
0.040000000000000036 0.15560000000000002
0.040000000000000036 0.5381999999999998
0.33999999999999997 0.4206000000000006
0.33999999999999997 0.3970000000000007
0.36 0.5619000000000003
0.040000000000000036 0.148
