0.67 0.3763500000000001
0.67 0.4122999999999996
0.77 0.44145000000000034
0.86 0.4515500000000003
0.67 0.3939000000000003
0.68 0.4002500000000006
0.78 0.4121000000000004
0.67 0.4191500000000006
0.78 0.3956500000000009
0.67 0.3720500000000014
0.68 0.4222000000000009
0.67 0.4097000000000012
0.74 0.4758000000000005
0.74 0.43940000000000057
0.67 0.4498000000000003
0.84 0.44110000000000077
0.68 0.3975000000000012
0.79 0.40990000000000093
0.86 0.40695000000000126
0.63 0.3951000000000012
0.67 0.4012000000000011
0.67 0.3823000000000012
0.88 0.4647500000000005
0.85 0.4741000000000005
0.73 0.45309999999999995
0.72 0.49405000000000066
0.71 0.4760999999999999
0.67 0.5318500000000004
0.67 0.5638
0.67 0.46384999999999954
0.67 0.4932499999999996
0.67 0.434650000000001
0.67 0.45300000000000046
0.67 0.4595500000000007
0.67 0.50455
0.67 0.456100000000001
0.71 0.5071000000000001
0.71 0.5069500000000012
0.71 0.5242500000000009
0.71 0.4630500000000014
0.67 0.44345000000000145
0.8 0.43570000000000175
0.67 0.41700000000000137
0.61 0.4102500000000006
0.64 0.43550000000000033
0.85 0.4948000000000002
0.84 0.46075000000000094
0.69 0.4919500000000007
0.67 0.5140500000000007
0.71 0.518400000000001
0.87 0.5504499999999996
0.87 0.5700500000000001
0.96 0.6093999999999995
0.67 0.5339499999999997
0.67 0.5561999999999995
0.96 0.6239000000000003
0.96 0.6293500000000006
0.96 0.6758500000000008
0.96 0.7038500000000008
0.97 0.6934000000000005
