0.84 0.419740000000003
0.87 0.4531700000000043
0.87 0.4799000000000038
0.93 0.5183500000000013
0.93 0.5389300000000029
0.96 0.5624600000000015
0.96 0.5866599999999986
0.96 0.6079100000000024
0.96 0.6333000000000045
0.96 0.649010000000004
0.96 0.6646300000000032
0.96 0.6819400000000027
0.96 0.6868199999999987
0.98 0.7087799999999946
0.98 0.714569999999994
0.98 0.7214299999999931
0.98 0.7214999999999927
0.98 0.7277299999999954
0.98 0.7204299999999929
0.98 0.7321799999999912
0.98 0.7475199999999925
0.98 0.7460399999999957
0.98 0.7393799999999954
0.99 0.7416499999999948
0.99 0.7440199999999962
0.99 0.7498399999999984
0.99 0.7630500000000011
0.99 0.7603100000000009
0.99 0.7713400000000028
0.99 0.7780900000000053
0.99 0.7775700000000018
0.99 0.7830100000000048
0.99 0.77644
0.99 0.7870500000000039
0.99 0.7880300000000048
0.99 0.7916800000000033
0.99 0.7884100000000049
0.99 0.7977000000000025
0.99 0.8145400000000006
0.99 0.8217800000000015
0.99 0.8128299999999995
0.99 0.8185800000000015
0.99 0.829350000000002
0.99 0.8358400000000008
0.99 0.8316000000000022
0.99 0.839230000000002
0.99 0.8307200000000011
0.99 0.8541499999999995
0.99 0.8612699999999978
0.99 0.8506899999999984
0.99 0.8625099999999969
0.99 0.84248
0.99 0.8554399999999968
0.99 0.8502899999999977
0.99 0.8580799999999964
0.99 0.8656999999999956
0.99 0.8639299999999962
0.99 0.8649799999999952
0.99 0.8711299999999954
0.99 0.8714599999999956
0.99 0.8774499999999936
0.99 0.8664699999999952
0.99 0.881339999999994
0.99 0.8760799999999941
0.99 0.8645599999999924
0.99 0.8806899999999953
0.99 0.8761699999999941
0.99 0.8718099999999919
0.99 0.8672099999999946
0.99 0.8667299999999983
0.99 0.8704999999999962
0.99 0.8785599999999957
0.99 0.8848699999999953
0.99 0.8838799999999957
0.99 0.8816399999999953
0.99 0.8745899999999956
0.99 0.8777699999999962
0.99 0.8737899999999945
0.99 0.8728799999999981
0.99 0.8692499999999969
0.99 0.867239999999996
0.99 0.8722099999999939
0.99 0.887689999999994
0.99 0.8885699999999923
0.99 0.8698999999999953
0.99 0.8752699999999983
0.99 0.8763899999999978
0.99 0.8770599999999993
0.99 0.8688799999999998
0.99 0.8695299999999988
0.99 0.8677399999999952
0.99 0.8770299999999979
0.99 0.875129999999998
0.99 0.8850300000000001
0.99 0.8907600000000003
0.99 0.8907999999999999
0.99 0.8888799999999992
0.99 0.8682299999999964
0.99 0.8758199999999973
0.99 0.873869999999996
