0.69 0.37650000000000117
0.7 0.3735500000000011
0.69 0.3677000000000013
0.69 0.4080499999999997
0.69 0.3858500000000004
0.69 0.39039999999999997
0.69 0.38705000000000056
0.68 0.38910000000000033
0.69 0.37135000000000035
0.69 0.37715000000000026
0.69 0.376
0.69 0.3698000000000004
0.69 0.3819500000000001
0.69 0.3822500000000003
0.69 0.3839500000000002
0.69 0.3644000000000008
0.69 0.3729000000000005
0.79 0.40644999999999976
0.75 0.3868
0.86 0.3671000000000005
0.86 0.3791000000000004
0.69 0.3822000000000002
0.86 0.3943000000000001
0.68 0.3602500000000008
0.69 0.37085000000000057
0.69 0.38294999999999996
0.66 0.3851000000000002
0.69 0.4104999999999995
0.72 0.4473499999999984
0.72 0.42694999999999866
0.89 0.44229999999999836
0.89 0.44629999999999836
0.69 0.4398499999999986
0.86 0.4515499999999982
0.87 0.4384999999999985
0.81 0.448499999999998
0.81 0.47004999999999747
0.82 0.4822999999999981
0.82 0.46094999999999786
0.95 0.451349999999998
0.95 0.4474499999999983
0.95 0.45889999999999787
0.96 0.4602999999999981
0.96 0.5169999999999976
0.95 0.4731999999999977
0.69 0.4702999999999982
0.69 0.4602499999999988
0.78 0.47204999999999814
0.82 0.4666499999999978
0.82 0.5043499999999979
0.82 0.5135999999999982
0.82 0.5267999999999983
0.96 0.5267499999999985
0.89 0.4930999999999985
0.93 0.5555499999999989
0.96 0.6117499999999996
0.96 0.5116999999999982
0.94 0.5245499999999983
0.98 0.5178499999999976
0.98 0.4732499999999981
0.98 0.5003499999999977
0.98 0.3860500000000001
0.98 0.4006999999999997
0.98 0.4295999999999991
0.98 0.43454999999999905
0.98 0.4268499999999992
0.69 0.41654999999999925
0.93 0.44809999999999883
0.93 0.48124999999999796
0.93 0.46439999999999904
0.93 0.5104499999999981
0.97 0.5600999999999978
0.97 0.5812499999999983
0.98 0.6056499999999982
0.98 0.6505499999999991
0.96 0.6305499999999996
0.97 0.6257499999999994
0.98 0.5921999999999997
0.99 0.7579499999999996
0.98 0.7703499999999995
0.98 0.7379499999999994
0.99 0.7584999999999998
0.99 0.7264500000000003
0.99 0.7408999999999998
0.98 0.7171499999999996
0.98 0.7190000000000002
0.98 0.6235500000000006
0.98 0.723399999999999
0.98 0.7316500000000002
0.98 0.7868499999999993
0.98 0.77305
0.98 0.8139499999999998
0.98 0.7921999999999987
0.99 0.7532000000000001
0.98 0.7736999999999996
1.0 0.8042999999999995
1.0 0.8439999999999999
1.0 0.8641000000000005
1.0 0.8474999999999998
1.0 0.7982999999999995
1.0 0.8134999999999991
1.0 0.8332499999999997
1.0 0.84395
1.0 0.8449500000000002
1.0 0.8268499999999996
1.0 0.8264999999999985
1.0 0.8245999999999997
1.0 0.8629999999999995
1.0 0.8487999999999988
1.0 0.849099999999999
1.0 0.8242999999999993
1.0 0.8147999999999996
1.0 0.8262
1.0 0.7421500000000006
0.99 0.6596999999999993
0.99 0.7945500000000005
1.0 0.7467499999999997
1.0 0.7359500000000003
1.0 0.7283000000000002
1.0 0.7746000000000004
1.0 0.7557999999999998
0.97 0.7173500000000002
1.0 0.7525499999999998
1.0 0.7574499999999985
1.0 0.7712499999999993
1.0 0.7916500000000003
1.0 0.8253999999999998
1.0 0.8239499999999991
1.0 0.8206499999999994
1.0 0.8201499999999996
1.0 0.8266499999999988
1.0 0.8328500000000004
1.0 0.7936000000000005
1.0 0.8051500000000003
1.0 0.8425999999999987
1.0 0.8039500000000005
1.0 0.80125
1.0 0.8292999999999993
1.0 0.8713500000000001
1.0 0.8421
1.0 0.7184500000000007
1.0 0.8424499999999988
1.0 0.8516999999999999
1.0 0.8513999999999982
1.0 0.7207500000000009
1.0 0.8628999999999992
1.0 0.8687499999999999
1.0 0.8729000000000002
1.0 0.8204999999999992
1.0 0.48185000000000217
1.0 0.5166000000000016
0.99 0.5723500000000008
0.99 0.6436500000000004
1.0 0.6582000000000005
1.0 0.6908500000000001
1.0 0.7267499999999998
1.0 0.7503500000000005
1.0 0.6351500000000008
1.0 0.7050000000000005
1.0 0.6890500000000008
0.99 0.7199500000000004
1.0 0.7503500000000001
0.99 0.6600500000000007
0.99 0.5418000000000007
0.99 0.5711000000000007
0.64 0.5084000000000004
0.65 0.5098000000000003
0.64 0.5228000000000003
0.64 0.5405500000000001
0.69 0.5206999999999998
0.69 0.5506999999999987
0.69 0.5840999999999993
0.69 0.5924999999999999
0.69 0.5404999999999992
0.69 0.54475
0.69 0.5057500000000004
0.69 0.5448999999999998
0.74 0.5867999999999999
0.74 0.6185000000000006
0.87 0.6344500000000007
0.87 0.6429500000000015
0.87 0.6461000000000017
0.87 0.6509500000000016
0.96 0.6568500000000017
0.96 0.6645000000000009
0.96 0.66865
0.98 0.6779999999999999
0.9 0.6751999999999997
0.98 0.6804499999999991
0.98 0.6997499999999987
0.98 0.6733499999999988
0.98 0.6779499999999992
0.98 0.6853499999999997
0.98 0.6830999999999987
0.98 0.6991499999999992
0.98 0.718749999999999
0.98 0.7272999999999986
0.98 0.7655999999999987
0.98 0.7742499999999992
0.98 0.7877499999999994
0.98 0.8020499999999993
0.98 0.8056499999999996
0.98 0.8015499999999998
0.98 0.8210500000000001
0.98 0.8482
0.98 0.8478000000000001
0.98 0.8429500000000002
0.98 0.8511999999999991
0.98 0.8609999999999985
0.98 0.8542999999999996
0.98 0.8632499999999994
0.98 0.8823499999999995
0.99 0.897149999999999
0.99 0.8940499999999989
0.99 0.8815499999999985
0.99 0.8965999999999988
0.99 0.9068
0.99 0.8937999999999994
0.99 0.8796000000000006
0.99 0.8699999999999997
0.99 0.8781499999999993
0.99 0.8982499999999993
0.99 0.9107499999999993
0.99 0.8801999999999994
0.99 0.8873999999999999
0.99 0.8943999999999985
0.99 0.8902999999999988
1.0 0.8993999999999995
1.0 0.8798999999999998
1.0 0.8878500000000004
1.0 0.8827499999999998
1.0 0.9059
1.0 0.87855
1.0 0.8609499999999987
0.99 0.8619499999999989
1.0 0.8721999999999998
1.0 0.8900999999999994
1.0 0.8762499999999998
1.0 0.8754000000000005
1.0 0.8811000000000003
1.0 0.8750999999999993
1.0 0.8753500000000001
1.0 0.8792
1.0 0.8823499999999984
1.0 0.8773499999999989
1.0 0.8593999999999988
1.0 0.8692499999999993
1.0 0.8868999999999994
1.0 0.8809999999999996
1.0 0.8910999999999989
1.0 0.9075999999999996
1.0 0.9067999999999989
1.0 0.9115999999999983
1.0 0.893749999999999
1.0 0.8775999999999995
1.0 0.8978499999999989
1.0 0.8998999999999989
1.0 0.9079499999999985
1.0 0.9010499999999994
1.0 0.9295999999999995
1.0 0.9061499999999997
1.0 0.915700000000001
1.0 0.9363000000000002
1.0 0.9179000000000002
1.0 0.8870999999999992
1.0 0.9097999999999996
1.0 0.9085
1.0 0.8966999999999992
1.0 0.8996499999999996
1.0 0.878
1.0 0.8925499999999994
1.0 0.9141999999999988
1.0 0.9105499999999995
1.0 0.8911499999999987
1.0 0.890299999999999
1.0 0.8910499999999996
1.0 0.8670499999999991
1.0 0.8885499999999986
1.0 0.8586999999999988
1.0 0.8473499999999997
1.0 0.8753999999999991
1.0 0.89435
1.0 0.9028999999999993
1.0 0.9159500000000004
1.0 0.8892500000000005
1.0 0.8250499999999996
1.0 0.8527999999999998
1.0 0.880599999999999
1.0 0.8944999999999997
1.0 0.9089999999999979
1.0 0.8883999999999992
1.0 0.7919999999999999
0.98 0.7658499999999997
0.99 0.7637999999999995
0.99 0.7945999999999998
0.99 0.8134499999999992
0.99 0.8310499999999995
0.99 0.8470999999999991
0.99 0.805449999999999
0.99 0.5896499999999988
0.97 0.5546999999999983
0.98 0.6224000000000002
0.98 0.6644500000000009
0.98 0.6869999999999997
0.98 0.7211500000000005
0.98 0.71595
0.98 0.73285
0.98 0.7750999999999992
0.98 0.7725500000000003
0.98 0.8124000000000006
0.98 0.8376999999999997
0.98 0.6903500000000007
0.98 0.7088500000000002
0.98 0.71345
0.98 0.7229500000000005
0.98 0.7397000000000002
0.98 0.7718500000000005
0.98 0.7968500000000002
0.98 0.6848499999999993
0.99 0.792199999999999
0.99 0.7275999999999986
0.99 0.7247499999999989
0.99 0.7630499999999988
0.99 0.7669999999999995
0.99 0.7703499999999995
0.99 0.7696999999999996
0.99 0.7594999999999996
0.99 0.7514999999999996
0.99 0.7578499999999988
0.99 0.7965499999999992
0.99 0.793299999999999
0.98 0.7836999999999987
0.98 0.827999999999999
0.98 0.8686999999999994
0.99 0.8566999999999997
0.99 0.8415499999999999
0.99 0.8530999999999997
0.99 0.8648
0.99 0.8475999999999994
0.99 0.8693000000000002
0.99 0.8777000000000004
0.99 0.8613500000000001
0.99 0.8495500000000001
0.99 0.84505
0.99 0.8543500000000003
0.99 0.8564000000000002
0.99 0.8538500000000002
0.99 0.8602999999999998
0.99 0.8585999999999995
0.99 0.8621499999999999
0.99 0.8389
0.99 0.8386000000000001
0.99 0.86245
0.99 0.7979499999999998
0.99 0.7954499999999992
0.99 0.7855499999999986
0.99 0.8047999999999991
0.99 0.7837499999999993
0.99 0.7623499999999993
0.99 0.81595
0.99 0.7603999999999991
0.99 0.8109499999999992
0.99 0.8383499999999994
0.99 0.8404999999999991
0.99 0.8579500000000002
0.99 0.8684499999999998
0.99 0.8367999999999995
0.99 0.8343499999999997
0.99 0.8443499999999993
0.99 0.841099999999999
0.99 0.8354999999999988
0.99 0.8506999999999991
0.99 0.8286999999999994
0.99 0.8549999999999991
0.99 0.8489999999999995
0.99 0.847349999999999
0.99 0.8506999999999995
0.99 0.8685499999999994
0.99 0.8787499999999996
0.99 0.8357999999999995
0.99 0.8038499999999991
0.99 0.8217999999999992
0.99 0.8068499999999986
0.99 0.8395999999999978
0.99 0.8339499999999989
0.99 0.8431499999999982
0.99 0.8424999999999987
0.99 0.843249999999999
0.98 0.8201999999999994
0.99 0.8557999999999995
0.99 0.887899999999999
0.99 0.8722999999999987
0.99 0.8686999999999998
0.99 0.8750499999999996
1.0 0.8613999999999996
0.99 0.861299999999999
1.0 0.9108999999999995
1.0 0.8966499999999988
0.99 0.8676999999999992
1.0 0.8675999999999998
1.0 0.8555999999999997
1.0 0.8395999999999999
1.0 0.8443999999999992
1.0 0.848949999999999
1.0 0.7562999999999996
1.0 0.8350499999999993
1.0 0.8448499999999983
1.0 0.8203499999999992
1.0 0.809049999999999
1.0 0.8783999999999987
1.0 0.8470999999999991
1.0 0.8093999999999992
1.0 0.7400499999999997
1.0 0.7517999999999998
1.0 0.7624999999999994
1.0 0.7666499999999992
1.0 0.7784999999999995
1.0 0.7885500000000001
1.0 0.8158999999999996
1.0 0.8253499999999993
1.0 0.81095
1.0 0.8217499999999999
1.0 0.8349499999999996
1.0 0.8299499999999995
1.0 0.7973999999999997
1.0 0.7970500000000001
1.0 0.8003500000000002
1.0 0.7825500000000004
1.0 0.7789000000000005
1.0 0.7922500000000003
1.0 0.8160499999999999
1.0 0.8006499999999999
1.0 0.7876000000000002
1.0 0.7796500000000001
1.0 0.8058499999999998
1.0 0.7010499999999997
1.0 0.6709499999999992
1.0 0.7677999999999996
1.0 0.7428499999999996
0.99 0.7807499999999993
0.99 0.7940999999999997
0.99 0.7754999999999994
0.98 0.7563499999999999
0.99 0.7734499999999997
0.98 0.8012500000000009
0.98 0.8185500000000006
0.99 0.8133000000000001
0.99 0.8107499999999993
0.99 0.8203
0.99 0.82005
1.0 0.8318499999999999
1.0 0.8353500000000008
1.0 0.8259499999999994
1.0 0.80535
0.98 0.7384499999999996
0.96 0.6585499999999989
0.69 0.6602999999999986
0.69 0.6603499999999987
0.69 0.6594499999999985
0.69 0.6748499999999987
0.69 0.6620999999999988
0.69 0.6734499999999985
0.69 0.6708999999999989
0.69 0.6665499999999986
0.98 0.6697499999999988
0.99 0.732849999999999
0.99 0.7354999999999988
0.99 0.689299999999999
0.99 0.6680499999999993
0.69 0.6536499999999991
0.69 0.6681499999999987
0.99 0.6836999999999989
0.99 0.6922499999999987
0.99 0.7291499999999992
0.99 0.7449499999999993
0.99 0.7620499999999995
0.99 0.7929999999999987
0.99 0.7628499999999989
0.99 0.8206999999999983
0.99 0.8360499999999987
0.99 0.8384999999999994
0.99 0.830249999999999
1.0 0.7961499999999999
1.0 0.8000500000000007
1.0 0.8075999999999994
1.0 0.823999999999999
1.0 0.8362499999999993
1.0 0.8228499999999993
1.0 0.8738499999999987
1.0 0.8944999999999991
1.0 0.8896999999999996
1.0 0.8699499999999998
1.0 0.854849999999999
1.0 0.7361999999999991
1.0 0.7537999999999994
1.0 0.8339499999999993
1.0 0.8409499999999998
1.0 0.7985499999999993
1.0 0.7860999999999991
1.0 0.8086499999999998
