0.19999999999999996 0.5750600000000007
0.19999999999999996 0.54082
0.06000000000000005 0.51014
0.06000000000000005 0.4535199999999998
0.07999999999999996 0.4286999999999999
0.040000000000000036 0.40976000000000035
0.040000000000000036 0.3892999999999991
0.040000000000000036 0.36993999999999944
0.020000000000000018 0.3647199999999996
0.020000000000000018 0.3492399999999989
0.020000000000000018 0.33341999999999855
0.020000000000000018 0.328039999999999
0.020000000000000018 0.3113599999999985
0.07999999999999996 0.3087399999999983
0.07999999999999996 0.30193999999999827
0.07999999999999996 0.2948399999999983
0.07999999999999996 0.28273999999999816
0.07999999999999996 0.2834399999999983
0.07999999999999996 0.27223999999999804
0.07999999999999996 0.2701799999999981
0.07999999999999996 0.26503999999999805
0.07999999999999996 0.2742999999999984
0.07999999999999996 0.26501999999999903
0.06000000000000005 0.26263999999999893
0.06000000000000005 0.260499999999999
0.06000000000000005 0.251819999999999
0.06000000000000005 0.2345399999999989
0.06000000000000005 0.2359599999999988
0.06000000000000005 0.22713999999999873
0.06000000000000005 0.2282399999999991
0.06000000000000005 0.20755999999999883
0.06000000000000005 0.2159999999999989
0.06000000000000005 0.20685999999999907
0.06000000000000005 0.2142399999999991
0.06000000000000005 0.215479999999999
0.06000000000000005 0.2053799999999991
0.06000000000000005 0.20957999999999927
0.06000000000000005 0.202859999999999
0.06000000000000005 0.19889999999999902
0.06000000000000005 0.19513999999999893
0.06000000000000005 0.20519999999999888
0.06000000000000005 0.19883999999999916
0.06000000000000005 0.202539999999999
0.06000000000000005 0.20235999999999899
0.06000000000000005 0.19447999999999943
0.06000000000000005 0.20189999999999952
0.06000000000000005 0.19219999999999887
0.06000000000000005 0.19123999999999935
0.06000000000000005 0.17327999999999927
0.06000000000000005 0.17045999999999897
0.06000000000000005 0.16407999999999892
0.06000000000000005 0.16235999999999923
0.06000000000000005 0.16331999999999935
0.06000000000000005 0.166059999999999
0.06000000000000005 0.17359999999999914
0.06000000000000005 0.17057999999999912
0.06000000000000005 0.17297999999999927
0.06000000000000005 0.18273999999999901
0.06000000000000005 0.16571999999999912
0.06000000000000005 0.15675999999999912
0.06000000000000005 0.15721999999999942
0.06000000000000005 0.1607799999999991
0.06000000000000005 0.1574999999999992
0.06000000000000005 0.1595199999999993
0.06000000000000005 0.15783999999999904
0.06000000000000005 0.14717999999999942
0.06000000000000005 0.14855999999999908
0.06000000000000005 0.14077999999999932
0.06000000000000005 0.15695999999999927
0.06000000000000005 0.1521999999999991
0.06000000000000005 0.15741999999999925
0.06000000000000005 0.15547999999999926
0.06000000000000005 0.15389999999999904
0.06000000000000005 0.1572599999999989
0.06000000000000005 0.14585999999999924
0.06000000000000005 0.13629999999999923
0.06000000000000005 0.13817999999999914
0.06000000000000005 0.13417999999999922
0.06000000000000005 0.1408799999999994
0.06000000000000005 0.13155999999999926
0.06000000000000005 0.1334999999999993
0.06000000000000005 0.14069999999999935
0.06000000000000005 0.13405999999999943
0.06000000000000005 0.13329999999999922
0.06000000000000005 0.13859999999999914
0.06000000000000005 0.14013999999999915
0.06000000000000005 0.1380799999999993
0.06000000000000005 0.13875999999999922
0.06000000000000005 0.13933999999999908
0.06000000000000005 0.1475999999999992
0.06000000000000005 0.14289999999999925
0.06000000000000005 0.1439399999999991
0.06000000000000005 0.14715999999999899
0.06000000000000005 0.14425999999999897
0.06000000000000005 0.13833999999999902
0.06000000000000005 0.13681999999999891
0.06000000000000005 0.1388799999999992
0.06000000000000005 0.13489999999999921
0.06000000000000005 0.13511999999999902
0.06000000000000005 0.13047999999999915
