0.69 0.3693499999999995
0.7 0.4282499999999994
0.69 0.40519999999999884
0.68 0.37224999999999975
0.76 0.4109499999999994
0.76 0.42209999999999953
0.69 0.4143999999999993
0.7 0.4024000000000001
0.71 0.4121500000000002
0.7 0.41690000000000005
0.72 0.4685499999999984
0.87 0.4963999999999982
0.7 0.4613499999999985
0.7 0.4617999999999985
0.7 0.43889999999999846
0.67 0.4296499999999997
0.7 0.4450999999999992
0.81 0.4265499999999999
0.93 0.4434999999999992
0.7 0.43419999999999975
0.69 0.4256999999999998
0.7 0.45119999999999844
0.69 0.43079999999999913
0.7 0.44274999999999914
0.66 0.43379999999999924
0.79 0.5121499999999988
0.7 0.5202499999999993
0.69 0.4337999999999982
0.7 0.48014999999999863
0.72 0.5336999999999987
0.85 0.5253999999999994
0.81 0.582149999999999
0.95 0.5946999999999995
0.95 0.6275499999999996
0.95 0.6632500000000001
0.76 0.5685999999999996
0.91 0.5328999999999989
0.94 0.5858499999999993
0.94 0.6134000000000003
0.91 0.6251500000000001
0.97 0.6192499999999996
0.96 0.6484499999999995
0.9 0.42339999999999883
0.87 0.5536999999999995
0.84 0.4995999999999999
0.89 0.5494999999999997
0.88 0.6105999999999988
0.9 0.49639999999999856
0.91 0.6128999999999989
0.94 0.65485
0.94 0.6451499999999991
0.88 0.7150000000000004
0.94 0.7430000000000012
0.9 0.6851999999999998
0.95 0.7316500000000006
0.91 0.6010499999999998
0.91 0.6694
0.92 0.6635000000000002
0.89 0.6246
0.85 0.5908000000000004
0.87 0.7001000000000002
0.89 0.6494000000000003
0.87 0.657650000000001
0.92 0.7552000000000014
0.92 0.7054000000000002
0.88 0.49529999999999946
0.87 0.5914999999999997
0.89 0.6971000000000003
0.87 0.5879500000000001
0.93 0.6235499999999995
0.9 0.6831499999999994
0.9 0.7372499999999991
0.92 0.7034999999999998
0.93 0.7857999999999996
0.93 0.8230999999999997
0.97 0.7668000000000004
0.97 0.8325500000000007
0.93 0.7484000000000012
0.97 0.8524000000000007
0.97 0.8688500000000023
0.97 0.8139499999999993
0.97 0.6920999999999993
0.97 0.673099999999998
0.97 0.6850499999999993
0.97 0.7265500000000001
0.92 0.5934500000000006
0.92 0.604800000000002
0.82 0.5949500000000021
0.91 0.620550000000001
0.92 0.6873999999999993
0.92 0.7760499999999996
0.92 0.8123499999999999
0.94 0.7760499999999998
0.94 0.7614999999999995
0.95 0.867900000000001
0.96 0.8894500000000006
0.95 0.5793999999999976
0.92 0.596599999999998
0.91 0.6011999999999987
0.92 0.6309999999999985
0.92 0.644749999999999
0.96 0.6888999999999994
0.98 0.8045500000000003
0.98 0.8806000000000013
0.98 0.9113000000000008
0.98 0.8782999999999991
0.98 0.8299999999999996
0.98 0.8792500000000001
0.98 0.9044499999999981
0.98 0.9087499999999994
0.98 0.9094999999999978
0.98 0.9367999999999964
0.98 0.7539000000000011
0.98 0.6685000000000008
0.98 0.7681000000000019
0.98 0.835499999999999
0.98 0.857099999999999
0.98 0.8695499999999997
0.98 0.9044499999999992
0.98 0.891699999999999
0.98 0.6346
0.98 0.5541499999999999
0.62 0.5213000000000002
0.95 0.591099999999998
0.62 0.6034999999999995
0.62 0.6167500000000009
0.62 0.5943499999999996
0.62 0.6102500000000008
0.62 0.6055000000000001
0.62 0.6021500000000001
0.62 0.618500000000001
0.62 0.6173000000000007
0.62 0.5729499999999984
0.62 0.6179500000000014
0.62 0.6100000000000011
0.62 0.6177500000000016
0.62 0.6184500000000015
0.62 0.6166000000000015
0.62 0.6187500000000016
0.62 0.6157000000000015
0.62 0.6176000000000015
0.62 0.6159500000000014
0.62 0.6127500000000013
0.62 0.6174500000000015
0.62 0.6182000000000015
0.62 0.6200000000000017
0.62 0.6189500000000016
0.62 0.6182500000000015
0.62 0.6182500000000015
0.62 0.6190500000000015
0.62 0.6174500000000015
0.62 0.6195500000000016
0.62 0.6187500000000017
0.62 0.6162500000000016
0.62 0.6189000000000017
0.62 0.6188000000000016
0.75 0.6220000000000016
0.75 0.6213000000000015
0.75 0.6172000000000015
0.62 0.5814000000000001
0.62 0.47244999999999704
0.62 0.5990500000000005
0.62 0.5302499999999979
0.62 0.42674999999999774
0.58 0.3651499999999992
0.72 0.4077499999999981
0.67 0.6020000000000006
0.95 0.6236500000000014
0.79 0.609150000000001
0.98 0.6595500000000005
0.98 0.7406
0.95 0.7615999999999992
0.94 0.7208500000000002
0.95 0.7652499999999998
0.95 0.8107499999999982
0.96 0.8252999999999995
0.95 0.7155500000000024
0.96 0.663750000000001
0.96 0.7382500000000011
0.96 0.7882500000000011
0.96 0.74015
0.87 0.5977499999999998
0.82 0.6375500000000013
0.83 0.5110499999999999
0.96 0.7378000000000022
0.87 0.7245999999999999
0.95 0.7018499999999998
0.94 0.7034000000000007
0.96 0.8387000000000008
0.96 0.8511500000000005
0.96 0.8157499999999994
0.95 0.7115500000000031
0.95 0.7887499999999998
0.95 0.8480000000000012
0.96 0.8880000000000017
0.94 0.661950000000001
0.72 0.5447999999999997
0.62 0.4686999999999984
0.62 0.5107999999999993
0.62 0.43124999999999863
0.62 0.5549000000000001
0.62 0.5875500000000007
0.62 0.5985000000000005
0.62 0.6112500000000012
0.62 0.6105000000000014
0.62 0.6148000000000011
0.62 0.6162000000000013
0.62 0.6114500000000013
0.62 0.6052500000000012
0.62 0.6145500000000013
0.62 0.6181500000000015
0.62 0.6197500000000016
0.91 0.6280500000000016
0.91 0.6229000000000017
0.62 0.6159000000000013
0.9 0.6152000000000009
0.89 0.6209000000000011
0.9 0.6495000000000014
0.96 0.6739000000000023
0.98 0.7507000000000018
0.98 0.7551500000000023
0.98 0.7993000000000008
0.98 0.8145000000000003
0.96 0.810850000000002
0.96 0.8564000000000017
0.97 0.875400000000001
0.96 0.4233999999999979
0.98 0.5353999999999991
0.98 0.7590500000000004
0.98 0.8154499999999989
0.98 0.8611999999999996
0.98 0.8993500000000003
0.98 0.9243999999999992
0.98 0.9406499999999979
0.98 0.9377499999999991
0.98 0.9521999999999996
0.98 0.9621500000000003
0.98 0.9668500000000008
0.98 0.7430500000000037
0.98 0.8750500000000018
0.98 0.9214500000000012
0.98 0.7691000000000026
0.98 0.8282000000000024
0.98 0.8866500000000017
0.98 0.8606000000000011
0.98 0.9321999999999987
0.98 0.9606499999999989
0.98 0.9661999999999984
0.98 0.9347499999999996
0.98 0.9716499999999979
0.98 0.9051000000000006
0.98 0.9666499999999983
0.98 0.8737500000000027
0.98 0.9095500000000005
0.98 0.9039499999999994
0.98 0.9444499999999993
0.98 0.9475999999999994
0.98 0.9290500000000003
0.98 0.9454499999999991
0.98 0.955249999999999
0.98 0.9512499999999995
0.98 0.9547499999999991
0.98 0.9444999999999993
0.98 0.9468499999999993
0.98 0.9600499999999988
0.98 0.9650999999999985
0.98 0.931399999999998
0.98 0.9548999999999984
0.98 0.9631999999999984
0.98 0.9605499999999985
0.98 0.9467999999999993
0.98 0.9563999999999985
0.98 0.9626499999999986
0.98 0.9575999999999987
0.98 0.9642999999999984
0.98 0.9513999999999986
0.98 0.9641499999999981
0.98 0.9690499999999982
0.98 0.9356500000000001
0.98 0.9501499999999992
0.98 0.9594999999999988
0.98 0.9526499999999988
0.98 0.9419999999999992
0.98 0.9445999999999991
0.98 0.9576999999999984
0.98 0.945949999999999
0.98 0.962449999999998
0.98 0.8582999999999994
0.98 0.8809999999999993
0.98 0.9259999999999985
0.98 0.9485499999999984
0.98 0.9617499999999981
0.98 0.9753999999999975
0.98 0.9572999999999979
0.98 0.9664999999999978
0.98 0.9729999999999975
0.98 0.9731999999999976
0.98 0.9740499999999976
0.98 0.9578499999999976
0.98 0.9582499999999982
0.98 0.9744499999999975
0.98 0.9765999999999974
0.98 0.9750499999999974
0.98 0.9631999999999978
0.98 0.9743499999999976
0.98 0.960799999999998
0.98 0.9743999999999976
0.98 0.9766999999999973
0.98 0.9666499999999978
0.98 0.9675499999999978
0.98 0.9606999999999982
0.98 0.9775499999999976
0.98 0.9776999999999973
0.98 0.9620499999999982
0.98 0.9673999999999977
0.98 0.9727999999999978
0.98 0.9754499999999975
0.98 0.9682999999999978
0.98 0.9636999999999982
0.98 0.9683499999999975
0.98 0.9693999999999977
0.98 0.9771999999999974
0.98 0.9736999999999977
0.98 0.9633499999999979
0.98 0.9776999999999976
0.98 0.9680499999999976
0.98 0.966199999999998
0.98 0.973599999999998
0.98 0.9783999999999975
0.98 0.9749499999999977
0.98 0.9773499999999974
0.98 0.965649999999998
0.98 0.9655499999999981
0.98 0.9645999999999979
0.98 0.9757499999999973
0.98 0.9787999999999974
0.98 0.923800000000001
0.98 0.955299999999999
0.98 0.9268500000000006
0.98 0.9355999999999998
0.98 0.9219500000000009
0.98 0.9559999999999984
0.98 0.9684499999999981
0.98 0.9723999999999982
0.98 0.9741999999999976
0.98 0.9694499999999977
0.98 0.9654499999999979
0.98 0.9763499999999976
0.98 0.9759999999999976
0.98 0.9717999999999978
0.98 0.9702999999999976
0.98 0.9731499999999979
0.98 0.9464999999999988
0.98 0.9557499999999983
0.98 0.9680499999999981
0.98 0.9766999999999976
0.98 0.9689499999999976
0.98 0.9692999999999975
0.98 0.9730999999999976
0.98 0.9676499999999977
0.98 0.9705499999999979
0.98 0.9700499999999979
0.98 0.9616999999999979
0.98 0.9748999999999978
0.98 0.9653499999999977
0.98 0.9630499999999981
0.98 0.9687499999999976
0.98 0.9656499999999976
0.98 0.9744499999999977
0.98 0.9783499999999976
0.98 0.9742499999999978
0.98 0.9747499999999976
0.98 0.9728499999999979
0.98 0.9749999999999979
0.98 0.9760499999999975
0.98 0.9555999999999978
0.98 0.9646999999999976
0.98 0.9762499999999974
0.98 0.9761499999999974
0.98 0.9758499999999977
0.98 0.9783999999999975
0.98 0.9792999999999974
0.98 0.9742999999999974
0.98 0.9781499999999974
0.98 0.9762999999999975
0.98 0.9750999999999975
0.98 0.9714499999999976
0.98 0.9720499999999975
0.98 0.9688499999999978
0.98 0.9748499999999976
0.98 0.9770999999999975
0.98 0.9757999999999976
0.98 0.9726499999999979
0.98 0.9691999999999977
0.98 0.9303000000000005
0.98 0.9701499999999982
0.98 0.9752499999999974
0.98 0.9763999999999976
0.98 0.9700499999999976
0.98 0.9523999999999988
0.98 0.9012000000000022
0.98 0.9170000000000006
0.98 0.8643000000000045
0.98 0.9184000000000005
0.98 0.9444999999999993
0.98 0.8610000000000045
0.98 0.9115500000000015
0.98 0.8416000000000042
0.98 0.7526500000000028
0.98 0.7655500000000033
0.98 0.827650000000003
0.98 0.9147500000000012
0.98 0.9026000000000017
0.98 0.871250000000004
0.98 0.8450000000000053
0.98 0.9199000000000024
0.98 0.9617000000000001
0.98 0.8461500000000056
0.98 0.9692999999999989
0.98 0.907000000000004
0.98 0.9604499999999996
0.98 0.974749999999998
0.98 0.9767999999999977
0.98 0.9746499999999976
0.98 0.9734999999999975
0.98 0.9605499999999993
0.98 0.969699999999998
0.98 0.906850000000004
0.98 0.8578000000000052
0.98 0.9043500000000041
0.98 0.7906000000000044
0.98 0.8370000000000047
0.98 0.8802500000000039
0.98 0.916900000000004
0.98 0.9520500000000025
0.98 0.8923499999999983
0.98 0.9466499999999989
0.98 0.9372500000000001
0.98 0.9481999999999986
0.98 0.8060999999999986
0.7 0.6920500000000005
0.7 0.692150000000001
0.98 0.8180999999999987
0.98 0.7344500000000014
0.98 0.7713500000000002
0.98 0.8722499999999982
0.98 0.9077999999999982
0.98 0.9305499999999992
0.98 0.9641999999999993
0.98 0.9655499999999999
0.98 0.9625999999999987
0.98 0.9697499999999987
0.98 0.9479499999999978
0.98 0.9592499999999979
0.98 0.9754999999999977
0.98 0.9679999999999984
0.98 0.9416999999999979
0.98 0.9620999999999978
0.98 0.955999999999998
0.98 0.9557999999999984
0.98 0.9023999999999981
0.98 0.9404999999999979
0.98 0.946699999999998
0.98 0.9340499999999985
0.98 0.9377999999999982
0.98 0.8734499999999978
0.7 0.6923500000000015
0.7 0.6938000000000012
0.7 0.6936500000000013
0.7 0.6967000000000013
0.7 0.696200000000001
0.7 0.699650000000001
0.98 0.882649999999999
0.98 0.8051499999999981
0.98 0.9177499999999986
0.98 0.9373499999999986
0.98 0.945249999999998
0.98 0.9195499999999975
0.7 0.6981500000000013
0.7 0.6975500000000013
0.7 0.6995000000000011
0.7 0.6851000000000016
0.98 0.7032500000000012
0.98 0.721950000000001
0.7 0.6997500000000011
0.7 0.6993000000000013
0.98 0.8685999999999967
0.98 0.9549499999999985
0.98 0.969699999999998
0.98 0.971699999999998
0.98 0.9704999999999986
0.98 0.9519499999999981
0.98 0.9679499999999979
0.98 0.9654499999999976
0.98 0.9627499999999977
0.98 0.9701499999999978
0.98 0.9713999999999978
0.98 0.9724499999999976
0.98 0.970599999999998
0.98 0.9724499999999979
