0.16000000000000003 0.6227199999999989
0.18000000000000005 0.5808599999999975
0.18000000000000005 0.5584199999999971
0.06000000000000005 0.5361599999999987
0.06000000000000005 0.5097999999999989
0.06000000000000005 0.4815399999999986
0.06000000000000005 0.452139999999999
0.06000000000000005 0.43779999999999963
0.06000000000000005 0.41525999999999974
0.06000000000000005 0.39470000000000005
0.06000000000000005 0.3692800000000012
0.06000000000000005 0.3599200000000015
0.06000000000000005 0.3430000000000014
0.06000000000000005 0.32696000000000175
0.06000000000000005 0.3092800000000021
0.06000000000000005 0.29948000000000163
0.06000000000000005 0.2920800000000025
0.06000000000000005 0.28592000000000206
0.06000000000000005 0.27984000000000203
0.06000000000000005 0.2693400000000019
0.06000000000000005 0.27564000000000155
0.06000000000000005 0.26496000000000175
0.06000000000000005 0.2697000000000018
0.06000000000000005 0.26128000000000146
0.06000000000000005 0.25544000000000133
0.06000000000000005 0.24564000000000127
0.06000000000000005 0.24490000000000112
0.06000000000000005 0.2397200000000007
0.06000000000000005 0.22216000000000055
0.06000000000000005 0.2095000000000006
0.06000000000000005 0.21548000000000062
0.06000000000000005 0.21210000000000032
0.06000000000000005 0.19581999999999974
0.06000000000000005 0.19615999999999986
0.06000000000000005 0.1799199999999997
0.06000000000000005 0.18051999999999974
0.06000000000000005 0.1816799999999996
0.06000000000000005 0.1970599999999996
0.06000000000000005 0.19041999999999934
0.06000000000000005 0.18799999999999945
0.06000000000000005 0.1696799999999995
0.06000000000000005 0.1661799999999997
0.06000000000000005 0.16843999999999976
0.06000000000000005 0.16295999999999963
0.06000000000000005 0.16943999999999962
0.06000000000000005 0.16997999999999958
0.06000000000000005 0.16631999999999972
0.06000000000000005 0.17147999999999966
0.06000000000000005 0.16567999999999963
0.06000000000000005 0.15789999999999968
0.06000000000000005 0.16005999999999954
0.06000000000000005 0.16363999999999942
0.06000000000000005 0.15041999999999964
0.06000000000000005 0.15327999999999986
0.06000000000000005 0.1638199999999995
0.06000000000000005 0.15221999999999947
0.06000000000000005 0.15529999999999952
0.06000000000000005 0.1497799999999996
0.06000000000000005 0.15767999999999957
0.06000000000000005 0.15839999999999962
0.06000000000000005 0.1615199999999996
0.06000000000000005 0.16457999999999964
0.06000000000000005 0.16873999999999947
0.06000000000000005 0.17101999999999948
0.06000000000000005 0.16717999999999963
0.06000000000000005 0.1722999999999998
0.06000000000000005 0.17625999999999983
0.06000000000000005 0.1723799999999996
0.06000000000000005 0.1606599999999996
0.06000000000000005 0.14831999999999967
0.06000000000000005 0.1511399999999997
0.06000000000000005 0.15185999999999952
0.06000000000000005 0.16865999999999964
0.06000000000000005 0.16191999999999954
0.06000000000000005 0.1503999999999996
0.06000000000000005 0.16367999999999952
0.06000000000000005 0.17163999999999932
0.040000000000000036 0.16337999999999964
0.040000000000000036 0.1637999999999996
0.040000000000000036 0.16797999999999966
0.040000000000000036 0.16105999999999945
0.040000000000000036 0.15495999999999951
0.040000000000000036 0.1607999999999998
0.040000000000000036 0.1510799999999997
0.040000000000000036 0.15657999999999955
0.040000000000000036 0.15149999999999939
0.040000000000000036 0.1539399999999996
0.040000000000000036 0.16005999999999956
0.040000000000000036 0.15509999999999954
0.040000000000000036 0.15209999999999954
0.040000000000000036 0.1618199999999997
0.040000000000000036 0.1574399999999994
0.040000000000000036 0.16067999999999968
0.040000000000000036 0.16259999999999994
0.040000000000000036 0.16153999999999946
0.040000000000000036 0.1661399999999996
0.040000000000000036 0.16455999999999932
0.040000000000000036 0.15973999999999972
0.040000000000000036 0.15533999999999987
0.040000000000000036 0.15095999999999962
