0.66 0.37845000000000134
0.77 0.42635000000000045
0.77 0.43900000000000083
0.86 0.4500500000000007
0.66 0.44195000000000123
0.68 0.4182000000000004
0.64 0.4023999999999996
0.67 0.42210000000000053
0.68 0.4753000000000014
0.69 0.46550000000000097
0.66 0.41915000000000036
0.66 0.41564999999999985
0.67 0.4105
0.66 0.45590000000000125
0.66 0.4276000000000005
0.66 0.43575000000000097
0.67 0.44980000000000103
0.67 0.42930000000000024
0.67 0.4357000000000006
0.68 0.48245000000000116
0.69 0.5405500000000008
0.68 0.4909500000000011
0.68 0.47820000000000107
0.85 0.5202000000000006
0.66 0.48590000000000133
0.65 0.4379000000000005
0.75 0.49955000000000105
0.88 0.5502000000000007
0.93 0.5973000000000004
0.9 0.6289000000000003
0.71 0.5639500000000008
0.72 0.5718999999999997
0.66 0.5074000000000018
0.65 0.4832500000000018
0.71 0.5257000000000016
0.84 0.5694499999999997
0.93 0.6051999999999998
0.78 0.5649500000000003
0.8 0.5876999999999998
0.66 0.5983000000000002
0.66 0.6033500000000002
0.66 0.6025499999999999
0.66 0.5929000000000004
0.66 0.5871500000000001
0.66 0.5414000000000005
0.66 0.5514500000000004
0.71 0.5528499999999997
0.66 0.5801000000000002
0.66 0.6110499999999993
0.66 0.6114499999999993
0.85 0.6483999999999998
0.66 0.5338500000000007
0.94 0.6243000000000011
0.94 0.5863500000000004
0.94 0.67825
0.96 0.7318500000000008
0.96 0.799749999999999
0.95 0.5882500000000006
0.66 0.6184999999999996
0.66 0.6176999999999997
0.96 0.7114000000000001
0.66 0.6367999999999991
0.95 0.6429999999999997
0.66 0.5464499999999997
0.66 0.40865000000000196
0.66 0.5775000000000007
0.66 0.611099999999999
0.84 0.6092999999999987
0.66 0.6315499999999991
0.66 0.6512999999999981
0.66 0.6174999999999993
0.66 0.5778500000000001
0.75 0.5207999999999988
0.66 0.613349999999999
0.66 0.5675999999999994
0.66 0.5183999999999996
0.89 0.5786499999999991
0.65 0.4191000000000017
0.66 0.48364999999999986
0.95 0.5065000000000007
0.9 0.656049999999998
0.92 0.6626999999999987
0.95 0.6637499999999982
0.95 0.5668
0.95 0.6396499999999992
0.95 0.635699999999999
0.95 0.5888999999999999
0.96 0.5200500000000012
0.95 0.6233999999999993
0.95 0.634549999999999
0.96 0.6233499999999998
0.97 0.6628499999999988
0.97 0.710499999999999
0.97 0.7663499999999992
0.96 0.6507000000000006
0.96 0.7333000000000003
0.96 0.7464500000000011
0.96 0.7290499999999998
0.96 0.4768500000000022
0.96 0.6036000000000005
0.75 0.5314500000000005
0.67 0.3483
0.59 0.29749999999999927
0.66 0.38995000000000113
0.66 0.43075000000000135
0.96 0.6488999999999995
0.96 0.7720000000000001
0.96 0.6864999999999998
0.3 0.27524999999999933
0.74 0.3592
0.29 0.1501999999999998
0.88 0.39170000000000066
0.96 0.4140000000000014
0.74 0.38055000000000055
0.69 0.36930000000000035
0.81 0.4202500000000009
0.75 0.44980000000000003
0.63 0.4253000000000005
0.47 0.3800500000000019
0.29 0.24189999999999945
0.86 0.41610000000000186
0.72 0.45274999999999954
0.72 0.4600999999999995
0.85 0.5182999999999983
0.81 0.4730499999999989
0.62 0.4464499999999995
0.88 0.4568499999999996
0.69 0.44264999999999943
0.63 0.3784000000000014
0.7 0.45624999999999893
0.85 0.46604999999999824
0.62 0.4446499999999989
0.62 0.4566499999999988
0.62 0.44544999999999924
0.52 0.3793000000000009
0.81 0.5400500000000001
0.79 0.49004999999999954
0.59 0.44664999999999955
0.54 0.44559999999999983
0.63 0.4679500000000004
0.63 0.4428500000000005
0.65 0.4729999999999998
0.56 0.46179999999999916
0.64 0.4811499999999995
0.78 0.5197499999999997
0.78 0.5453500000000012
0.72 0.5107500000000005
0.72 0.524000000000001
0.63 0.5023500000000005
0.74 0.4712000000000007
0.77 0.5162000000000002
0.78 0.5745000000000005
0.41 0.2556999999999992
0.42 0.29499999999999943
0.29 0.2899999999999993
0.29 0.25554999999999983
0.29 0.27634999999999965
0.29 0.2307999999999998
0.29 0.25390000000000024
0.29 0.2864999999999995
0.29 0.2899999999999993
0.29 0.2899999999999993
0.29 0.2899999999999993
0.29 0.2899999999999993
0.29 0.2899999999999993
0.29 0.2899999999999993
0.29 0.2899999999999993
0.29 0.2899999999999993
0.29 0.28884999999999933
0.29 0.2899999999999993
0.29 0.2899999999999993
0.66 0.29754999999999926
0.66 0.3124999999999993
0.66 0.3605000000000004
0.66 0.3698000000000005
0.66 0.5770499999999985
0.66 0.6080499999999983
0.66 0.6205999999999984
0.66 0.6355999999999983
0.66 0.6419499999999981
0.66 0.6168499999999987
0.66 0.6229999999999984
0.66 0.6101499999999994
0.66 0.623399999999999
0.66 0.6175999999999994
0.7 0.62255
0.7 0.6307499999999997
0.7 0.6390499999999988
0.7 0.6430499999999982
0.7 0.6452499999999982
0.7 0.6435999999999997
0.76 0.6817999999999992
0.76 0.7020999999999996
0.78 0.6924000000000001
0.7 0.634950000000001
0.7 0.639950000000001
0.7 0.6522000000000004
0.7 0.6503500000000009
0.7 0.6567000000000007
0.67 0.6285000000000021
0.7 0.6294500000000018
0.7 0.6393000000000018
0.7 0.5716
0.7 0.57955
0.7 0.3896499999999999
0.66 0.4183500000000002
0.7 0.4556000000000011
0.66 0.4902000000000016
0.66 0.5102000000000012
0.66 0.5248500000000006
0.66 0.6062499999999994
0.66 0.5807999999999999
0.74 0.6258499999999996
0.74 0.630799999999999
0.66 0.3499500000000002
0.66 0.4020500000000016
0.66 0.47200000000000136
0.69 0.5053500000000013
0.66 0.5199500000000008
0.67 0.56145
0.71 0.5292499999999999
0.7 0.5681999999999992
0.71 0.5751
0.7 0.5727000000000002
0.74 0.6087500000000006
0.7 0.6003000000000007
0.74 0.6376000000000012
0.71 0.615450000000001
0.74 0.6429999999999997
0.71 0.6325499999999993
0.52 0.3172999999999997
0.54 0.33359999999999956
0.54 0.34974999999999973
0.54 0.3770000000000001
0.63 0.41025
0.63 0.4501500000000004
0.63 0.47935000000000033
0.54 0.4198999999999992
0.59 0.43669999999999976
0.63 0.4600000000000003
0.65 0.5044500000000005
0.73 0.5856500000000002
0.73 0.6050000000000001
0.77 0.5972999999999999
0.77 0.6418999999999998
0.77 0.6031499999999999
0.77 0.6357999999999998
0.77 0.6348999999999999
0.79 0.6291999999999999
0.81 0.6148500000000005
0.82 0.6437499999999996
0.93 0.6759999999999997
0.94 0.71465
