0.36 0.6235999999999996
0.36 0.5982000000000001
0.24 0.5792
0.28 0.6095000000000002
0.30000000000000004 0.6024999999999996
0.36 0.5780999999999997
0.30000000000000004 0.6016999999999999
0.06000000000000005 0.5940999999999996
0.18000000000000005 0.5488999999999996
0.38 0.6318999999999996
0.38 0.6091999999999996
0.38 0.6051999999999998
0.12 0.5345999999999999
0.36 0.6104999999999996
0.36 0.658999999999999
0.21999999999999997 0.6300999999999993
0.36 0.6014999999999996
0.24 0.6166999999999994
0.24 0.5981999999999997
0.26 0.6047
0.28 0.5893999999999998
0.4 0.6555999999999996
0.4 0.6278999999999997
0.36 0.6349999999999999
0.24 0.5521000000000001
0.36 0.5357
0.21999999999999997 0.48519999999999996
0.36 0.5989999999999998
0.07999999999999996 0.55
0.36 0.5212999999999999
0.06000000000000005 0.4496999999999997
0.12 0.45729999999999976
0.06000000000000005 0.4399999999999997
0.07999999999999996 0.4764999999999997
0.07999999999999996 0.47869999999999996
0.07999999999999996 0.5387999999999998
0.09999999999999998 0.6074999999999996
0.12 0.5415999999999997
0.38 0.4759999999999999
0.09999999999999998 0.4235000000000001
0.21999999999999997 0.3980999999999998
0.09999999999999998 0.48409999999999953
0.020000000000000018 0.3474999999999999
0.020000000000000018 0.3502999999999998
0.020000000000000018 0.32569999999999993
0.020000000000000018 0.3588999999999999
0.21999999999999997 0.4050999999999998
0.020000000000000018 0.42889999999999995
0.020000000000000018 0.44470000000000004
0.020000000000000018 0.4121000000000001
0.020000000000000018 0.3774000000000003
0.020000000000000018 0.37770000000000004
0.12 0.3629
0.14 0.3679
0.4 0.3947
0.28 0.4353000000000001
0.26 0.5678999999999996
0.24 0.49130000000000007
0.43999999999999995 0.5801000000000002
0.36 0.5790000000000003
0.36 0.5822000000000007
0.4 0.6174000000000006
0.6 0.6278000000000002
0.5800000000000001 0.6375000000000002
0.5800000000000001 0.6427000000000005
0.6 0.6285000000000005
0.6 0.6131999999999999
0.52 0.6050999999999993
0.6 0.6294000000000001
0.6 0.6119999999999991
0.6 0.6044999999999987
0.6 0.7105000000000007
0.6 0.7012999999999995
0.4 0.6254000000000005
0.6 0.6683999999999994
0.6 0.6490999999999996
0.6 0.635
0.6 0.6276000000000002
0.6 0.6180999999999996
0.6 0.6141999999999991
0.6 0.6164999999999989
0.6 0.6198999999999991
0.6 0.6117999999999987
0.6 0.6089999999999987
0.6 0.6061999999999985
0.6 0.6170999999999992
0.6 0.6129999999999992
0.6 0.6161999999999991
0.6 0.6158999999999984
0.6 0.6149999999999984
0.6 0.6122999999999985
0.6 0.6184999999999985
0.6 0.6129999999999984
0.6 0.6176999999999984
0.6 0.6125999999999984
0.6 0.6206999999999983
0.6 0.6147999999999983
0.6 0.6349999999999989
0.6 0.6467999999999989
0.6 0.6401999999999992
0.6 0.6293999999999991
0.6 0.629299999999999
0.6 0.6256999999999988
0.6 0.6558000000000004
0.6 0.6267999999999987
0.64 0.6517000000000004
0.64 0.6531000000000003
0.64 0.6619000000000003
0.64 0.6529000000000004
0.64 0.6589000000000003
0.64 0.6534000000000003
0.64 0.6520000000000004
0.64 0.6571000000000002
0.64 0.6565000000000002
0.64 0.6511000000000002
0.64 0.6542000000000001
0.64 0.6572000000000002
0.43999999999999995 0.6485000000000002
0.42000000000000004 0.6273000000000003
0.43999999999999995 0.6608000000000003
0.42000000000000004 0.6383000000000004
0.54 0.7055000000000001
0.54 0.7144000000000003
0.54 0.7105999999999995
0.4 0.5948000000000002
0.42000000000000004 0.5594000000000008
0.42000000000000004 0.7391
0.36 0.6940000000000007
0.36 0.6268000000000008
0.36 0.6724000000000002
0.36 0.5562000000000002
0.36 0.46919999999999973
0.36 0.4529999999999999
0.36 0.40879999999999994
0.36 0.3824
0.36 0.37279999999999985
0.36 0.36469999999999964
0.36 0.4741999999999998
0.36 0.4207999999999997
0.36 0.5692
0.36 0.5504000000000001
0.36 0.6028999999999994
0.36 0.6310999999999992
0.38 0.5498999999999995
0.38 0.42299999999999954
0.38 0.3925999999999998
0.36 0.4619999999999998
0.36 0.38019999999999976
0.36 0.4140999999999999
0.4 0.5338000000000005
0.36 0.39960000000000007
0.4 0.4328000000000003
0.4 0.5123999999999999
0.4 0.414
0.4 0.3896999999999997
0.31999999999999995 0.49099999999999994
0.36 0.4327000000000001
0.4 0.3806999999999999
0.4 0.3778999999999997
0.36 0.6143000000000004
0.36 0.5513000000000001
0.36 0.44109999999999966
0.36 0.44959999999999994
0.36 0.40119999999999967
0.36 0.3784999999999996
0.36 0.3994999999999997
0.36 0.48179999999999934
0.36 0.4639999999999994
0.36 0.40089999999999976
0.38 0.6275000000000005
0.5800000000000001 0.6572000000000002
0.38 0.6194000000000002
0.38 0.6678000000000002
0.38 0.616
0.38 0.5836999999999999
0.36 0.4316999999999995
0.36 0.41529999999999945
0.36 0.3887999999999996
0.36 0.4509
0.38 0.4559000000000002
0.36 0.37809999999999955
0.36 0.39319999999999955
0.36 0.37899999999999956
0.36 0.37249999999999955
0.36 0.3975999999999995
0.36 0.37449999999999956
0.36 0.3731999999999996
0.36 0.3784999999999996
0.36 0.38869999999999955
0.36 0.36789999999999956
0.36 0.3699999999999995
0.36 0.3659999999999995
0.36 0.3651999999999997
0.36 0.36119999999999947
0.36 0.36479999999999957
0.36 0.3636999999999995
0.36 0.41099999999999953
0.36 0.36339999999999956
0.36 0.3710999999999995
0.36 0.37639999999999957
0.36 0.36589999999999956
0.36 0.3632999999999996
0.36 0.3622999999999996
0.36 0.36319999999999963
0.38 0.3821
0.36 0.3672999999999997
0.36 0.3656999999999997
0.36 0.36729999999999974
0.36 0.3646999999999996
0.36 0.3732999999999996
0.36 0.40109999999999957
0.36 0.3655999999999996
0.36 0.38969999999999955
0.36 0.4320999999999996
0.36 0.38329999999999964
0.36 0.36319999999999975
0.36 0.3660999999999997
0.36 0.3649999999999997
0.36 0.36249999999999977
0.36 0.3643999999999996
0.36 0.3644999999999996
0.36 0.36739999999999967
0.36 0.3677999999999997
0.36 0.3670999999999997
0.36 0.3654999999999996
0.36 0.3634999999999996
0.36 0.36399999999999955
0.36 0.3651999999999996
0.36 0.36479999999999957
0.36 0.3617999999999996
0.36 0.3624999999999996
0.36 0.36569999999999964
0.36 0.36419999999999975
0.36 0.3665999999999997
0.36 0.3648999999999997
0.36 0.3625999999999997
0.36 0.36949999999999966
0.36 0.36319999999999963
0.36 0.3612999999999995
0.36 0.3631999999999996
0.36 0.3646999999999996
0.36 0.39049999999999957
0.36 0.4857999999999994
0.36 0.36639999999999956
0.36 0.36329999999999957
0.36 0.3698999999999997
0.36 0.36499999999999966
0.36 0.3615999999999996
0.36 0.5739999999999992
0.36 0.40369999999999956
0.36 0.3626999999999996
0.36 0.3631999999999996
0.36 0.36219999999999947
0.36 0.36439999999999956
0.36 0.3630999999999996
0.36 0.3622999999999996
0.36 0.3606999999999995
0.36 0.36079999999999957
0.36 0.36229999999999957
0.36 0.3610999999999996
0.36 0.37099999999999966
0.36 0.36809999999999965
0.36 0.39379999999999954
0.36 0.3626999999999996
0.36 0.36279999999999957
0.36 0.36609999999999965
0.36 0.3606999999999995
0.36 0.36179999999999957
0.36 0.3665999999999996
0.36 0.36139999999999955
0.36 0.3605999999999996
0.36 0.3602999999999995
0.36 0.36399999999999955
0.36 0.36579999999999957
0.36 0.36329999999999957
0.36 0.3624999999999995
0.36 0.3619999999999996
0.36 0.3649999999999995
0.36 0.36749999999999955
0.36 0.3721999999999996
0.36 0.3680999999999996
0.36 0.3609999999999996
0.36 0.36399999999999966
0.36 0.3643999999999996
0.36 0.36399999999999955
0.36 0.36149999999999965
0.36 0.3614999999999995
0.36 0.42019999999999946
0.36 0.3791999999999996
0.36 0.36639999999999956
0.36 0.36339999999999956
0.36 0.36189999999999956
0.36 0.36079999999999957
0.36 0.3599999999999996
0.36 0.3601999999999995
0.36 0.36009999999999953
0.36 0.36039999999999955
0.36 0.3619999999999996
0.36 0.3626999999999996
0.36 0.36339999999999956
0.36 0.36159999999999953
0.36 0.3608999999999996
0.36 0.36199999999999954
0.36 0.36139999999999955
0.36 0.36039999999999955
0.36 0.3626999999999995
0.36 0.3624999999999996
0.36 0.36449999999999955
0.36 0.3637999999999995
0.36 0.3641999999999996
0.36 0.3606999999999996
0.36 0.36179999999999957
0.36 0.36039999999999955
0.36 0.36279999999999957
0.36 0.37049999999999955
0.36 0.3606999999999996
0.36 0.3651999999999996
0.36 0.3641999999999996
0.36 0.3643999999999996
0.36 0.36079999999999957
0.36 0.36429999999999957
0.36 0.36249999999999966
0.36 0.3622999999999996
0.36 0.36009999999999953
0.36 0.3599999999999996
0.36 0.3599999999999996
0.36 0.36259999999999953
0.36 0.43769999999999937
0.36 0.37969999999999954
0.36 0.3692999999999996
0.36 0.3944999999999995
0.36 0.6019999999999992
0.36 0.4550999999999994
0.36 0.36279999999999957
0.36 0.3627999999999997
0.36 0.36319999999999963
0.36 0.3637999999999997
0.36 0.36359999999999965
0.36 0.3777999999999995
0.36 0.3629999999999996
0.36 0.3624999999999996
0.36 0.36529999999999957
0.36 0.3659999999999995
0.36 0.3633999999999996
0.36 0.3626999999999995
0.36 0.3631999999999996
0.36 0.36289999999999956
0.36 0.3624999999999995
0.36 0.3626999999999996
0.36 0.3616999999999996
0.36 0.3616999999999996
0.36 0.3619999999999996
0.36 0.3645999999999996
0.36 0.36449999999999944
0.36 0.36399999999999955
0.36 0.3641999999999996
0.36 0.3624999999999996
0.36 0.36299999999999955
0.36 0.3627999999999997
0.36 0.36329999999999957
0.36 0.4483999999999995
0.36 0.3662999999999997
0.36 0.3880999999999996
0.36 0.4180999999999996
0.36 0.3694999999999996
0.36 0.3655999999999996
0.36 0.3612999999999996
0.36 0.3620999999999996
0.36 0.3605999999999996
0.36 0.3611999999999995
0.36 0.3716999999999996
0.36 0.36449999999999955
0.36 0.36869999999999964
0.36 0.36099999999999965
0.36 0.3623999999999996
0.36 0.36149999999999954
0.36 0.3610999999999995
0.36 0.36399999999999955
0.36 0.3662999999999996
0.36 0.36139999999999955
0.36 0.3608999999999996
0.36 0.3616999999999996
0.36 0.3607999999999996
0.36 0.36139999999999967
0.36 0.36429999999999957
0.36 0.3693999999999996
0.36 0.3654999999999996
0.36 0.36319999999999963
0.36 0.3624999999999996
0.36 0.3696999999999996
0.36 0.36499999999999955
0.36 0.36159999999999953
0.36 0.3637999999999995
0.36 0.3640999999999996
0.36 0.3620999999999996
0.36 0.36199999999999954
0.36 0.36279999999999957
0.36 0.36289999999999956
0.36 0.3634999999999996
0.36 0.3668999999999995
0.36 0.3653999999999996
0.36 0.37249999999999966
0.36 0.3944999999999997
0.36 0.38099999999999956
0.36 0.3654999999999996
0.36 0.3820999999999997
0.36 0.37109999999999954
0.36 0.3935
0.36 0.42609999999999965
0.36 0.40019999999999983
0.38 0.47509999999999936
0.38 0.36799999999999977
0.38 0.40939999999999993
0.36 0.4515999999999996
0.36 0.4083999999999999
0.36 0.3679999999999998
0.36 0.3655999999999998
0.36 0.3690999999999999
0.36 0.37129999999999974
0.36 0.3677999999999998
0.36 0.3677999999999998
0.36 0.40109999999999973
0.36 0.36709999999999965
0.36 0.3653999999999996
0.36 0.3679999999999998
0.36 0.3652999999999997
0.36 0.3693999999999996
0.36 0.5010999999999994
0.36 0.44379999999999975
0.36 0.3734999999999998
0.36 0.39059999999999967
0.36 0.5467999999999994
0.36 0.7145999999999991
0.36 0.6339999999999991
0.36 0.4223999999999996
0.36 0.4844999999999995
0.36 0.4387999999999995
0.36 0.3670999999999998
0.36 0.37119999999999975
0.36 0.37119999999999964
0.36 0.4056999999999997
0.36 0.3755999999999996
0.36 0.3664999999999996
0.36 0.3636999999999995
0.36 0.36509999999999965
0.36 0.36509999999999954
0.36 0.39319999999999955
0.36 0.36539999999999956
0.36 0.36679999999999957
0.36 0.36369999999999963
0.36 0.36639999999999967
0.36 0.36799999999999955
0.36 0.36689999999999967
0.36 0.3621999999999998
0.36 0.3663999999999997
0.36 0.3742999999999997
0.36 0.3646999999999997
0.36 0.36519999999999975
0.36 0.3678999999999998
0.36 0.3717999999999998
0.36 0.37129999999999974
0.36 0.4000999999999999
0.36 0.37769999999999976
0.36 0.3697999999999999
0.36 0.37649999999999983
0.36 0.3699999999999999
0.36 0.38719999999999993
0.36 0.36699999999999977
0.36 0.3688999999999998
0.36 0.3718999999999998
0.36 0.3693999999999999
0.36 0.36779999999999985
0.36 0.3700999999999997
0.36 0.3719999999999997
0.36 0.36889999999999973
0.36 0.3664999999999997
0.36 0.3713999999999998
0.36 0.36709999999999965
0.36 0.3637999999999998
0.36 0.3657999999999997
0.36 0.37049999999999966
0.36 0.3682999999999996
0.36 0.3684999999999999
0.36 0.37279999999999974
0.36 0.37109999999999965
0.36 0.3654999999999996
0.36 0.3654999999999997
0.36 0.36919999999999964
0.36 0.3684999999999998
0.36 0.36389999999999967
0.36 0.3623999999999996
0.36 0.3624999999999997
0.36 0.3633999999999996
0.36 0.36399999999999966
0.36 0.3633999999999996
0.36 0.36549999999999955
0.36 0.36959999999999965
0.36 0.4663999999999994
0.36 0.5383999999999993
0.36 0.5388999999999993
