0.21999999999999997 0.6230200000000037
0.09999999999999998 0.606080000000002
0.14 0.5512400000000018
0.07999999999999996 0.5333600000000034
0.07999999999999996 0.4976400000000031
0.07999999999999996 0.4778400000000029
0.07999999999999996 0.4539800000000025
0.07999999999999996 0.43492000000000225
0.07999999999999996 0.41258000000000244
0.07999999999999996 0.38746000000000225
0.07999999999999996 0.3793200000000018
0.07999999999999996 0.37152000000000196
0.07999999999999996 0.3719000000000015
0.07999999999999996 0.35876000000000147
0.07999999999999996 0.35908000000000195
0.07999999999999996 0.349980000000002
0.07999999999999996 0.34460000000000207
0.07999999999999996 0.33830000000000177
0.07999999999999996 0.3256800000000019
0.07999999999999996 0.3235800000000018
0.07999999999999996 0.30562000000000206
0.07999999999999996 0.2914400000000019
0.07999999999999996 0.2843800000000017
0.06000000000000005 0.2766600000000015
0.06000000000000005 0.26588000000000117
0.06000000000000005 0.2672000000000011
0.06000000000000005 0.26114000000000115
0.06000000000000005 0.2654600000000007
0.06000000000000005 0.267880000000001
0.06000000000000005 0.2622200000000009
0.06000000000000005 0.2575200000000011
0.06000000000000005 0.246340000000001
0.06000000000000005 0.24482000000000073
0.06000000000000005 0.24504000000000067
0.06000000000000005 0.22682000000000052
0.06000000000000005 0.22798000000000027
0.06000000000000005 0.22256000000000023
0.06000000000000005 0.2210000000000002
0.06000000000000005 0.21622000000000063
0.06000000000000005 0.21052000000000015
0.06000000000000005 0.21802000000000052
0.06000000000000005 0.2050000000000007
0.06000000000000005 0.20570000000000074
0.06000000000000005 0.22304000000000054
0.06000000000000005 0.20230000000000023
0.06000000000000005 0.19598000000000043
0.06000000000000005 0.1979800000000003
0.06000000000000005 0.20100000000000065
0.06000000000000005 0.1986400000000003
0.06000000000000005 0.19988000000000045
0.06000000000000005 0.19030000000000008
0.06000000000000005 0.19349999999999998
0.06000000000000005 0.20896000000000034
0.06000000000000005 0.20658000000000037
0.06000000000000005 0.2135600000000004
0.06000000000000005 0.2016400000000004
0.06000000000000005 0.20526000000000025
0.06000000000000005 0.1983800000000002
0.06000000000000005 0.19890000000000038
0.06000000000000005 0.21082000000000067
0.06000000000000005 0.2034600000000004
0.06000000000000005 0.20286000000000046
0.06000000000000005 0.18818000000000024
0.06000000000000005 0.1957000000000004
0.06000000000000005 0.18558000000000036
0.06000000000000005 0.19410000000000038
0.06000000000000005 0.1939400000000001
0.06000000000000005 0.20392000000000043
0.06000000000000005 0.21084000000000022
0.06000000000000005 0.21250000000000044
0.06000000000000005 0.20462000000000036
0.06000000000000005 0.1996000000000004
0.06000000000000005 0.18672000000000039
0.06000000000000005 0.18650000000000042
0.06000000000000005 0.19260000000000027
0.06000000000000005 0.19068000000000018
0.06000000000000005 0.17904000000000028
0.06000000000000005 0.18492000000000036
0.06000000000000005 0.1760600000000001
0.06000000000000005 0.1788400000000002
0.06000000000000005 0.17695999999999992
0.06000000000000005 0.18622000000000014
0.06000000000000005 0.1776200000000001
0.06000000000000005 0.18830000000000033
0.06000000000000005 0.1824200000000005
0.06000000000000005 0.1937200000000005
0.06000000000000005 0.1985200000000005
0.06000000000000005 0.18800000000000033
0.06000000000000005 0.1899200000000002
0.06000000000000005 0.18784000000000042
0.06000000000000005 0.18074000000000048
0.06000000000000005 0.19122000000000033
0.06000000000000005 0.17574000000000023
0.06000000000000005 0.19164000000000034
0.06000000000000005 0.1825800000000003
0.06000000000000005 0.18118000000000029
0.06000000000000005 0.2007800000000005
0.06000000000000005 0.19698000000000043
0.06000000000000005 0.18704000000000034
0.06000000000000005 0.17920000000000025
