0.94 0.4142499999999966
0.94 0.4610099999999989
0.94 0.49771999999999983
0.94 0.5290600000000005
0.95 0.5484400000000038
0.95 0.58499
0.95 0.6026300000000019
0.95 0.6188700000000015
0.95 0.637100000000002
0.96 0.657360000000001
0.96 0.6650300000000011
0.96 0.667810000000002
0.96 0.6685300000000022
0.96 0.6746499999999988
0.96 0.6875799999999951
0.98 0.6942099999999946
0.98 0.7037599999999959
0.98 0.7043899999999971
0.98 0.7143199999999982
0.98 0.7112000000000006
0.98 0.7222900000000021
0.98 0.7259000000000018
0.98 0.7325200000000032
0.98 0.7413900000000069
0.98 0.7429500000000058
0.98 0.7390400000000021
0.98 0.7399100000000048
0.98 0.7394200000000044
0.98 0.7446200000000059
0.98 0.7498000000000046
0.98 0.7524300000000065
0.98 0.7556400000000061
0.98 0.7527200000000054
0.98 0.7585300000000086
0.98 0.7646600000000057
0.98 0.7850700000000093
0.98 0.7822800000000065
0.98 0.7798600000000063
0.98 0.7926000000000063
0.98 0.8006800000000057
0.98 0.7998700000000045
0.98 0.7981000000000044
0.98 0.8023500000000025
0.98 0.7950100000000037
0.98 0.814790000000006
0.98 0.805460000000005
0.98 0.8134000000000069
0.98 0.8101900000000055
0.98 0.801860000000003
0.98 0.7934400000000059
0.98 0.8082000000000034
0.98 0.8086300000000035
0.99 0.8081800000000015
0.99 0.8110900000000036
0.99 0.805330000000004
0.99 0.8080700000000008
0.99 0.8133300000000034
0.99 0.815620000000005
0.99 0.8074200000000016
0.99 0.8133000000000031
0.99 0.8166800000000023
0.99 0.8163700000000041
0.99 0.8251400000000035
0.99 0.8292600000000032
0.99 0.8283100000000043
0.99 0.8318300000000068
0.99 0.8098800000000037
0.99 0.8120400000000018
0.99 0.8284600000000025
0.99 0.8347200000000046
0.99 0.8328700000000027
0.99 0.8286000000000027
0.99 0.832740000000004
0.99 0.8195900000000034
0.99 0.8295500000000032
0.99 0.8417700000000042
0.99 0.8404000000000049
0.99 0.8321100000000051
0.99 0.8442500000000042
0.99 0.8426400000000038
0.99 0.8371400000000015
0.99 0.8364800000000021
0.99 0.8315100000000024
0.99 0.8306300000000024
0.99 0.8423400000000055
0.99 0.8443200000000037
0.99 0.8482600000000036
0.99 0.8461900000000024
0.99 0.8439500000000029
0.99 0.8463100000000031
0.99 0.8593100000000015
0.99 0.8683099999999986
0.99 0.8582400000000012
0.99 0.8569600000000024
0.99 0.8615100000000007
0.99 0.8530700000000027
0.99 0.8576200000000008
0.99 0.8569600000000012
0.99 0.846570000000003
0.99 0.8415500000000016
