0.69 0.3829999999999997
0.69 0.41159999999999913
0.73 0.4102999999999992
0.75 0.4133499999999993
0.75 0.4354999999999988
0.67 0.3888499999999992
0.68 0.3973499999999996
0.74 0.42169999999999885
0.74 0.41974999999999857
0.74 0.414199999999999
0.68 0.4043499999999991
0.75 0.4288499999999985
0.64 0.3858499999999996
0.65 0.4074499999999989
0.81 0.4466499999999984
0.81 0.46464999999999823
0.67 0.40054999999999963
0.68 0.414549999999999
0.68 0.4490499999999989
0.81 0.4840999999999987
0.69 0.4832999999999984
0.73 0.4974999999999994
0.69 0.5211999999999992
0.69 0.5461499999999994
0.8 0.5927499999999998
0.93 0.5948499999999994
0.67 0.5839999999999995
0.67 0.5745499999999995
0.67 0.541499999999999
0.68 0.5676
0.69 0.5737499999999988
0.69 0.628849999999999
0.67 0.5850999999999993
0.72 0.6361000000000002
0.69 0.6381500000000002
0.75 0.6442000000000008
0.72 0.6612000000000012
0.78 0.6708500000000012
0.86 0.6219500000000002
0.67 0.6053499999999993
0.8 0.6401500000000004
0.73 0.6459500000000006
0.77 0.6285500000000002
0.77 0.6391000000000006
0.67 0.5684999999999995
0.67 0.5794999999999993
0.67 0.6129500000000004
0.67 0.61495
0.67 0.5990999999999996
0.67 0.5524000000000006
0.67 0.5796500000000013
0.67 0.48534999999999817
0.67 0.4714499999999975
0.67 0.5029999999999986
0.67 0.48929999999999935
0.67 0.44704999999999856
0.67 0.4254499999999984
0.67 0.5113499999999997
0.67 0.5832499999999995
0.67 0.6270500000000004
0.67 0.6229500000000004
0.67 0.6551500000000011
0.67 0.6589500000000009
0.67 0.6295000000000012
0.67 0.6458500000000016
0.67 0.6494500000000017
0.67 0.5634500000000009
0.67 0.5486999999999996
0.67 0.6536000000000012
0.67 0.6593000000000012
0.67 0.6684500000000011
0.67 0.6677000000000015
0.67 0.6688500000000012
0.67 0.6691000000000011
0.67 0.6633000000000012
0.67 0.6683000000000014
0.67 0.6670500000000014
0.67 0.6620000000000009
0.67 0.664950000000001
0.67 0.6680000000000014
0.67 0.668300000000001
0.67 0.6695000000000012
0.67 0.6694000000000012
0.67 0.657950000000001
0.67 0.6556000000000013
0.67 0.6403500000000009
0.67 0.6483500000000008
0.67 0.6626000000000013
0.67 0.6528500000000009
0.67 0.6511000000000009
0.67 0.652050000000001
0.67 0.6595500000000011
0.67 0.653800000000001
0.67 0.6546500000000007
0.67 0.6630000000000017
0.67 0.639900000000001
0.67 0.6161000000000004
0.67 0.6278500000000004
0.67 0.6619000000000013
0.67 0.6189500000000013
0.67 0.645150000000001
0.67 0.6521000000000012
0.67 0.6545000000000012
0.67 0.6237500000000009
0.67 0.6214500000000011
0.67 0.5613499999999993
0.67 0.655750000000001
0.67 0.6533000000000011
0.67 0.6603500000000014
0.67 0.6522500000000009
0.67 0.6634500000000009
0.67 0.6566500000000013
0.67 0.6637500000000013
0.67 0.6597500000000011
0.67 0.6642500000000011
0.67 0.6642000000000013
0.67 0.664000000000001
0.67 0.6578000000000008
0.67 0.6658000000000013
0.67 0.6696000000000011
0.67 0.6669000000000012
0.67 0.667100000000001
0.67 0.6695500000000011
0.67 0.6475500000000012
0.67 0.6610500000000014
0.67 0.648250000000001
0.67 0.6655500000000011
0.67 0.649350000000001
0.67 0.6389500000000009
0.67 0.6543000000000014
0.67 0.6610000000000014
0.67 0.6581500000000013
0.67 0.6533500000000011
0.67 0.6645500000000013
0.67 0.6601500000000015
0.67 0.641200000000001
0.67 0.6143000000000003
0.67 0.5992499999999998
0.67 0.6352000000000007
0.67 0.6245000000000012
0.67 0.6574000000000012
0.67 0.6666500000000015
0.67 0.6372500000000008
0.67 0.656750000000001
0.67 0.6313000000000006
0.67 0.6387500000000012
0.67 0.6172500000000007
0.67 0.6464500000000012
0.67 0.641950000000001
0.67 0.6540000000000008
0.67 0.6619500000000013
0.67 0.6669500000000014
0.67 0.6636500000000014
0.67 0.6604000000000009
0.67 0.6684500000000014
0.67 0.6674500000000013
0.67 0.6638500000000012
0.67 0.6553500000000012
0.67 0.6616500000000012
0.67 0.6417500000000012
0.67 0.6565500000000014
0.67 0.654800000000001
0.67 0.6664500000000011
0.67 0.6564000000000013
0.67 0.6634000000000014
0.67 0.6645000000000014
0.67 0.6475000000000014
0.67 0.6199500000000008
0.67 0.626950000000001
0.67 0.6264000000000014
0.67 0.6457500000000012
0.67 0.6594500000000012
0.67 0.6620500000000016
0.67 0.6504500000000012
0.67 0.6492000000000013
0.67 0.658800000000001
0.67 0.6601500000000015
0.67 0.6485000000000014
0.67 0.6627000000000013
0.67 0.6526500000000014
0.67 0.653900000000001
0.67 0.6644500000000013
0.67 0.6686500000000011
0.67 0.669850000000001
0.67 0.6655000000000014
0.67 0.6678000000000011
0.67 0.668600000000001
0.67 0.6698000000000008
0.67 0.6696000000000011
0.67 0.6533500000000012
0.67 0.6660000000000014
0.67 0.6688500000000009
0.67 0.6602500000000013
0.67 0.6650000000000013
0.67 0.6676500000000013
0.67 0.6664000000000014
0.67 0.6658500000000014
0.67 0.669500000000001
0.67 0.667850000000001
0.67 0.6691000000000009
0.67 0.6677000000000011
0.67 0.668150000000001
0.67 0.6681000000000012
0.67 0.6611500000000017
0.67 0.6691000000000011
0.67 0.6401500000000011
0.67 0.664050000000001
0.67 0.6543000000000009
0.67 0.659800000000001
0.67 0.6624500000000013
0.67 0.6653500000000012
0.67 0.6648500000000016
0.67 0.669750000000001
0.67 0.6626000000000013
0.67 0.665300000000001
0.67 0.6681000000000012
0.67 0.6599500000000014
0.67 0.6300500000000009
0.67 0.6535000000000012
0.67 0.6557000000000012
0.67 0.6671000000000014
0.67 0.6639500000000013
0.67 0.6696000000000011
0.67 0.6663000000000013
0.67 0.6674500000000012
0.67 0.6677500000000011
0.67 0.6585500000000012
0.67 0.6619000000000012
0.67 0.6644000000000012
0.67 0.6693500000000011
0.67 0.6696500000000011
0.67 0.6693000000000009
0.67 0.6696000000000011
0.67 0.6666500000000012
0.67 0.6675000000000011
0.67 0.669150000000001
0.67 0.6698000000000011
0.67 0.6696000000000011
0.67 0.6660000000000009
0.67 0.659000000000001
0.67 0.6515000000000003
0.67 0.6563500000000009
0.67 0.6678000000000012
0.67 0.6630000000000011
0.67 0.6627000000000014
0.67 0.6654000000000014
0.67 0.6665000000000012
0.67 0.647300000000001
0.67 0.6617000000000016
0.67 0.6644000000000015
0.67 0.6683500000000013
0.67 0.6518000000000014
0.67 0.669500000000001
0.67 0.668500000000001
0.67 0.669550000000001
0.67 0.667650000000001
0.67 0.6691000000000009
0.67 0.6682500000000009
0.67 0.6698500000000008
0.67 0.6590500000000015
0.67 0.6642000000000013
0.67 0.6667000000000012
0.67 0.6637500000000014
0.67 0.6674500000000013
0.67 0.6662500000000011
0.67 0.6643500000000013
0.67 0.6647500000000012
0.67 0.6667000000000012
0.67 0.6689500000000009
0.67 0.6603500000000017
0.67 0.6673500000000014
0.67 0.6658500000000014
0.67 0.6651000000000014
0.67 0.6638000000000013
0.67 0.6693000000000009
0.67 0.6686000000000014
0.67 0.6698500000000008
0.67 0.6692500000000012
0.67 0.6655000000000015
0.67 0.6670000000000013
0.67 0.6699500000000009
0.67 0.6673500000000011
0.67 0.668400000000001
0.67 0.6673500000000011
0.67 0.6689500000000013
0.67 0.6662000000000012
0.67 0.6677500000000011
0.67 0.669400000000001
0.67 0.667450000000001
0.67 0.6661500000000011
0.67 0.669850000000001
0.67 0.666700000000001
0.67 0.665600000000001
0.67 0.6642000000000011
0.67 0.666700000000001
0.67 0.6628500000000013
0.67 0.668150000000001
0.67 0.6675500000000011
0.67 0.668850000000001
0.67 0.6655500000000015
0.67 0.6660000000000015
0.67 0.6635500000000013
0.67 0.668300000000001
0.67 0.6655000000000011
0.67 0.6692000000000011
0.67 0.6700000000000008
0.67 0.6691000000000014
0.67 0.6675500000000011
0.67 0.667400000000001
0.67 0.6693000000000009
0.67 0.6654000000000011
0.67 0.668200000000001
0.67 0.667950000000001
0.67 0.6673000000000013
0.67 0.6626500000000014
0.67 0.651800000000001
0.67 0.6532500000000012
0.67 0.6671500000000011
0.67 0.6604000000000013
0.67 0.6634500000000014
0.67 0.6694500000000011
0.67 0.6700000000000008
0.67 0.6513000000000011
0.67 0.6652500000000013
0.67 0.6687000000000012
0.67 0.6688000000000013
0.67 0.6694500000000009
0.67 0.669750000000001
0.67 0.6471000000000009
0.67 0.5562499999999988
0.67 0.5106999999999977
0.67 0.6365000000000006
0.67 0.6628000000000014
0.67 0.6644500000000017
0.67 0.6597000000000015
0.67 0.6519000000000009
0.67 0.3977999999999986
0.67 0.4470499999999975
0.67 0.4584999999999973
0.32 0.32000000000000023
0.32 0.32000000000000023
0.55 0.3211500000000002
0.55 0.3215500000000002
0.58 0.32915000000000005
0.58 0.33254999999999996
0.58 0.34439999999999976
0.58 0.3500999999999996
0.58 0.37319999999999903
0.32 0.32000000000000023
0.32 0.31990000000000024
0.32 0.32000000000000023
0.32 0.32000000000000023
0.32 0.32000000000000023
0.32 0.32000000000000023
0.33 0.3201500000000002
0.56 0.3217000000000002
0.56 0.32130000000000025
0.56 0.3289000000000001
0.56 0.32935000000000003
0.56 0.3375499999999998
0.57 0.35154999999999925
0.57 0.3566499999999989
0.57 0.3898499999999981
0.57 0.43444999999999817
0.57 0.4915499999999997
0.66 0.5268500000000006
0.66 0.5492500000000009
0.67 0.5620999999999998
0.67 0.5734499999999989
0.67 0.5832999999999985
0.67 0.5853499999999986
0.67 0.5899499999999983
0.67 0.6183499999999986
0.67 0.6248499999999994
0.67 0.6435500000000003
0.67 0.6471000000000005
0.67 0.6495000000000004
0.67 0.6544000000000009
0.67 0.6202500000000001
0.67 0.6154000000000001
0.67 0.6406000000000007
0.67 0.6069000000000006
0.67 0.6276000000000006
0.67 0.6335500000000004
0.67 0.6537500000000008
0.67 0.6256999999999997
0.67 0.5507499999999994
0.67 0.6306500000000003
0.67 0.6350500000000002
0.67 0.6382000000000007
0.67 0.6389000000000009
0.67 0.6550500000000012
0.67 0.5836499999999996
0.67 0.6041000000000001
0.67 0.6369000000000007
0.67 0.6319000000000002
0.67 0.6442000000000005
0.67 0.6447500000000008
0.67 0.6460000000000008
0.67 0.6449000000000009
0.67 0.6380500000000007
0.67 0.652150000000001
0.67 0.6617000000000012
0.67 0.6463500000000009
0.67 0.6407000000000008
0.67 0.6242500000000011
0.67 0.6419000000000011
0.67 0.6534000000000009
0.67 0.6553500000000012
0.67 0.6635500000000013
0.67 0.6254000000000004
0.67 0.6515000000000011
0.67 0.6163500000000002
0.67 0.6077000000000001
0.67 0.6582000000000012
0.67 0.5678
0.67 0.6604500000000013
0.67 0.6682500000000011
0.67 0.6647500000000012
0.67 0.6647000000000017
0.67 0.6678500000000015
0.67 0.6693000000000012
0.67 0.6662500000000011
0.67 0.6628000000000012
0.67 0.6633500000000013
0.67 0.6622500000000016
0.67 0.6612500000000011
0.67 0.6658500000000012
0.67 0.6679500000000012
0.67 0.6658500000000012
0.67 0.6360000000000007
0.67 0.6645000000000013
0.67 0.6680500000000014
0.67 0.6571500000000015
0.67 0.6671500000000011
0.67 0.6620000000000013
0.67 0.6469500000000012
0.67 0.6584500000000013
0.67 0.6532000000000011
0.67 0.6601000000000015
0.67 0.6337999999999999
0.67 0.6532500000000008
0.67 0.6592500000000012
0.67 0.6508000000000006
0.67 0.6578000000000012
0.67 0.6607500000000012
0.67 0.6494500000000007
0.67 0.6105000000000004
0.67 0.6521000000000009
0.67 0.6349500000000009
0.67 0.6211000000000003
0.67 0.5505999999999989
0.67 0.6138500000000001
0.67 0.6093000000000002
0.67 0.6672500000000012
0.67 0.6645000000000013
0.67 0.668600000000001
0.67 0.668650000000001
0.67 0.6650000000000013
0.67 0.6647500000000014
0.67 0.6572000000000011
0.67 0.6674000000000013
0.67 0.6689000000000012
0.67 0.6653000000000011
0.67 0.6621500000000013
0.67 0.666200000000001
0.67 0.6633500000000013
0.67 0.6597000000000013
0.67 0.6616000000000014
0.67 0.6597500000000014
0.67 0.6638000000000013
0.67 0.6654500000000013
0.67 0.6651500000000015
0.67 0.6698500000000008
0.67 0.6604000000000013
0.67 0.6659000000000013
0.67 0.6669000000000009
0.67 0.6680000000000013
0.67 0.6657000000000014
0.67 0.6656500000000014
0.67 0.6683500000000012
0.67 0.6659000000000013
0.67 0.6627000000000014
0.67 0.6659500000000013
0.67 0.669700000000001
0.67 0.667100000000001
0.67 0.6696500000000011
0.67 0.6693000000000011
0.67 0.669200000000001
0.67 0.668300000000001
0.67 0.6509500000000012
0.67 0.6507500000000012
0.67 0.6138500000000001
0.67 0.666200000000001
0.67 0.6422500000000012
0.67 0.6660000000000014
0.67 0.6373500000000009
0.67 0.6379500000000007
0.67 0.5159999999999979
0.67 0.6638500000000015
