0.09999999999999998 0.625260000000002
0.09999999999999998 0.580920000000003
0.09999999999999998 0.5469600000000024
0.09999999999999998 0.5166000000000027
0.09999999999999998 0.4818600000000012
0.09999999999999998 0.45064000000000126
0.09999999999999998 0.427140000000001
0.09999999999999998 0.41536000000000106
0.09999999999999998 0.3964400000000017
0.09999999999999998 0.3801800000000018
0.09999999999999998 0.3739000000000014
0.09999999999999998 0.3609200000000005
0.09999999999999998 0.3517200000000009
0.09999999999999998 0.3248600000000003
0.09999999999999998 0.32118000000000135
0.09999999999999998 0.3061400000000004
0.06000000000000005 0.3009600000000007
0.06000000000000005 0.28104000000000035
0.06000000000000005 0.27304000000000006
0.06000000000000005 0.2673600000000001
0.06000000000000005 0.2544400000000002
0.06000000000000005 0.25394
0.06000000000000005 0.24852000000000027
0.06000000000000005 0.23822000000000035
0.06000000000000005 0.24370000000000053
0.06000000000000005 0.23076000000000013
0.06000000000000005 0.22110000000000038
0.06000000000000005 0.2079000000000004
0.06000000000000005 0.2105600000000005
0.06000000000000005 0.2191400000000003
0.06000000000000005 0.22110000000000038
0.06000000000000005 0.21485999999999994
0.06000000000000005 0.19878000000000026
0.06000000000000005 0.19850000000000023
0.06000000000000005 0.20840000000000028
0.06000000000000005 0.20783999999999994
0.06000000000000005 0.19737999999999978
0.06000000000000005 0.18760000000000018
0.06000000000000005 0.18753999999999993
0.06000000000000005 0.19794000000000025
0.06000000000000005 0.2017000000000001
0.06000000000000005 0.18339999999999973
0.06000000000000005 0.18329999999999957
0.06000000000000005 0.17573999999999973
0.06000000000000005 0.17963999999999974
0.06000000000000005 0.17533999999999977
0.06000000000000005 0.1599399999999995
0.06000000000000005 0.17083999999999963
0.06000000000000005 0.1838799999999995
0.06000000000000005 0.17807999999999966
0.06000000000000005 0.1732999999999997
0.06000000000000005 0.17459999999999992
0.06000000000000005 0.16515999999999986
0.06000000000000005 0.16937999999999956
0.06000000000000005 0.1662399999999996
0.06000000000000005 0.16539999999999988
0.06000000000000005 0.16003999999999977
0.06000000000000005 0.16753999999999966
0.06000000000000005 0.16513999999999945
0.06000000000000005 0.1657599999999995
0.06000000000000005 0.17011999999999972
0.06000000000000005 0.15617999999999962
0.06000000000000005 0.15665999999999963
0.06000000000000005 0.16939999999999958
0.06000000000000005 0.1595399999999995
0.06000000000000005 0.15637999999999955
0.06000000000000005 0.15877999999999967
0.06000000000000005 0.1656999999999997
0.06000000000000005 0.1794199999999996
0.06000000000000005 0.1707399999999996
0.06000000000000005 0.15995999999999969
0.06000000000000005 0.16789999999999966
0.06000000000000005 0.1636599999999998
0.06000000000000005 0.1524600000000001
0.06000000000000005 0.1571799999999998
0.06000000000000005 0.1470799999999999
0.06000000000000005 0.14921999999999994
0.06000000000000005 0.1554199999999997
0.06000000000000005 0.1515599999999995
0.06000000000000005 0.1638599999999997
0.06000000000000005 0.1648599999999996
0.06000000000000005 0.16501999999999972
0.06000000000000005 0.16857999999999948
0.06000000000000005 0.16243999999999958
0.06000000000000005 0.16177999999999973
0.06000000000000005 0.15441999999999972
0.06000000000000005 0.1598799999999998
0.06000000000000005 0.15113999999999972
0.06000000000000005 0.1550599999999998
0.06000000000000005 0.16079999999999972
0.06000000000000005 0.16655999999999965
0.06000000000000005 0.15919999999999962
0.06000000000000005 0.1551599999999996
0.06000000000000005 0.16175999999999965
0.06000000000000005 0.1671599999999999
0.06000000000000005 0.16477999999999973
0.06000000000000005 0.16645999999999953
0.06000000000000005 0.16773999999999956
0.06000000000000005 0.16909999999999986
0.06000000000000005 0.15985999999999953
