0.92 0.4067399999999935
0.92 0.4440299999999945
0.92 0.47971999999999626
0.95 0.5038799999999969
0.95 0.5305799999999988
0.95 0.5520100000000024
0.95 0.5761700000000015
0.95 0.5917099999999995
0.95 0.5962000000000005
0.95 0.6048400000000023
0.95 0.6355400000000053
0.95 0.6451800000000062
0.95 0.6594300000000066
0.95 0.6694200000000069
0.95 0.6775500000000045
0.95 0.698389999999999
0.95 0.7097399999999979
0.95 0.7081599999999983
0.96 0.7223399999999959
0.96 0.7189299999999961
0.96 0.7298699999999947
0.97 0.7320799999999941
0.97 0.7326899999999927
0.97 0.7381899999999924
0.97 0.7383399999999928
0.97 0.741439999999992
0.97 0.7541099999999916
0.97 0.7641199999999901
0.97 0.7645299999999925
0.97 0.7784299999999941
0.97 0.7801499999999957
0.97 0.785099999999996
0.97 0.7860299999999941
0.97 0.7793099999999943
0.97 0.7862799999999951
0.97 0.7867799999999957
0.97 0.7957999999999964
0.97 0.8046199999999952
0.97 0.8128999999999958
0.97 0.8126699999999971
0.97 0.8102
0.97 0.816010000000001
0.97 0.8232000000000014
0.97 0.8122400000000001
0.97 0.8204300000000023
0.97 0.8350000000000021
0.97 0.8379399999999997
0.97 0.8503599999999999
0.97 0.8400399999999997
0.97 0.8377899999999988
0.97 0.8369599999999976
0.97 0.8418299999999974
0.97 0.8263699999999974
0.97 0.8377099999999995
0.97 0.8358299999999971
0.97 0.8452999999999958
0.97 0.8495499999999977
0.97 0.8550199999999945
0.97 0.855139999999993
0.97 0.8564799999999934
0.97 0.8594499999999918
0.97 0.8622599999999907
0.97 0.8556699999999924
0.97 0.8556899999999915
0.97 0.8519899999999926
0.97 0.8558799999999903
0.97 0.8495399999999923
0.97 0.8460899999999928
0.97 0.8688699999999917
0.98 0.8679799999999913
