0.89 0.435100000000003
0.95 0.47896000000000494
0.95 0.5093400000000037
0.95 0.5341300000000027
0.95 0.5495200000000011
0.97 0.5787900000000015
0.97 0.5945100000000023
0.97 0.623250000000001
0.97 0.6455500000000017
0.98 0.6621400000000021
0.99 0.6890900000000043
0.99 0.7010000000000037
0.99 0.706570000000007
0.99 0.7219400000000104
0.99 0.7335100000000104
0.99 0.7474900000000088
0.99 0.7513000000000096
0.99 0.757590000000009
0.99 0.7659200000000086
0.99 0.7609300000000078
0.99 0.7674200000000089
0.99 0.7769000000000091
0.99 0.7871000000000069
0.99 0.7907600000000049
0.99 0.787730000000004
0.99 0.7919100000000058
0.99 0.8057400000000048
0.99 0.8180200000000023
0.99 0.8232500000000041
0.99 0.8198500000000036
0.99 0.819680000000005
0.99 0.8185400000000062
0.99 0.825990000000005
0.99 0.8275900000000032
0.99 0.8294500000000017
0.99 0.845220000000004
0.99 0.8425500000000039
0.99 0.8495000000000034
0.99 0.8523000000000015
0.99 0.8486700000000015
0.99 0.8527200000000011
0.99 0.8654999999999982
0.99 0.8637199999999982
0.99 0.866469999999996
0.99 0.8620299999999994
0.99 0.8658599999999983
0.99 0.8623399999999991
0.99 0.8628699999999963
0.99 0.8696999999999993
0.99 0.8517900000000019
0.99 0.8540700000000006
0.99 0.8451300000000012
0.99 0.84762
0.99 0.8599099999999982
0.99 0.8597899999999976
0.99 0.8756700000000012
0.99 0.8817600000000049
0.99 0.8818100000000028
0.99 0.8657000000000007
0.99 0.8765700000000032
0.99 0.8722700000000023
0.99 0.8757700000000045
0.99 0.8663900000000013
0.99 0.8751500000000021
0.99 0.8641799999999997
0.99 0.8737299999999992
0.99 0.8680499999999992
0.99 0.8586299999999999
0.99 0.8657600000000001
0.99 0.8720799999999987
0.99 0.8788600000000005
0.99 0.8741199999999997
0.99 0.8778699999999995
0.99 0.8752700000000003
0.99 0.8688200000000015
0.99 0.8643200000000001
0.99 0.8743399999999981
0.99 0.8695799999999998
0.99 0.8678800000000009
0.99 0.8667100000000019
0.99 0.8615400000000012
0.99 0.8688800000000013
0.99 0.8613200000000016
0.99 0.8540800000000028
0.99 0.8597400000000011
0.99 0.8598700000000012
0.99 0.8719200000000038
0.99 0.8752500000000031
0.99 0.8684200000000039
0.99 0.863890000000003
0.99 0.8555900000000006
0.99 0.8700900000000044
0.99 0.8693000000000032
0.99 0.8781500000000039
0.99 0.8693100000000021
0.99 0.880020000000004
0.99 0.8761600000000037
0.99 0.8771200000000066
0.99 0.8763700000000058
0.99 0.878150000000007
