0.16000000000000003 0.5721399999999999
0.19999999999999996 0.5341400000000005
0.19999999999999996 0.5073800000000014
0.06000000000000005 0.48074000000000044
0.040000000000000036 0.4556400000000004
0.07999999999999996 0.42517999999999956
0.07999999999999996 0.4009599999999997
0.07999999999999996 0.3780999999999992
0.07999999999999996 0.3561199999999992
0.07999999999999996 0.3399599999999996
0.07999999999999996 0.3340599999999988
0.07999999999999996 0.32407999999999837
0.07999999999999996 0.3105599999999979
0.040000000000000036 0.29585999999999796
0.040000000000000036 0.28895999999999805
0.040000000000000036 0.2793199999999981
0.040000000000000036 0.27699999999999825
0.040000000000000036 0.2697399999999981
0.040000000000000036 0.2669199999999981
0.040000000000000036 0.2612999999999984
0.040000000000000036 0.2574399999999982
0.040000000000000036 0.24545999999999812
0.040000000000000036 0.2441799999999982
0.040000000000000036 0.2528999999999982
0.040000000000000036 0.23865999999999815
0.040000000000000036 0.2351199999999988
0.040000000000000036 0.2188199999999988
0.040000000000000036 0.2117599999999987
0.040000000000000036 0.2043799999999988
0.040000000000000036 0.19669999999999885
0.040000000000000036 0.187479999999999
0.040000000000000036 0.18401999999999896
0.040000000000000036 0.17601999999999904
0.040000000000000036 0.1667799999999991
0.040000000000000036 0.15643999999999902
0.040000000000000036 0.15395999999999904
0.040000000000000036 0.15545999999999907
0.040000000000000036 0.16115999999999914
0.040000000000000036 0.15123999999999937
0.040000000000000036 0.1524599999999992
0.040000000000000036 0.15699999999999903
0.040000000000000036 0.1519799999999992
0.040000000000000036 0.15827999999999914
0.040000000000000036 0.16167999999999913
0.040000000000000036 0.14591999999999905
0.040000000000000036 0.13709999999999933
0.040000000000000036 0.1402799999999993
0.040000000000000036 0.1418799999999993
0.040000000000000036 0.1360599999999993
0.040000000000000036 0.13799999999999932
0.040000000000000036 0.1333199999999993
0.040000000000000036 0.1385799999999994
0.040000000000000036 0.13237999999999936
0.040000000000000036 0.13385999999999934
0.040000000000000036 0.1270399999999992
0.040000000000000036 0.12527999999999925
0.040000000000000036 0.12083999999999954
0.040000000000000036 0.12779999999999941
0.040000000000000036 0.1332399999999993
0.040000000000000036 0.1373399999999993
0.040000000000000036 0.13507999999999928
0.040000000000000036 0.13155999999999937
0.040000000000000036 0.14037999999999923
0.040000000000000036 0.14247999999999925
0.040000000000000036 0.1464799999999992
0.040000000000000036 0.13931999999999925
0.040000000000000036 0.14351999999999943
0.040000000000000036 0.135139999999999
0.06000000000000005 0.12905999999999918
0.06000000000000005 0.13707999999999937
0.06000000000000005 0.13089999999999927
0.06000000000000005 0.13143999999999914
0.06000000000000005 0.13109999999999913
0.06000000000000005 0.1346399999999993
0.06000000000000005 0.14059999999999934
0.06000000000000005 0.14029999999999934
0.06000000000000005 0.1331199999999993
0.06000000000000005 0.14261999999999925
0.06000000000000005 0.13481999999999916
0.06000000000000005 0.13655999999999932
0.06000000000000005 0.13239999999999935
0.06000000000000005 0.13521999999999929
0.06000000000000005 0.13067999999999932
0.06000000000000005 0.13825999999999916
0.06000000000000005 0.12781999999999935
0.06000000000000005 0.12353999999999937
0.06000000000000005 0.1378199999999992
0.06000000000000005 0.13909999999999922
0.06000000000000005 0.13509999999999933
0.06000000000000005 0.13279999999999934
0.06000000000000005 0.14599999999999944
0.06000000000000005 0.13537999999999936
0.06000000000000005 0.1346599999999992
0.06000000000000005 0.13679999999999934
0.06000000000000005 0.13371999999999926
0.06000000000000005 0.13023999999999908
0.06000000000000005 0.13257999999999937
0.06000000000000005 0.13301999999999928
0.06000000000000005 0.1267999999999992
0.06000000000000005 0.1308799999999992
