0.74 0.3860999999999993
0.83 0.43029999999999846
0.73 0.42999999999999816
0.8 0.39349999999999846
0.8 0.38879999999999876
0.67 0.39609999999999895
0.71 0.42699999999999944
0.7 0.4164499999999988
0.87 0.4058499999999987
0.72 0.4002999999999991
0.68 0.40139999999999953
0.68 0.4267999999999998
0.78 0.42054999999999965
0.68 0.4131999999999995
0.78 0.43529999999999947
0.68 0.45079999999999965
0.68 0.4378999999999993
0.68 0.4541499999999992
0.85 0.49409999999999976
0.81 0.49369999999999975
0.68 0.49065000000000003
0.68 0.48809999999999926
0.68 0.4753999999999995
0.68 0.47939999999999927
0.7 0.5426999999999996
0.73 0.5664999999999997
0.8 0.5338999999999993
0.73 0.5453499999999992
0.78 0.5106499999999994
0.75 0.49114999999999964
0.79 0.47990000000000016
0.75 0.5537999999999996
0.91 0.5217499999999996
0.79 0.5743999999999997
0.81 0.6234500000000006
0.8 0.6341999999999995
0.85 0.6446500000000007
0.68 0.5392999999999993
0.81 0.489649999999998
0.81 0.6115499999999987
0.68 0.6266499999999984
0.82 0.603699999999999
0.71 0.5417499999999993
0.71 0.5895499999999994
0.78 0.5962000000000001
0.77 0.6176999999999996
0.78 0.6088999999999998
0.89 0.6111000000000009
0.87 0.6661500000000019
0.85 0.6780500000000016
0.83 0.6652500000000018
0.84 0.674600000000002
0.84 0.689050000000003
0.84 0.6854500000000026
0.69 0.6666500000000033
0.73 0.6677000000000028
0.68 0.5520499999999982
0.7 0.6153999999999995
0.72 0.6017999999999988
0.72 0.6252000000000003
0.74 0.6030999999999992
0.8 0.6304000000000003
0.81 0.6108499999999997
0.88 0.6636500000000015
0.86 0.6699000000000014
0.86 0.6698500000000017
0.86 0.675600000000002
0.73 0.6644000000000022
0.85 0.6590000000000009
0.81 0.653050000000001
0.81 0.670800000000002
0.82 0.6776500000000023
0.91 0.6583500000000012
0.87 0.7293500000000022
0.87 0.6793000000000023
0.87 0.7523500000000014
0.84 0.6493500000000012
0.87 0.6025999999999998
0.87 0.682700000000004
0.79 0.6380999999999998
0.83 0.6518000000000008
0.7 0.6538000000000009
0.77 0.6626000000000012
0.84 0.6755000000000017
0.84 0.7034000000000014
0.84 0.7196000000000004
0.79 0.6899500000000027
0.84 0.7420000000000005
0.87 0.7291
0.84 0.7376499999999996
0.89 0.7251499999999994
0.88 0.7273000000000005
0.91 0.7664
0.9 0.7937000000000005
0.91 0.7923999999999998
0.91 0.8038000000000008
0.91 0.7960499999999994
0.91 0.8016499999999983
0.91 0.6245499999999994
0.93 0.7148499999999994
0.95 0.8056499999999981
0.87 0.77485
0.95 0.7948000000000006
0.8 0.5642499999999998
0.83 0.6397
0.78 0.61455
0.87 0.7489499999999993
0.78 0.6607500000000008
0.78 0.6456500000000002
0.78 0.6614500000000004
0.9 0.7099999999999999
0.91 0.6545500000000001
0.9 0.7320500000000006
0.9 0.749050000000001
0.74 0.5478000000000011
0.77 0.649949999999999
0.92 0.7701999999999991
0.93 0.7514500000000014
0.91 0.7983999999999994
0.91 0.7494000000000014
0.86 0.59325
0.91 0.6445500000000002
0.87 0.7930000000000007
0.87 0.7664000000000003
0.87 0.6654000000000023
0.87 0.6471500000000009
0.82 0.6554000000000018
0.87 0.6885500000000014
0.86 0.7414999999999998
0.82 0.4316499999999996
0.82 0.5796499999999997
0.8 0.5632499999999999
0.77 0.47514999999999946
0.8 0.5753999999999995
0.8 0.6190500000000001
0.72 0.33110000000000034
0.45 0.3389500000000002
0.44 0.3475999999999997
0.44 0.3073999999999997
0.47 0.35654999999999937
0.87 0.47734999999999955
0.5 0.3655999999999998
0.52 0.3045999999999996
0.78 0.4543999999999992
0.83 0.5244999999999997
0.78 0.5157999999999996
0.57 0.4752999999999999
0.7 0.4751499999999996
0.7 0.4726999999999997
0.83 0.5057999999999994
0.83 0.5496500000000001
0.84 0.6151499999999998
0.76 0.4313999999999992
0.83 0.6268499999999999
0.83 0.6907000000000008
0.83 0.6834000000000005
0.83 0.7239000000000001
0.86 0.7435499999999999
0.86 0.756799999999999
0.87 0.7372999999999995
0.87 0.7560000000000001
0.87 0.7747000000000009
0.87 0.7931499999999996
0.87 0.7956500000000001
0.87 0.8072999999999995
0.87 0.7982999999999991
0.87 0.7955999999999992
0.87 0.8286499999999987
0.87 0.6464500000000004
0.87 0.7598
0.87 0.8085999999999999
0.87 0.8227499999999993
0.87 0.8076999999999986
0.87 0.8327000000000002
0.87 0.8360500000000003
0.87 0.8242500000000001
0.87 0.82805
0.87 0.8170500000000024
0.87 0.8294500000000004
0.87 0.841400000000002
0.87 0.8062000000000029
0.87 0.7911000000000024
0.87 0.8459500000000021
0.87 0.8525500000000023
0.87 0.856100000000002
0.87 0.8606000000000026
0.87 0.8602000000000022
0.87 0.8587000000000024
0.87 0.8110000000000029
0.87 0.8257500000000024
0.87 0.8430000000000025
0.87 0.8558500000000023
0.87 0.8642000000000023
0.87 0.8493500000000018
0.87 0.8376000000000022
0.87 0.7226000000000002
0.87 0.7935000000000018
0.87 0.7288000000000012
0.87 0.806200000000001
0.87 0.8050500000000007
0.87 0.794550000000001
0.87 0.8201500000000013
0.87 0.7235499999999991
0.87 0.823400000000002
0.87 0.8123500000000012
0.87 0.7604000000000021
0.75 0.3346499999999999
0.75 0.3822499999999991
0.92 0.4136499999999983
0.91 0.41899999999999815
0.92 0.4786999999999978
0.92 0.4712499999999974
0.92 0.5612499999999975
0.93 0.5454999999999988
0.93 0.6091999999999985
0.93 0.5954999999999986
0.93 0.6707000000000001
0.68 0.6530000000000007
0.91 0.670000000000002
0.93 0.7252000000000025
0.91 0.701300000000003
0.95 0.7474000000000031
0.95 0.8183
0.95 0.8024000000000012
0.9 0.682550000000003
0.95 0.8282999999999998
0.95 0.8119000000000017
0.68 0.6749500000000032
0.68 0.6760000000000029
0.68 0.6751000000000029
0.95 0.8397500000000006
0.95 0.8514000000000006
0.95 0.8710000000000016
0.95 0.874050000000002
0.95 0.7603000000000035
0.95 0.8903500000000014
0.95 0.8346000000000015
0.95 0.7484000000000041
0.96 0.696300000000003
0.96 0.7547500000000038
0.96 0.8187500000000014
0.95 0.8496000000000017
0.95 0.8690000000000024
0.95 0.9055500000000017
0.95 0.9176000000000013
0.95 0.8965000000000025
0.95 0.897350000000002
0.95 0.7921500000000037
0.95 0.7465000000000042
0.95 0.7863500000000038
0.95 0.6939500000000035
0.95 0.8324000000000034
0.95 0.7051000000000036
0.95 0.7435000000000005
0.95 0.7829500000000027
0.96 0.8797000000000013
0.96 0.9068000000000008
0.96 0.8923000000000006
0.96 0.9264000000000009
0.96 0.9264
0.96 0.9442999999999987
0.96 0.9460999999999982
0.96 0.948249999999998
0.96 0.9418499999999973
0.96 0.861700000000001
0.96 0.7366999999999989
0.95 0.4497999999999972
0.96 0.4564499999999977
0.95 0.4086999999999982
0.96 0.5590499999999989
0.95 0.6877499999999983
0.95 0.8127000000000005
0.95 0.7811
0.95 0.7332499999999996
0.95 0.825250000000001
0.95 0.8548000000000019
0.95 0.8464000000000014
0.95 0.8831500000000011
0.9 0.6273999999999992
0.95 0.7266000000000024
0.95 0.5682499999999988
0.95 0.5538999999999998
0.95 0.7002000000000027
0.95 0.7983500000000006
0.95 0.7588500000000015
0.95 0.746150000000003
0.95 0.6898000000000037
0.95 0.7124500000000025
0.95 0.766850000000002
0.95 0.6620499999999991
0.82 0.7099500000000003
0.82 0.7286000000000006
0.85 0.7511500000000002
0.87 0.755550000000001
0.82 0.5228999999999994
0.85 0.5386999999999995
0.86 0.6759500000000018
0.85 0.6671000000000014
0.87 0.7517000000000011
0.87 0.7696500000000002
0.87 0.7361999999999992
0.87 0.7998499999999988
0.91 0.8269499999999976
0.95 0.8439499999999986
0.95 0.8457999999999994
0.95 0.8554000000000009
0.95 0.8467500000000012
0.95 0.8439000000000028
0.95 0.885500000000001
0.95 0.8525000000000006
0.95 0.760000000000003
0.95 0.7161000000000034
0.95 0.8022000000000022
0.95 0.8412500000000014
0.95 0.7338000000000001
0.95 0.49909999999999627
0.95 0.7984000000000016
0.95 0.8507500000000006
0.95 0.8760000000000009
0.95 0.8749000000000016
0.95 0.8736000000000013
0.95 0.8876500000000012
0.95 0.9079000000000006
0.95 0.8852500000000018
0.95 0.8218500000000022
0.95 0.6782000000000019
0.68 0.6559500000000031
0.68 0.6695000000000034
0.95 0.6811500000000034
0.68 0.6671500000000035
0.68 0.6796000000000033
0.68 0.6637500000000037
0.68 0.6781500000000034
0.68 0.6750500000000035
0.68 0.6796500000000033
0.68 0.6796000000000032
0.68 0.6702500000000033
0.68 0.6157500000000019
0.68 0.6605500000000037
0.68 0.6356500000000023
0.95 0.6467500000000025
0.7 0.6395500000000023
0.68 0.6512500000000027
0.75 0.6543000000000031
0.75 0.6709000000000037
0.75 0.6754000000000032
0.68 0.6771500000000032
0.95 0.6895500000000032
0.95 0.7162500000000032
0.82 0.6697500000000035
0.95 0.6728000000000033
0.95 0.6979500000000032
0.95 0.6738000000000035
0.95 0.6822500000000029
0.95 0.7111000000000024
0.95 0.7234500000000018
0.95 0.7134500000000008
0.95 0.5171499999999963
0.95 0.5156499999999968
0.95 0.6963999999999987
0.95 0.5436499999999961
0.79 0.3496999999999995
0.8 0.4258499999999976
0.86 0.48089999999999905
0.86 0.6326500000000004
0.86 0.5204499999999989
0.86 0.5661499999999995
0.86 0.5631499999999998
0.85 0.6137500000000002
0.87 0.5774499999999986
0.87 0.6851000000000004
0.87 0.7066000000000002
0.87 0.7355499999999999
0.87 0.37144999999999995
0.87 0.5775999999999989
0.86 0.3894500000000003
0.87 0.3421999999999998
0.87 0.5593000000000001
0.87 0.7759999999999991
0.87 0.7985999999999995
0.89 0.8085
0.95 0.8010999999999998
0.93 0.8253
0.91 0.8429000000000002
0.93 0.8529000000000009
0.95 0.8612500000000022
0.95 0.8652500000000032
0.95 0.8565000000000024
0.95 0.8760000000000009
0.95 0.8854999999999995
0.95 0.8701999999999989
0.95 0.8985499999999991
0.95 0.9144499999999998
0.95 0.9198999999999999
0.95 0.9287000000000012
0.95 0.6721999999999977
0.95 0.93235
0.95 0.5588999999999963
0.95 0.36189999999999933
0.32 0.32000000000000023
0.75 0.32970000000000005
0.95 0.7307499999999999
0.95 0.8477000000000017
0.95 0.7254000000000027
0.95 0.7653500000000014
0.95 0.6981000000000023
0.95 0.6962500000000021
0.95 0.7434500000000024
0.95 0.8384500000000001
0.95 0.8890000000000007
0.95 0.7364500000000029
0.95 0.6919000000000025
0.95 0.7554500000000033
0.95 0.7192000000000036
0.95 0.8053500000000027
0.95 0.8683000000000007
0.95 0.9011000000000011
0.95 0.876549999999999
0.95 0.8925000000000005
0.95 0.8618000000000001
0.95 0.8848000000000009
0.95 0.9063000000000013
0.95 0.9110500000000017
0.95 0.9263500000000002
0.95 0.9240499999999997
0.95 0.903850000000001
0.95 0.9436999999999982
0.95 0.9462999999999983
0.95 0.9469999999999982
0.95 0.9417499999999981
0.95 0.8795999999999986
0.95 0.9177999999999992
0.95 0.9386999999999986
0.95 0.946349999999998
0.95 0.9461499999999978
0.95 0.945099999999998
0.95 0.9419499999999982
0.95 0.9411499999999982
0.95 0.9362499999999983
0.95 0.9402499999999983
0.95 0.9466499999999979
0.95 0.8951499999999999
0.95 0.9196499999999996
0.95 0.9322999999999988
0.95 0.9413999999999987
0.95 0.9385499999999987
0.95 0.9321499999999987
0.95 0.9336499999999985
0.95 0.9376499999999983
0.95 0.928999999999998
0.95 0.7437999999999991
0.95 0.8492500000000004
0.95 0.5884499999999973
0.95 0.7145499999999981
0.95 0.7870499999999998
0.95 0.8036499999999985
0.95 0.8378499999999982
0.95 0.8254499999999987
0.95 0.8426999999999985
0.95 0.8659
0.95 0.8938500000000015
0.95 0.7755000000000011
0.95 0.843599999999999
0.95 0.8241999999999989
0.95 0.8624500000000004
0.95 0.8926000000000022
0.95 0.901300000000002
0.95 0.9039000000000015
0.95 0.8965500000000012
0.95 0.910200000000001
0.95 0.9183500000000013
0.95 0.9215999999999996
0.95 0.9298499999999993
0.87 0.8064999999999973
0.95 0.9258999999999993
0.95 0.9328999999999991
0.95 0.922399999999999
0.95 0.9219999999999989
0.82 0.4656999999999969
0.84 0.5926499999999967
0.84 0.6868999999999977
0.95 0.7783499999999968
0.95 0.8312499999999973
0.95 0.8444499999999984
0.95 0.8497999999999994
0.95 0.8525
0.95 0.7674499999999991
0.87 0.7959999999999995
0.93 0.8237000000000003
0.95 0.8320000000000016
0.95 0.8993500000000023
0.93 0.841000000000002
0.93 0.843950000000002
0.95 0.8803000000000014
0.95 0.8801500000000019
0.95 0.8952000000000018
0.95 0.8590000000000013
0.95 0.655149999999998
0.95 0.8465500000000015
0.95 0.7044499999999988
