0.19999999999999996 0.5872600000000022
0.19999999999999996 0.5602400000000024
0.18000000000000005 0.5339000000000028
0.19999999999999996 0.5003600000000019
0.21999999999999997 0.4788600000000019
0.06000000000000005 0.45390000000000125
0.06000000000000005 0.4345200000000009
0.06000000000000005 0.41338
0.06000000000000005 0.4027800000000004
0.06000000000000005 0.38804000000000144
0.06000000000000005 0.37444000000000177
0.06000000000000005 0.36372000000000165
0.06000000000000005 0.36274000000000195
0.06000000000000005 0.3492600000000019
0.06000000000000005 0.3474400000000029
0.06000000000000005 0.34200000000000297
0.06000000000000005 0.33564000000000255
0.06000000000000005 0.3356800000000028
0.06000000000000005 0.31992000000000254
0.06000000000000005 0.31794000000000255
0.06000000000000005 0.3008600000000024
0.06000000000000005 0.2984000000000025
0.06000000000000005 0.2885800000000032
0.06000000000000005 0.28224000000000254
0.06000000000000005 0.2828000000000023
0.06000000000000005 0.27312000000000264
0.06000000000000005 0.26452000000000203
0.06000000000000005 0.2575400000000017
0.06000000000000005 0.26044000000000184
0.06000000000000005 0.2532800000000018
0.06000000000000005 0.2470200000000016
0.06000000000000005 0.24338000000000146
0.06000000000000005 0.2388600000000012
0.06000000000000005 0.22492000000000117
0.06000000000000005 0.2116600000000007
0.06000000000000005 0.2113000000000001
0.06000000000000005 0.2196800000000003
0.06000000000000005 0.21162000000000056
0.06000000000000005 0.20468000000000042
0.06000000000000005 0.20148000000000074
0.06000000000000005 0.1998000000000001
0.06000000000000005 0.19029999999999989
0.06000000000000005 0.19144000000000008
0.06000000000000005 0.18717999999999996
0.06000000000000005 0.17205999999999974
0.06000000000000005 0.17091999999999966
0.06000000000000005 0.1633799999999994
0.06000000000000005 0.14925999999999942
0.06000000000000005 0.15063999999999958
0.06000000000000005 0.1589399999999994
0.06000000000000005 0.15715999999999938
0.06000000000000005 0.14943999999999927
0.06000000000000005 0.14609999999999926
0.06000000000000005 0.15101999999999938
0.06000000000000005 0.15925999999999946
0.06000000000000005 0.15175999999999934
0.06000000000000005 0.15477999999999933
0.06000000000000005 0.14593999999999932
0.06000000000000005 0.14491999999999927
0.06000000000000005 0.15411999999999923
0.06000000000000005 0.13653999999999933
0.06000000000000005 0.13889999999999936
0.06000000000000005 0.14965999999999932
0.06000000000000005 0.16089999999999927
0.06000000000000005 0.15697999999999943
0.06000000000000005 0.14873999999999937
0.06000000000000005 0.15115999999999943
0.06000000000000005 0.1498999999999993
0.06000000000000005 0.14595999999999923
0.06000000000000005 0.14863999999999927
0.06000000000000005 0.14917999999999937
0.06000000000000005 0.14557999999999938
0.06000000000000005 0.13783999999999935
0.06000000000000005 0.14885999999999946
0.06000000000000005 0.15691999999999934
0.06000000000000005 0.14713999999999913
0.06000000000000005 0.13731999999999953
0.06000000000000005 0.13133999999999954
0.06000000000000005 0.13213999999999954
0.06000000000000005 0.13469999999999943
0.06000000000000005 0.13899999999999949
0.06000000000000005 0.1362399999999993
0.06000000000000005 0.12999999999999934
0.06000000000000005 0.13489999999999927
0.06000000000000005 0.13749999999999934
0.06000000000000005 0.1285399999999994
0.06000000000000005 0.1242999999999993
0.06000000000000005 0.14157999999999957
0.06000000000000005 0.14511999999999944
0.06000000000000005 0.14157999999999957
0.06000000000000005 0.14119999999999946
0.06000000000000005 0.13729999999999945
0.06000000000000005 0.14927999999999939
0.06000000000000005 0.13427999999999954
0.06000000000000005 0.14867999999999937
0.06000000000000005 0.14279999999999946
0.06000000000000005 0.13555999999999943
0.06000000000000005 0.14925999999999948
0.06000000000000005 0.14699999999999955
0.06000000000000005 0.15685999999999956
