0.89 0.4043100000000003
0.94 0.4428600000000006
0.94 0.4895200000000012
0.96 0.5212699999999987
0.97 0.5541399999999986
0.97 0.5571899999999983
0.97 0.5823299999999971
0.97 0.6032899999999999
0.97 0.6221099999999997
0.97 0.6344100000000028
0.97 0.6557100000000051
0.98 0.6789100000000035
0.98 0.6933800000000008
0.98 0.6956700000000007
0.98 0.7054800000000006
0.98 0.6976999999999994
0.98 0.7113699999999978
0.99 0.7155099999999963
0.99 0.7202799999999964
0.99 0.7328399999999937
0.99 0.7316299999999942
0.99 0.7366099999999934
0.99 0.7448099999999902
0.99 0.7519499999999892
0.99 0.7498099999999904
0.99 0.7471399999999908
0.99 0.7574199999999881
0.99 0.7660799999999875
0.99 0.7661499999999883
0.99 0.7629499999999872
0.99 0.7871899999999924
0.99 0.7888999999999929
0.99 0.7875699999999908
0.99 0.7865599999999927
0.99 0.7967399999999928
0.99 0.8048399999999918
0.99 0.794599999999993
0.99 0.8051699999999928
0.99 0.807219999999993
0.99 0.7994299999999936
0.99 0.811579999999992
0.99 0.7983499999999958
0.99 0.8094899999999936
0.99 0.8181499999999932
0.99 0.8092299999999928
0.99 0.8069399999999933
0.99 0.8066199999999949
0.99 0.8148199999999961
0.99 0.8161099999999964
0.99 0.805029999999994
0.99 0.816159999999995
0.99 0.8149499999999947
0.99 0.8043499999999948
0.99 0.8180799999999967
0.99 0.8259399999999988
0.99 0.8327099999999986
0.99 0.8351199999999988
0.99 0.834329999999997
0.99 0.8317499999999961
0.99 0.8379199999999979
0.99 0.8492399999999981
0.99 0.8462699999999996
0.99 0.8483799999999972
0.99 0.8557399999999966
0.99 0.8642799999999916
0.99 0.8639999999999947
0.99 0.8574199999999972
0.99 0.861759999999995
0.99 0.8645399999999932
0.99 0.8609999999999937
0.99 0.8734299999999908
0.99 0.871199999999992
0.99 0.8711699999999907
0.99 0.867409999999992
0.99 0.8696299999999908
0.99 0.8699999999999897
0.99 0.8622299999999924
0.99 0.8620499999999915
0.99 0.8566299999999938
0.99 0.8594299999999928
0.99 0.861709999999994
0.99 0.8620799999999947
0.99 0.8610499999999954
0.99 0.8652399999999931
0.99 0.8669499999999903
0.99 0.8719299999999941
0.99 0.8668299999999961
0.99 0.8621699999999948
0.99 0.8684999999999946
0.99 0.8604999999999963
0.99 0.8521799999999963
0.99 0.8573499999999948
0.99 0.8590799999999957
0.99 0.8631999999999962
0.99 0.8715599999999933
0.99 0.8730299999999942
0.99 0.8717499999999944
0.99 0.8675099999999957
0.99 0.8646199999999957
0.99 0.8688699999999931
