0.21999999999999997 0.6160600000000003
0.18000000000000005 0.577960000000003
0.18000000000000005 0.5547400000000019
0.14 0.5208000000000017
0.14 0.5020400000000018
0.06000000000000005 0.476380000000002
0.06000000000000005 0.4623800000000012
0.06000000000000005 0.4453600000000013
0.06000000000000005 0.42332000000000064
0.06000000000000005 0.40285999999999994
0.06000000000000005 0.4028400000000002
0.06000000000000005 0.3904799999999998
0.06000000000000005 0.37782
0.06000000000000005 0.3599199999999998
0.06000000000000005 0.3519000000000001
0.06000000000000005 0.3514600000000004
0.06000000000000005 0.3628599999999997
0.06000000000000005 0.33775999999999956
0.06000000000000005 0.3353999999999998
0.06000000000000005 0.3296599999999999
0.06000000000000005 0.31896
0.06000000000000005 0.3087999999999999
0.06000000000000005 0.31423999999999996
0.06000000000000005 0.3039599999999999
0.06000000000000005 0.3018999999999997
0.06000000000000005 0.2985199999999998
0.06000000000000005 0.29126000000000013
0.06000000000000005 0.26914
0.06000000000000005 0.2564599999999997
0.06000000000000005 0.2453999999999997
0.06000000000000005 0.24775999999999987
0.06000000000000005 0.2405799999999998
0.06000000000000005 0.22787999999999978
0.06000000000000005 0.21793999999999983
0.06000000000000005 0.21900000000000006
0.06000000000000005 0.2063400000000005
0.06000000000000005 0.1994800000000002
0.06000000000000005 0.19265999999999983
0.06000000000000005 0.1878
0.06000000000000005 0.18253999999999979
0.06000000000000005 0.17727999999999988
0.06000000000000005 0.18005999999999966
0.06000000000000005 0.17292000000000024
0.06000000000000005 0.17759999999999984
0.06000000000000005 0.17933999999999986
0.06000000000000005 0.17328000000000005
0.06000000000000005 0.17551999999999973
0.06000000000000005 0.1705999999999999
0.06000000000000005 0.1693799999999997
0.06000000000000005 0.1575799999999995
0.06000000000000005 0.1553999999999998
0.06000000000000005 0.15695999999999954
0.06000000000000005 0.16289999999999943
0.06000000000000005 0.15775999999999954
0.06000000000000005 0.1614999999999994
0.06000000000000005 0.16709999999999942
0.06000000000000005 0.14975999999999948
0.06000000000000005 0.15387999999999938
0.06000000000000005 0.15713999999999947
0.06000000000000005 0.1631999999999995
0.06000000000000005 0.15323999999999943
0.06000000000000005 0.15181999999999946
0.06000000000000005 0.15705999999999967
0.06000000000000005 0.15873999999999977
0.06000000000000005 0.15665999999999963
0.06000000000000005 0.15105999999999978
0.06000000000000005 0.15497999999999976
0.06000000000000005 0.14621999999999974
0.06000000000000005 0.13801999999999975
0.06000000000000005 0.14105999999999994
0.06000000000000005 0.14591999999999974
0.06000000000000005 0.15343999999999966
0.06000000000000005 0.14211999999999983
0.06000000000000005 0.1555399999999997
0.06000000000000005 0.14875999999999956
0.06000000000000005 0.14923999999999965
0.06000000000000005 0.14237999999999973
0.06000000000000005 0.1570999999999998
0.06000000000000005 0.1644799999999998
0.06000000000000005 0.14631999999999973
0.06000000000000005 0.14686
0.06000000000000005 0.15481999999999993
0.06000000000000005 0.16924000000000022
0.06000000000000005 0.15583999999999984
0.06000000000000005 0.15325999999999992
0.06000000000000005 0.16159999999999997
0.06000000000000005 0.16750000000000004
0.06000000000000005 0.15057999999999996
0.06000000000000005 0.1520599999999999
0.06000000000000005 0.15113999999999986
0.06000000000000005 0.1466399999999998
0.06000000000000005 0.14629999999999976
0.06000000000000005 0.13681999999999997
0.06000000000000005 0.14326
0.06000000000000005 0.15175999999999984
0.06000000000000005 0.15015999999999996
0.06000000000000005 0.14796000000000012
0.06000000000000005 0.15604000000000018
0.06000000000000005 0.16344000000000036
0.06000000000000005 0.1487800000000001
