0.7 0.41609999999999914
0.7 0.4212999999999992
0.7 0.45275000000000054
0.7 0.4288999999999994
0.69 0.4240999999999995
0.74 0.40269999999999917
0.69 0.4132999999999992
0.69 0.3833999999999992
0.69 0.4264999999999997
0.73 0.4198999999999999
0.75 0.44110000000000077
0.72 0.41915000000000013
0.8 0.4186499999999997
0.94 0.4363500000000006
0.94 0.45740000000000114
0.94 0.4883500000000016
0.93 0.4939500000000015
0.69 0.4072500000000001
0.69 0.441200000000001
0.79 0.484400000000001
0.74 0.5023000000000013
0.73 0.46230000000000104
0.69 0.46230000000000104
0.85 0.4870500000000016
0.81 0.45740000000000075
0.69 0.46485000000000115
0.69 0.4859000000000016
0.68 0.4290000000000005
0.69 0.46260000000000145
0.82 0.4940500000000011
0.82 0.5023500000000013
0.76 0.6106499999999998
0.75 0.5352500000000009
0.78 0.5520500000000012
0.75 0.447049999999999
0.83 0.4769500000000011
0.84 0.5385000000000012
0.84 0.528650000000001
0.69 0.5321000000000011
0.81 0.5931999999999998
0.78 0.6189000000000003
0.69 0.5210000000000018
0.73 0.5957000000000002
0.77 0.6180999999999996
0.77 0.6697999999999996
0.78 0.6587499999999994
0.91 0.5748000000000004
0.79 0.5442000000000013
0.86 0.4980000000000021
0.82 0.5918500000000018
0.81 0.6236500000000003
0.9 0.6204999999999999
0.93 0.6597999999999993
0.93 0.7040499999999994
0.88 0.6896499999999984
0.93 0.7020499999999997
0.95 0.6874999999999994
