0.28 0.6446000000000015
0.42000000000000004 0.6510000000000009
0.4 0.6617000000000003
0.43999999999999995 0.6748999999999999
0.42000000000000004 0.6455999999999998
0.4 0.6670000000000006
0.4 0.6427999999999997
0.38 0.6505000000000003
0.4 0.6578999999999999
0.4 0.6560999999999996
0.4 0.6376
0.4 0.6663999999999994
0.4 0.6568999999999997
0.4 0.6567999999999996
0.4 0.6632999999999996
0.4 0.6668999999999994
0.4 0.6620999999999995
0.4 0.6506999999999996
0.4 0.6581999999999995
0.4 0.6393999999999994
0.4 0.6577999999999995
0.4 0.6587999999999994
0.4 0.6355999999999995
0.4 0.6224999999999997
0.4 0.6197999999999997
0.4 0.5914000000000003
0.4 0.5701000000000004
0.4 0.5926000000000005
0.4 0.5875000000000009
0.4 0.5846999999999999
0.4 0.5657000000000004
0.4 0.5212
0.4 0.5389000000000003
0.4 0.5620000000000006
0.4 0.5737000000000002
0.42000000000000004 0.6133999999999996
0.42000000000000004 0.5826
0.42000000000000004 0.5627000000000006
0.42000000000000004 0.5400000000000005
0.4 0.5781000000000011
0.42000000000000004 0.5483
0.4 0.5147000000000002
0.4 0.5026000000000002
0.4 0.5152000000000004
0.4 0.6059000000000022
0.4 0.5851000000000012
0.4 0.5622000000000007
0.4 0.5520000000000009
0.4 0.5259000000000003
0.4 0.5269000000000001
0.4 0.5198000000000003
0.4 0.4840999999999996
0.4 0.4890999999999993
0.4 0.5152000000000003
0.4 0.553100000000002
0.4 0.5168999999999998
0.4 0.48899999999999977
0.4 0.46119999999999983
0.4 0.4542
0.4 0.45099999999999973
0.4 0.4371999999999997
0.4 0.43999999999999956
0.4 0.44099999999999945
0.4 0.43139999999999973
0.4 0.4418999999999997
0.4 0.4273999999999997
0.4 0.4635999999999996
0.4 0.5107000000000015
0.4 0.4601000000000002
0.4 0.46079999999999943
0.4 0.45339999999999947
0.4 0.47009999999999974
0.4 0.4538999999999999
0.4 0.4467999999999998
0.4 0.44270000000000026
0.4 0.4307000000000003
0.4 0.4332000000000002
0.4 0.46070000000000005
0.4 0.47300000000000025
0.4 0.4705000000000002
0.42000000000000004 0.4835000000000005
0.42000000000000004 0.47950000000000054
0.4 0.4684999999999998
0.4 0.4389999999999999
0.42000000000000004 0.43239999999999973
0.42000000000000004 0.4538000000000003
0.42000000000000004 0.44909999999999983
0.42000000000000004 0.5655000000000024
0.4 0.5870000000000026
0.4 0.571500000000002
0.4 0.5324000000000005
0.4 0.49490000000000023
0.4 0.4817000000000003
0.4 0.5012000000000002
0.4 0.662700000000003
0.4 0.5204000000000005
0.4 0.4788999999999996
0.4 0.5128000000000004
0.4 0.4704999999999997
0.4 0.48589999999999944
0.4 0.5169999999999997
0.4 0.5134999999999995
0.4 0.44019999999999954
0.4 0.48210000000000014
0.4 0.5379999999999996
0.4 0.6003999999999994
0.4 0.5512999999999996
0.4 0.46159999999999973
0.4 0.5301999999999996
0.4 0.49019999999999947
0.4 0.4945999999999995
0.4 0.47889999999999966
0.4 0.4904999999999998
0.4 0.47339999999999965
0.4 0.5479000000000019
0.4 0.6060000000000018
0.4 0.5220999999999997
0.4 0.4918000000000005
0.4 0.556300000000002
0.4 0.5458000000000018
0.4 0.5745000000000005
0.4 0.6150999999999999
0.4 0.5862999999999998
0.4 0.5712000000000002
0.4 0.5421999999999997
0.4 0.5725999999999994
0.4 0.5565999999999997
0.4 0.5344999999999996
0.4 0.5135999999999997
0.4 0.47320000000000007
0.4 0.5533000000000017
0.4 0.5174000000000009
0.4 0.49880000000000085
0.4 0.5203
0.4 0.47559999999999997
0.4 0.4925999999999993
0.4 0.4675
0.4 0.49040000000000056
0.4 0.44859999999999967
0.4 0.45069999999999966
0.4 0.45229999999999954
0.4 0.44169999999999954
0.4 0.4512999999999995
0.4 0.4528999999999997
0.4 0.4334
0.4 0.4361999999999998
0.4 0.42040000000000005
0.4 0.42040000000000005
0.4 0.41300000000000026
0.4 0.4238000000000003
0.4 0.4509999999999995
0.4 0.5241000000000013
0.4 0.6303000000000027
0.4 0.5767000000000024
0.4 0.5493000000000017
0.4 0.5146000000000006
0.4 0.5966000000000027
0.5 0.6721000000000029
0.42000000000000004 0.5398000000000011
0.4 0.636300000000003
0.4 0.5990000000000019
0.4 0.6424000000000031
0.4 0.6509000000000016
0.5 0.6386000000000007
0.4 0.6258000000000005
0.4 0.6323000000000003
0.4 0.6195000000000007
0.4 0.6165000000000006
0.5 0.6002000000000005
0.4 0.6256999999999998
0.4 0.5948000000000007
0.4 0.5621000000000008
0.4 0.5545000000000004
0.4 0.5530000000000004
0.4 0.5334000000000008
0.4 0.517700000000001
0.4 0.5446000000000015
0.4 0.5176000000000014
0.42000000000000004 0.5298000000000014
0.42000000000000004 0.5375000000000008
0.42000000000000004 0.5301000000000013
0.42000000000000004 0.5255000000000011
0.42000000000000004 0.5096000000000008
0.42000000000000004 0.5363000000000006
0.42000000000000004 0.4886000000000006
0.42000000000000004 0.5325000000000013
0.42000000000000004 0.5586000000000003
0.42000000000000004 0.6575999999999993
0.42000000000000004 0.6149999999999994
0.43999999999999995 0.5994000000000002
0.4 0.5379000000000009
0.4 0.5671000000000007
0.4 0.539500000000001
0.4 0.5310000000000009
0.4 0.5095000000000005
0.4 0.5184000000000003
0.4 0.48890000000000033
0.4 0.47009999999999974
0.42000000000000004 0.6305999999999994
0.42000000000000004 0.4969000000000001
0.42000000000000004 0.44380000000000003
0.42000000000000004 0.4327999999999998
0.42000000000000004 0.5093999999999999
0.42000000000000004 0.4471999999999998
0.42000000000000004 0.45089999999999997
0.42000000000000004 0.5565999999999997
0.42000000000000004 0.48749999999999966
0.4 0.4930999999999998
0.4 0.44370000000000004
0.4 0.4321
0.4 0.4696999999999995
0.42000000000000004 0.4456999999999999
0.42000000000000004 0.46109999999999973
0.42000000000000004 0.44
0.4 0.4203000000000003
0.4 0.4326
0.42000000000000004 0.4685999999999997
0.42000000000000004 0.5490999999999995
0.42000000000000004 0.5984999999999993
0.42000000000000004 0.4804999999999999
0.42000000000000004 0.5816999999999996
0.42000000000000004 0.48709999999999964
0.48 0.7167999999999989
0.4 0.7139999999999991
0.4 0.5293999999999996
0.4 0.6832999999999991
0.72 0.7198999999999992
0.4 0.718699999999999
0.4 0.7167999999999991
0.4 0.7143999999999991
0.72 0.7199999999999992
0.72 0.7199999999999992
0.72 0.7199999999999992
0.72 0.7197999999999992
0.72 0.7208999999999992
0.4 0.7030999999999991
0.4 0.7135999999999991
0.4 0.7071999999999992
0.4 0.6551999999999993
0.4 0.6543999999999993
0.4 0.6125999999999997
0.4 0.7049999999999992
0.4 0.7141999999999991
0.4 0.7102999999999992
0.4 0.6805999999999993
0.4 0.6845999999999992
0.4 0.6827999999999992
0.4 0.6487999999999994
0.4 0.6201999999999995
0.4 0.6162999999999996
0.4 0.5397000000000002
0.4 0.6218999999999996
0.4 0.5469999999999997
0.4 0.5602999999999999
0.4 0.6600999999999992
0.4 0.6855999999999992
0.4 0.7080999999999991
0.52 0.7134999999999991
0.52 0.703399999999999
0.52 0.6982999999999991
0.42000000000000004 0.6845999999999991
0.42000000000000004 0.6671999999999991
0.42000000000000004 0.6552999999999994
0.42000000000000004 0.6587999999999994
0.42000000000000004 0.6567999999999992
0.42000000000000004 0.6988999999999992
0.42000000000000004 0.7036999999999992
0.72 0.721299999999999
0.42000000000000004 0.6730999999999994
0.72 0.7199999999999992
0.72 0.7199999999999992
0.72 0.7199999999999992
0.72 0.7195999999999992
0.5 0.7148999999999991
0.5 0.7095999999999992
0.5 0.7105999999999991
0.5 0.7065999999999991
0.4 0.6763999999999994
0.4 0.6887999999999992
0.42000000000000004 0.6904999999999994
0.42000000000000004 0.6705999999999996
0.42000000000000004 0.6590999999999996
0.42000000000000004 0.6685999999999995
0.42000000000000004 0.6275999999999995
0.42000000000000004 0.6041999999999998
0.42000000000000004 0.5932999999999997
0.42000000000000004 0.5815000000000006
0.42000000000000004 0.5532000000000012
0.42000000000000004 0.5370000000000015
0.42000000000000004 0.5370000000000015
0.42000000000000004 0.5352000000000011
0.42000000000000004 0.5386000000000014
0.42000000000000004 0.5370000000000007
0.42000000000000004 0.5179000000000007
0.42000000000000004 0.5158000000000005
0.42000000000000004 0.49930000000000085
0.42000000000000004 0.48270000000000074
0.42000000000000004 0.45980000000000065
0.42000000000000004 0.4504000000000008
0.42000000000000004 0.4660000000000011
0.42000000000000004 0.44780000000000103
0.42000000000000004 0.48100000000000065
0.42000000000000004 0.4653000000000007
0.42000000000000004 0.4689000000000009
0.42000000000000004 0.46770000000000084
0.42000000000000004 0.4676000000000009
0.42000000000000004 0.46900000000000075
0.42000000000000004 0.45150000000000096
0.42000000000000004 0.4577000000000007
0.42000000000000004 0.4686000000000004
0.42000000000000004 0.44840000000000096
0.42000000000000004 0.4475000000000009
0.42000000000000004 0.4668000000000008
0.42000000000000004 0.46000000000000085
0.42000000000000004 0.4505000000000009
0.42000000000000004 0.4589000000000004
0.42000000000000004 0.46360000000000084
0.42000000000000004 0.46050000000000124
0.42000000000000004 0.45600000000000096
0.42000000000000004 0.44920000000000093
0.42000000000000004 0.4541000000000011
0.42000000000000004 0.44070000000000115
0.42000000000000004 0.4534000000000009
0.42000000000000004 0.453900000000001
0.42000000000000004 0.43400000000000133
0.42000000000000004 0.4469000000000012
0.42000000000000004 0.433900000000001
0.42000000000000004 0.44270000000000076
0.42000000000000004 0.4465000000000008
0.42000000000000004 0.43830000000000086
0.42000000000000004 0.4360000000000008
0.42000000000000004 0.44940000000000085
0.42000000000000004 0.4546000000000007
0.42000000000000004 0.44820000000000076
0.42000000000000004 0.46770000000000045
0.42000000000000004 0.45620000000000027
0.42000000000000004 0.4501
0.42000000000000004 0.45579999999999976
0.42000000000000004 0.4555999999999998
0.42000000000000004 0.4481000000000001
0.42000000000000004 0.4368000000000002
0.42000000000000004 0.4611999999999996
0.42000000000000004 0.431
0.42000000000000004 0.4490000000000001
0.42000000000000004 0.44000000000000017
0.42000000000000004 0.42550000000000027
0.42000000000000004 0.44530000000000003
0.42000000000000004 0.4422000000000005
0.42000000000000004 0.4380000000000004
0.42000000000000004 0.43810000000000043
0.42000000000000004 0.42920000000000036
0.42000000000000004 0.43840000000000034
0.42000000000000004 0.43730000000000047
0.42000000000000004 0.4397000000000004
0.42000000000000004 0.4584000000000001
0.42000000000000004 0.43180000000000035
0.42000000000000004 0.43000000000000055
0.42000000000000004 0.4204000000000005
0.42000000000000004 0.42710000000000037
0.42000000000000004 0.4388000000000003
0.42000000000000004 0.44020000000000054
0.42000000000000004 0.44280000000000025
0.42000000000000004 0.4398000000000002
0.42000000000000004 0.4491999999999998
0.42000000000000004 0.4379000000000003
0.42000000000000004 0.44530000000000025
0.42000000000000004 0.44090000000000024
0.42000000000000004 0.44900000000000007
0.42000000000000004 0.45080000000000015
0.42000000000000004 0.4459999999999999
0.42000000000000004 0.44610000000000016
0.42000000000000004 0.4373000000000002
0.42000000000000004 0.45669999999999983
0.42000000000000004 0.4454
0.42000000000000004 0.44770000000000015
0.42000000000000004 0.4417000000000004
0.42000000000000004 0.44800000000000056
0.42000000000000004 0.44060000000000066
0.42000000000000004 0.4359000000000005
0.42000000000000004 0.4615000000000002
0.42000000000000004 0.4476000000000008
0.42000000000000004 0.4395000000000006
0.42000000000000004 0.4457000000000004
0.42000000000000004 0.43330000000000085
0.42000000000000004 0.42260000000000064
0.42000000000000004 0.42970000000000086
0.42000000000000004 0.42860000000000065
0.42000000000000004 0.4281000000000008
0.42000000000000004 0.4329000000000005
0.42000000000000004 0.4364000000000005
0.42000000000000004 0.4318000000000006
0.42000000000000004 0.4365000000000007
0.42000000000000004 0.43910000000000066
0.42000000000000004 0.44990000000000063
0.42000000000000004 0.45100000000000023
0.42000000000000004 0.43900000000000056
0.42000000000000004 0.4316000000000005
0.42000000000000004 0.4426000000000004
0.42000000000000004 0.4414000000000005
0.42000000000000004 0.4492000000000006
0.42000000000000004 0.44140000000000035
0.42000000000000004 0.4503000000000002
0.42000000000000004 0.43640000000000073
0.42000000000000004 0.45190000000000036
0.42000000000000004 0.46020000000000016
0.42000000000000004 0.4402000000000005
0.42000000000000004 0.45320000000000044
0.42000000000000004 0.4539000000000004
0.42000000000000004 0.44840000000000046
0.42000000000000004 0.45640000000000014
0.42000000000000004 0.4443000000000005
0.42000000000000004 0.44170000000000065
0.42000000000000004 0.4648000000000003
0.42000000000000004 0.4489000000000006
0.42000000000000004 0.4600000000000003
0.42000000000000004 0.45210000000000067
0.42000000000000004 0.4605000000000005
0.42000000000000004 0.45320000000000066
0.42000000000000004 0.442700000000001
0.42000000000000004 0.4472000000000008
0.42000000000000004 0.4519000000000005
0.42000000000000004 0.4699000000000006
0.42000000000000004 0.45410000000000084
0.42000000000000004 0.4572000000000007
0.42000000000000004 0.44440000000000085
0.42000000000000004 0.43990000000000085
0.42000000000000004 0.4466000000000008
0.42000000000000004 0.4541000000000006
0.42000000000000004 0.4422000000000004
0.42000000000000004 0.44390000000000074
0.42000000000000004 0.4512000000000006
0.42000000000000004 0.45150000000000057
0.42000000000000004 0.44150000000000067
0.42000000000000004 0.45090000000000047
0.42000000000000004 0.4472000000000003
0.42000000000000004 0.4409000000000006
0.42000000000000004 0.4319000000000006
0.42000000000000004 0.4392000000000007
0.42000000000000004 0.44750000000000084
0.42000000000000004 0.45500000000000074
0.42000000000000004 0.44670000000000065
0.42000000000000004 0.4486000000000005
0.42000000000000004 0.436300000000001
0.42000000000000004 0.4531000000000007
0.42000000000000004 0.4466000000000008
0.42000000000000004 0.43880000000000036
0.42000000000000004 0.43870000000000053
0.42000000000000004 0.44570000000000043
0.42000000000000004 0.44620000000000054
0.42000000000000004 0.44460000000000055
0.42000000000000004 0.4438000000000006
0.42000000000000004 0.44180000000000064
0.42000000000000004 0.4380000000000006
0.42000000000000004 0.4539000000000007
0.42000000000000004 0.43310000000000093
0.42000000000000004 0.43340000000000084
0.42000000000000004 0.4388000000000008
0.42000000000000004 0.44640000000000074
0.42000000000000004 0.44360000000000094
0.42000000000000004 0.4430000000000009
0.42000000000000004 0.4339000000000008
0.42000000000000004 0.44320000000000065
0.42000000000000004 0.4377000000000006
0.42000000000000004 0.4348000000000007
0.42000000000000004 0.4572000000000005
0.42000000000000004 0.46540000000000076
0.42000000000000004 0.4704000000000005
0.42000000000000004 0.4590000000000006
0.42000000000000004 0.46320000000000044
0.42000000000000004 0.4623000000000004
0.42000000000000004 0.4512000000000004
0.42000000000000004 0.46310000000000023
0.42000000000000004 0.4486000000000003
0.42000000000000004 0.43390000000000073
0.42000000000000004 0.45340000000000047
0.42000000000000004 0.45540000000000047
0.42000000000000004 0.4476000000000005
0.42000000000000004 0.4484000000000003
0.42000000000000004 0.44110000000000066
0.42000000000000004 0.4520000000000004
0.42000000000000004 0.4379000000000004
0.42000000000000004 0.43260000000000093
0.42000000000000004 0.43080000000000057
0.42000000000000004 0.4213000000000009
0.42000000000000004 0.43920000000000065
0.42000000000000004 0.4381000000000009
0.42000000000000004 0.44390000000000085
0.42000000000000004 0.4370000000000009
0.42000000000000004 0.441400000000001
0.42000000000000004 0.4446000000000008
0.42000000000000004 0.4449000000000008
0.42000000000000004 0.4364000000000008
0.42000000000000004 0.45350000000000057
0.42000000000000004 0.44630000000000053
0.42000000000000004 0.4345000000000007
0.42000000000000004 0.44380000000000086
0.42000000000000004 0.4448000000000007
0.42000000000000004 0.44850000000000056
0.42000000000000004 0.44360000000000055
0.42000000000000004 0.42910000000000087
