0.86 0.3976099999999978
0.86 0.43906999999999774
0.92 0.4752399999999999
0.92 0.5074099999999998
0.92 0.5415800000000025
0.94 0.5613100000000031
0.94 0.58886
0.94 0.5966900000000007
0.94 0.6254700000000012
0.95 0.6409600000000023
0.96 0.6480300000000011
0.96 0.6590299999999998
0.97 0.6655099999999988
0.97 0.6672399999999988
0.97 0.6788599999999969
0.97 0.6794399999999966
0.97 0.6808699999999965
0.97 0.6915999999999983
0.97 0.70297
0.97 0.7037500000000009
0.97 0.7088800000000011
0.97 0.7121200000000022
0.97 0.7093200000000012
0.97 0.7183800000000018
0.97 0.729010000000004
0.97 0.7324500000000044
0.97 0.7370000000000051
0.97 0.7540100000000073
0.97 0.7600900000000077
0.97 0.7534400000000068
0.97 0.7592800000000067
0.97 0.7618700000000073
0.97 0.7578000000000088
0.97 0.7573900000000086
0.97 0.7627000000000078
0.97 0.7646200000000091
0.97 0.752200000000007
0.97 0.7715900000000088
0.97 0.7729600000000098
0.97 0.7747800000000074
0.97 0.7820900000000086
0.97 0.7857400000000101
0.97 0.7831200000000098
0.97 0.7866700000000079
0.97 0.787730000000007
0.97 0.789800000000007
0.97 0.7887400000000083
0.97 0.7921300000000087
0.97 0.7920600000000076
0.97 0.794010000000007
0.97 0.8043900000000084
0.97 0.794530000000006
0.97 0.8054300000000028
0.97 0.7979200000000027
0.97 0.8072600000000049
0.97 0.8015500000000046
0.97 0.8099900000000043
0.97 0.8094800000000034
0.97 0.8195800000000041
0.97 0.8049300000000063
0.97 0.803760000000002
0.97 0.8008700000000029
0.97 0.8080800000000046
0.97 0.8028500000000037
0.97 0.8007200000000045
0.97 0.818940000000005
0.97 0.8134600000000036
0.97 0.8206500000000055
0.97 0.8083700000000039
0.97 0.7996600000000029
0.97 0.810870000000002
0.97 0.8090900000000019
0.97 0.8123700000000028
0.97 0.8050000000000033
0.97 0.807850000000003
0.97 0.8046600000000038
0.97 0.8081600000000027
0.98 0.8026600000000023
0.98 0.8050500000000033
0.98 0.8122400000000052
0.98 0.8152200000000053
0.98 0.8164200000000029
0.98 0.8191400000000033
0.98 0.808430000000005
0.98 0.8233000000000033
0.98 0.8258600000000034
0.98 0.8140300000000052
0.98 0.8166500000000049
0.98 0.8177400000000019
0.98 0.8209900000000022
0.98 0.8300500000000045
0.98 0.8133700000000041
0.98 0.8315900000000042
0.98 0.8339400000000037
0.98 0.8390000000000051
0.98 0.8388900000000035
0.98 0.8280400000000024
0.98 0.8156800000000032
0.98 0.8155700000000037
0.98 0.8212600000000027
