0.12 0.6176000000000003
0.12 0.6049
0.12 0.5950999999999999
0.38 0.6494999999999997
0.19999999999999996 0.6571999999999995
0.16000000000000003 0.6600999999999996
0.21999999999999997 0.6520999999999993
0.36 0.6480999999999993
0.36 0.6328999999999997
0.36 0.6469999999999995
0.36 0.6307999999999995
0.36 0.6307999999999997
0.36 0.6749999999999994
0.36 0.6601999999999992
0.36 0.6597999999999993
0.5 0.6599999999999991
0.38 0.6454999999999994
0.33999999999999997 0.6302999999999994
0.36 0.6298999999999995
0.28 0.6026999999999996
0.38 0.5652999999999996
0.21999999999999997 0.5543999999999998
0.28 0.5537
0.14 0.5250999999999998
0.18000000000000005 0.4790999999999999
0.16000000000000003 0.4900999999999999
0.12 0.4576000000000001
0.36 0.6011000000000001
0.42000000000000004 0.5293999999999998
0.31999999999999995 0.5640999999999995
0.21999999999999997 0.5528000000000001
0.28 0.5309
0.38 0.5276000000000002
0.33999999999999997 0.49590000000000023
0.28 0.4778000000000002
0.31999999999999995 0.49420000000000053
0.43999999999999995 0.5404000000000004
0.38 0.5642000000000004
0.14 0.5072000000000001
0.31999999999999995 0.4906000000000001
0.06000000000000005 0.4296000000000002
0.06000000000000005 0.35730000000000006
0.06000000000000005 0.3873000000000003
0.21999999999999997 0.48669999999999997
0.09999999999999998 0.36309999999999987
0.24 0.4241000000000002
0.06000000000000005 0.3705999999999999
0.07999999999999996 0.36950000000000033
0.16000000000000003 0.3902999999999996
0.07999999999999996 0.3151000000000004
0.09999999999999998 0.26980000000000004
0.09999999999999998 0.3131000000000003
0.16000000000000003 0.3103000000000003
0.09999999999999998 0.3001000000000003
0.07999999999999996 0.2718000000000005
0.21999999999999997 0.31150000000000005
0.06000000000000005 0.2989999999999998
0.06000000000000005 0.2725000000000001
0.06000000000000005 0.19930000000000003
0.06000000000000005 0.14730000000000004
0.09999999999999998 0.16920000000000002
0.06000000000000005 0.24369999999999997
0.09999999999999998 0.25110000000000005
0.07999999999999996 0.2942000000000002
0.07999999999999996 0.2176
0.06000000000000005 0.22979999999999973
0.06000000000000005 0.24689999999999987
0.09999999999999998 0.24179999999999993
0.09999999999999998 0.22290000000000024
0.09999999999999998 0.31050000000000033
0.09999999999999998 0.25129999999999997
0.06000000000000005 0.2867999999999999
0.07999999999999996 0.2464
0.07999999999999996 0.28850000000000003
0.020000000000000018 0.26409999999999995
0.12 0.2682999999999999
0.12 0.24629999999999996
0.07999999999999996 0.29560000000000036
0.07999999999999996 0.3610000000000001
0.07999999999999996 0.2783
0.06000000000000005 0.4040000000000006
0.06000000000000005 0.3134000000000004
0.14 0.27650000000000025
0.07999999999999996 0.2640000000000003
0.16000000000000003 0.26900000000000035
0.07999999999999996 0.3077000000000003
0.18000000000000005 0.29290000000000055
0.07999999999999996 0.2622000000000005
0.07999999999999996 0.26210000000000055
0.07999999999999996 0.25100000000000056
0.16000000000000003 0.2394000000000005
0.06000000000000005 0.2502000000000006
0.06000000000000005 0.2590000000000003
0.19999999999999996 0.3060000000000006
0.12 0.3246000000000005
0.12 0.24300000000000047
0.07999999999999996 0.20460000000000014
0.07999999999999996 0.23920000000000008
0.07999999999999996 0.21290000000000014
0.07999999999999996 0.20259999999999995
0.07999999999999996 0.1895999999999998
0.07999999999999996 0.17039999999999986
0.07999999999999996 0.26079999999999964
0.07999999999999996 0.2566999999999998
0.07999999999999996 0.6092999999999994
0.07999999999999996 0.6043999999999993
0.07999999999999996 0.48899999999999966
0.07999999999999996 0.4288999999999998
0.07999999999999996 0.2678000000000001
0.07999999999999996 0.2053999999999999
0.07999999999999996 0.16269999999999984
0.07999999999999996 0.2894999999999999
0.07999999999999996 0.2743
0.07999999999999996 0.3036999999999999
0.09999999999999998 0.5670000000000001
0.14 0.5381000000000001
0.14 0.4224
0.07999999999999996 0.31970000000000004
0.07999999999999996 0.21710000000000002
0.07999999999999996 0.16899999999999993
0.07999999999999996 0.16440000000000005
0.07999999999999996 0.2462000000000006
0.07999999999999996 0.2649000000000003
0.09999999999999998 0.27480000000000027
0.07999999999999996 0.24769999999999995
0.09999999999999998 0.24669999999999992
0.09999999999999998 0.22810000000000002
0.12 0.20980000000000004
0.07999999999999996 0.17760000000000012
0.09999999999999998 0.19530000000000014
0.07999999999999996 0.17320000000000008
0.07999999999999996 0.17690000000000008
0.07999999999999996 0.1637
0.07999999999999996 0.15079999999999982
0.09999999999999998 0.1767999999999997
0.09999999999999998 0.17709999999999979
0.09999999999999998 0.1379999999999999
0.09999999999999998 0.12239999999999997
0.09999999999999998 0.13659999999999983
0.09999999999999998 0.11839999999999991
0.07999999999999996 0.12569999999999992
0.07999999999999996 0.4301999999999995
0.09999999999999998 0.4042999999999995
0.28 0.5075999999999996
0.21999999999999997 0.48299999999999943
0.09999999999999998 0.40049999999999975
0.09999999999999998 0.3881000000000001
0.12 0.2841999999999999
0.12 0.2601000000000003
0.12 0.2095000000000002
0.12 0.19930000000000003
0.07999999999999996 0.1889
0.12 0.2789000000000001
0.12 0.27470000000000033
0.12 0.2610999999999999
0.07999999999999996 0.23059999999999994
0.07999999999999996 0.21309999999999996
0.07999999999999996 0.2270000000000001
0.07999999999999996 0.22549999999999992
0.14 0.2628000000000002
0.040000000000000036 0.2573000000000001
0.09999999999999998 0.23320000000000018
0.09999999999999998 0.3878999999999999
0.09999999999999998 0.275
0.09999999999999998 0.23660000000000006
0.09999999999999998 0.3968
0.12 0.3263999999999999
0.07999999999999996 0.2044000000000001
0.07999999999999996 0.1353000000000001
0.09999999999999998 0.19750000000000006
0.09999999999999998 0.17200000000000004
0.07999999999999996 0.14189999999999997
0.07999999999999996 0.10460000000000003
0.07999999999999996 0.10500000000000011
0.07999999999999996 0.09460000000000005
0.07999999999999996 0.12910000000000008
0.06000000000000005 0.1874000000000001
0.06000000000000005 0.11510000000000005
0.06000000000000005 0.1291000000000001
0.06000000000000005 0.13360000000000005
0.06000000000000005 0.10340000000000003
0.06000000000000005 0.1730000000000002
0.06000000000000005 0.18690000000000012
0.06000000000000005 0.10540000000000006
0.06000000000000005 0.1149000000000002
0.06000000000000005 0.10140000000000012
0.07999999999999996 0.0943000000000001
0.07999999999999996 0.09420000000000003
0.06000000000000005 0.10439999999999998
0.06000000000000005 0.10190000000000002
0.06000000000000005 0.1173
0.06000000000000005 0.13400000000000006
0.06000000000000005 0.09790000000000001
0.06000000000000005 0.10679999999999998
0.06000000000000005 0.1003
0.09999999999999998 0.3344999999999997
0.09999999999999998 0.24200000000000002
0.09999999999999998 0.10910000000000003
0.09999999999999998 0.17350000000000015
0.09999999999999998 0.12200000000000003
0.07999999999999996 0.11429999999999998
0.07999999999999996 0.11270000000000006
0.07999999999999996 0.35429999999999995
0.07999999999999996 0.23060000000000003
0.45999999999999996 0.44059999999999894
0.07999999999999996 0.36799999999999955
0.07999999999999996 0.4033999999999995
0.43999999999999995 0.45829999999999926
0.07999999999999996 0.42369999999999947
0.07999999999999996 0.27619999999999995
0.07999999999999996 0.3166999999999997
0.07999999999999996 0.19760000000000003
0.07999999999999996 0.18630000000000016
0.07999999999999996 0.17620000000000008
0.07999999999999996 0.2386
0.07999999999999996 0.28600000000000003
0.42000000000000004 0.44909999999999967
0.07999999999999996 0.24819999999999998
0.07999999999999996 0.42169999999999935
0.07999999999999996 0.17650000000000016
0.07999999999999996 0.17970000000000014
0.07999999999999996 0.18990000000000024
0.07999999999999996 0.13920000000000016
0.07999999999999996 0.17120000000000019
0.07999999999999996 0.11130000000000007
0.06000000000000005 0.1959000000000003
0.06000000000000005 0.1458000000000002
0.06000000000000005 0.11750000000000005
0.09999999999999998 0.14180000000000015
0.09999999999999998 0.08470000000000003
0.09999999999999998 0.10660000000000006
0.09999999999999998 0.08649999999999998
0.09999999999999998 0.11100000000000003
0.09999999999999998 0.10679999999999999
0.09999999999999998 0.10030000000000003
0.09999999999999998 0.09439999999999994
0.09999999999999998 0.08869999999999996
0.09999999999999998 0.11130000000000008
0.07999999999999996 0.26770000000000027
0.07999999999999996 0.20219999999999996
0.07999999999999996 0.35509999999999975
0.07999999999999996 0.31260000000000004
0.07999999999999996 0.31009999999999976
0.07999999999999996 0.2359999999999999
0.07999999999999996 0.18960000000000019
0.07999999999999996 0.3302999999999997
0.09999999999999998 0.34729999999999994
0.09999999999999998 0.23180000000000014
0.09999999999999998 0.27939999999999965
0.07999999999999996 0.41419999999999974
0.07999999999999996 0.43999999999999956
0.45999999999999996 0.4503999999999991
0.45999999999999996 0.4447999999999993
0.45999999999999996 0.4469999999999991
0.45999999999999996 0.4492999999999992
0.45999999999999996 0.44419999999999954
0.43999999999999995 0.447599999999999
0.43999999999999995 0.44089999999999946
0.43999999999999995 0.44449999999999895
0.43999999999999995 0.4387999999999993
0.09999999999999998 0.4280999999999993
0.09999999999999998 0.41879999999999945
0.43999999999999995 0.43859999999999955
0.43999999999999995 0.44379999999999936
0.45999999999999996 0.4473999999999991
0.45999999999999996 0.44889999999999924
0.45999999999999996 0.4451999999999994
0.45999999999999996 0.4430999999999992
0.31999999999999995 0.4427999999999993
0.42000000000000004 0.4369999999999992
0.42000000000000004 0.44419999999999926
0.43999999999999995 0.5273999999999995
0.43999999999999995 0.4625999999999994
0.43999999999999995 0.45309999999999934
0.43999999999999995 0.4469999999999994
0.43999999999999995 0.44009999999999927
0.43999999999999995 0.44119999999999954
0.43999999999999995 0.44559999999999916
0.43999999999999995 0.4414999999999995
0.43999999999999995 0.4422999999999995
0.43999999999999995 0.4414999999999996
0.43999999999999995 0.4414999999999996
0.43999999999999995 0.43959999999999944
0.43999999999999995 0.44109999999999955
0.43999999999999995 0.44579999999999936
0.43999999999999995 0.4439999999999996
0.43999999999999995 0.4435999999999997
0.43999999999999995 0.4399999999999998
0.43999999999999995 0.44049999999999956
0.43999999999999995 0.4571999999999998
0.45999999999999996 0.4984999999999998
0.45999999999999996 0.690599999999999
0.45999999999999996 0.6251999999999994
0.43999999999999995 0.6190999999999998
0.42000000000000004 0.6497999999999995
0.42000000000000004 0.5760000000000005
0.42000000000000004 0.5329000000000005
0.06000000000000005 0.46660000000000024
0.09999999999999998 0.35460000000000025
0.42000000000000004 0.5958
0.09999999999999998 0.5418000000000001
0.43999999999999995 0.5592000000000003
0.45999999999999996 0.5033
0.45999999999999996 0.5274000000000002
0.09999999999999998 0.4228999999999998
0.07999999999999996 0.3427000000000001
0.09999999999999998 0.36949999999999994
0.43999999999999995 0.4420999999999996
0.43999999999999995 0.44809999999999944
0.43999999999999995 0.44859999999999955
0.43999999999999995 0.4438999999999996
0.43999999999999995 0.44249999999999917
0.42000000000000004 0.46439999999999976
0.42000000000000004 0.4413999999999998
0.42000000000000004 0.43929999999999964
0.42000000000000004 0.4407
0.43999999999999995 0.43670000000000037
0.43999999999999995 0.43260000000000004
0.43999999999999995 0.43289999999999973
0.43999999999999995 0.43579999999999974
0.43999999999999995 0.43099999999999994
0.43999999999999995 0.4317000000000001
0.43999999999999995 0.4307000000000003
0.43999999999999995 0.431
0.43999999999999995 0.4304
0.43999999999999995 0.43050000000000005
0.43999999999999995 0.4423999999999999
0.43999999999999995 0.42460000000000014
0.09999999999999998 0.4219
0.45999999999999996 0.42669999999999986
0.26 0.44550000000000045
0.45999999999999996 0.4285000000000004
0.45999999999999996 0.4305999999999999
0.42000000000000004 0.43909999999999977
0.42000000000000004 0.46
0.42000000000000004 0.4498
0.09999999999999998 0.44220000000000004
0.09999999999999998 0.41700000000000054
0.09999999999999998 0.42720000000000036
0.09999999999999998 0.38830000000000026
0.09999999999999998 0.3568000000000005
0.09999999999999998 0.3374000000000003
0.09999999999999998 0.29770000000000013
0.09999999999999998 0.2732000000000002
0.09999999999999998 0.2211000000000001
0.09999999999999998 0.14970000000000008
0.09999999999999998 0.12540000000000004
0.09999999999999998 0.09909999999999997
0.09999999999999998 0.08839999999999996
0.09999999999999998 0.0956999999999999
0.09999999999999998 0.09549999999999996
0.09999999999999998 0.14190000000000005
0.09999999999999998 0.09339999999999998
0.09999999999999998 0.22150000000000006
0.09999999999999998 0.10089999999999996
0.09999999999999998 0.08429999999999999
0.09999999999999998 0.17910000000000012
0.06000000000000005 0.22169999999999998
0.06000000000000005 0.1806000000000001
0.06000000000000005 0.19190000000000013
0.06000000000000005 0.12100000000000011
0.07999999999999996 0.14940000000000006
0.09999999999999998 0.21100000000000005
0.09999999999999998 0.14970000000000017
0.09999999999999998 0.1012
0.09999999999999998 0.08929999999999998
0.09999999999999998 0.14370000000000013
0.09999999999999998 0.0923
0.09999999999999998 0.10380000000000005
0.09999999999999998 0.10850000000000007
0.09999999999999998 0.11350000000000005
0.09999999999999998 0.11620000000000008
0.09999999999999998 0.17500000000000018
0.09999999999999998 0.1516000000000001
0.06000000000000005 0.37889999999999996
0.06000000000000005 0.3250999999999998
0.06000000000000005 0.2884
0.4 0.4395999999999994
0.43999999999999995 0.4379999999999995
0.07999999999999996 0.28279999999999994
0.43999999999999995 0.4339999999999996
0.07999999999999996 0.21770000000000006
0.07999999999999996 0.18170000000000017
0.07999999999999996 0.36070000000000013
0.07999999999999996 0.29319999999999996
0.07999999999999996 0.18650000000000014
0.07999999999999996 0.25589999999999996
0.07999999999999996 0.21900000000000006
0.07999999999999996 0.16970000000000016
0.09999999999999998 0.13040000000000013
0.09999999999999998 0.11670000000000004
0.09999999999999998 0.10990000000000003
0.09999999999999998 0.10330000000000007
0.040000000000000036 0.1817000000000002
0.040000000000000036 0.15870000000000023
0.09999999999999998 0.2618999999999998
0.07999999999999996 0.3596999999999997
0.07999999999999996 0.1781000000000001
0.07999999999999996 0.1669000000000002
0.45999999999999996 0.4819999999999996
0.42000000000000004 0.44639999999999946
0.42000000000000004 0.4504999999999999
0.45999999999999996 0.4878000000000002
0.45999999999999996 0.4351000000000001
0.45999999999999996 0.4447999999999994
0.45999999999999996 0.4381999999999994
0.45999999999999996 0.4382999999999994
0.45999999999999996 0.44009999999999977
0.45999999999999996 0.4411999999999998
0.45999999999999996 0.43869999999999976
0.24 0.4341999999999995
0.14 0.4519999999999996
0.07999999999999996 0.36590000000000017
0.07999999999999996 0.2718000000000001
0.07999999999999996 0.2167000000000001
0.09999999999999998 0.32119999999999993
0.09999999999999998 0.23809999999999992
0.09999999999999998 0.1277
0.09999999999999998 0.23360000000000014
0.09999999999999998 0.28460000000000024
0.09999999999999998 0.09329999999999997
0.09999999999999998 0.09689999999999996
0.06000000000000005 0.09399999999999992
0.020000000000000018 0.09600000000000002
0.020000000000000018 0.08910000000000005
0.020000000000000018 0.0868
0.020000000000000018 0.08449999999999999
0.020000000000000018 0.09490000000000003
0.020000000000000018 0.09480000000000001
0.09999999999999998 0.2126000000000002
0.09999999999999998 0.1336000000000001
0.06000000000000005 0.15670000000000012
0.07999999999999996 0.11949999999999998
0.06000000000000005 0.18180000000000013
0.07999999999999996 0.2682000000000001
0.07999999999999996 0.35669999999999974
0.43999999999999995 0.4723999999999993
0.06000000000000005 0.31060000000000004
0.06000000000000005 0.22220000000000012
0.09999999999999998 0.3103999999999999
0.45999999999999996 0.4896000000000003
0.45999999999999996 0.5017000000000003
0.45999999999999996 0.5942999999999994
0.45999999999999996 0.5105999999999997
0.45999999999999996 0.47799999999999954
0.45999999999999996 0.4618999999999993
0.45999999999999996 0.455399999999999
0.07999999999999996 0.40929999999999955
0.07999999999999996 0.3668999999999999
0.07999999999999996 0.4504999999999991
0.07999999999999996 0.41979999999999934
0.07999999999999996 0.3588999999999998
0.07999999999999996 0.4246999999999989
0.07999999999999996 0.3156000000000002
0.43999999999999995 0.453699999999999
0.43999999999999995 0.4527999999999988
0.45999999999999996 0.46329999999999916
0.45999999999999996 0.45789999999999886
0.45999999999999996 0.4868000000000003
0.45999999999999996 0.4613999999999991
0.45999999999999996 0.45989999999999925
0.45999999999999996 0.4539999999999988
0.45999999999999996 0.4587999999999991
0.45999999999999996 0.454899999999999
0.45999999999999996 0.45299999999999885
0.45999999999999996 0.4526999999999988
0.45999999999999996 0.45639999999999886
0.45999999999999996 0.46249999999999886
0.43999999999999995 0.4575999999999989
0.43999999999999995 0.4557999999999989
0.43999999999999995 0.45559999999999884
0.43999999999999995 0.4536999999999987
0.43999999999999995 0.4505999999999989
0.43999999999999995 0.45329999999999854
0.43999999999999995 0.45809999999999895
0.43999999999999995 0.4553999999999989
0.43999999999999995 0.460699999999999
0.45999999999999996 0.6585999999999992
0.45999999999999996 0.5080999999999999
0.45999999999999996 0.4831999999999995
0.45999999999999996 0.46589999999999937
0.09999999999999998 0.4644000000000002
0.07999999999999996 0.3286999999999999
0.09999999999999998 0.30750000000000005
0.09999999999999998 0.2815
0.09999999999999998 0.27210000000000006
0.09999999999999998 0.23970000000000027
0.09999999999999998 0.4898000000000005
0.09999999999999998 0.39390000000000036
0.09999999999999998 0.3600000000000002
0.09999999999999998 0.20489999999999994
0.09999999999999998 0.23630000000000007
0.09999999999999998 0.1934
0.09999999999999998 0.16020000000000004
0.09999999999999998 0.16340000000000005
0.45999999999999996 0.4715999999999998
0.45999999999999996 0.46159999999999973
0.45999999999999996 0.46329999999999943
0.45999999999999996 0.4649999999999989
0.45999999999999996 0.46709999999999896
