0.89 0.4121699999999966
0.89 0.45377999999999835
0.95 0.4889699999999983
0.95 0.5095499999999992
0.95 0.5388500000000013
0.95 0.5612900000000014
0.95 0.5862099999999993
0.95 0.6044500000000017
0.95 0.6219000000000013
0.95 0.634330000000003
0.96 0.6545000000000032
0.96 0.6634700000000027
0.97 0.6701600000000021
0.97 0.6898499999999971
0.97 0.6902599999999952
0.98 0.7044099999999938
0.98 0.7209399999999987
0.98 0.7264900000000005
0.98 0.7380200000000043
0.98 0.755040000000007
0.98 0.7541400000000026
0.98 0.7497200000000043
0.98 0.7703800000000068
0.98 0.7791400000000085
0.98 0.7830200000000076
0.98 0.786620000000008
0.98 0.7878000000000049
0.98 0.7997200000000034
0.98 0.8130200000000007
0.98 0.8261200000000026
0.98 0.8297700000000015
0.98 0.821130000000002
0.98 0.8230900000000008
0.98 0.8334200000000029
0.98 0.8393600000000023
0.98 0.8482400000000021
0.98 0.8623499999999983
0.98 0.8672799999999975
0.98 0.8574099999999967
0.98 0.8618599999999965
0.98 0.8547899999999972
0.98 0.857769999999997
0.98 0.8502599999999967
0.98 0.8579899999999951
0.98 0.8576899999999955
0.98 0.8677999999999958
0.98 0.859329999999995
0.98 0.855699999999995
0.98 0.8686299999999973
0.98 0.8678899999999974
0.98 0.8631999999999951
0.98 0.868289999999993
0.98 0.864809999999993
0.98 0.8686299999999934
0.98 0.8677099999999973
0.98 0.8679799999999961
0.98 0.8607099999999968
0.98 0.8665499999999967
0.98 0.8726799999999948
0.98 0.8672799999999953
0.98 0.8697699999999983
0.98 0.8686099999999988
0.98 0.8746899999999985
0.98 0.8802599999999986
0.98 0.8817499999999976
0.98 0.8865299999999997
0.98 0.8922599999999975
0.98 0.8879899999999976
0.98 0.8892499999999974
0.98 0.874039999999998
0.98 0.872959999999997
0.98 0.8704699999999979
0.98 0.878759999999998
0.98 0.884289999999998
0.98 0.8745099999999978
0.98 0.8799899999999978
0.98 0.8771199999999983
0.98 0.8817799999999993
0.98 0.8786299999999975
0.98 0.8843099999999979
0.98 0.8844699999999989
0.98 0.886339999999999
0.98 0.8779299999999991
0.98 0.8879300000000019
0.98 0.8833599999999989
0.98 0.8860699999999987
0.98 0.8912200000000016
0.98 0.8800899999999999
0.98 0.8780299999999973
0.98 0.8774499999999964
0.98 0.8890999999999986
0.98 0.8896099999999992
0.98 0.883109999999998
0.98 0.8820799999999965
0.98 0.8838099999999982
0.98 0.8878799999999964
0.98 0.883329999999997
0.98 0.8850099999999979
0.98 0.8844699999999971
0.98 0.8785999999999989
