0.24 0.5808800000000033
0.14 0.5515800000000011
0.14 0.51118
0.14 0.49235999999999985
0.07999999999999996 0.47056000000000026
0.07999999999999996 0.4466200000000006
0.07999999999999996 0.41658000000000084
0.07999999999999996 0.3908200000000006
0.07999999999999996 0.37632000000000143
0.07999999999999996 0.3768600000000014
0.07999999999999996 0.3598200000000021
0.07999999999999996 0.33540000000000275
0.07999999999999996 0.3394800000000035
0.07999999999999996 0.3327600000000034
0.07999999999999996 0.32146000000000313
0.06000000000000005 0.3272400000000034
0.06000000000000005 0.3232600000000033
0.06000000000000005 0.32264000000000387
0.06000000000000005 0.29250000000000365
0.06000000000000005 0.29622000000000376
0.06000000000000005 0.29454000000000363
0.06000000000000005 0.2864200000000034
0.06000000000000005 0.2720800000000031
0.06000000000000005 0.2749000000000028
0.06000000000000005 0.2759400000000031
0.06000000000000005 0.2676200000000027
0.06000000000000005 0.25414000000000225
0.06000000000000005 0.24296000000000215
0.06000000000000005 0.23134000000000196
0.06000000000000005 0.22200000000000153
0.06000000000000005 0.218040000000001
0.06000000000000005 0.2108600000000008
0.06000000000000005 0.21076000000000095
0.06000000000000005 0.19828000000000043
0.06000000000000005 0.1828999999999999
0.06000000000000005 0.1823999999999998
0.06000000000000005 0.1835999999999997
0.06000000000000005 0.17771999999999982
0.06000000000000005 0.1739599999999997
0.06000000000000005 0.17387999999999987
0.06000000000000005 0.17977999999999994
0.06000000000000005 0.16849999999999973
0.06000000000000005 0.18129999999999963
0.06000000000000005 0.1740599999999997
0.06000000000000005 0.17867999999999956
0.06000000000000005 0.1685599999999998
0.06000000000000005 0.16785999999999965
0.06000000000000005 0.16608000000000006
0.06000000000000005 0.1728799999999998
0.06000000000000005 0.1723599999999999
0.06000000000000005 0.1606399999999997
0.06000000000000005 0.16847999999999957
0.06000000000000005 0.16877999999999982
0.06000000000000005 0.17403999999999997
0.06000000000000005 0.1678199999999998
0.06000000000000005 0.16453999999999963
0.06000000000000005 0.1622799999999995
0.06000000000000005 0.16887999999999975
0.06000000000000005 0.16869999999999968
0.06000000000000005 0.1552199999999996
0.06000000000000005 0.15761999999999937
0.06000000000000005 0.15385999999999914
0.06000000000000005 0.1543199999999993
0.06000000000000005 0.1482199999999994
0.06000000000000005 0.14219999999999933
0.06000000000000005 0.14417999999999934
0.06000000000000005 0.14027999999999938
0.06000000000000005 0.13577999999999926
0.06000000000000005 0.13985999999999937
0.06000000000000005 0.1476199999999993
0.06000000000000005 0.1456799999999994
0.06000000000000005 0.16349999999999962
0.06000000000000005 0.1513599999999995
0.06000000000000005 0.1522599999999995
0.06000000000000005 0.15479999999999952
0.06000000000000005 0.1572599999999994
0.06000000000000005 0.15187999999999932
0.06000000000000005 0.14717999999999937
0.06000000000000005 0.14911999999999936
0.06000000000000005 0.14203999999999933
0.06000000000000005 0.1463399999999993
0.06000000000000005 0.14939999999999914
0.06000000000000005 0.14697999999999928
0.06000000000000005 0.15327999999999947
0.06000000000000005 0.1419599999999993
0.06000000000000005 0.1353399999999995
0.06000000000000005 0.14051999999999942
0.06000000000000005 0.1349599999999995
0.06000000000000005 0.14623999999999962
0.06000000000000005 0.1563399999999997
0.06000000000000005 0.15241999999999944
0.06000000000000005 0.1520199999999994
0.06000000000000005 0.14273999999999945
0.06000000000000005 0.14679999999999946
0.06000000000000005 0.15511999999999948
0.06000000000000005 0.1527399999999994
0.06000000000000005 0.14881999999999926
0.06000000000000005 0.15647999999999926
0.06000000000000005 0.15505999999999923
0.06000000000000005 0.14875999999999942
