0.9 0.42449000000000287
0.9 0.47162000000000465
0.9 0.503030000000004
0.94 0.5267400000000019
0.94 0.5721500000000007
0.95 0.5984200000000033
0.95 0.6169700000000032
0.95 0.6303600000000038
0.95 0.6475500000000036
0.95 0.6484100000000032
0.97 0.6651
0.97 0.6625899999999995
0.97 0.681429999999996
0.97 0.6918099999999968
0.97 0.6953699999999973
0.97 0.6965399999999988
0.98 0.7102900000000005
0.98 0.7117300000000023
0.98 0.7176000000000022
0.98 0.7353400000000061
0.98 0.7250800000000036
0.98 0.7305800000000046
0.98 0.7355000000000034
0.98 0.7412400000000077
0.98 0.7425100000000076
0.98 0.7491800000000095
0.98 0.7479300000000052
0.98 0.756720000000007
0.98 0.7526200000000083
0.98 0.761260000000007
0.98 0.7678400000000078
0.98 0.7766100000000076
0.98 0.7781200000000069
0.98 0.7787900000000064
0.98 0.7834400000000066
0.98 0.7841100000000056
0.98 0.7903100000000072
0.98 0.7819200000000062
0.98 0.7839000000000061
0.98 0.7787200000000052
0.98 0.7844300000000048
0.98 0.7857600000000048
0.98 0.7852300000000032
0.98 0.7819300000000039
0.98 0.7997200000000038
0.98 0.7990500000000018
0.98 0.7989100000000005
0.98 0.8080199999999995
0.98 0.8124900000000005
0.98 0.811819999999997
0.98 0.8186499999999994
0.98 0.812530000000001
0.98 0.8049599999999985
0.98 0.8074300000000015
0.98 0.816850000000004
0.98 0.8289500000000053
0.98 0.834250000000007
0.98 0.8373800000000075
0.98 0.8231300000000062
0.98 0.8246800000000067
0.98 0.8250900000000033
0.98 0.8308400000000045
0.98 0.8307600000000035
0.98 0.8325300000000028
0.98 0.8284900000000046
0.98 0.8362500000000055
0.98 0.8343500000000059
0.98 0.838790000000003
0.98 0.8360300000000043
0.98 0.8424600000000053
0.98 0.8413200000000038
0.98 0.8411100000000046
0.98 0.8321900000000049
0.98 0.8302900000000047
0.98 0.8300700000000021
0.98 0.8277600000000014
0.98 0.8349100000000016
0.98 0.8443300000000022
0.98 0.8354300000000028
0.98 0.8345600000000014
0.98 0.8404200000000023
0.98 0.8455900000000038
0.98 0.8400700000000024
0.98 0.8368400000000035
0.98 0.8407900000000038
0.98 0.8395300000000031
0.98 0.8399700000000023
0.98 0.8411000000000046
0.98 0.8434600000000028
0.98 0.8434100000000027
0.98 0.8439200000000023
0.98 0.8456500000000015
0.98 0.8391700000000024
0.98 0.8486900000000029
0.98 0.8426400000000023
0.98 0.845820000000003
0.98 0.8546800000000001
0.98 0.8616199999999985
0.98 0.8642899999999996
0.98 0.8545099999999998
