0.31999999999999995 0.6128000000000015
0.38 0.623700000000001
0.43999999999999995 0.623600000000001
0.4 0.6146000000000015
0.4 0.601000000000001
0.14 0.605900000000001
0.4 0.6334000000000015
0.14 0.6385000000000012
0.38 0.6604000000000012
0.38 0.6418000000000013
0.19999999999999996 0.6424000000000015
0.19999999999999996 0.6229000000000017
0.19999999999999996 0.5887000000000016
0.30000000000000004 0.7194000000000018
0.38 0.7051000000000016
0.24 0.7162000000000012
0.43999999999999995 0.691700000000002
0.24 0.6748000000000018
0.42000000000000004 0.7000000000000017
0.38 0.6992000000000012
0.38 0.7033000000000018
0.38 0.7026000000000013
0.38 0.6850000000000019
0.19999999999999996 0.6432000000000017
0.38 0.6522000000000017
0.18000000000000005 0.6224000000000016
0.30000000000000004 0.6583000000000019
0.30000000000000004 0.658300000000002
0.16000000000000003 0.6486000000000017
0.16000000000000003 0.5655000000000014
0.16000000000000003 0.5593000000000016
0.16000000000000003 0.5213000000000012
0.16000000000000003 0.5058000000000008
0.38 0.48590000000000066
0.38 0.5541000000000014
0.38 0.5702000000000016
0.38 0.5224000000000011
0.38 0.5680000000000015
0.38 0.5756000000000014
0.38 0.5864000000000018
0.21999999999999997 0.5244000000000011
0.38 0.5345000000000011
0.21999999999999997 0.5371000000000006
0.38 0.5678000000000017
0.38 0.5792000000000013
0.4 0.5726000000000012
0.4 0.5187000000000003
0.38 0.5007000000000003
0.4 0.4668000000000002
0.38 0.5062000000000003
0.33999999999999997 0.4741000000000003
0.38 0.518000000000001
0.38 0.4987000000000005
0.38 0.5053000000000005
0.38 0.4647999999999996
0.38 0.47940000000000027
0.38 0.4639000000000001
0.38 0.43060000000000037
0.38 0.5044000000000007
0.38 0.4248000000000002
0.38 0.4079000000000004
0.38 0.39870000000000083
0.38 0.3912000000000008
0.38 0.38680000000000064
0.38 0.3930000000000011
0.38 0.38920000000000093
0.38 0.3899000000000006
0.38 0.38850000000000084
0.38 0.39630000000000054
0.38 0.4849000000000009
0.38 0.42800000000000055
0.38 0.48240000000000044
0.38 0.4762000000000007
0.38 0.45900000000000035
0.38 0.4235000000000005
0.38 0.40940000000000026
0.38 0.46320000000000056
0.38 0.4691000000000006
0.38 0.44020000000000076
0.38 0.4367000000000008
0.38 0.4131000000000007
0.38 0.44370000000000004
0.38 0.3974000000000008
0.38 0.3862000000000003
0.38 0.41420000000000085
0.38 0.4429000000000009
0.38 0.3914000000000004
0.38 0.39800000000000074
0.38 0.39320000000000044
0.38 0.4050000000000007
0.38 0.41430000000000106
0.38 0.42560000000000037
0.4 0.4452000000000011
0.4 0.456400000000001
0.4 0.43370000000000075
0.38 0.41180000000000094
0.38 0.3938000000000001
0.38 0.4330000000000008
0.38 0.40630000000000066
0.38 0.3931000000000001
0.38 0.3981000000000003
0.38 0.41300000000000053
0.38 0.40470000000000056
0.38 0.4034000000000002
0.38 0.43000000000000077
0.38 0.40610000000000085
0.38 0.39320000000000044
0.38 0.4044000000000007
0.4 0.41180000000000044
0.4 0.4235000000000006
0.4 0.3962000000000005
0.4 0.3924000000000001
0.4 0.4576000000000008
0.4 0.40770000000000073
0.38 0.49300000000000066
0.38 0.4639000000000001
0.38 0.4951999999999994
0.38 0.48679999999999957
0.38 0.45469999999999966
0.38 0.42350000000000043
0.38 0.47069999999999973
0.38 0.4690000000000005
0.38 0.4706000000000003
0.38 0.43210000000000043
0.38 0.729900000000001
0.38 0.6431000000000018
0.38 0.6600000000000017
0.38 0.6348000000000015
0.4 0.704500000000001
0.4 0.6322000000000018
0.4 0.6112000000000012
0.4 0.5129000000000008
0.4 0.4800000000000007
0.4 0.4412000000000007
0.4 0.474700000000001
0.4 0.4456000000000009
0.38 0.4747000000000012
0.38 0.48790000000000083
0.38 0.4656000000000012
0.38 0.42900000000000105
0.38 0.5311000000000008
0.38 0.4778000000000008
0.38 0.4816000000000009
0.38 0.44630000000000086
0.38 0.4774000000000013
0.38 0.448900000000001
0.38 0.42880000000000096
0.38 0.4222000000000009
0.38 0.40730000000000044
0.38 0.3960000000000003
0.38 0.4161000000000011
0.38 0.40240000000000065
0.38 0.39660000000000034
0.38 0.38750000000000034
0.38 0.489600000000001
0.38 0.4365000000000014
0.4 0.4640000000000012
0.4 0.3873000000000003
0.4 0.3877000000000004
0.4 0.38470000000000015
0.4 0.38630000000000003
0.4 0.38590000000000046
0.4 0.3898000000000007
0.4 0.38660000000000005
0.4 0.39450000000000046
0.4 0.3919000000000005
0.4 0.3875000000000001
0.4 0.38630000000000003
0.4 0.38510000000000033
0.4 0.38549999999999995
0.4 0.38470000000000015
0.4 0.3840000000000004
0.4 0.3853000000000003
0.4 0.38960000000000006
0.4 0.38860000000000033
0.4 0.4342000000000011
0.4 0.3983000000000007
0.4 0.38850000000000023
0.4 0.39180000000000037
0.4 0.38760000000000017
0.4 0.453700000000001
0.4 0.42780000000000085
0.4 0.427700000000001
0.4 0.4170000000000009
0.4 0.40210000000000035
0.4 0.4866000000000008
0.4 0.3899999999999999
0.4 0.39910000000000023
0.4 0.49220000000000086
0.4 0.5140000000000008
0.4 0.5265000000000011
0.45999999999999996 0.6160000000000015
0.62 0.6200000000000017
0.62 0.6200000000000017
0.62 0.6200000000000017
0.62 0.6200000000000017
0.48 0.6018000000000016
0.48 0.6186000000000016
0.48 0.5971000000000015
0.4 0.5713000000000015
0.4 0.5479000000000016
0.56 0.6188000000000016
0.56 0.6194000000000016
0.56 0.6182000000000016
0.56 0.6161000000000016
0.52 0.6108000000000016
0.52 0.6147000000000019
0.52 0.6271000000000021
0.5 0.6334000000000013
0.42000000000000004 0.5936000000000009
0.42000000000000004 0.6059000000000002
0.42000000000000004 0.6305999999999998
0.5 0.6308000000000002
0.5 0.641200000000001
0.5 0.6212000000000019
0.5 0.5783000000000024
0.5 0.5466000000000011
0.5 0.5318
0.5 0.5173999999999989
0.4 0.5089999999999999
0.4 0.4907000000000002
0.38 0.5566000000000012
0.38 0.5264000000000011
0.38 0.4944000000000002
0.38 0.4541999999999994
0.38 0.43609999999999954
0.38 0.4368999999999998
0.38 0.40880000000000033
0.38 0.4596999999999998
0.4 0.5096000000000003
0.4 0.41930000000000006
0.4 0.4186000000000002
0.4 0.4065000000000001
0.4 0.4023000000000006
0.4 0.39710000000000056
0.4 0.39380000000000026
0.4 0.3932000000000004
0.4 0.3930000000000002
0.4 0.39260000000000006
0.4 0.3946000000000005
0.4 0.39350000000000024
0.4 0.3996000000000008
0.4 0.39630000000000004
0.38 0.4550000000000008
0.38 0.41230000000000033
0.38 0.6017000000000015
0.38 0.5199000000000008
0.38 0.524600000000001
0.42000000000000004 0.5100000000000009
0.6799999999999999 0.6206000000000016
0.38 0.546300000000001
0.42000000000000004 0.5972000000000015
0.74 0.6192000000000015
0.52 0.6191000000000015
0.62 0.6180000000000017
0.62 0.6346000000000016
0.6599999999999999 0.635000000000002
0.43999999999999995 0.6375000000000023
0.45999999999999996 0.616900000000001
0.42000000000000004 0.5928999999999995
0.43999999999999995 0.5754999999999999
0.54 0.6168999999999998
0.54 0.6073999999999998
0.54 0.5873000000000002
0.54 0.5734999999999999
0.4 0.4675999999999999
0.4 0.4490999999999994
0.4 0.4394999999999992
0.4 0.4444999999999996
0.4 0.4363999999999997
0.4 0.478800000000001
0.42000000000000004 0.5085000000000012
0.4 0.4853000000000007
0.42000000000000004 0.507700000000001
0.42000000000000004 0.44610000000000033
0.4 0.5072000000000011
0.4 0.44630000000000014
0.4 0.41500000000000026
0.4 0.4181
0.38 0.5029
0.38 0.4606000000000003
0.42000000000000004 0.45710000000000006
0.42000000000000004 0.4163000000000004
0.42000000000000004 0.4334000000000006
0.42000000000000004 0.43060000000000004
0.42000000000000004 0.41970000000000063
0.42000000000000004 0.4431000000000002
0.42000000000000004 0.4226
0.42000000000000004 0.41060000000000074
0.42000000000000004 0.41200000000000064
0.42000000000000004 0.4376000000000003
0.42000000000000004 0.4109000000000005
0.42000000000000004 0.41260000000000063
0.42000000000000004 0.4208000000000005
0.38 0.4837000000000012
0.38 0.4343000000000003
0.38 0.4220000000000009
0.38 0.4784000000000013
0.38 0.4526000000000005
0.38 0.40690000000000054
0.38 0.40630000000000044
0.38 0.3981000000000005
0.4 0.4994000000000009
0.4 0.49000000000000066
0.43999999999999995 0.47560000000000086
0.43999999999999995 0.5700000000000016
0.43999999999999995 0.4600000000000006
0.43999999999999995 0.4318000000000005
0.43999999999999995 0.48130000000000045
0.4 0.4628000000000011
0.38 0.6064000000000016
0.38 0.5979000000000019
0.42000000000000004 0.5271000000000011
0.42000000000000004 0.5496000000000014
0.4 0.5272000000000009
0.42000000000000004 0.5955000000000015
0.4 0.5824000000000014
0.38 0.5640000000000015
0.4 0.606300000000002
0.4 0.5670000000000014
0.4 0.4954000000000005
0.38 0.45259999999999984
0.4 0.44720000000000015
0.38 0.4395999999999996
0.38 0.43399999999999983
0.38 0.42989999999999995
0.38 0.4088999999999995
0.38 0.40259999999999996
0.38 0.4056000000000005
0.38 0.4058000000000003
0.38 0.41239999999999954
0.38 0.4049999999999997
0.38 0.4515000000000001
0.4 0.5119000000000006
0.38 0.497900000000001
0.38 0.42289999999999994
0.38 0.4314
0.38 0.4442999999999995
0.38 0.5641999999999991
0.38 0.4903999999999995
0.4 0.5602000000000016
0.42000000000000004 0.5519000000000013
0.42000000000000004 0.4820000000000003
0.42000000000000004 0.48440000000000005
0.42000000000000004 0.5012000000000009
0.42000000000000004 0.536100000000001
0.42000000000000004 0.48200000000000076
0.42000000000000004 0.4402000000000006
0.42000000000000004 0.4104000000000005
0.42000000000000004 0.43479999999999985
0.38 0.40440000000000026
0.38 0.40280000000000027
0.4 0.4001000000000004
0.4 0.41340000000000016
0.4 0.3996
0.4 0.39470000000000033
0.38 0.3900999999999999
0.4 0.3885000000000003
0.4 0.39880000000000054
0.4 0.39100000000000035
0.4 0.3899000000000003
0.4 0.39270000000000044
0.4 0.3947000000000001
0.4 0.40010000000000034
0.4 0.4806000000000011
0.4 0.5812000000000014
0.4 0.43740000000000057
0.4 0.4866000000000006
0.4 0.4069000000000007
0.4 0.4990000000000009
0.4 0.5402000000000011
0.4 0.4267000000000003
0.4 0.49170000000000047
0.4 0.4260999999999999
0.38 0.5487000000000019
0.38 0.5135000000000013
0.38 0.511900000000001
0.38 0.46710000000000057
0.38 0.4291000000000007
0.38 0.4040000000000006
0.4 0.5003
0.38 0.4659
0.38 0.4214000000000002
0.38 0.4289000000000003
0.38 0.4189000000000002
0.38 0.4189000000000005
0.38 0.4545999999999997
0.38 0.47859999999999986
0.38 0.5003000000000004
0.38 0.4733000000000003
0.38 0.5241000000000011
0.38 0.4195000000000004
0.4 0.5664000000000007
0.38 0.5856000000000013
0.38 0.5663000000000011
0.38 0.5448000000000015
0.38 0.5207000000000018
0.38 0.5086000000000016
0.38 0.5031999999999999
0.38 0.42679999999999985
0.38 0.41840000000000027
0.38 0.4297000000000006
0.38 0.43440000000000095
0.38 0.40690000000000043
0.38 0.397300000000001
0.38 0.410200000000001
0.38 0.4693000000000013
0.38 0.41600000000000115
0.38 0.38690000000000063
0.38 0.3868000000000005
0.38 0.3951000000000008
0.38 0.3944000000000007
0.38 0.4603000000000014
0.38 0.5829000000000015
0.38 0.5572000000000015
0.38 0.4521000000000012
0.42000000000000004 0.4608000000000012
0.38 0.5678000000000013
0.42000000000000004 0.5859000000000011
0.38 0.576600000000001
0.38 0.528500000000001
0.38 0.5219000000000013
0.38 0.4661999999999994
0.38 0.44249999999999967
0.38 0.42300000000000054
0.38 0.3972000000000006
0.38 0.38880000000000053
0.38 0.3926000000000004
0.38 0.39150000000000057
0.38 0.3921000000000005
0.38 0.39380000000000054
0.38 0.4241000000000006
0.38 0.43230000000000113
0.38 0.4029000000000005
0.38 0.39520000000000033
0.4 0.42630000000000046
0.4 0.4905000000000009
0.4 0.4235000000000003
0.4 0.3972000000000001
0.4 0.4059000000000003
0.4 0.39290000000000025
0.4 0.39260000000000006
0.4 0.3930000000000002
0.4 0.3928000000000003
0.4 0.39650000000000013
0.4 0.39680000000000043
0.4 0.39590000000000036
0.4 0.3964999999999997
0.38 0.4137000000000006
0.38 0.4046000000000005
0.38 0.3933000000000002
0.38 0.3920000000000001
0.38 0.3947000000000003
0.38 0.4067000000000005
0.38 0.4197000000000008
0.4 0.548500000000001
0.4 0.5707000000000013
0.4 0.46230000000000077
0.38 0.407200000000001
0.38 0.3899000000000005
0.4 0.4349000000000009
0.4 0.40340000000000065
0.38 0.40040000000000037
0.38 0.3941000000000004
0.38 0.5556000000000015
0.38 0.39000000000000057
0.38 0.40800000000000053
0.38 0.39240000000000036
0.38 0.479000000000001
0.38 0.555500000000001
0.38 0.5622000000000013
0.38 0.46200000000000097
0.38 0.40230000000000105
0.38 0.49300000000000077
0.38 0.4119000000000011
0.38 0.46310000000000107
0.38 0.4430000000000012
0.38 0.5990000000000015
0.62 0.6200000000000017
0.62 0.6200000000000017
0.62 0.6200000000000017
0.38 0.44410000000000077
0.38 0.4275000000000007
0.38 0.4597000000000008
0.38 0.39990000000000014
0.38 0.5288000000000008
0.38 0.6095000000000015
0.62 0.6200000000000017
0.62 0.6200000000000017
0.62 0.6200000000000017
0.62 0.6200000000000017
0.5800000000000001 0.6415000000000011
0.38 0.6256000000000015
0.38 0.6304000000000012
0.38 0.5824000000000017
0.38 0.6701000000000016
0.38 0.6908000000000016
0.38 0.6740000000000017
0.38 0.6351000000000013
0.38 0.5875000000000008
