0.38 0.6501000000000002
0.42000000000000004 0.6439000000000002
0.4 0.6201
0.4 0.6605999999999997
0.4 0.6597
0.4 0.6461999999999998
0.42000000000000004 0.6740999999999993
0.4 0.6751999999999992
0.4 0.6874999999999993
0.42000000000000004 0.6987999999999989
0.24 0.6889999999999994
0.4 0.7011999999999995
0.4 0.7054999999999993
0.43999999999999995 0.7054999999999991
0.4 0.7036999999999991
0.4 0.7008999999999989
0.4 0.7029999999999991
0.4 0.691199999999999
0.4 0.6934999999999991
0.4 0.7088999999999992
0.4 0.708399999999999
0.4 0.7146999999999991
0.4 0.702599999999999
0.4 0.712599999999999
0.4 0.703399999999999
0.4 0.7072999999999992
0.4 0.7131999999999991
0.4 0.6950999999999992
0.4 0.7009999999999991
0.36 0.707099999999999
0.4 0.7070999999999992
0.4 0.6901999999999993
0.4 0.7104999999999991
0.4 0.6790999999999991
0.4 0.6992999999999993
0.4 0.683399999999999
0.4 0.6868999999999992
0.43999999999999995 0.6894999999999993
0.43999999999999995 0.6857999999999991
0.4 0.6738999999999992
0.4 0.6885999999999993
0.4 0.6945999999999992
0.4 0.6840999999999992
0.4 0.6767999999999992
0.4 0.6680999999999994
0.4 0.6761999999999992
0.4 0.6825999999999993
0.4 0.6898999999999994
0.4 0.6755999999999996
0.4 0.6632999999999994
0.4 0.6852999999999991
0.4 0.6696999999999994
0.4 0.6620999999999997
0.4 0.6683999999999992
0.28 0.6414999999999996
0.26 0.6494999999999997
0.26 0.6273999999999995
0.26 0.6513999999999995
0.28 0.6528999999999995
0.4 0.6603999999999995
0.4 0.6811999999999994
0.4 0.6625999999999993
0.4 0.7007999999999993
0.4 0.6515999999999994
0.4 0.6483999999999993
0.4 0.6468999999999993
0.4 0.6692999999999992
0.4 0.6880999999999992
0.4 0.6831999999999993
0.4 0.6758999999999995
0.4 0.6883999999999992
0.4 0.678399999999999
0.4 0.6691999999999994
0.43999999999999995 0.6984999999999992
0.4 0.6950999999999992
0.4 0.7051999999999992
0.4 0.6797999999999991
0.4 0.6669999999999991
0.4 0.6535999999999993
0.4 0.6230999999999994
0.4 0.6204999999999997
0.4 0.6193
0.4 0.6273999999999998
0.4 0.6145000000000005
0.4 0.6088999999999998
0.4 0.6081000000000002
0.4 0.5922
0.4 0.6103000000000001
0.4 0.5887000000000004
0.4 0.5734000000000001
0.4 0.5757000000000001
0.4 0.5640000000000002
0.4 0.5532000000000002
0.4 0.5261999999999998
0.4 0.5072999999999995
0.4 0.4952999999999995
0.4 0.5870000000000022
0.4 0.5321000000000008
0.4 0.5145
0.4 0.6096000000000009
0.4 0.5682000000000009
0.4 0.5146
0.4 0.49159999999999976
0.4 0.49179999999999985
0.4 0.4521999999999997
0.4 0.4816000000000003
0.4 0.6556000000000028
0.4 0.5468000000000012
0.4 0.5561000000000011
0.4 0.5171999999999998
0.4 0.48069999999999974
0.4 0.5208999999999996
0.4 0.4886999999999997
0.4 0.4876999999999996
0.4 0.6216000000000025
0.4 0.6124000000000024
0.4 0.6308000000000014
0.4 0.6424000000000005
0.4 0.6866999999999993
0.4 0.5985000000000003
0.4 0.5436000000000003
0.4 0.5245999999999998
0.4 0.4876000000000002
0.4 0.46840000000000004
0.4 0.4570999999999994
0.4 0.43089999999999923
0.4 0.5083999999999993
0.4 0.5791999999999995
0.4 0.7041999999999992
0.4 0.5027999999999995
0.7 0.7196999999999991
0.4 0.5847999999999999
0.4 0.48589999999999994
0.4 0.4690999999999999
0.4 0.6807999999999992
0.4 0.4777999999999998
0.4 0.43579999999999947
0.4 0.6282999999999995
0.4 0.5273999999999998
0.4 0.6583999999999997
0.4 0.49149999999999977
0.4 0.6627999999999993
0.42000000000000004 0.6202999999999999
0.42000000000000004 0.5094
0.42000000000000004 0.4868
0.42000000000000004 0.5722
0.42000000000000004 0.6353
0.42000000000000004 0.6288999999999997
0.42000000000000004 0.5768
0.42000000000000004 0.5565000000000001
0.42000000000000004 0.5211000000000002
0.42000000000000004 0.5010000000000003
0.4 0.5534999999999998
0.4 0.5809999999999996
0.42000000000000004 0.7151999999999991
0.4 0.7100999999999991
0.4 0.5824000000000007
0.4 0.5919000000000003
0.4 0.5777000000000004
0.4 0.5446000000000003
0.4 0.5119000000000004
0.4 0.4824000000000001
0.4 0.5421999999999998
0.4 0.47370000000000007
0.4 0.467
0.4 0.4860000000000001
0.4 0.4601999999999999
0.4 0.4359999999999996
0.4 0.4505999999999994
0.4 0.43459999999999965
0.4 0.4342999999999997
0.4 0.45139999999999914
0.4 0.710399999999999
0.4 0.5277999999999992
0.4 0.718399999999999
0.45999999999999996 0.718699999999999
0.4 0.718399999999999
0.6599999999999999 0.7196999999999991
0.72 0.7199999999999992
0.4 0.6640999999999996
0.72 0.7191999999999993
0.72 0.7132000000000004
0.72 0.7199999999999992
0.72 0.7199999999999992
0.6799999999999999 0.6800000000000034
0.72 0.6982000000000034
0.72 0.7197999999999992
0.4 0.657000000000003
0.4 0.7044000000000008
0.72 0.7185999999999995
0.72 0.7195999999999992
0.72 0.7195999999999992
0.72 0.7199999999999992
0.72 0.7197999999999992
0.72 0.7199999999999992
0.72 0.7199999999999992
0.72 0.7199999999999992
0.72 0.7199999999999992
0.72 0.7199999999999992
0.72 0.7199999999999992
0.4 0.7077999999999993
0.4 0.7049999999999993
0.4 0.7091999999999993
0.4 0.7135999999999991
0.4 0.7163999999999991
0.4 0.7167999999999991
0.4 0.6994999999999995
0.4 0.7113999999999991
0.4 0.708199999999999
0.72 0.7199999999999992
0.72 0.7199999999999992
0.72 0.7199999999999992
0.72 0.7199999999999992
0.72 0.7199999999999992
0.72 0.7199999999999992
0.72 0.7199999999999992
0.72 0.7199999999999992
0.72 0.7199999999999992
0.72 0.7199999999999992
0.7 0.719499999999999
0.7 0.7190999999999991
0.43999999999999995 0.7140999999999991
0.43999999999999995 0.710799999999999
0.43999999999999995 0.6952999999999991
0.42000000000000004 0.6791999999999994
0.42000000000000004 0.6409
0.42000000000000004 0.6342
0.42000000000000004 0.5631999999999999
0.42000000000000004 0.6565999999999993
0.42000000000000004 0.5693999999999996
0.42000000000000004 0.5352999999999996
0.42000000000000004 0.5089999999999995
0.42000000000000004 0.4849999999999995
0.42000000000000004 0.4661999999999996
0.42000000000000004 0.4566999999999995
0.42000000000000004 0.4532999999999997
0.42000000000000004 0.4531999999999999
0.42000000000000004 0.44889999999999974
0.42000000000000004 0.43770000000000026
0.42000000000000004 0.45150000000000035
0.42000000000000004 0.4346000000000009
0.42000000000000004 0.45760000000000084
0.42000000000000004 0.4455000000000012
0.42000000000000004 0.451000000000001
0.42000000000000004 0.44460000000000105
0.42000000000000004 0.4356000000000011
0.42000000000000004 0.45300000000000135
0.42000000000000004 0.4455000000000012
0.42000000000000004 0.46290000000000087
0.42000000000000004 0.44820000000000115
0.42000000000000004 0.4439000000000013
0.42000000000000004 0.4471000000000009
0.42000000000000004 0.440800000000001
0.42000000000000004 0.446400000000001
0.42000000000000004 0.4577000000000011
0.42000000000000004 0.4589000000000007
0.42000000000000004 0.4774000000000008
0.42000000000000004 0.46620000000000095
0.42000000000000004 0.5232000000000001
0.42000000000000004 0.4722000000000005
0.42000000000000004 0.4649000000000008
0.4 0.4401000000000014
0.42000000000000004 0.44900000000000106
0.42000000000000004 0.45540000000000114
0.42000000000000004 0.4573000000000011
0.42000000000000004 0.4426000000000012
0.42000000000000004 0.46760000000000085
0.42000000000000004 0.4716000000000005
0.42000000000000004 0.4528000000000008
0.42000000000000004 0.4428000000000012
0.42000000000000004 0.44410000000000116
0.42000000000000004 0.4446000000000009
0.4 0.4490000000000005
0.4 0.4446000000000004
0.4 0.43920000000000037
0.4 0.4449000000000006
0.4 0.4447000000000002
0.42000000000000004 0.46190000000000025
0.42000000000000004 0.4738000000000004
0.42000000000000004 0.4803000000000004
0.42000000000000004 0.47260000000000035
0.42000000000000004 0.4760000000000004
0.4 0.45700000000000024
0.4 0.45650000000000013
0.4 0.44530000000000036
0.42000000000000004 0.45930000000000004
0.4 0.4554000000000004
0.42000000000000004 0.4454000000000002
0.4 0.4511999999999998
0.4 0.4778
0.42000000000000004 0.4689999999999999
0.42000000000000004 0.46220000000000006
0.4 0.4597
0.4 0.4529000000000003
0.42000000000000004 0.45719999999999983
0.42000000000000004 0.4593
0.4 0.4488999999999998
0.42000000000000004 0.4563000000000001
0.42000000000000004 0.45500000000000035
0.42000000000000004 0.46790000000000026
0.4 0.46470000000000006
0.4 0.45529999999999987
0.4 0.4544999999999999
0.4 0.5261
0.4 0.5323
0.4 0.4757000000000003
0.4 0.4878000000000003
0.42000000000000004 0.4815999999999999
0.42000000000000004 0.46279999999999993
0.42000000000000004 0.4520999999999999
0.42000000000000004 0.44880000000000003
0.42000000000000004 0.4533999999999998
0.42000000000000004 0.44000000000000017
0.42000000000000004 0.4487000000000005
0.42000000000000004 0.4434000000000004
0.42000000000000004 0.4478000000000002
0.42000000000000004 0.45090000000000025
0.42000000000000004 0.44330000000000036
0.42000000000000004 0.4278000000000002
0.42000000000000004 0.43280000000000024
0.42000000000000004 0.42580000000000046
0.42000000000000004 0.5232000000000001
0.42000000000000004 0.48010000000000025
0.42000000000000004 0.44440000000000035
0.42000000000000004 0.4302000000000007
0.42000000000000004 0.4417000000000006
0.42000000000000004 0.5383999999999997
0.42000000000000004 0.4551
0.42000000000000004 0.48099999999999987
0.42000000000000004 0.4386
0.42000000000000004 0.4377000000000001
0.42000000000000004 0.43370000000000025
0.42000000000000004 0.42670000000000025
0.42000000000000004 0.4256000000000004
0.42000000000000004 0.43040000000000034
0.42000000000000004 0.4292000000000001
0.42000000000000004 0.4367000000000001
0.42000000000000004 0.4376
0.42000000000000004 0.4293000000000003
0.42000000000000004 0.42100000000000043
0.42000000000000004 0.4170000000000005
0.42000000000000004 0.4247000000000004
0.4 0.42920000000000025
0.4 0.4291000000000005
0.4 0.4268000000000005
0.4 0.43030000000000057
0.4 0.4268000000000005
0.4 0.43100000000000016
0.4 0.42889999999999995
0.4 0.42700000000000005
0.4 0.41930000000000023
0.4 0.4454999999999998
0.4 0.44509999999999933
0.4 0.43899999999999983
0.4 0.4783999999999995
0.4 0.44889999999999936
0.4 0.4351999999999997
0.4 0.4246000000000001
0.4 0.42030000000000023
0.4 0.42500000000000004
0.4 0.42740000000000017
0.4 0.42720000000000025
0.4 0.45000000000000034
0.42000000000000004 0.49200000000000094
0.42000000000000004 0.4382000000000001
0.42000000000000004 0.4448000000000004
0.42000000000000004 0.4311000000000002
0.42000000000000004 0.4318000000000003
0.4 0.49100000000000094
0.4 0.4337000000000003
0.4 0.4931000000000011
0.4 0.42230000000000023
0.42000000000000004 0.48860000000000114
0.42000000000000004 0.4497000000000003
0.42000000000000004 0.4322000000000004
0.42000000000000004 0.4119000000000005
0.42000000000000004 0.42420000000000024
0.42000000000000004 0.5757000000000025
0.42000000000000004 0.541000000000002
0.42000000000000004 0.5082000000000013
0.42000000000000004 0.46760000000000046
0.42000000000000004 0.44849999999999995
0.42000000000000004 0.4307999999999999
0.42000000000000004 0.4279000000000002
0.4 0.42100000000000065
0.4 0.4233000000000006
0.4 0.4271000000000004
0.4 0.43670000000000037
0.4 0.43870000000000053
0.4 0.4917000000000015
0.4 0.485400000000001
0.4 0.44000000000000006
0.4 0.4274000000000002
0.4 0.43520000000000025
0.4 0.4269000000000004
0.4 0.43060000000000054
0.4 0.43570000000000036
0.4 0.44350000000000006
0.4 0.43010000000000026
0.4 0.43210000000000065
0.4 0.4229000000000003
0.4 0.41990000000000033
0.4 0.42300000000000026
0.4 0.4342000000000003
0.4 0.4331000000000001
0.4 0.4387
0.4 0.4347000000000001
0.4 0.42910000000000026
0.4 0.42780000000000007
0.4 0.4141000000000004
0.4 0.4193000000000001
0.4 0.4319000000000001
0.4 0.42970000000000036
0.4 0.43870000000000003
0.4 0.4384
0.4 0.42560000000000026
0.4 0.41920000000000046
0.4 0.4205000000000003
0.4 0.4276000000000003
0.4 0.4319000000000004
0.4 0.4415000000000002
0.4 0.43370000000000025
0.4 0.4278000000000002
0.4 0.4182000000000001
0.4 0.4257000000000001
0.4 0.41830000000000017
0.4 0.4317
0.4 0.4194000000000002
0.4 0.42529999999999996
0.4 0.4178000000000002
0.4 0.4166000000000002
0.4 0.4174999999999999
0.4 0.41109999999999985
0.4 0.4241999999999998
0.4 0.41240000000000016
0.4 0.41739999999999994
0.4 0.4348999999999998
0.4 0.4241
0.4 0.4306999999999997
0.4 0.4348999999999998
0.4 0.42129999999999995
0.4 0.42260000000000003
0.4 0.42400000000000004
0.4 0.4131
0.4 0.4143000000000002
0.4 0.4226
0.4 0.4181
0.4 0.4166000000000001
0.4 0.4170999999999999
0.4 0.42439999999999956
0.4 0.42539999999999994
0.4 0.4244999999999999
0.4 0.41519999999999996
0.4 0.41269999999999996
0.4 0.4129000000000002
0.4 0.4123000000000003
0.4 0.41660000000000025
0.4 0.4232000000000001
0.4 0.41440000000000005
0.4 0.40750000000000036
0.4 0.4180000000000001
0.4 0.4181000000000001
0.4 0.4171000000000001
0.4 0.42139999999999994
0.4 0.4207
0.4 0.41760000000000014
0.4 0.4279000000000002
0.4 0.4359000000000002
0.4 0.43510000000000026
0.4 0.44179999999999997
0.4 0.42710000000000015
0.4 0.41950000000000015
0.4 0.42069999999999985
0.4 0.4184000000000001
0.4 0.42160000000000025
0.4 0.42110000000000036
0.4 0.4134000000000001
0.4 0.41700000000000015
0.4 0.4155000000000002
0.4 0.41509999999999997
0.4 0.4234999999999999
0.4 0.42419999999999974
0.4 0.4250999999999998
0.4 0.41530000000000017
0.4 0.41950000000000004
0.4 0.4211999999999997
0.4 0.4102000000000001
0.4 0.4218000000000001
0.4 0.42119999999999974
0.4 0.4264
0.4 0.4189999999999998
0.4 0.4233
0.4 0.42769999999999997
0.4 0.4324999999999997
0.4 0.43119999999999997
0.4 0.4238
0.4 0.4185999999999997
0.4 0.4233999999999999
0.4 0.4275999999999997
0.4 0.4349999999999998
