0.07999999999999996 0.5363199999999999
0.07999999999999996 0.5162600000000004
0.020000000000000018 0.49664000000000025
0.020000000000000018 0.477120000000001
0.020000000000000018 0.4437400000000003
0.07999999999999996 0.41374000000000033
0.07999999999999996 0.3969400000000001
0.07999999999999996 0.37464000000000025
0.07999999999999996 0.3602000000000001
0.07999999999999996 0.33765999999999935
0.07999999999999996 0.3301599999999991
0.07999999999999996 0.3131399999999991
0.07999999999999996 0.2964399999999986
0.07999999999999996 0.296539999999999
0.07999999999999996 0.2837599999999987
0.07999999999999996 0.2685999999999991
0.07999999999999996 0.26749999999999896
0.07999999999999996 0.2571999999999991
0.07999999999999996 0.25993999999999917
0.07999999999999996 0.24867999999999907
0.07999999999999996 0.22975999999999908
0.07999999999999996 0.23145999999999908
0.07999999999999996 0.2323199999999993
0.07999999999999996 0.23351999999999928
0.07999999999999996 0.22717999999999947
0.07999999999999996 0.2280399999999992
0.07999999999999996 0.20943999999999952
0.07999999999999996 0.2144799999999992
0.07999999999999996 0.20923999999999915
0.07999999999999996 0.19149999999999967
0.07999999999999996 0.20093999999999976
0.07999999999999996 0.1857799999999996
0.07999999999999996 0.17729999999999976
0.07999999999999996 0.17765999999999954
0.07999999999999996 0.18597999999999973
0.07999999999999996 0.18453999999999973
0.07999999999999996 0.1787799999999998
0.07999999999999996 0.18698000000000012
0.07999999999999996 0.1948999999999998
0.07999999999999996 0.19714000000000004
0.07999999999999996 0.1989599999999997
0.07999999999999996 0.19471999999999956
0.07999999999999996 0.1828799999999998
0.07999999999999996 0.17503999999999975
0.07999999999999996 0.18293999999999966
0.07999999999999996 0.17765999999999976
0.07999999999999996 0.18141999999999978
0.07999999999999996 0.19525999999999957
0.07999999999999996 0.17969999999999972
0.07999999999999996 0.17259999999999975
0.07999999999999996 0.17301999999999965
0.07999999999999996 0.18081999999999934
0.07999999999999996 0.18059999999999976
0.07999999999999996 0.17341999999999985
0.07999999999999996 0.17681999999999973
0.07999999999999996 0.17409999999999973
0.07999999999999996 0.1807999999999998
0.07999999999999996 0.1774799999999996
0.07999999999999996 0.17989999999999975
0.07999999999999996 0.1789399999999997
0.07999999999999996 0.17373999999999964
0.07999999999999996 0.16687999999999975
0.07999999999999996 0.16603999999999955
0.07999999999999996 0.1664799999999997
0.07999999999999996 0.16185999999999973
0.07999999999999996 0.16419999999999985
0.07999999999999996 0.1673399999999997
0.07999999999999996 0.18231999999999962
0.07999999999999996 0.18803999999999968
0.07999999999999996 0.1878999999999998
0.07999999999999996 0.18805999999999962
0.07999999999999996 0.18455999999999967
0.07999999999999996 0.18123999999999996
0.07999999999999996 0.17415999999999965
0.07999999999999996 0.1749599999999997
0.07999999999999996 0.18771999999999953
0.07999999999999996 0.18699999999999967
0.07999999999999996 0.1800799999999996
0.07999999999999996 0.17327999999999943
0.07999999999999996 0.1770399999999995
0.07999999999999996 0.17991999999999947
0.07999999999999996 0.1779999999999994
0.07999999999999996 0.1764799999999995
0.07999999999999996 0.17247999999999955
0.07999999999999996 0.16951999999999987
0.07999999999999996 0.17281999999999934
0.07999999999999996 0.18801999999999963
0.07999999999999996 0.17921999999999957
0.07999999999999996 0.1751599999999994
0.07999999999999996 0.17401999999999926
0.07999999999999996 0.18257999999999966
0.07999999999999996 0.17849999999999955
0.07999999999999996 0.18893999999999955
0.07999999999999996 0.1781399999999994
0.07999999999999996 0.1750999999999996
0.07999999999999996 0.16989999999999963
0.07999999999999996 0.18305999999999922
0.07999999999999996 0.1857399999999994
0.07999999999999996 0.18379999999999969
0.07999999999999996 0.18459999999999943
