0.14 0.5584000000000043
0.09999999999999998 0.5225000000000016
0.16000000000000003 0.5047400000000007
0.16000000000000003 0.4647199999999995
0.16000000000000003 0.44157999999999903
0.16000000000000003 0.4059599999999985
0.020000000000000018 0.3816199999999998
0.020000000000000018 0.3592599999999991
0.020000000000000018 0.3394599999999988
0.07999999999999996 0.30823999999999896
0.040000000000000036 0.3070399999999992
0.040000000000000036 0.2997799999999994
0.040000000000000036 0.2860999999999992
0.040000000000000036 0.2797799999999994
0.040000000000000036 0.2592799999999996
0.040000000000000036 0.2549799999999994
0.040000000000000036 0.2439199999999994
0.040000000000000036 0.2387999999999993
0.040000000000000036 0.2383799999999994
0.040000000000000036 0.24113999999999963
0.040000000000000036 0.22991999999999974
0.040000000000000036 0.22063999999999948
0.040000000000000036 0.2182400000000002
0.040000000000000036 0.21474
0.040000000000000036 0.20475999999999975
0.040000000000000036 0.20711999999999967
0.040000000000000036 0.20427999999999968
0.040000000000000036 0.19255999999999995
0.040000000000000036 0.18948000000000004
0.040000000000000036 0.18481999999999996
0.040000000000000036 0.18649999999999967
0.040000000000000036 0.17849999999999963
0.040000000000000036 0.1781199999999997
0.040000000000000036 0.17793999999999963
0.040000000000000036 0.1708399999999997
0.040000000000000036 0.1625399999999996
0.040000000000000036 0.1578799999999997
0.040000000000000036 0.15075999999999967
0.040000000000000036 0.15555999999999953
0.040000000000000036 0.14803999999999964
0.040000000000000036 0.15761999999999943
0.040000000000000036 0.15389999999999954
0.040000000000000036 0.15011999999999934
0.040000000000000036 0.14679999999999943
0.040000000000000036 0.13851999999999962
0.040000000000000036 0.14711999999999986
0.040000000000000036 0.14731999999999967
0.040000000000000036 0.15247999999999934
0.040000000000000036 0.14967999999999929
0.040000000000000036 0.14259999999999942
0.040000000000000036 0.14599999999999944
0.040000000000000036 0.14571999999999943
0.040000000000000036 0.14215999999999965
0.040000000000000036 0.1409199999999996
0.040000000000000036 0.15093999999999974
0.040000000000000036 0.1401199999999996
0.040000000000000036 0.14145999999999953
0.040000000000000036 0.14133999999999958
0.040000000000000036 0.14305999999999938
0.040000000000000036 0.14579999999999965
0.040000000000000036 0.15041999999999933
0.040000000000000036 0.15241999999999947
0.040000000000000036 0.15285999999999966
0.040000000000000036 0.14623999999999976
0.040000000000000036 0.1486599999999995
0.040000000000000036 0.1399399999999998
0.040000000000000036 0.13741999999999982
0.040000000000000036 0.14543999999999957
0.040000000000000036 0.14741999999999966
0.040000000000000036 0.14967999999999973
0.040000000000000036 0.14851999999999962
0.040000000000000036 0.1447199999999996
0.040000000000000036 0.14721999999999927
0.040000000000000036 0.15153999999999923
0.040000000000000036 0.15057999999999958
0.040000000000000036 0.1428799999999997
0.040000000000000036 0.14143999999999948
0.040000000000000036 0.14263999999999968
0.040000000000000036 0.14723999999999962
0.040000000000000036 0.15289999999999948
0.040000000000000036 0.1538999999999994
0.040000000000000036 0.1571799999999997
0.040000000000000036 0.14775999999999975
0.040000000000000036 0.14735999999999974
0.040000000000000036 0.13623999999999986
0.040000000000000036 0.13393999999999984
0.040000000000000036 0.12959999999999983
0.040000000000000036 0.1264
0.040000000000000036 0.1235800000000002
0.040000000000000036 0.13799999999999985
0.040000000000000036 0.1378999999999997
0.040000000000000036 0.13559999999999978
0.040000000000000036 0.1354199999999998
0.040000000000000036 0.1359999999999997
0.040000000000000036 0.13397999999999965
0.040000000000000036 0.12701999999999972
0.040000000000000036 0.13589999999999955
0.040000000000000036 0.1382799999999996
0.040000000000000036 0.12963999999999973
0.040000000000000036 0.12767999999999977
