0.07999999999999996 0.5725200000000036
0.07999999999999996 0.5314400000000034
0.07999999999999996 0.5110200000000011
0.040000000000000036 0.4595399999999994
0.040000000000000036 0.4280399999999994
0.07999999999999996 0.41281999999999985
0.07999999999999996 0.3903200000000001
0.07999999999999996 0.3672800000000005
0.07999999999999996 0.34076000000000095
0.07999999999999996 0.324740000000001
0.07999999999999996 0.30784000000000156
0.07999999999999996 0.2995200000000014
0.040000000000000036 0.2994200000000016
0.040000000000000036 0.28838000000000114
0.040000000000000036 0.2876000000000013
0.040000000000000036 0.28788000000000113
0.040000000000000036 0.2783400000000009
0.040000000000000036 0.26800000000000085
0.040000000000000036 0.266140000000001
0.040000000000000036 0.2577000000000007
0.040000000000000036 0.2511000000000009
0.040000000000000036 0.24186000000000088
0.040000000000000036 0.24724000000000035
0.040000000000000036 0.2536600000000008
0.040000000000000036 0.2372800000000008
0.040000000000000036 0.22540000000000074
0.040000000000000036 0.22228000000000053
0.040000000000000036 0.22206000000000056
0.040000000000000036 0.21832000000000046
0.040000000000000036 0.22220000000000073
0.040000000000000036 0.21616000000000044
0.040000000000000036 0.21710000000000024
0.040000000000000036 0.22088000000000044
0.040000000000000036 0.2027399999999997
0.040000000000000036 0.20338000000000003
0.040000000000000036 0.20193999999999998
0.040000000000000036 0.20715999999999996
0.020000000000000018 0.20941999999999963
0.020000000000000018 0.20954000000000006
0.020000000000000018 0.20997999999999994
0.020000000000000018 0.19853999999999983
0.020000000000000018 0.20793999999999985
0.020000000000000018 0.20669999999999977
0.020000000000000018 0.19197999999999998
0.020000000000000018 0.18215999999999968
0.020000000000000018 0.18307999999999983
0.020000000000000018 0.17927999999999963
0.020000000000000018 0.1793599999999995
0.020000000000000018 0.17951999999999982
0.020000000000000018 0.17813999999999938
0.020000000000000018 0.18349999999999994
0.020000000000000018 0.17733999999999953
0.020000000000000018 0.18449999999999958
0.020000000000000018 0.1832199999999997
0.020000000000000018 0.16799999999999987
0.020000000000000018 0.17495999999999967
0.020000000000000018 0.1702599999999993
0.020000000000000018 0.1833599999999994
0.020000000000000018 0.17883999999999955
0.020000000000000018 0.17819999999999941
0.020000000000000018 0.18267999999999943
0.020000000000000018 0.16325999999999954
0.020000000000000018 0.1670999999999994
0.020000000000000018 0.1595799999999996
0.020000000000000018 0.15761999999999948
0.020000000000000018 0.1554199999999994
0.020000000000000018 0.15655999999999942
0.020000000000000018 0.15729999999999944
0.020000000000000018 0.14629999999999932
0.020000000000000018 0.14145999999999948
0.020000000000000018 0.14549999999999938
0.020000000000000018 0.13959999999999947
0.020000000000000018 0.14521999999999943
0.020000000000000018 0.14351999999999954
0.020000000000000018 0.14847999999999953
0.020000000000000018 0.14365999999999945
0.020000000000000018 0.14141999999999955
0.020000000000000018 0.1404799999999994
0.020000000000000018 0.13773999999999947
0.020000000000000018 0.13861999999999952
0.020000000000000018 0.1389999999999995
0.020000000000000018 0.14983999999999933
0.020000000000000018 0.14557999999999938
0.020000000000000018 0.14541999999999947
0.020000000000000018 0.14387999999999943
0.020000000000000018 0.1528799999999994
0.020000000000000018 0.16087999999999936
0.020000000000000018 0.14897999999999964
0.020000000000000018 0.13823999999999956
0.020000000000000018 0.13823999999999956
0.020000000000000018 0.13483999999999974
0.020000000000000018 0.12905999999999967
0.020000000000000018 0.12765999999999958
0.020000000000000018 0.13087999999999966
0.020000000000000018 0.13639999999999952
0.020000000000000018 0.12829999999999964
0.020000000000000018 0.1276399999999996
0.020000000000000018 0.13315999999999964
0.020000000000000018 0.1316799999999996
0.020000000000000018 0.1357999999999995
