0.96 0.4322699999999986
0.96 0.47251999999999866
0.96 0.5092699999999993
0.97 0.5493999999999978
0.97 0.5774099999999978
0.97 0.5954699999999972
0.97 0.6292199999999989
0.97 0.6478300000000008
0.97 0.6752500000000025
0.97 0.6874300000000031
0.97 0.6965700000000061
0.97 0.7041300000000067
0.97 0.7185200000000069
0.97 0.7274700000000066
0.97 0.7288400000000073
0.97 0.7364300000000072
0.97 0.7395900000000065
0.99 0.7415100000000059
0.99 0.7405000000000062
0.99 0.7464000000000053
0.99 0.7520700000000063
0.99 0.7552900000000048
0.99 0.7513700000000054
0.99 0.7534300000000037
0.99 0.7641000000000046
1.0 0.7690200000000035
1.0 0.7663100000000027
1.0 0.7626600000000043
1.0 0.7752300000000037
1.0 0.7794300000000036
1.0 0.7741200000000042
1.0 0.7666000000000033
1.0 0.7684100000000035
1.0 0.7630300000000036
1.0 0.7820900000000032
1.0 0.7789400000000021
1.0 0.7841200000000019
1.0 0.7853200000000019
1.0 0.7860100000000025
1.0 0.7884900000000015
1.0 0.7983200000000009
1.0 0.7939300000000026
1.0 0.8014900000000016
1.0 0.811190000000003
1.0 0.8135100000000032
1.0 0.817790000000001
1.0 0.8188400000000018
1.0 0.8219300000000028
1.0 0.8118100000000028
1.0 0.8071000000000016
1.0 0.8047600000000014
1.0 0.8155800000000013
1.0 0.8126300000000024
1.0 0.8281499999999995
1.0 0.831120000000001
1.0 0.8330200000000004
1.0 0.8362200000000002
1.0 0.8491800000000029
1.0 0.8454600000000028
1.0 0.8377400000000048
1.0 0.8359300000000028
1.0 0.8431300000000034
1.0 0.8435500000000019
1.0 0.8430200000000022
1.0 0.8511300000000023
1.0 0.8458100000000044
1.0 0.8480700000000023
1.0 0.8452000000000021
1.0 0.8432200000000019
1.0 0.8356100000000025
1.0 0.8452000000000008
1.0 0.8465900000000004
1.0 0.8409000000000016
1.0 0.8512600000000025
1.0 0.8548800000000022
1.0 0.8649500000000011
1.0 0.8572200000000036
1.0 0.8639600000000014
1.0 0.8520200000000022
1.0 0.8648200000000027
1.0 0.8665300000000032
1.0 0.8577500000000033
1.0 0.8732300000000011
1.0 0.8719600000000032
1.0 0.8661500000000035
1.0 0.8749400000000026
1.0 0.8684900000000024
1.0 0.8689500000000053
1.0 0.8748700000000021
1.0 0.8867800000000019
1.0 0.8908500000000031
1.0 0.8882500000000026
1.0 0.8866600000000003
1.0 0.9010000000000071
1.0 0.8921100000000041
1.0 0.8858700000000047
1.0 0.8788100000000031
1.0 0.8877400000000053
1.0 0.8815100000000021
1.0 0.8892400000000049
