0.74 0.4281999999999999
0.76 0.46299999999999997
0.76 0.4545500000000002
0.72 0.47585
0.72 0.47085000000000016
0.72 0.47155000000000025
0.98 0.4551500000000003
0.83 0.4827500000000002
0.83 0.49470000000000014
0.93 0.49975
0.72 0.4438499999999997
0.83 0.49510000000000076
0.88 0.47100000000000025
0.72 0.47309999999999985
0.72 0.4948500000000004
0.72 0.4666000000000002
0.72 0.4732
0.72 0.45209999999999967
0.72 0.4450000000000001
0.72 0.4830500000000002
0.86 0.5028000000000005
0.78 0.5029000000000002
0.75 0.4721499999999999
0.75 0.48429999999999995
0.93 0.42805
0.72 0.4302500000000001
0.74 0.4388
0.74 0.45289999999999997
0.84 0.4858000000000002
0.71 0.4334000000000005
0.72 0.4498000000000002
0.72 0.46654999999999985
0.77 0.4934500000000001
0.74 0.47465000000000024
0.74 0.4747
0.72 0.49404999999999993
0.72 0.4872000000000002
0.72 0.49670000000000025
0.72 0.4673000000000003
0.75 0.5192499999999995
0.72 0.52185
0.72 0.48050000000000004
0.72 0.5122000000000004
0.72 0.5131500000000002
0.69 0.4958000000000004
0.72 0.4985999999999994
0.72 0.47280000000000016
0.72 0.4838499999999998
0.72 0.5556500000000001
0.72 0.5290000000000005
0.72 0.5355000000000003
0.72 0.5588500000000005
0.8 0.6162999999999997
0.86 0.6200000000000007
0.86 0.6397000000000003
0.95 0.6559000000000006
0.72 0.6661500000000001
0.72 0.6165500000000006
0.72 0.6482500000000004
0.72 0.6460500000000002
0.72 0.6753999999999987
0.73 0.6681499999999996
0.73 0.6881999999999989
0.72 0.6888499999999996
0.72 0.6934499999999987
0.74 0.6936499999999987
0.74 0.6879499999999992
0.72 0.6881499999999989
0.72 0.6997999999999991
0.72 0.6715499999999999
0.72 0.6739499999999994
0.72 0.6875499999999992
0.8 0.6981999999999995
0.76 0.6898999999999991
0.75 0.6645000000000002
0.73 0.6833499999999995
0.74 0.6978499999999986
0.75 0.6854999999999994
0.75 0.6873999999999996
0.73 0.6800999999999995
0.72 0.6866999999999993
0.73 0.6716000000000011
0.77 0.6777999999999997
0.75 0.6887999999999991
0.75 0.6957999999999993
0.72 0.6887999999999991
0.74 0.6894499999999999
0.74 0.692199999999999
0.74 0.6946999999999993
0.72 0.6924499999999985
0.72 0.6887499999999983
0.72 0.64535
0.72 0.6715499999999992
0.72 0.6611999999999993
0.72 0.6762499999999986
0.72 0.6064499999999997
0.72 0.5473500000000002
0.72 0.5390000000000009
0.72 0.5834000000000007
0.72 0.6164499999999997
0.72 0.6811499999999995
0.72 0.687849999999999
0.72 0.7089499999999989
0.72 0.6968499999999994
0.72 0.6867499999999991
0.72 0.6862499999999997
0.72 0.7073999999999987
0.72 0.7119499999999995
0.72 0.7099999999999992
0.72 0.7082499999999987
0.72 0.708599999999999
0.72 0.6905999999999985
0.72 0.6951999999999989
0.72 0.7063999999999989
0.72 0.7081999999999983
0.72 0.7096499999999993
0.72 0.6739499999999993
0.72 0.6942499999999981
0.72 0.6871499999999994
0.72 0.689399999999999
0.72 0.6823999999999986
0.72 0.696049999999999
0.72 0.6551999999999991
0.72 0.6715999999999984
0.72 0.6296000000000004
0.72 0.5370000000000003
0.72 0.702799999999999
0.72 0.7079999999999989
0.72 0.7099999999999987
0.72 0.6904499999999991
0.72 0.7012999999999987
0.72 0.704149999999999
0.72 0.6973499999999992
0.72 0.6803499999999992
0.72 0.7039499999999991
0.72 0.7155999999999995
0.72 0.7106499999999992
0.72 0.7112999999999995
0.72 0.6051999999999991
0.72 0.6969499999999997
0.72 0.7137499999999993
0.72 0.6943499999999997
0.72 0.7167999999999995
0.72 0.7069499999999995
0.72 0.6984999999999999
0.72 0.6926499999999998
0.72 0.6914499999999997
0.72 0.7106499999999994
0.72 0.6910499999999996
0.72 0.6871999999999993
0.72 0.6753000000000005
0.72 0.6853999999999997
0.72 0.6976499999999993
0.72 0.7059499999999997
0.72 0.7075999999999998
0.72 0.7098999999999995
0.72 0.7136999999999994
0.72 0.6998999999999996
0.72 0.6999999999999994
0.72 0.703349999999999
0.72 0.6733499999999999
0.72 0.6979999999999994
0.72 0.7035499999999995
0.72 0.7125499999999996
0.72 0.6936999999999991
0.72 0.7075999999999992
0.72 0.7077499999999988
0.72 0.7135499999999992
0.72 0.7123499999999993
0.72 0.6956999999999988
0.72 0.7108999999999992
0.72 0.7111999999999996
0.72 0.6978999999999992
0.72 0.6955999999999992
0.72 0.7132499999999993
0.72 0.7167499999999991
0.72 0.6927999999999996
0.72 0.6970499999999994
0.72 0.5759499999999995
0.72 0.6213499999999992
0.72 0.5810499999999988
0.72 0.6777000000000001
0.72 0.7028499999999995
0.72 0.7184999999999993
0.72 0.7181499999999993
0.72 0.7187499999999993
0.72 0.7177499999999992
0.72 0.7193999999999992
0.72 0.7189999999999991
0.72 0.7150999999999993
0.72 0.718699999999999
0.72 0.709499999999999
0.72 0.7190999999999991
0.72 0.7181499999999992
0.72 0.7176499999999991
0.72 0.7188499999999992
0.72 0.7190499999999993
0.72 0.7181499999999994
0.72 0.6890999999999994
0.72 0.5954999999999994
0.72 0.6548999999999998
0.72 0.6918999999999991
0.72 0.49225000000000035
0.72 0.47014999999999996
0.72 0.6044499999999996
0.72 0.6699999999999993
0.72 0.6584999999999995
0.72 0.6412999999999994
0.72 0.6847999999999985
0.72 0.7121499999999983
0.72 0.7087999999999981
0.72 0.7133499999999993
0.72 0.7165499999999991
0.72 0.7185999999999992
0.72 0.7178499999999992
0.72 0.7189499999999995
0.72 0.716349999999999
0.72 0.718549999999999
0.72 0.7176499999999991
0.72 0.7145999999999991
0.72 0.7104499999999994
0.72 0.7155999999999993
0.72 0.712599999999999
0.72 0.7185499999999994
0.72 0.7198499999999991
0.72 0.7190499999999992
0.72 0.7189499999999991
0.72 0.7182999999999992
0.72 0.7083499999999993
0.72 0.7173999999999993
0.72 0.7087499999999995
0.72 0.6964499999999996
0.72 0.6923000000000001
0.72 0.6794000000000004
0.72 0.7095999999999993
0.72 0.7074499999999995
0.72 0.7031999999999995
0.72 0.7065499999999996
0.72 0.7085999999999991
0.72 0.6820499999999999
0.72 0.6853999999999999
0.72 0.6701
0.72 0.6574999999999994
0.72 0.6886500000000002
0.72 0.6900499999999999
0.72 0.6736
0.72 0.7033999999999995
0.72 0.6785999999999998
0.72 0.69125
0.72 0.7030999999999995
0.72 0.6950499999999991
0.72 0.7006999999999999
0.72 0.6953499999999998
0.72 0.6982999999999997
0.72 0.5244999999999993
0.72 0.5746999999999995
0.72 0.6089999999999995
0.72 0.6471999999999996
0.72 0.6866499999999998
0.72 0.7037999999999996
0.72 0.7050499999999996
0.72 0.7034499999999995
0.72 0.7031499999999997
0.72 0.7111499999999993
0.72 0.6861499999999991
0.72 0.6843499999999986
0.72 0.7086499999999993
0.72 0.708699999999999
0.72 0.7135999999999991
0.72 0.7138499999999992
0.72 0.6819999999999997
0.72 0.6880499999999998
0.72 0.700449999999999
0.72 0.713799999999999
0.72 0.7074499999999995
0.72 0.7075499999999996
0.72 0.7122999999999994
0.72 0.6613499999999999
0.72 0.7032499999999995
0.72 0.7033499999999993
0.72 0.7052999999999997
0.72 0.7196499999999992
0.72 0.7194499999999994
0.72 0.7199499999999992
0.72 0.7197999999999992
0.72 0.7172499999999993
0.72 0.7127499999999993
0.72 0.7162499999999993
0.72 0.7126999999999992
0.72 0.7190499999999992
0.72 0.7169499999999991
0.72 0.7101499999999994
0.72 0.7188999999999992
0.72 0.7199499999999992
0.72 0.7197999999999992
0.72 0.7196999999999991
0.72 0.7186999999999992
0.72 0.7188499999999993
0.72 0.7189999999999992
0.72 0.7192499999999992
0.72 0.7190999999999991
0.72 0.7189999999999992
0.72 0.719449999999999
0.72 0.713349999999999
0.72 0.719449999999999
0.72 0.7199999999999992
0.72 0.7190499999999992
0.72 0.7155999999999991
0.72 0.7169499999999992
0.72 0.7130999999999991
0.72 0.7164499999999991
0.72 0.7184999999999991
0.72 0.7181999999999992
0.72 0.7085999999999995
0.72 0.7101499999999994
0.72 0.7150999999999992
0.72 0.6982499999999996
0.72 0.6521999999999994
0.72 0.6852000000000003
0.72 0.7088999999999995
0.72 0.7139499999999994
0.72 0.7182499999999993
0.72 0.7081499999999994
0.72 0.716849999999999
0.72 0.7178499999999992
0.72 0.7131499999999994
0.72 0.7166999999999994
0.72 0.7198999999999992
0.72 0.7179999999999993
0.72 0.7150999999999992
0.72 0.7176999999999992
0.72 0.7179999999999993
0.72 0.7180999999999992
0.72 0.7199499999999992
0.72 0.7198999999999991
0.72 0.7199999999999992
0.72 0.7199499999999992
0.72 0.7199999999999992
0.72 0.7191499999999992
0.72 0.7191999999999992
0.72 0.7180999999999992
0.72 0.7171499999999992
0.72 0.7184499999999991
0.72 0.7195999999999992
0.72 0.7189499999999991
0.72 0.7173999999999991
0.72 0.719649999999999
0.72 0.7180499999999992
0.72 0.7157999999999995
0.72 0.7172999999999994
0.72 0.7193499999999992
0.72 0.7193499999999993
0.72 0.7170499999999993
0.72 0.7160999999999993
0.72 0.7196999999999992
0.72 0.7196499999999992
0.72 0.7135499999999992
0.72 0.7181499999999994
0.72 0.7135499999999994
0.72 0.7112999999999994
0.72 0.7174999999999991
0.72 0.7116999999999996
0.72 0.7178499999999992
0.72 0.7179499999999992
0.72 0.7046499999999998
0.72 0.717799999999999
0.72 0.6734499999999981
0.72 0.7103999999999988
0.72 0.5896999999999991
0.72 0.48419999999999874
0.72 0.6874500000000002
0.72 0.7122499999999996
0.72 0.5810999999999997
0.72 0.510550000000001
0.72 0.5106000000000008
0.7 0.5092500000000004
0.69 0.5135500000000005
0.69 0.5476500000000005
0.72 0.5715499999999997
0.72 0.5825999999999991
0.72 0.6032499999999987
0.72 0.6217499999999976
0.72 0.640499999999998
0.72 0.65155
0.72 0.6597500000000006
0.72 0.6616000000000013
0.72 0.5864499999999996
0.72 0.6391499999999998
0.72 0.6864000000000022
0.72 0.6959000000000011
0.72 0.6611500000000002
0.72 0.6862000000000001
0.72 0.7022999999999999
0.72 0.7106499999999996
0.72 0.699349999999999
0.72 0.7124999999999992
0.72 0.714649999999999
0.72 0.7119999999999991
0.72 0.7057499999999992
0.72 0.6988999999999992
0.72 0.7064999999999995
0.72 0.7044499999999997
0.72 0.7055999999999994
0.72 0.6910499999999992
0.72 0.6942499999999989
0.72 0.6783499999999999
0.72 0.6985999999999993
0.72 0.7112999999999992
0.72 0.7094999999999991
0.72 0.7074999999999996
0.72 0.6977999999999994
0.72 0.7114999999999995
0.72 0.7123999999999994
0.72 0.6850999999999989
0.72 0.6252499999999985
0.72 0.6834499999999991
0.72 0.7049499999999986
0.72 0.6446999999999989
0.72 0.6881499999999988
0.72 0.695099999999999
0.72 0.6414499999999984
0.72 0.6488499999999984
0.72 0.6908999999999995
0.72 0.688549999999999
0.72 0.6820999999999993
0.72 0.7078499999999991
0.72 0.7153499999999994
0.72 0.7158499999999995
0.72 0.7168499999999993
0.72 0.7154999999999992
0.72 0.7047499999999988
0.72 0.7110999999999993
0.72 0.7153499999999989
0.72 0.717499999999999
0.72 0.716599999999999
0.72 0.7186499999999991
0.72 0.6990499999999991
0.72 0.6978999999999986
0.72 0.6919499999999995
0.72 0.6903000000000001
0.72 0.700649999999999
0.72 0.7071499999999993
0.72 0.6946999999999997
0.72 0.7107499999999993
0.72 0.7113999999999996
0.72 0.7115999999999996
0.72 0.7174499999999998
0.72 0.7007499999999997
0.72 0.7031499999999993
0.72 0.6877999999999993
0.72 0.7181999999999992
0.72 0.7128999999999992
0.72 0.7179999999999991
0.72 0.7051499999999988
0.72 0.7014999999999993
0.72 0.6847999999999991
0.72 0.7060499999999987
0.72 0.7030499999999985
0.72 0.7106499999999986
0.72 0.7144499999999994
0.72 0.7189499999999991
0.72 0.7119999999999993
0.72 0.7169499999999992
0.72 0.6796999999999989
0.72 0.6436499999999987
0.72 0.7097999999999983
0.72 0.7106999999999986
0.72 0.7167499999999994
0.72 0.6709499999999978
0.72 0.7110499999999993
0.72 0.6980999999999995
0.72 0.7126499999999993
0.72 0.7165499999999991
0.72 0.7172999999999994
0.72 0.7181999999999995
0.72 0.6865999999999985
0.72 0.6734999999999982
0.72 0.7146499999999988
0.72 0.6946999999999984
0.72 0.7050999999999984
0.72 0.6951999999999994
0.72 0.6711499999999982
0.72 0.630499999999999
0.72 0.7104499999999991
0.72 0.7079999999999991
0.72 0.6946499999999988
0.72 0.6602499999999983
0.72 0.6293499999999989
0.72 0.6393999999999987
0.72 0.6600999999999985
0.72 0.6938999999999984
0.72 0.7045499999999991
0.72 0.7157999999999995
0.72 0.7066499999999993
0.72 0.6957999999999994
0.72 0.7112999999999993
0.72 0.719799999999999
0.72 0.7198999999999991
0.72 0.7167499999999991
0.72 0.719649999999999
