0.020000000000000018 0.6101799999999987
0.020000000000000018 0.5689399999999981
0.020000000000000018 0.536539999999998
0.020000000000000018 0.5053199999999983
0.020000000000000018 0.4860399999999992
0.020000000000000018 0.46784000000000037
0.020000000000000018 0.44314
0.020000000000000018 0.4211199999999996
0.020000000000000018 0.4042800000000009
0.020000000000000018 0.3966400000000011
0.020000000000000018 0.3810000000000018
0.020000000000000018 0.37658000000000114
0.020000000000000018 0.3641000000000022
0.020000000000000018 0.3504600000000017
0.020000000000000018 0.33412000000000164
0.020000000000000018 0.32480000000000164
0.020000000000000018 0.31722000000000156
0.020000000000000018 0.297420000000001
0.020000000000000018 0.3032000000000008
0.020000000000000018 0.3086800000000012
0.020000000000000018 0.2821800000000007
0.020000000000000018 0.26762000000000064
0.020000000000000018 0.25590000000000057
0.020000000000000018 0.24050000000000057
0.020000000000000018 0.23936000000000085
0.020000000000000018 0.23054000000000036
0.020000000000000018 0.2235800000000005
0.020000000000000018 0.21980000000000033
0.020000000000000018 0.2053800000000007
0.020000000000000018 0.20470000000000046
0.020000000000000018 0.19462000000000063
0.020000000000000018 0.1896800000000008
0.020000000000000018 0.17148000000000027
0.020000000000000018 0.15898
0.020000000000000018 0.15387999999999968
0.020000000000000018 0.1500199999999999
0.020000000000000018 0.14826000000000003
0.020000000000000018 0.13797999999999974
0.020000000000000018 0.14501999999999973
0.020000000000000018 0.14711999999999978
0.020000000000000018 0.14861999999999978
0.020000000000000018 0.14521999999999996
0.020000000000000018 0.1460199999999998
0.020000000000000018 0.1552199999999996
0.020000000000000018 0.13919999999999985
0.020000000000000018 0.1431999999999998
0.020000000000000018 0.12909999999999983
0.040000000000000036 0.13561999999999988
0.040000000000000036 0.13139999999999982
0.040000000000000036 0.11959999999999987
0.040000000000000036 0.12771999999999972
0.040000000000000036 0.1299799999999998
0.040000000000000036 0.1330999999999996
0.040000000000000036 0.13273999999999964
0.040000000000000036 0.1447399999999996
0.040000000000000036 0.1352999999999996
0.040000000000000036 0.13615999999999984
0.040000000000000036 0.13305999999999976
0.040000000000000036 0.12915999999999983
0.040000000000000036 0.1263999999999996
0.040000000000000036 0.12249999999999965
0.040000000000000036 0.12027999999999978
0.040000000000000036 0.11849999999999977
0.040000000000000036 0.12321999999999991
0.040000000000000036 0.12555999999999976
0.040000000000000036 0.12919999999999987
0.040000000000000036 0.13343999999999986
0.040000000000000036 0.12863999999999978
0.040000000000000036 0.12741999999999978
0.040000000000000036 0.13121999999999975
0.040000000000000036 0.12913999999999975
0.040000000000000036 0.12053999999999983
0.040000000000000036 0.11883999999999967
0.040000000000000036 0.12441999999999964
0.040000000000000036 0.1201599999999999
0.040000000000000036 0.11967999999999973
0.040000000000000036 0.12331999999999982
0.040000000000000036 0.12011999999999981
0.040000000000000036 0.11439999999999977
0.040000000000000036 0.12665999999999966
0.040000000000000036 0.1293799999999997
0.040000000000000036 0.1294599999999997
0.040000000000000036 0.1354999999999999
0.040000000000000036 0.12139999999999972
0.040000000000000036 0.12829999999999975
0.040000000000000036 0.13023999999999966
0.040000000000000036 0.13377999999999982
0.040000000000000036 0.13395999999999983
0.040000000000000036 0.12919999999999981
0.040000000000000036 0.1305199999999998
0.040000000000000036 0.1366599999999998
0.040000000000000036 0.1349399999999998
0.040000000000000036 0.13087999999999989
0.040000000000000036 0.1280199999999998
0.040000000000000036 0.12779999999999989
0.040000000000000036 0.12803999999999965
0.040000000000000036 0.11739999999999982
0.040000000000000036 0.12257999999999972
0.040000000000000036 0.12115999999999974
0.040000000000000036 0.12129999999999969
