0.33999999999999997 0.5984999999999995
0.36 0.6138
0.38 0.6250000000000001
0.33999999999999997 0.6193000000000003
0.36 0.626900000000001
0.36 0.6120000000000011
0.07999999999999996 0.6058000000000014
0.36 0.6415000000000013
0.33999999999999997 0.6282000000000026
0.36 0.6336000000000024
0.36 0.6078000000000021
0.36 0.6365000000000021
0.33999999999999997 0.6233000000000025
0.33999999999999997 0.6209000000000021
0.33999999999999997 0.632400000000002
0.36 0.6450000000000025
0.36 0.6469000000000023
0.33999999999999997 0.6326000000000026
0.33999999999999997 0.6386000000000027
0.33999999999999997 0.639100000000003
0.12 0.6176000000000027
0.33999999999999997 0.6059000000000028
0.33999999999999997 0.6177000000000024
0.33999999999999997 0.6041000000000025
0.33999999999999997 0.6015000000000027
0.33999999999999997 0.6163000000000028
0.33999999999999997 0.647800000000003
0.33999999999999997 0.619200000000003
0.33999999999999997 0.6094000000000027
0.33999999999999997 0.5888000000000023
0.33999999999999997 0.5589000000000022
0.16000000000000003 0.5558000000000023
0.33999999999999997 0.5585000000000022
0.21999999999999997 0.5326000000000018
0.31999999999999995 0.5375000000000019
0.28 0.5727000000000024
0.21999999999999997 0.5367000000000018
0.21999999999999997 0.5633000000000019
0.21999999999999997 0.5119000000000017
0.21999999999999997 0.4899000000000014
0.21999999999999997 0.45990000000000125
0.21999999999999997 0.4562000000000006
0.12 0.45000000000000107
0.26 0.46290000000000076
0.12 0.5646000000000023
0.14 0.4706000000000011
0.06000000000000005 0.4122000000000007
0.06000000000000005 0.4205000000000003
0.06000000000000005 0.396100000000001
0.040000000000000036 0.3809000000000012
0.09999999999999998 0.37160000000000126
0.06000000000000005 0.4205000000000004
0.36 0.4624999999999999
0.33999999999999997 0.46899999999999964
0.33999999999999997 0.3900000000000011
0.33999999999999997 0.3874000000000011
0.28 0.39590000000000103
0.33999999999999997 0.40950000000000064
0.12 0.39260000000000056
0.30000000000000004 0.3916000000000011
0.33999999999999997 0.36400000000000143
0.18000000000000005 0.35470000000000157
0.12 0.3685000000000007
0.33999999999999997 0.42289999999999994
0.33999999999999997 0.3836000000000008
0.09999999999999998 0.359300000000001
0.26 0.3597000000000011
0.14 0.36430000000000085
0.14 0.34240000000000115
0.14 0.36590000000000095
0.09999999999999998 0.3695000000000009
0.09999999999999998 0.36170000000000085
0.12 0.34070000000000095
0.09999999999999998 0.31980000000000075
0.09999999999999998 0.3331000000000006
0.09999999999999998 0.2987000000000009
0.07999999999999996 0.30130000000000057
0.07999999999999996 0.3465000000000002
0.07999999999999996 0.3676000000000006
0.06000000000000005 0.3432000000000002
0.06000000000000005 0.3608999999999999
0.06000000000000005 0.3213000000000003
0.06000000000000005 0.2957000000000006
0.06000000000000005 0.3055000000000003
0.06000000000000005 0.29430000000000045
0.07999999999999996 0.3587000000000009
0.07999999999999996 0.3348000000000004
0.09999999999999998 0.37250000000000066
0.07999999999999996 0.4028000000000005
0.31999999999999995 0.39080000000000065
0.19999999999999996 0.3817000000000006
0.07999999999999996 0.343500000000001
0.21999999999999997 0.3892000000000011
0.33999999999999997 0.36050000000000126
0.33999999999999997 0.3722000000000012
0.38 0.38550000000000073
0.09999999999999998 0.3597000000000012
0.09999999999999998 0.35660000000000147
0.09999999999999998 0.3450000000000013
0.09999999999999998 0.3631000000000013
0.09999999999999998 0.377500000000001
0.07999999999999996 0.3693000000000005
0.07999999999999996 0.38750000000000023
0.09999999999999998 0.3728000000000003
0.06000000000000005 0.3956000000000002
0.06000000000000005 0.37850000000000095
0.09999999999999998 0.3700000000000003
0.06000000000000005 0.38300000000000006
0.06000000000000005 0.3510000000000009
0.07999999999999996 0.38800000000000034
0.06000000000000005 0.33690000000000125
0.06000000000000005 0.3479000000000003
0.06000000000000005 0.33150000000000085
0.06000000000000005 0.33790000000000114
0.06000000000000005 0.30810000000000065
0.12 0.3791000000000006
0.18000000000000005 0.378100000000001
0.040000000000000036 0.34270000000000095
0.06000000000000005 0.3201000000000007
0.06000000000000005 0.30070000000000063
0.06000000000000005 0.3416000000000011
0.06000000000000005 0.32180000000000064
0.06000000000000005 0.28060000000000046
0.07999999999999996 0.32250000000000106
0.06000000000000005 0.33100000000000085
0.06000000000000005 0.2645000000000004
0.06000000000000005 0.22610000000000016
0.06000000000000005 0.22020000000000015
0.06000000000000005 0.24710000000000037
0.06000000000000005 0.2583000000000006
0.06000000000000005 0.24750000000000022
0.06000000000000005 0.23379999999999992
0.06000000000000005 0.2553999999999998
0.06000000000000005 0.21969999999999984
0.06000000000000005 0.21030000000000013
0.06000000000000005 0.19229999999999994
0.06000000000000005 0.17749999999999988
0.06000000000000005 0.1822
0.06000000000000005 0.20589999999999992
0.06000000000000005 0.29289999999999955
0.06000000000000005 0.19619999999999999
0.06000000000000005 0.1514
0.06000000000000005 0.1472999999999999
0.06000000000000005 0.13230000000000006
0.06000000000000005 0.13790000000000005
0.06000000000000005 0.14570000000000005
0.06000000000000005 0.1480000000000001
0.06000000000000005 0.14140000000000008
0.06000000000000005 0.12360000000000011
0.06000000000000005 0.11430000000000012
0.06000000000000005 0.1204000000000001
0.06000000000000005 0.12160000000000011
0.06000000000000005 0.11060000000000014
0.06000000000000005 0.1265000000000001
0.06000000000000005 0.1471000000000001
0.06000000000000005 0.1269000000000001
0.06000000000000005 0.13190000000000007
0.06000000000000005 0.17230000000000004
0.06000000000000005 0.172
0.06000000000000005 0.17010000000000008
0.06000000000000005 0.15840000000000004
0.06000000000000005 0.14990000000000006
0.06000000000000005 0.1476000000000001
0.06000000000000005 0.13220000000000012
0.06000000000000005 0.13390000000000016
0.06000000000000005 0.1540000000000001
0.06000000000000005 0.15830000000000008
0.06000000000000005 0.21220000000000017
0.06000000000000005 0.28320000000000095
0.06000000000000005 0.282800000000001
0.06000000000000005 0.26650000000000085
0.06000000000000005 0.26520000000000077
0.06000000000000005 0.22820000000000046
0.06000000000000005 0.2469000000000005
0.06000000000000005 0.2545000000000002
0.06000000000000005 0.22990000000000038
0.06000000000000005 0.20250000000000004
0.06000000000000005 0.18660000000000007
0.06000000000000005 0.18370000000000006
0.06000000000000005 0.1489000000000001
0.06000000000000005 0.17549999999999996
0.06000000000000005 0.1494
0.06000000000000005 0.15760000000000007
0.06000000000000005 0.16809999999999994
0.06000000000000005 0.15870000000000004
0.06000000000000005 0.19279999999999992
0.06000000000000005 0.1557
0.06000000000000005 0.17719999999999994
0.06000000000000005 0.21340000000000003
0.06000000000000005 0.19220000000000004
0.06000000000000005 0.19929999999999992
0.06000000000000005 0.20979999999999982
0.06000000000000005 0.18260000000000004
0.06000000000000005 0.17209999999999998
0.06000000000000005 0.1632
0.06000000000000005 0.14820000000000003
0.06000000000000005 0.15510000000000013
0.06000000000000005 0.14300000000000007
0.06000000000000005 0.15680000000000008
0.06000000000000005 0.19539999999999996
0.06000000000000005 0.16869999999999996
0.06000000000000005 0.29279999999999967
0.06000000000000005 0.2809999999999997
0.06000000000000005 0.40260000000000007
0.06000000000000005 0.3686999999999999
0.06000000000000005 0.33869999999999967
0.06000000000000005 0.3085999999999996
0.06000000000000005 0.29579999999999973
0.06000000000000005 0.24449999999999983
0.06000000000000005 0.2273999999999999
0.06000000000000005 0.21679999999999977
0.06000000000000005 0.17259999999999986
0.06000000000000005 0.20699999999999988
0.06000000000000005 0.15900000000000006
0.07999999999999996 0.15390000000000006
0.07999999999999996 0.1702
0.07999999999999996 0.16199999999999992
0.07999999999999996 0.1432999999999999
0.07999999999999996 0.16399999999999992
0.07999999999999996 0.15899999999999997
0.07999999999999996 0.19879999999999995
0.07999999999999996 0.19040000000000007
0.07999999999999996 0.21030000000000001
0.07999999999999996 0.23849999999999993
0.07999999999999996 0.39969999999999906
0.09999999999999998 0.3549999999999997
0.09999999999999998 0.2888
0.09999999999999998 0.3121
0.09999999999999998 0.30000000000000004
0.09999999999999998 0.28140000000000015
0.09999999999999998 0.2826000000000004
0.09999999999999998 0.30140000000000045
0.09999999999999998 0.2719000000000003
0.09999999999999998 0.31230000000000024
0.07999999999999996 0.28690000000000027
0.07999999999999996 0.2817000000000001
0.07999999999999996 0.2686000000000003
0.07999999999999996 0.2543000000000002
0.07999999999999996 0.22890000000000005
0.07999999999999996 0.24190000000000006
0.07999999999999996 0.2306
0.07999999999999996 0.20869999999999994
0.07999999999999996 0.22610000000000008
0.07999999999999996 0.22479999999999994
0.07999999999999996 0.2148000000000001
0.07999999999999996 0.21100000000000008
0.07999999999999996 0.2046000000000001
0.07999999999999996 0.21200000000000016
0.07999999999999996 0.1688000000000001
0.07999999999999996 0.1515
0.07999999999999996 0.15859999999999996
0.07999999999999996 0.17819999999999994
0.07999999999999996 0.19700000000000004
0.07999999999999996 0.19709999999999994
0.07999999999999996 0.19169999999999995
0.07999999999999996 0.1966
0.07999999999999996 0.19210000000000002
0.07999999999999996 0.1913999999999999
0.07999999999999996 0.17729999999999993
0.07999999999999996 0.16769999999999993
0.07999999999999996 0.19079999999999997
0.07999999999999996 0.16740000000000005
0.07999999999999996 0.16880000000000003
0.07999999999999996 0.19990000000000005
0.07999999999999996 0.20179999999999995
0.07999999999999996 0.21850000000000008
0.07999999999999996 0.22500000000000006
0.07999999999999996 0.2654
0.07999999999999996 0.2988
0.07999999999999996 0.3324000000000005
0.07999999999999996 0.37990000000000057
0.07999999999999996 0.3936000000000006
0.07999999999999996 0.3593000000000004
0.07999999999999996 0.36090000000000055
0.07999999999999996 0.3345000000000003
0.07999999999999996 0.3023000000000003
0.07999999999999996 0.2554000000000001
0.07999999999999996 0.24410000000000034
0.07999999999999996 0.21320000000000008
0.07999999999999996 0.19619999999999993
0.07999999999999996 0.1942000000000001
0.07999999999999996 0.1722
0.07999999999999996 0.15609999999999996
0.07999999999999996 0.1796
0.07999999999999996 0.17439999999999997
0.07999999999999996 0.16429999999999992
0.07999999999999996 0.16939999999999997
0.07999999999999996 0.15960000000000002
0.07999999999999996 0.16930000000000003
0.07999999999999996 0.18290000000000015
0.07999999999999996 0.25720000000000026
0.07999999999999996 0.2942000000000004
0.07999999999999996 0.29500000000000026
0.07999999999999996 0.23780000000000015
0.07999999999999996 0.2466000000000003
0.07999999999999996 0.24310000000000012
0.07999999999999996 0.2370000000000001
0.07999999999999996 0.2028000000000001
0.07999999999999996 0.2028
0.07999999999999996 0.20540000000000005
0.07999999999999996 0.18690000000000004
0.07999999999999996 0.21070000000000008
0.07999999999999996 0.19819999999999996
0.07999999999999996 0.1843000000000001
0.07999999999999996 0.19120000000000015
0.07999999999999996 0.16590000000000008
0.07999999999999996 0.15850000000000003
0.07999999999999996 0.1469
0.07999999999999996 0.16199999999999995
0.07999999999999996 0.17620000000000005
0.07999999999999996 0.15409999999999996
0.07999999999999996 0.14350000000000007
0.07999999999999996 0.12640000000000004
0.07999999999999996 0.136
0.07999999999999996 0.169
0.07999999999999996 0.16800000000000007
0.07999999999999996 0.16789999999999997
0.07999999999999996 0.16729999999999998
0.07999999999999996 0.15919999999999995
0.07999999999999996 0.18610000000000007
0.07999999999999996 0.19929999999999995
0.07999999999999996 0.18209999999999987
0.07999999999999996 0.17669999999999997
0.07999999999999996 0.16579999999999998
0.07999999999999996 0.1607
0.07999999999999996 0.17470000000000005
0.07999999999999996 0.16300000000000003
0.07999999999999996 0.1576
0.07999999999999996 0.15299999999999997
0.07999999999999996 0.14730000000000001
0.07999999999999996 0.16110000000000008
0.07999999999999996 0.14460000000000003
0.07999999999999996 0.1818
0.07999999999999996 0.1717
0.07999999999999996 0.19190000000000004
0.07999999999999996 0.15580000000000005
0.07999999999999996 0.1617
0.07999999999999996 0.17609999999999992
0.07999999999999996 0.2498000000000002
0.07999999999999996 0.1925
0.07999999999999996 0.1697000000000001
0.07999999999999996 0.2090000000000001
0.07999999999999996 0.1975
0.07999999999999996 0.16449999999999998
0.07999999999999996 0.1871999999999999
0.07999999999999996 0.15609999999999996
0.09999999999999998 0.2228
0.07999999999999996 0.2136999999999999
0.07999999999999996 0.2136000000000001
0.07999999999999996 0.22240000000000015
0.07999999999999996 0.2303000000000002
0.07999999999999996 0.22710000000000008
0.07999999999999996 0.2228
0.07999999999999996 0.19499999999999995
0.07999999999999996 0.2020000000000001
0.07999999999999996 0.20740000000000008
0.07999999999999996 0.2017
0.07999999999999996 0.20440000000000008
0.07999999999999996 0.17079999999999987
0.07999999999999996 0.18750000000000003
0.07999999999999996 0.19460000000000008
0.07999999999999996 0.17299999999999996
0.07999999999999996 0.1687999999999998
0.07999999999999996 0.19649999999999987
0.07999999999999996 0.17399999999999988
0.07999999999999996 0.16710000000000005
0.07999999999999996 0.1814999999999999
0.07999999999999996 0.17739999999999995
0.07999999999999996 0.15299999999999994
0.06000000000000005 0.23560000000000034
0.06000000000000005 0.2154000000000003
0.06000000000000005 0.21890000000000026
0.06000000000000005 0.19900000000000018
0.06000000000000005 0.1825000000000001
0.06000000000000005 0.18980000000000005
0.06000000000000005 0.17600000000000005
0.06000000000000005 0.15469999999999995
0.06000000000000005 0.177
0.06000000000000005 0.17690000000000006
0.06000000000000005 0.17999999999999997
0.06000000000000005 0.17680000000000004
0.06000000000000005 0.1721000000000001
0.06000000000000005 0.15430000000000005
0.06000000000000005 0.16160000000000005
0.06000000000000005 0.14260000000000003
0.06000000000000005 0.12540000000000004
0.06000000000000005 0.12080000000000009
0.06000000000000005 0.1368
0.06000000000000005 0.1531
0.06000000000000005 0.13740000000000005
0.06000000000000005 0.14510000000000006
0.06000000000000005 0.13010000000000013
0.06000000000000005 0.1243000000000001
0.06000000000000005 0.13910000000000006
0.06000000000000005 0.15460000000000007
0.06000000000000005 0.1492000000000001
0.06000000000000005 0.15450000000000008
0.06000000000000005 0.15580000000000008
0.06000000000000005 0.16080000000000005
0.06000000000000005 0.1635
0.06000000000000005 0.15050000000000002
0.06000000000000005 0.14450000000000002
0.06000000000000005 0.14750000000000008
0.06000000000000005 0.1444000000000001
0.06000000000000005 0.1313000000000001
0.06000000000000005 0.15340000000000006
0.06000000000000005 0.15460000000000002
0.06000000000000005 0.14800000000000002
0.06000000000000005 0.15770000000000006
0.06000000000000005 0.1789000000000001
0.06000000000000005 0.17680000000000004
0.06000000000000005 0.1496000000000001
0.06000000000000005 0.15270000000000006
0.06000000000000005 0.15170000000000003
0.06000000000000005 0.1442000000000001
0.06000000000000005 0.15640000000000012
0.06000000000000005 0.14830000000000007
0.06000000000000005 0.16190000000000004
0.06000000000000005 0.17340000000000008
0.06000000000000005 0.1421000000000001
0.06000000000000005 0.13650000000000007
0.06000000000000005 0.14910000000000012
0.06000000000000005 0.1511000000000001
0.06000000000000005 0.15080000000000007
0.06000000000000005 0.14510000000000012
0.06000000000000005 0.1639000000000001
0.06000000000000005 0.14330000000000012
0.06000000000000005 0.14590000000000006
0.06000000000000005 0.16470000000000007
0.06000000000000005 0.16560000000000005
0.06000000000000005 0.1482000000000001
0.06000000000000005 0.1444000000000001
0.06000000000000005 0.1560000000000001
0.06000000000000005 0.14790000000000006
0.06000000000000005 0.14950000000000008
0.06000000000000005 0.14520000000000002
0.06000000000000005 0.17080000000000006
0.06000000000000005 0.15170000000000003
0.06000000000000005 0.15940000000000004
0.06000000000000005 0.1543
0.06000000000000005 0.1616
0.06000000000000005 0.15000000000000002
0.06000000000000005 0.1487
0.07999999999999996 0.14660000000000006
0.07999999999999996 0.15560000000000002
0.07999999999999996 0.155
0.07999999999999996 0.15440000000000004
0.07999999999999996 0.1435
0.07999999999999996 0.14480000000000007
0.07999999999999996 0.15250000000000002
0.07999999999999996 0.15050000000000005
0.07999999999999996 0.13770000000000004
0.07999999999999996 0.1328000000000001
0.07999999999999996 0.13940000000000013
0.07999999999999996 0.14460000000000015
0.07999999999999996 0.13510000000000008
0.07999999999999996 0.15410000000000001
0.07999999999999996 0.1437000000000001
0.07999999999999996 0.14770000000000003
0.07999999999999996 0.13919999999999993
0.07999999999999996 0.13950000000000004
0.06000000000000005 0.13700000000000004
0.06000000000000005 0.14370000000000002
0.06000000000000005 0.1431000000000001
0.06000000000000005 0.12930000000000008
0.06000000000000005 0.15780000000000005
0.06000000000000005 0.14290000000000005
0.06000000000000005 0.1142000000000001
0.06000000000000005 0.12330000000000009
0.06000000000000005 0.1228000000000001
0.06000000000000005 0.13030000000000005
0.06000000000000005 0.12700000000000009
0.06000000000000005 0.12860000000000008
0.06000000000000005 0.13470000000000007
0.06000000000000005 0.13330000000000003
0.06000000000000005 0.1393000000000001
0.06000000000000005 0.13180000000000014
0.06000000000000005 0.14240000000000014
0.06000000000000005 0.16060000000000005
0.06000000000000005 0.1548000000000001
0.06000000000000005 0.14850000000000005
0.06000000000000005 0.15870000000000012
0.06000000000000005 0.16070000000000007
0.06000000000000005 0.14250000000000007
0.06000000000000005 0.1468000000000001
0.06000000000000005 0.14270000000000008
0.06000000000000005 0.1462000000000001
0.06000000000000005 0.14150000000000007
0.06000000000000005 0.1336000000000001
0.06000000000000005 0.1541000000000001
0.06000000000000005 0.1524000000000001
0.06000000000000005 0.14310000000000012
0.06000000000000005 0.1443000000000001
0.06000000000000005 0.14110000000000014
0.06000000000000005 0.14130000000000006
0.06000000000000005 0.15530000000000002
0.06000000000000005 0.15550000000000005
0.06000000000000005 0.14140000000000008
0.06000000000000005 0.14310000000000012
0.06000000000000005 0.14430000000000007
