0.72 0.4112999999999999
0.71 0.4086499999999999
0.72 0.3867999999999998
0.72 0.42139999999999955
0.72 0.4096499999999996
0.72 0.4332999999999996
0.72 0.4198499999999996
0.72 0.43434999999999974
0.72 0.39929999999999966
0.72 0.42119999999999974
0.72 0.4073499999999997
0.72 0.4025499999999996
0.72 0.3980499999999996
0.8 0.39389999999999964
0.8 0.3879999999999997
0.8 0.3902499999999997
0.98 0.41894999999999966
0.98 0.4084999999999996
0.72 0.41919999999999935
0.98 0.43829999999999975
0.72 0.41359999999999963
0.72 0.4182999999999995
0.72 0.4145999999999995
0.72 0.4917999999999996
0.72 0.46549999999999964
0.72 0.43389999999999984
0.72 0.46359999999999957
0.72 0.47364999999999957
0.76 0.46569999999999967
0.76 0.4661999999999996
0.77 0.4649499999999994
0.72 0.43394999999999956
0.72 0.4531499999999996
0.72 0.4504999999999996
0.72 0.4437999999999996
0.72 0.4544499999999994
0.72 0.45159999999999967
0.72 0.4679999999999997
0.72 0.4834999999999998
0.9 0.49134999999999956
0.9 0.48804999999999965
0.72 0.5046499999999996
0.72 0.4132499999999995
0.8 0.4925499999999994
0.72 0.5050999999999998
0.72 0.53645
0.8 0.5360499999999998
0.8 0.5429499999999998
0.88 0.5334499999999999
0.92 0.5748000000000001
0.8 0.5518499999999998
0.88 0.5860000000000002
0.88 0.6200499999999995
0.88 0.5494499999999995
0.88 0.6042000000000002
0.88 0.5958499999999999
0.72 0.5744000000000001
0.82 0.6217500000000001
0.82 0.5487999999999995
0.82 0.46734999999999977
0.72 0.4783499999999996
0.72 0.4446999999999997
0.74 0.5284000000000001
0.88 0.5546499999999999
0.72 0.4779999999999996
0.72 0.5251500000000001
0.72 0.6027000000000003
0.78 0.6002500000000004
0.72 0.6460499999999995
0.72 0.6631999999999995
0.83 0.6885499999999993
0.83 0.6638000000000001
0.83 0.6934999999999999
0.83 0.6970999999999988
0.83 0.6882999999999991
0.88 0.5819499999999991
0.83 0.576199999999999
0.83 0.6426999999999992
0.86 0.5881999999999993
0.72 0.5731499999999996
0.72 0.5190999999999997
0.72 0.6231999999999991
0.72 0.5855500000000006
0.81 0.6781499999999994
0.81 0.6615999999999995
0.81 0.6752999999999997
0.85 0.6563999999999995
0.88 0.6126499999999991
0.89 0.6408499999999995
0.94 0.5706499999999992
0.94 0.6161499999999993
0.94 0.6685499999999998
0.94 0.6779999999999992
0.96 0.6938499999999996
0.96 0.7079999999999997
0.96 0.6701500000000001
0.96 0.6951499999999996
0.96 0.6815000000000011
0.98 0.707800000000001
0.97 0.6985500000000004
0.96 0.6756000000000008
0.97 0.7171500000000002
0.97 0.7340500000000003
0.98 0.7061500000000015
0.98 0.7359000000000012
0.98 0.7656000000000001
0.97 0.6970500000000012
0.98 0.7748999999999999
0.98 0.7920999999999997
0.98 0.8193499999999994
0.98 0.7817500000000004
0.98 0.8426499999999987
0.98 0.8569999999999994
0.98 0.8320999999999995
0.98 0.848
0.98 0.8754499999999992
0.98 0.8680499999999989
0.98 0.8691499999999986
0.98 0.8840499999999983
0.98 0.8981999999999983
0.98 0.9087999999999983
0.64 0.5805000000000003
0.98 0.6933000000000008
0.98 0.7739999999999992
0.98 0.6282000000000005
0.64 0.5577500000000006
0.7 0.4777000000000002
0.97 0.4960500000000003
0.64 0.38435000000000047
0.64 0.39340000000000047
0.64 0.40055000000000035
0.8 0.43805000000000033
0.96 0.5379999999999998
0.96 0.54045
0.86 0.5288999999999997
0.68 0.5710000000000004
0.68 0.5947000000000005
0.64 0.6108
0.64 0.6151
0.64 0.6134500000000002
0.64 0.6239000000000001
0.64 0.5908000000000003
0.64 0.5813500000000006
0.64 0.5683000000000006
0.64 0.3994500000000008
0.64 0.5563000000000003
0.64 0.49110000000000037
0.64 0.4145500000000007
0.64 0.41375000000000034
0.64 0.33865000000000056
0.64 0.33645000000000047
0.64 0.3664500000000001
0.64 0.38354999999999967
0.64 0.39724999999999966
0.64 0.4157499999999994
0.64 0.4451999999999993
0.64 0.4315499999999997
0.64 0.4537499999999995
0.64 0.4898999999999998
0.64 0.5006499999999999
0.91 0.5237500000000005
0.64 0.5387000000000005
0.64 0.5459500000000006
0.84 0.5727499999999993
0.64 0.5803999999999992
0.96 0.6201999999999994
0.96 0.6282999999999992
0.96 0.6540499999999991
0.96 0.6235999999999997
0.64 0.5350999999999996
0.93 0.55335
0.98 0.5627499999999994
0.98 0.6269499999999992
0.98 0.6982
0.98 0.7141500000000004
0.98 0.7562500000000008
0.98 0.7516999999999991
0.98 0.75095
0.98 0.7255499999999993
0.98 0.7002999999999993
0.98 0.7530000000000007
0.98 0.7323999999999999
0.98 0.7097999999999997
0.98 0.7843000000000007
0.98 0.689150000000001
0.98 0.7493500000000008
0.98 0.7683000000000001
0.98 0.80625
0.98 0.6812499999999989
0.98 0.7681
0.98 0.6901999999999989
0.98 0.7223999999999988
0.98 0.7361499999999991
0.98 0.733299999999999
0.98 0.7173499999999994
0.98 0.7358999999999992
0.98 0.7612499999999994
0.98 0.7281999999999992
0.98 0.7392
0.98 0.7336999999999999
0.98 0.7770000000000006
0.98 0.7737500000000003
0.98 0.7831000000000004
0.98 0.7676999999999999
0.98 0.7829500000000001
0.98 0.78875
0.98 0.7884000000000007
0.98 0.7435499999999997
0.98 0.7507499999999989
0.98 0.8038999999999998
0.98 0.8352
0.98 0.8544499999999995
0.98 0.8523999999999994
0.98 0.8381499999999987
0.98 0.8604499999999983
0.98 0.8550499999999984
0.98 0.8588999999999999
0.98 0.8250000000000002
0.98 0.7313500000000013
0.98 0.6656500000000011
0.98 0.693300000000001
0.98 0.73035
0.98 0.39380000000000076
0.98 0.42745000000000055
0.97 0.3728000000000006
0.97 0.4802
0.97 0.4239000000000003
0.97 0.46070000000000005
0.98 0.5476999999999994
0.87 0.5732499999999999
0.87 0.5667999999999995
0.96 0.5993499999999998
0.96 0.6183499999999995
0.87 0.6337999999999997
0.98 0.6675999999999997
0.88 0.6491499999999988
0.88 0.6767499999999989
0.89 0.6954999999999991
0.97 0.7107999999999995
0.97 0.7070500000000002
0.97 0.7165999999999993
0.97 0.7290999999999993
0.97 0.7370499999999999
0.97 0.7132499999999997
0.97 0.6951000000000002
0.93 0.7069500000000001
0.93 0.7303499999999995
0.93 0.7056000000000003
0.93 0.7111499999999995
0.93 0.7153499999999993
0.93 0.6892500000000001
0.93 0.7331499999999999
0.93 0.6973000000000004
0.93 0.7053
0.93 0.6976500000000001
0.93 0.7366500000000004
0.96 0.7384500000000003
0.93 0.6927499999999999
0.93 0.7099499999999999
0.9 0.6725500000000001
0.9 0.7017999999999993
0.9 0.7150499999999999
0.9 0.7561500000000008
0.9 0.7588000000000008
0.91 0.7441499999999999
0.91 0.7456000000000002
0.91 0.7529000000000003
0.91 0.7823000000000003
0.91 0.7814500000000005
0.91 0.7947000000000009
0.91 0.7627000000000007
0.91 0.5995999999999992
0.91 0.5277499999999997
0.91 0.4514499999999995
0.91 0.37319999999999953
0.91 0.3926499999999995
0.91 0.5846000000000002
0.91 0.4879999999999993
0.91 0.5518499999999995
0.91 0.6852499999999994
0.91 0.7143000000000004
0.91 0.7354999999999997
0.91 0.7517
0.91 0.7497500000000005
0.91 0.7714000000000012
0.91 0.7769500000000007
0.91 0.7901499999999999
0.91 0.7700500000000002
0.91 0.7833500000000005
0.91 0.7868999999999999
0.91 0.8059500000000002
0.91 0.8228000000000003
0.91 0.8139500000000003
0.91 0.8216000000000007
0.91 0.8094
0.91 0.8184500000000007
0.91 0.8146499999999997
0.91 0.8289500000000004
0.91 0.8243000000000003
0.91 0.8245999999999999
0.91 0.8356000000000005
0.91 0.8405000000000006
0.91 0.8553000000000004
0.91 0.86125
0.91 0.8494999999999995
0.91 0.8338499999999991
0.91 0.8397999999999999
0.91 0.823
0.91 0.693799999999998
0.91 0.7841499999999992
0.91 0.80525
0.91 0.8137999999999989
0.91 0.8407499999999992
0.91 0.8336499999999993
0.91 0.8350499999999985
0.91 0.8420499999999987
0.91 0.8223999999999998
0.91 0.8129000000000001
0.91 0.8162999999999998
0.91 0.8352999999999997
0.91 0.8488499999999997
0.91 0.8312999999999995
0.91 0.8284499999999986
0.91 0.8219499999999997
0.91 0.7487999999999987
0.91 0.7186499999999981
0.91 0.750299999999999
0.91 0.7777499999999992
0.91 0.6352499999999973
0.91 0.762999999999999
0.91 0.7767499999999999
0.75 0.5308999999999996
0.91 0.6672999999999979
0.91 0.7549499999999989
0.91 0.7596
0.91 0.7743499999999999
0.91 0.7834499999999993
0.91 0.8043499999999996
0.91 0.8068499999999993
0.91 0.7846500000000003
0.91 0.8058499999999994
0.91 0.7991000000000006
0.91 0.8102499999999998
0.91 0.8138500000000001
0.91 0.83735
0.91 0.8111
0.91 0.8323499999999988
0.91 0.8356000000000008
0.91 0.8395500000000007
0.91 0.8341499999999994
0.91 0.8200999999999994
0.91 0.8260499999999992
0.91 0.8227499999999996
0.91 0.8191499999999994
0.91 0.8187999999999991
0.91 0.8235999999999997
0.91 0.8130499999999998
0.91 0.837649999999999
0.91 0.8268499999999993
0.91 0.8144999999999994
0.91 0.8252499999999996
0.91 0.839
0.91 0.851399999999999
0.91 0.8513499999999992
0.91 0.8634999999999978
0.91 0.8456999999999988
0.91 0.8400499999999985
0.91 0.8349999999999986
0.91 0.8304999999999992
0.91 0.8243499999999987
0.91 0.8359499999999987
0.91 0.8333499999999987
0.91 0.8172999999999998
0.91 0.811249999999999
0.91 0.768899999999998
0.91 0.8149000000000001
0.91 0.8102499999999996
0.91 0.7938500000000001
0.91 0.8057000000000005
0.91 0.7635999999999997
0.91 0.7933999999999999
0.91 0.7698500000000001
0.91 0.7989499999999994
0.92 0.8159499999999997
0.92 0.7247999999999987
0.92 0.7327499999999993
0.97 0.7765999999999995
0.97 0.7773500000000001
0.97 0.8100999999999998
0.97 0.8139500000000004
0.97 0.8061999999999999
0.97 0.7995000000000003
0.98 0.8116999999999996
0.98 0.8040499999999998
0.98 0.8045500000000003
0.98 0.8006500000000001
0.98 0.7873499999999991
0.98 0.7960499999999997
0.98 0.7937999999999996
0.98 0.7842999999999999
0.98 0.7945499999999999
0.98 0.7872
0.98 0.8098999999999996
0.98 0.8114999999999998
0.98 0.8112499999999997
0.98 0.79455
0.98 0.7749499999999989
0.98 0.7698499999999985
0.98 0.7821999999999987
0.98 0.8128000000000002
0.98 0.8126499999999994
0.98 0.8252999999999999
0.98 0.8326499999999999
0.98 0.8554999999999997
0.98 0.8403500000000002
0.98 0.8366999999999998
0.98 0.8272999999999995
0.98 0.8435499999999999
0.98 0.8474999999999997
0.98 0.8553499999999998
0.98 0.8671999999999993
0.98 0.8438000000000007
0.98 0.8332500000000006
0.98 0.8613999999999992
0.98 0.8497999999999994
0.98 0.8532499999999993
0.98 0.8845499999999992
0.98 0.8256000000000013
0.98 0.8647499999999998
0.98 0.8933499999999995
0.98 0.8766499999999993
0.98 0.8695999999999999
0.98 0.8639999999999999
0.98 0.8885499999999995
0.98 0.768299999999999
0.98 0.8313000000000009
0.98 0.7610999999999986
0.98 0.7771999999999992
0.98 0.7517499999999987
0.98 0.8009500000000003
0.98 0.8145000000000004
0.98 0.8392000000000001
0.98 0.8361
0.98 0.8314500000000007
0.98 0.8188500000000009
0.98 0.7845000000000004
0.98 0.7165999999999988
0.98 0.7401499999999995
0.98 0.7524
0.98 0.7718500000000011
0.98 0.767650000000001
0.98 0.7956000000000008
0.98 0.812
0.98 0.7902999999999998
0.98 0.7784000000000003
0.98 0.7848000000000005
0.98 0.7758500000000013
0.98 0.7628000000000001
0.98 0.7948500000000012
0.98 0.7843000000000011
0.98 0.7900000000000001
0.98 0.797800000000001
0.98 0.786100000000001
0.98 0.7908000000000003
0.98 0.80125
0.98 0.7923000000000008
0.98 0.8031499999999997
0.98 0.8113999999999999
0.98 0.8320500000000007
0.98 0.8534000000000012
0.98 0.8654500000000008
0.98 0.8563000000000011
0.98 0.8410499999999997
0.98 0.8574999999999998
0.98 0.8661000000000009
0.98 0.8481000000000004
0.98 0.8603000000000002
0.98 0.8642999999999994
0.98 0.8851499999999989
0.98 0.8914000000000003
0.98 0.8921000000000007
0.98 0.8892500000000017
0.98 0.8891500000000018
0.98 0.8707000000000009
0.98 0.8693000000000011
0.98 0.8422000000000013
0.98 0.8334000000000005
0.98 0.8784500000000012
0.98 0.8877000000000005
0.98 0.8832500000000006
0.98 0.8826999999999997
0.98 0.8815999999999998
0.98 0.8722499999999991
0.98 0.8485
0.98 0.8510499999999994
0.98 0.8568999999999991
0.98 0.8632499999999987
0.98 0.8700000000000003
0.98 0.8589500000000007
0.98 0.8609999999999998
