0.18000000000000005 0.5843400000000039
0.07999999999999996 0.541280000000005
0.09999999999999998 0.517380000000004
0.09999999999999998 0.4788400000000028
0.09999999999999998 0.45556000000000285
0.09999999999999998 0.4321600000000017
0.09999999999999998 0.40766000000000263
0.06000000000000005 0.38878000000000273
0.06000000000000005 0.3707600000000025
0.020000000000000018 0.3519800000000031
0.020000000000000018 0.3494000000000026
0.020000000000000018 0.33040000000000286
0.020000000000000018 0.32550000000000306
0.020000000000000018 0.3355400000000034
0.020000000000000018 0.33274000000000276
0.020000000000000018 0.331580000000003
0.020000000000000018 0.3243800000000027
0.020000000000000018 0.31478000000000284
0.020000000000000018 0.3110200000000023
0.020000000000000018 0.29810000000000253
0.020000000000000018 0.2922800000000021
0.020000000000000018 0.28738000000000224
0.020000000000000018 0.2965600000000021
0.020000000000000018 0.28888000000000147
0.020000000000000018 0.2934400000000017
0.020000000000000018 0.2913400000000023
0.020000000000000018 0.28504000000000174
0.020000000000000018 0.2780000000000017
0.020000000000000018 0.2736000000000019
0.020000000000000018 0.2671200000000014
0.020000000000000018 0.26550000000000135
0.020000000000000018 0.2697600000000016
0.020000000000000018 0.26114000000000137
0.020000000000000018 0.26514000000000165
0.020000000000000018 0.25800000000000134
0.020000000000000018 0.2650400000000011
0.020000000000000018 0.2514200000000014
0.020000000000000018 0.24390000000000092
0.020000000000000018 0.2446000000000009
0.020000000000000018 0.25034000000000095
0.020000000000000018 0.2530600000000008
0.020000000000000018 0.25052000000000063
0.020000000000000018 0.2547800000000009
0.020000000000000018 0.25168000000000096
0.020000000000000018 0.24514000000000105
0.020000000000000018 0.2544200000000009
0.020000000000000018 0.23528000000000088
0.020000000000000018 0.23104000000000086
0.020000000000000018 0.22106000000000073
0.020000000000000018 0.21688000000000052
0.020000000000000018 0.22494000000000053
0.020000000000000018 0.22050000000000045
0.020000000000000018 0.22226000000000068
0.020000000000000018 0.22332000000000027
0.020000000000000018 0.20212000000000047
0.020000000000000018 0.20502000000000017
0.020000000000000018 0.19738000000000036
0.020000000000000018 0.19894000000000023
0.020000000000000018 0.20798000000000047
0.020000000000000018 0.21582000000000076
0.020000000000000018 0.20752000000000034
0.020000000000000018 0.19134000000000043
0.020000000000000018 0.19842000000000032
0.020000000000000018 0.20102000000000017
0.020000000000000018 0.19176000000000024
0.020000000000000018 0.1928000000000002
0.020000000000000018 0.19742000000000012
0.020000000000000018 0.1924000000000004
0.020000000000000018 0.19178000000000003
0.020000000000000018 0.18804000000000012
0.020000000000000018 0.17923999999999998
0.020000000000000018 0.18264000000000025
0.020000000000000018 0.18177999999999986
0.020000000000000018 0.1729799999999999
0.020000000000000018 0.1740000000000001
0.020000000000000018 0.17440000000000025
0.020000000000000018 0.16649999999999998
0.020000000000000018 0.15912000000000012
0.020000000000000018 0.1607600000000001
0.020000000000000018 0.16254000000000013
0.020000000000000018 0.16365999999999997
0.020000000000000018 0.16297999999999987
0.020000000000000018 0.15369999999999986
0.020000000000000018 0.16087999999999977
0.020000000000000018 0.15662000000000012
0.020000000000000018 0.16597999999999993
0.020000000000000018 0.16842000000000001
0.020000000000000018 0.15347999999999995
0.020000000000000018 0.15767999999999985
0.020000000000000018 0.15675999999999984
0.020000000000000018 0.15762000000000004
0.020000000000000018 0.15527999999999992
0.020000000000000018 0.15333999999999992
0.020000000000000018 0.15433999999999995
0.020000000000000018 0.1516000000000001
0.020000000000000018 0.14041999999999982
0.020000000000000018 0.15155999999999994
0.020000000000000018 0.14895999999999998
0.020000000000000018 0.13672
0.020000000000000018 0.13675999999999983
