0.31999999999999995 0.6162800000000064
0.31999999999999995 0.5861200000000065
0.12 0.5524200000000051
0.12 0.521620000000005
0.12 0.501180000000004
0.06000000000000005 0.4708000000000024
0.06000000000000005 0.450620000000002
0.06000000000000005 0.4372800000000019
0.06000000000000005 0.4147200000000019
0.06000000000000005 0.4066000000000017
0.06000000000000005 0.38094000000000194
0.040000000000000036 0.3726400000000032
0.040000000000000036 0.36302000000000434
0.040000000000000036 0.34276000000000345
0.040000000000000036 0.3368000000000038
0.040000000000000036 0.3255800000000035
0.040000000000000036 0.3224400000000032
0.040000000000000036 0.32798000000000294
0.040000000000000036 0.3199000000000033
0.040000000000000036 0.3019000000000035
0.040000000000000036 0.29330000000000334
0.040000000000000036 0.28608000000000294
0.040000000000000036 0.2803800000000029
0.040000000000000036 0.2720400000000026
0.040000000000000036 0.25970000000000204
0.040000000000000036 0.2556000000000018
0.040000000000000036 0.24456000000000175
0.040000000000000036 0.23942000000000124
0.040000000000000036 0.251720000000001
0.040000000000000036 0.26224000000000147
0.040000000000000036 0.2541000000000014
0.040000000000000036 0.2534600000000018
0.040000000000000036 0.2581600000000021
0.040000000000000036 0.25074000000000146
0.040000000000000036 0.24322000000000177
0.040000000000000036 0.23518000000000167
0.040000000000000036 0.22496000000000121
0.040000000000000036 0.23118000000000133
0.040000000000000036 0.2264600000000016
0.040000000000000036 0.2222800000000012
0.040000000000000036 0.21388000000000143
0.040000000000000036 0.215260000000001
0.040000000000000036 0.21226000000000084
0.040000000000000036 0.21318000000000117
0.040000000000000036 0.21262000000000092
0.040000000000000036 0.20898000000000103
0.040000000000000036 0.2111600000000009
0.040000000000000036 0.20672000000000101
0.040000000000000036 0.2092000000000008
0.040000000000000036 0.21024000000000076
0.040000000000000036 0.20274000000000078
0.040000000000000036 0.19164000000000028
0.040000000000000036 0.19190000000000038
0.040000000000000036 0.18456000000000033
0.040000000000000036 0.19506
0.040000000000000036 0.19268000000000002
0.040000000000000036 0.18877999999999992
0.040000000000000036 0.19200000000000028
0.040000000000000036 0.19144000000000014
0.040000000000000036 0.18210000000000032
0.040000000000000036 0.18822000000000003
0.040000000000000036 0.18735999999999983
0.040000000000000036 0.18097999999999995
0.040000000000000036 0.18652000000000007
0.040000000000000036 0.19462000000000013
0.040000000000000036 0.1810800000000001
0.040000000000000036 0.17135999999999976
0.040000000000000036 0.16621999999999976
0.040000000000000036 0.16405999999999954
0.040000000000000036 0.1624399999999994
0.040000000000000036 0.16409999999999936
0.040000000000000036 0.16373999999999964
0.040000000000000036 0.16383999999999987
0.040000000000000036 0.1590199999999998
0.040000000000000036 0.16073999999999986
0.040000000000000036 0.15513999999999964
0.040000000000000036 0.17343999999999965
0.040000000000000036 0.17387999999999956
0.040000000000000036 0.16943999999999962
0.040000000000000036 0.16383999999999946
0.040000000000000036 0.16017999999999957
0.040000000000000036 0.16457999999999953
0.040000000000000036 0.16147999999999937
0.040000000000000036 0.1672599999999993
0.040000000000000036 0.16063999999999945
0.040000000000000036 0.1581599999999994
0.040000000000000036 0.15079999999999946
0.040000000000000036 0.15207999999999938
0.040000000000000036 0.16459999999999958
0.040000000000000036 0.17381999999999934
0.040000000000000036 0.1690399999999994
0.040000000000000036 0.1696999999999996
0.040000000000000036 0.1792199999999998
0.040000000000000036 0.18009999999999965
0.040000000000000036 0.16803999999999963
0.040000000000000036 0.17691999999999958
0.040000000000000036 0.1671799999999995
0.040000000000000036 0.17037999999999948
0.040000000000000036 0.1713799999999995
0.040000000000000036 0.1695999999999995
