0.77 0.41085000000000094
0.83 0.4404000000000009
0.77 0.44260000000000077
0.77 0.4453000000000001
0.86 0.43560000000000015
0.74 0.42030000000000056
0.78 0.4434499999999997
0.74 0.45354999999999895
0.73 0.4608999999999989
0.77 0.47169999999999873
0.89 0.5216999999999999
0.88 0.5173999999999995
0.74 0.4886999999999981
0.73 0.5081999999999998
0.81 0.5218999999999995
0.76 0.4884499999999997
0.79 0.48729999999999946
0.79 0.49885000000000046
0.84 0.5159999999999998
0.88 0.5475499999999998
0.89 0.5354499999999994
0.89 0.5458499999999996
0.89 0.5303999999999999
0.88 0.5860499999999994
0.88 0.6140499999999992
0.88 0.5870499999999995
0.73 0.5157000000000003
0.75 0.5488500000000004
0.94 0.6047500000000001
0.94 0.6255000000000003
0.91 0.6289000000000007
0.95 0.7013000000000003
0.83 0.6140000000000005
0.83 0.6232500000000007
0.83 0.651600000000001
0.85 0.684850000000001
0.86 0.7114500000000001
0.9 0.72185
0.92 0.7359999999999998
0.92 0.7579000000000007
0.88 0.7143
0.92 0.7895999999999996
0.95 0.8041499999999996
0.9 0.7840000000000008
0.87 0.576100000000001
0.92 0.7282500000000002
0.92 0.7360000000000001
0.88 0.6098999999999996
0.81 0.6615999999999995
0.94 0.7655499999999995
