0.36 0.6131999999999997
0.36 0.6141000000000001
0.38 0.6148
0.36 0.5904000000000001
0.38 0.5629999999999997
0.12 0.6253
0.36 0.6085
0.19999999999999996 0.6004
0.28 0.6366999999999995
0.26 0.6309
0.14 0.6035999999999997
0.26 0.5787
0.33999999999999997 0.5826999999999996
0.36 0.5967999999999996
0.09999999999999998 0.5162999999999996
0.18000000000000005 0.44609999999999994
0.16000000000000003 0.43519999999999975
0.07999999999999996 0.4255000000000001
0.24 0.4858000000000004
0.07999999999999996 0.37300000000000005
0.12 0.4107000000000005
0.12 0.40190000000000015
0.06000000000000005 0.3949000000000001
0.28 0.4413000000000003
0.09999999999999998 0.4127000000000003
0.09999999999999998 0.39640000000000014
0.14 0.4295000000000003
0.18000000000000005 0.4321000000000002
0.21999999999999997 0.4508
0.09999999999999998 0.3610000000000002
0.16000000000000003 0.43880000000000036
0.36 0.4082
0.21999999999999997 0.48760000000000003
0.36 0.5123000000000002
0.33999999999999997 0.6083000000000005
0.28 0.5439000000000002
0.36 0.5889000000000002
0.24 0.4888999999999998
0.42000000000000004 0.5107999999999998
0.18000000000000005 0.5670000000000002
0.31999999999999995 0.5529999999999999
0.36 0.5329
0.040000000000000036 0.46359999999999985
0.21999999999999997 0.5361999999999999
0.26 0.45959999999999956
0.040000000000000036 0.45679999999999976
0.040000000000000036 0.5370000000000001
0.040000000000000036 0.5059
0.36 0.5252
0.36 0.507
0.36 0.48959999999999987
0.26 0.4217000000000002
0.26 0.4038000000000002
0.24 0.3873000000000004
0.24 0.3768000000000003
0.24 0.38790000000000036
0.18000000000000005 0.39550000000000035
0.09999999999999998 0.38390000000000074
0.09999999999999998 0.3345000000000005
0.06000000000000005 0.4031000000000002
0.09999999999999998 0.344
0.09999999999999998 0.4120000000000001
0.09999999999999998 0.24779999999999963
0.09999999999999998 0.2096999999999998
0.09999999999999998 0.20249999999999996
0.09999999999999998 0.30460000000000054
0.21999999999999997 0.3189000000000004
0.07999999999999996 0.37640000000000057
0.07999999999999996 0.27250000000000024
0.12 0.25289999999999996
0.12 0.20199999999999987
0.12 0.1611999999999999
0.09999999999999998 0.18209999999999987
0.09999999999999998 0.15579999999999983
0.12 0.3252000000000001
0.09999999999999998 0.31610000000000016
0.09999999999999998 0.34969999999999984
0.16000000000000003 0.4666999999999998
0.12 0.31720000000000004
0.12 0.27410000000000023
0.12 0.3023000000000004
0.07999999999999996 0.17959999999999993
0.07999999999999996 0.2946
0.09999999999999998 0.3299
0.06000000000000005 0.3491999999999997
0.18000000000000005 0.43809999999999955
0.18000000000000005 0.4233999999999996
0.16000000000000003 0.5157000000000003
0.36 0.4848999999999996
0.36 0.5835000000000005
0.19999999999999996 0.6336999999999996
0.36 0.5447999999999998
0.12 0.3789000000000001
0.07999999999999996 0.36869999999999997
0.07999999999999996 0.2806999999999996
0.07999999999999996 0.2765
0.07999999999999996 0.23529999999999995
0.07999999999999996 0.27740000000000026
0.07999999999999996 0.23160000000000008
0.07999999999999996 0.21060000000000006
0.07999999999999996 0.15649999999999994
0.07999999999999996 0.1552999999999999
0.07999999999999996 0.18219999999999978
0.07999999999999996 0.14789999999999995
0.07999999999999996 0.2663000000000002
0.07999999999999996 0.3027000000000002
0.07999999999999996 0.2910000000000004
0.07999999999999996 0.32040000000000035
0.09999999999999998 0.34370000000000045
0.07999999999999996 0.31750000000000056
0.07999999999999996 0.5597000000000005
0.07999999999999996 0.48280000000000006
0.09999999999999998 0.4190000000000002
0.06000000000000005 0.4892
0.45999999999999996 0.6168000000000003
0.45999999999999996 0.6086000000000003
0.5 0.6368000000000005
0.45999999999999996 0.6280000000000004
0.45999999999999996 0.6053000000000004
0.30000000000000004 0.5944000000000002
0.36 0.562
0.45999999999999996 0.6089000000000003
0.45999999999999996 0.5608000000000001
0.31999999999999995 0.5101000000000006
0.45999999999999996 0.5972000000000003
0.31999999999999995 0.49530000000000046
0.45999999999999996 0.5754000000000002
0.07999999999999996 0.44040000000000107
0.21999999999999997 0.5116000000000003
0.21999999999999997 0.5326000000000002
0.21999999999999997 0.48080000000000017
0.07999999999999996 0.33480000000000004
0.07999999999999996 0.2884
0.16000000000000003 0.4907999999999998
0.19999999999999996 0.4464999999999996
0.12 0.4085999999999998
0.09999999999999998 0.3176
0.07999999999999996 0.41299999999999976
0.36 0.4367999999999998
0.07999999999999996 0.40269999999999967
0.07999999999999996 0.2567999999999999
0.07999999999999996 0.5058000000000004
0.64 0.6401000000000004
0.64 0.6403000000000004
0.64 0.6405000000000004
0.64 0.6402000000000004
0.64 0.6399000000000005
0.09999999999999998 0.5386
0.09999999999999998 0.4480000000000001
0.64 0.6394000000000005
0.07999999999999996 0.4676000000000002
0.6 0.6392000000000005
0.07999999999999996 0.4960000000000003
0.6 0.6365000000000005
0.07999999999999996 0.22699999999999998
0.09999999999999998 0.3979000000000001
0.31999999999999995 0.6302000000000004
0.31999999999999995 0.6257000000000005
0.07999999999999996 0.6065000000000006
0.31999999999999995 0.6064
0.18000000000000005 0.5579999999999999
0.18000000000000005 0.5391000000000007
0.18000000000000005 0.4945000000000011
0.09999999999999998 0.3997000000000005
0.14 0.4014000000000007
0.14 0.4178000000000007
0.18000000000000005 0.37240000000000045
0.07999999999999996 0.32910000000000006
0.07999999999999996 0.2482999999999998
0.06000000000000005 0.2267000000000001
0.07999999999999996 0.17599999999999988
0.07999999999999996 0.15099999999999997
0.07999999999999996 0.15319999999999984
0.07999999999999996 0.1859999999999998
0.07999999999999996 0.12389999999999979
0.06000000000000005 0.11529999999999983
0.07999999999999996 0.15839999999999999
0.07999999999999996 0.10769999999999992
0.07999999999999996 0.09709999999999991
0.07999999999999996 0.08520000000000001
0.07999999999999996 0.09240000000000002
0.07999999999999996 0.23299999999999976
0.07999999999999996 0.1685999999999999
0.07999999999999996 0.08800000000000004
0.07999999999999996 0.10400000000000002
0.07999999999999996 0.12689999999999996
0.06000000000000005 0.1422000000000001
0.06000000000000005 0.14559999999999995
0.06000000000000005 0.1095000000000001
0.06000000000000005 0.09600000000000014
0.06000000000000005 0.21230000000000002
0.06000000000000005 0.1613000000000002
0.09999999999999998 0.18640000000000018
0.09999999999999998 0.10650000000000012
0.07999999999999996 0.14230000000000018
0.040000000000000036 0.23010000000000053
0.09999999999999998 0.08310000000000013
0.06000000000000005 0.09070000000000017
0.040000000000000036 0.20440000000000041
0.07999999999999996 0.2120000000000004
0.06000000000000005 0.1866000000000003
0.06000000000000005 0.1334000000000001
0.06000000000000005 0.10490000000000008
0.07999999999999996 0.09310000000000014
0.06000000000000005 0.11710000000000007
0.040000000000000036 0.09320000000000016
0.040000000000000036 0.12260000000000001
0.040000000000000036 0.1177
0.06000000000000005 0.16129999999999986
0.06000000000000005 0.09490000000000003
0.06000000000000005 0.08520000000000003
0.040000000000000036 0.08000000000000006
0.07999999999999996 0.09190000000000004
0.040000000000000036 0.06320000000000005
0.07999999999999996 0.08170000000000006
0.07999999999999996 0.08330000000000007
0.07999999999999996 0.08320000000000008
0.07999999999999996 0.08520000000000008
0.07999999999999996 0.0868000000000001
0.07999999999999996 0.08010000000000009
0.040000000000000036 0.07540000000000009
0.040000000000000036 0.07640000000000005
0.040000000000000036 0.06930000000000004
0.040000000000000036 0.07670000000000005
0.040000000000000036 0.07610000000000004
0.040000000000000036 0.07260000000000004
0.06000000000000005 0.06130000000000004
0.06000000000000005 0.053300000000000035
0.06000000000000005 0.1252000000000001
0.020000000000000018 0.1924000000000001
0.040000000000000036 0.30769999999999975
0.06000000000000005 0.14700000000000013
0.09999999999999998 0.16599999999999998
0.07999999999999996 0.35649999999999965
0.07999999999999996 0.28359999999999963
0.07999999999999996 0.09939999999999999
0.07999999999999996 0.5252000000000004
0.07999999999999996 0.4677000000000002
0.07999999999999996 0.14190000000000005
0.07999999999999996 0.08960000000000008
0.040000000000000036 0.07990000000000004
0.020000000000000018 0.0522
0.040000000000000036 0.05090000000000003
0.040000000000000036 0.21439999999999995
0.040000000000000036 0.20670000000000008
0.09999999999999998 0.11289999999999989
0.09999999999999998 0.12470000000000002
0.09999999999999998 0.18049999999999977
0.09999999999999998 0.4364999999999999
0.07999999999999996 0.4841000000000003
0.09999999999999998 0.26519999999999966
0.09999999999999998 0.20319999999999971
0.09999999999999998 0.38189999999999963
0.09999999999999998 0.4629000000000002
0.24 0.5387000000000007
0.09999999999999998 0.44390000000000074
0.09999999999999998 0.2886
0.09999999999999998 0.29500000000000004
0.16000000000000003 0.3353000000000001
0.14 0.30079999999999996
0.14 0.2956
0.07999999999999996 0.24169999999999955
0.07999999999999996 0.21669999999999973
0.07999999999999996 0.3453999999999994
0.020000000000000018 0.2665999999999997
0.020000000000000018 0.22099999999999997
0.040000000000000036 0.2982
0.040000000000000036 0.25930000000000014
0.040000000000000036 0.16819999999999982
0.040000000000000036 0.17359999999999978
0.040000000000000036 0.16569999999999996
0.040000000000000036 0.1527999999999997
0.09999999999999998 0.12979999999999994
0.040000000000000036 0.14449999999999993
0.040000000000000036 0.1349999999999999
0.040000000000000036 0.12059999999999992
0.040000000000000036 0.14679999999999996
0.040000000000000036 0.13489999999999994
0.06000000000000005 0.14459999999999984
0.09999999999999998 0.1052999999999999
0.09999999999999998 0.0935999999999999
0.09999999999999998 0.08529999999999999
0.09999999999999998 0.09769999999999988
0.09999999999999998 0.0832
0.09999999999999998 0.1052
0.09999999999999998 0.13770000000000004
0.09999999999999998 0.09830000000000001
0.09999999999999998 0.10049999999999998
0.09999999999999998 0.08170000000000002
0.09999999999999998 0.17729999999999996
0.09999999999999998 0.15920000000000004
0.09999999999999998 0.10589999999999998
0.040000000000000036 0.13229999999999997
0.040000000000000036 0.1333000000000001
0.040000000000000036 0.2144999999999999
0.040000000000000036 0.18849999999999992
0.09999999999999998 0.13349999999999998
0.09999999999999998 0.09380000000000015
0.09999999999999998 0.0819999999999999
0.09999999999999998 0.07520000000000002
0.09999999999999998 0.07330000000000009
0.09999999999999998 0.1084000000000001
0.09999999999999998 0.06970000000000004
0.06000000000000005 0.08230000000000004
0.06000000000000005 0.06680000000000004
0.06000000000000005 0.06499999999999999
0.06000000000000005 0.06129999999999997
0.06000000000000005 0.16360000000000016
0.06000000000000005 0.19090000000000035
0.06000000000000005 0.10050000000000006
0.06000000000000005 0.06500000000000004
0.06000000000000005 0.0666
0.06000000000000005 0.13960000000000006
0.06000000000000005 0.08440000000000009
0.06000000000000005 0.08849999999999998
0.06000000000000005 0.08100000000000004
0.06000000000000005 0.12110000000000012
0.06000000000000005 0.2583000000000005
0.06000000000000005 0.22880000000000042
0.06000000000000005 0.21600000000000033
0.07999999999999996 0.2061000000000001
0.07999999999999996 0.19319999999999987
0.06000000000000005 0.09030000000000012
0.07999999999999996 0.08640000000000005
0.07999999999999996 0.09320000000000007
0.06000000000000005 0.17880000000000026
0.06000000000000005 0.1325000000000003
0.06000000000000005 0.08680000000000015
0.06000000000000005 0.06930000000000024
0.06000000000000005 0.06970000000000025
0.06000000000000005 0.11830000000000028
0.06000000000000005 0.09570000000000015
0.06000000000000005 0.08940000000000017
0.06000000000000005 0.09520000000000013
0.06000000000000005 0.08690000000000006
0.06000000000000005 0.0826000000000001
0.06000000000000005 0.14980000000000016
0.06000000000000005 0.20550000000000035
0.06000000000000005 0.15820000000000023
0.06000000000000005 0.16000000000000028
0.06000000000000005 0.14010000000000014
0.06000000000000005 0.15520000000000017
0.06000000000000005 0.12919999999999987
0.06000000000000005 0.1070999999999998
0.06000000000000005 0.10209999999999989
0.06000000000000005 0.09449999999999996
0.06000000000000005 0.11099999999999997
0.06000000000000005 0.08790000000000008
0.06000000000000005 0.11920000000000008
0.06000000000000005 0.09570000000000013
0.06000000000000005 0.0747000000000002
0.06000000000000005 0.20280000000000034
0.06000000000000005 0.09730000000000011
0.06000000000000005 0.09140000000000016
0.06000000000000005 0.08330000000000018
0.06000000000000005 0.07340000000000023
0.06000000000000005 0.1184000000000002
0.06000000000000005 0.08380000000000018
0.06000000000000005 0.08160000000000023
0.06000000000000005 0.07210000000000016
0.06000000000000005 0.06320000000000028
0.06000000000000005 0.06760000000000026
0.06000000000000005 0.07370000000000021
0.06000000000000005 0.07940000000000022
0.06000000000000005 0.0968000000000002
0.06000000000000005 0.08240000000000021
0.06000000000000005 0.0734000000000003
0.06000000000000005 0.1960000000000005
0.06000000000000005 0.10660000000000018
0.06000000000000005 0.11450000000000013
0.06000000000000005 0.09120000000000016
0.06000000000000005 0.07820000000000024
0.06000000000000005 0.07020000000000028
0.06000000000000005 0.0761000000000002
0.06000000000000005 0.07360000000000022
0.06000000000000005 0.08040000000000022
0.06000000000000005 0.07580000000000023
0.06000000000000005 0.07380000000000027
0.06000000000000005 0.07870000000000013
0.06000000000000005 0.07020000000000018
0.06000000000000005 0.06900000000000028
0.06000000000000005 0.06760000000000028
0.06000000000000005 0.07060000000000029
0.06000000000000005 0.09350000000000006
0.07999999999999996 0.08910000000000004
0.07999999999999996 0.09270000000000003
0.07999999999999996 0.09760000000000008
0.07999999999999996 0.09220000000000005
0.07999999999999996 0.10270000000000008
0.07999999999999996 0.08990000000000005
0.07999999999999996 0.09309999999999999
0.07999999999999996 0.08970000000000004
0.07999999999999996 0.1007
0.07999999999999996 0.09540000000000001
0.07999999999999996 0.09470000000000005
0.07999999999999996 0.09610000000000003
0.07999999999999996 0.08500000000000008
0.07999999999999996 0.08930000000000009
0.07999999999999996 0.14440000000000025
0.07999999999999996 0.3172999999999995
0.07999999999999996 0.09970000000000007
0.07999999999999996 0.2305
0.07999999999999996 0.18730000000000022
0.07999999999999996 0.09650000000000009
0.07999999999999996 0.08570000000000005
0.07999999999999996 0.1074000000000001
0.07999999999999996 0.09000000000000007
0.07999999999999996 0.09160000000000007
0.07999999999999996 0.08600000000000006
0.07999999999999996 0.08550000000000006
0.07999999999999996 0.08870000000000006
0.07999999999999996 0.3283999999999994
0.07999999999999996 0.0863
0.07999999999999996 0.08720000000000006
0.07999999999999996 0.09520000000000006
0.07999999999999996 0.09240000000000004
0.07999999999999996 0.09230000000000006
0.07999999999999996 0.08930000000000007
0.06000000000000005 0.08850000000000006
0.06000000000000005 0.08960000000000007
0.07999999999999996 0.08740000000000007
0.07999999999999996 0.08480000000000006
0.07999999999999996 0.10340000000000005
0.07999999999999996 0.22510000000000022
0.07999999999999996 0.11550000000000013
0.07999999999999996 0.09050000000000008
0.07999999999999996 0.1124000000000001
0.07999999999999996 0.09970000000000004
0.07999999999999996 0.12440000000000015
0.07999999999999996 0.08950000000000007
0.07999999999999996 0.0922000000000001
0.07999999999999996 0.09080000000000005
0.07999999999999996 0.10100000000000006
0.07999999999999996 0.08790000000000006
0.07999999999999996 0.08630000000000008
0.07999999999999996 0.08330000000000005
0.07999999999999996 0.08530000000000004
0.07999999999999996 0.11220000000000008
0.07999999999999996 0.15480000000000016
0.07999999999999996 0.1715000000000001
0.07999999999999996 0.11449999999999994
0.07999999999999996 0.09540000000000007
0.07999999999999996 0.11729999999999982
0.07999999999999996 0.14129999999999968
0.07999999999999996 0.14949999999999983
0.07999999999999996 0.12399999999999975
0.07999999999999996 0.3508999999999998
0.07999999999999996 0.12279999999999991
0.07999999999999996 0.18510000000000001
0.07999999999999996 0.09739999999999994
0.07999999999999996 0.09110000000000001
0.07999999999999996 0.08610000000000002
0.07999999999999996 0.08350000000000003
0.07999999999999996 0.08680000000000003
0.07999999999999996 0.08950000000000007
0.07999999999999996 0.09020000000000004
0.07999999999999996 0.10110000000000006
0.07999999999999996 0.09520000000000005
0.07999999999999996 0.0928000000000001
0.07999999999999996 0.15570000000000014
0.07999999999999996 0.20610000000000017
0.07999999999999996 0.22769999999999993
0.07999999999999996 0.27249999999999974
0.07999999999999996 0.17160000000000014
0.07999999999999996 0.22130000000000014
0.07999999999999996 0.22310000000000035
0.07999999999999996 0.13400000000000015
0.07999999999999996 0.10390000000000008
0.07999999999999996 0.08460000000000005
0.07999999999999996 0.08600000000000003
0.07999999999999996 0.09670000000000004
0.07999999999999996 0.11150000000000007
0.07999999999999996 0.25560000000000044
0.18000000000000005 0.2850000000000006
0.07999999999999996 0.2522000000000004
0.07999999999999996 0.1560000000000001
0.07999999999999996 0.12670000000000012
0.07999999999999996 0.18190000000000026
0.07999999999999996 0.2456000000000005
0.07999999999999996 0.20600000000000038
0.07999999999999996 0.1712000000000002
0.16000000000000003 0.25200000000000067
0.12 0.22970000000000038
0.07999999999999996 0.19250000000000006
0.14 0.19840000000000013
0.14 0.21719999999999998
0.09999999999999998 0.22499999999999973
0.07999999999999996 0.1757
0.07999999999999996 0.1947000000000001
0.07999999999999996 0.1490000000000002
0.07999999999999996 0.11390000000000007
0.07999999999999996 0.11590000000000002
0.07999999999999996 0.14640000000000009
0.07999999999999996 0.12210000000000008
0.07999999999999996 0.0995
0.09999999999999998 0.22410000000000022
0.09999999999999998 0.2226000000000003
0.09999999999999998 0.1891
0.09999999999999998 0.17669999999999988
0.09999999999999998 0.16050000000000003
