0.84 0.41701000000000366
0.95 0.4522000000000049
0.95 0.47790000000000554
0.95 0.5135200000000033
0.96 0.5446000000000019
0.96 0.5695099999999998
0.96 0.5863899999999981
0.96 0.6109900000000033
0.96 0.6387800000000049
0.96 0.6681900000000051
0.97 0.6826000000000009
0.97 0.6899500000000025
0.97 0.7033200000000001
0.97 0.7117999999999968
0.97 0.7155499999999957
0.97 0.7262499999999947
0.98 0.7404899999999907
0.98 0.748579999999989
0.98 0.7558299999999885
0.98 0.7697499999999922
0.98 0.7700899999999932
0.98 0.7877399999999941
0.98 0.7925399999999927
0.98 0.796519999999994
0.98 0.7999599999999947
0.98 0.8106999999999934
0.98 0.8138199999999916
0.98 0.8281699999999964
0.98 0.8346799999999958
0.98 0.8527299999999964
0.98 0.8490899999999975
0.98 0.8522999999999987
0.98 0.8528999999999969
0.98 0.8596199999999968
0.98 0.8608499999999943
0.98 0.8542399999999947
0.98 0.8709399999999936
0.98 0.8594399999999964
0.98 0.8704799999999945
0.98 0.8784999999999946
0.98 0.8764199999999959
0.98 0.8676399999999929
0.98 0.8614399999999967
0.98 0.8722299999999937
0.98 0.869169999999994
0.98 0.8766599999999938
0.98 0.8715599999999931
0.98 0.875259999999992
0.98 0.8794999999999937
0.98 0.8786499999999922
0.98 0.8776899999999932
0.98 0.8770499999999948
0.98 0.8822099999999942
0.98 0.8731399999999919
0.98 0.8851599999999935
0.98 0.8811299999999939
0.98 0.8843799999999971
0.98 0.8828499999999964
0.98 0.8737899999999964
0.98 0.882019999999994
0.98 0.8822999999999965
0.98 0.884459999999997
0.98 0.8790899999999928
0.98 0.8840199999999958
0.98 0.8831299999999958
0.98 0.8797999999999954
0.98 0.8761699999999938
0.98 0.8772099999999946
0.98 0.8723699999999933
0.98 0.8847299999999951
0.98 0.881569999999996
0.98 0.878019999999995
0.98 0.8840599999999955
0.98 0.8865899999999953
0.98 0.8793499999999953
0.98 0.8869299999999952
0.98 0.8827299999999956
0.98 0.8730899999999949
0.98 0.8718199999999954
0.98 0.868039999999995
0.98 0.8580299999999959
0.98 0.8689899999999955
0.98 0.8724899999999949
0.98 0.8612999999999962
0.98 0.8623399999999967
0.98 0.861209999999995
0.98 0.8764899999999963
0.98 0.8778999999999948
0.98 0.8748499999999945
0.98 0.8700199999999964
0.98 0.8759699999999983
0.98 0.8689699999999966
0.98 0.8698199999999973
0.98 0.8750499999999966
0.98 0.879039999999998
0.98 0.8774399999999969
0.98 0.8737099999999953
0.98 0.8743099999999954
0.98 0.8683899999999963
0.98 0.867219999999995
