0.19999999999999996 0.574000000000001
0.14 0.5395400000000009
0.14 0.49746000000000057
0.14 0.45858000000000076
0.14 0.44846000000000014
0.07999999999999996 0.42252000000000006
0.07999999999999996 0.3974599999999997
0.07999999999999996 0.3745799999999994
0.07999999999999996 0.36165999999999915
0.040000000000000036 0.3350599999999987
0.040000000000000036 0.316079999999999
0.040000000000000036 0.319999999999999
0.040000000000000036 0.3062399999999989
0.040000000000000036 0.31099999999999917
0.040000000000000036 0.3107599999999987
0.040000000000000036 0.2988599999999986
0.040000000000000036 0.2740199999999984
0.040000000000000036 0.28053999999999857
0.040000000000000036 0.2740999999999982
0.040000000000000036 0.2681199999999986
0.040000000000000036 0.2610199999999987
0.040000000000000036 0.25529999999999886
0.040000000000000036 0.25165999999999855
0.040000000000000036 0.24635999999999886
0.040000000000000036 0.24185999999999894
0.040000000000000036 0.23763999999999916
0.040000000000000036 0.24049999999999946
0.040000000000000036 0.24105999999999944
0.040000000000000036 0.22373999999999916
0.040000000000000036 0.2327999999999993
0.040000000000000036 0.21891999999999937
0.040000000000000036 0.21071999999999955
0.040000000000000036 0.2129199999999998
0.040000000000000036 0.20161999999999972
0.040000000000000036 0.20819999999999977
0.040000000000000036 0.20815999999999976
0.040000000000000036 0.1991599999999996
0.040000000000000036 0.19451999999999994
0.040000000000000036 0.18939999999999982
0.040000000000000036 0.19595999999999966
0.040000000000000036 0.2077599999999999
0.040000000000000036 0.20523999999999984
0.040000000000000036 0.19309999999999955
0.040000000000000036 0.19393999999999997
0.040000000000000036 0.18761999999999945
0.040000000000000036 0.18067999999999937
0.040000000000000036 0.19101999999999952
0.040000000000000036 0.19635999999999945
0.040000000000000036 0.18979999999999955
0.040000000000000036 0.18079999999999927
0.040000000000000036 0.19209999999999985
0.040000000000000036 0.18649999999999947
0.040000000000000036 0.17923999999999915
0.040000000000000036 0.19285999999999986
0.040000000000000036 0.1880599999999996
0.040000000000000036 0.1917799999999999
0.040000000000000036 0.2001599999999996
0.040000000000000036 0.19139999999999968
0.040000000000000036 0.1840799999999996
0.040000000000000036 0.18727999999999995
0.040000000000000036 0.18493999999999983
0.040000000000000036 0.17383999999999972
0.040000000000000036 0.18445999999999976
0.040000000000000036 0.18879999999999944
0.040000000000000036 0.18401999999999946
0.040000000000000036 0.18345999999999968
0.040000000000000036 0.1935999999999997
0.040000000000000036 0.1794599999999999
0.040000000000000036 0.19117999999999974
0.040000000000000036 0.1866199999999996
0.040000000000000036 0.19583999999999976
0.040000000000000036 0.20097999999999938
0.040000000000000036 0.19027999999999978
0.040000000000000036 0.18913999999999986
0.040000000000000036 0.19143999999999997
0.040000000000000036 0.18684000000000003
0.040000000000000036 0.18263999999999966
0.040000000000000036 0.19439999999999966
0.040000000000000036 0.18325999999999976
0.040000000000000036 0.17631999999999934
0.040000000000000036 0.1771799999999994
0.040000000000000036 0.17429999999999962
0.040000000000000036 0.1834999999999996
0.040000000000000036 0.1880999999999995
0.040000000000000036 0.18303999999999956
0.040000000000000036 0.17817999999999953
0.040000000000000036 0.1816199999999998
0.040000000000000036 0.19649999999999984
0.040000000000000036 0.19789999999999974
0.040000000000000036 0.19677999999999965
0.040000000000000036 0.19065999999999986
0.040000000000000036 0.19578000000000004
0.040000000000000036 0.19075999999999993
0.040000000000000036 0.18197999999999986
0.040000000000000036 0.18926000000000018
0.040000000000000036 0.19157999999999997
0.040000000000000036 0.19407999999999961
0.040000000000000036 0.18877999999999961
0.040000000000000036 0.1917199999999998
0.040000000000000036 0.1869600000000001
