0.86 0.43793999999999617
0.89 0.4936499999999979
0.89 0.5177599999999992
0.95 0.5484899999999989
0.96 0.5821
0.96 0.6194100000000008
0.96 0.6341099999999993
0.96 0.6535100000000031
0.96 0.6725100000000012
0.98 0.6918800000000017
0.98 0.6978600000000053
0.98 0.7110500000000123
0.98 0.7112900000000116
0.99 0.7263500000000144
0.99 0.7215700000000144
0.99 0.7212900000000144
0.99 0.7264500000000138
0.99 0.7251800000000131
0.99 0.7301100000000135
0.99 0.7271100000000135
0.99 0.7244100000000138
0.99 0.7403600000000137
0.99 0.7434800000000117
1.0 0.7569200000000094
1.0 0.7626600000000089
1.0 0.765080000000009
1.0 0.76372000000001
1.0 0.7590100000000102
1.0 0.7655700000000093
1.0 0.7738800000000082
1.0 0.7771400000000079
1.0 0.7774800000000067
1.0 0.7805200000000063
1.0 0.7906600000000071
1.0 0.7983400000000069
1.0 0.7976900000000062
1.0 0.8072700000000068
1.0 0.8063800000000035
1.0 0.8097300000000048
1.0 0.8165600000000047
1.0 0.8068700000000057
1.0 0.819850000000004
1.0 0.8231700000000037
1.0 0.8263900000000062
1.0 0.8344300000000036
1.0 0.8277100000000034
1.0 0.8287200000000025
1.0 0.828470000000004
1.0 0.8184900000000024
1.0 0.8167400000000035
1.0 0.8261200000000031
1.0 0.8192300000000033
1.0 0.8392600000000051
1.0 0.845310000000004
1.0 0.8401400000000043
1.0 0.838550000000002
1.0 0.8423600000000009
1.0 0.8441100000000012
1.0 0.8443000000000022
1.0 0.8498400000000038
1.0 0.8546400000000018
1.0 0.861360000000002
1.0 0.8638099999999987
1.0 0.868499999999999
1.0 0.8620300000000003
1.0 0.8598000000000002
1.0 0.8635399999999984
1.0 0.8639199999999989
1.0 0.8616200000000007
1.0 0.8666799999999996
1.0 0.8741899999999989
1.0 0.874659999999999
1.0 0.8650500000000005
1.0 0.8775999999999979
1.0 0.8780599999999993
1.0 0.8755199999999989
1.0 0.8667099999999992
1.0 0.8618399999999996
1.0 0.8670200000000002
1.0 0.8816299999999999
1.0 0.8727600000000001
1.0 0.8793300000000005
1.0 0.8809400000000005
1.0 0.8940300000000014
1.0 0.8993900000000026
1.0 0.8864200000000027
1.0 0.8901800000000026
1.0 0.8844500000000027
1.0 0.8859500000000048
1.0 0.8859700000000057
1.0 0.8920100000000043
1.0 0.8815300000000023
1.0 0.8724600000000033
1.0 0.8789300000000022
1.0 0.8730300000000016
1.0 0.873290000000003
1.0 0.8781700000000027
1.0 0.8882900000000048
1.0 0.8903500000000076
1.0 0.8829700000000071
