0.87 0.43328999999999684
0.89 0.47035999999999994
0.96 0.5077200000000002
0.96 0.5428200000000041
0.96 0.5711300000000012
0.96 0.5977400000000004
0.96 0.6217899999999993
0.96 0.6357000000000015
0.96 0.6451600000000027
0.96 0.6477400000000015
0.97 0.6679100000000007
0.97 0.6798099999999982
0.97 0.6807799999999987
0.97 0.6888999999999963
0.97 0.6990399999999948
0.97 0.7027699999999952
0.97 0.7028199999999929
0.98 0.7065599999999961
0.98 0.7223699999999973
0.98 0.7274999999999995
0.98 0.7258000000000016
0.98 0.7238800000000024
0.98 0.7212000000000001
0.98 0.71627
0.98 0.7227500000000023
0.98 0.7366700000000032
0.98 0.7417800000000028
0.98 0.7393100000000057
0.98 0.7480800000000069
0.98 0.7529500000000048
0.98 0.7537300000000056
0.98 0.7490800000000061
0.98 0.7457100000000054
0.98 0.7468000000000034
0.98 0.748130000000004
0.98 0.7522600000000043
0.98 0.749300000000003
0.98 0.7454400000000027
0.99 0.7547700000000066
0.99 0.7646900000000066
0.99 0.7638500000000054
0.99 0.7690500000000053
0.99 0.7745000000000065
0.99 0.7734300000000066
0.99 0.7806200000000063
0.99 0.787110000000003
0.99 0.8098200000000013
0.99 0.8082800000000019
0.99 0.8158000000000023
0.99 0.8123199999999988
0.99 0.8073599999999989
0.99 0.8107600000000028
0.99 0.8071400000000032
0.99 0.8102399999999994
0.99 0.8151200000000014
0.99 0.8214900000000014
0.99 0.81499
0.99 0.8325600000000034
0.99 0.8392700000000047
0.99 0.829530000000004
0.99 0.8309900000000033
0.99 0.8231500000000017
0.99 0.832300000000003
0.99 0.8270600000000038
0.99 0.8310000000000043
0.99 0.8345100000000027
0.99 0.8331500000000018
0.99 0.8395700000000031
0.99 0.8341800000000027
0.99 0.8376800000000032
0.99 0.8387600000000034
0.99 0.8394200000000045
0.99 0.8454400000000036
0.99 0.8361900000000047
0.99 0.8333800000000038
0.99 0.8462000000000026
0.99 0.8516500000000045
0.99 0.8471300000000033
0.99 0.8419300000000022
0.99 0.8530500000000014
0.99 0.8575200000000006
0.99 0.8663599999999977
0.99 0.857570000000001
0.99 0.8539599999999976
0.99 0.8620499999999983
0.99 0.8656699999999958
0.99 0.8571400000000015
0.99 0.8554400000000022
0.99 0.8605800000000027
0.99 0.8648499999999988
0.99 0.8614399999999982
0.99 0.8638800000000002
0.99 0.8569100000000017
0.99 0.8583400000000023
0.99 0.8635899999999983
0.99 0.8669099999999982
0.99 0.8610299999999985
0.99 0.8620399999999973
0.99 0.8647599999999975
0.99 0.859689999999997
