0.81 0.40643999999999547
0.89 0.4481599999999969
0.89 0.48338999999999577
0.91 0.5065699999999971
0.97 0.5373700000000012
0.97 0.5615400000000031
0.97 0.5773300000000012
0.97 0.5977600000000017
0.97 0.604870000000004
0.97 0.6132300000000013
0.97 0.6259700000000044
0.97 0.6373000000000059
0.97 0.639680000000007
0.97 0.6448700000000065
0.98 0.6615700000000067
0.98 0.6716800000000042
0.98 0.6829300000000033
0.98 0.6925000000000006
0.98 0.6922500000000008
0.98 0.6900200000000013
0.98 0.6933000000000005
0.99 0.7088499999999982
0.99 0.7139099999999982
0.99 0.7208699999999951
0.99 0.7293799999999934
0.99 0.7330699999999915
0.99 0.7488499999999906
0.99 0.7632099999999903
0.99 0.7674799999999922
0.99 0.7670099999999945
0.99 0.7781299999999935
0.99 0.7940299999999961
0.99 0.7930099999999957
0.99 0.8131199999999946
0.99 0.8272599999999966
0.99 0.820399999999995
0.99 0.8249199999999965
0.99 0.8202799999999958
0.99 0.8313099999999954
0.99 0.8264299999999923
0.99 0.8305199999999937
0.99 0.8199599999999941
0.99 0.8245599999999944
0.99 0.8351299999999953
0.99 0.8284399999999941
0.99 0.8419599999999938
0.99 0.8537499999999951
0.99 0.8486499999999949
0.99 0.8497499999999955
0.99 0.8521999999999945
0.99 0.8364999999999956
0.99 0.8557799999999971
0.99 0.8553699999999935
0.99 0.8515599999999962
0.99 0.8624299999999946
0.99 0.8536599999999984
0.99 0.8555099999999989
0.99 0.8770399999999972
0.99 0.8609599999999977
0.99 0.863309999999998
0.99 0.8525199999999964
0.99 0.848169999999997
0.99 0.8471699999999991
0.99 0.8547199999999994
0.99 0.8599599999999987
0.99 0.8597399999999985
0.99 0.8574499999999978
0.99 0.8564399999999979
0.99 0.8574299999999956
0.99 0.8636099999999952
0.99 0.8668099999999973
0.99 0.8705999999999962
0.99 0.8802599999999995
0.99 0.8734799999999969
0.99 0.8793800000000003
0.99 0.8819400000000017
0.99 0.8724599999999997
0.99 0.8712599999999981
0.99 0.8679399999999979
0.99 0.8797200000000002
0.99 0.8783299999999996
0.99 0.8734400000000012
0.99 0.8688800000000022
0.99 0.8641599999999985
0.99 0.8764100000000025
0.99 0.8701400000000007
0.99 0.8758500000000029
0.99 0.8830700000000048
0.99 0.8869700000000056
0.99 0.8822100000000038
0.99 0.8944100000000066
0.99 0.8879900000000034
0.99 0.8942500000000051
0.99 0.8848600000000022
0.99 0.8799900000000027
0.99 0.8881900000000038
0.99 0.8900900000000029
0.99 0.883770000000003
0.99 0.8905900000000044
0.99 0.9119600000000059
