0.66 0.3661500000000011
0.62 0.36920000000000075
0.7 0.3955999999999997
0.66 0.3811499999999998
0.8 0.39064999999999983
0.65 0.3962999999999998
0.68 0.3991499999999997
0.82 0.37849999999999967
0.79 0.4029
0.66 0.38349999999999973
0.86 0.41135000000000005
0.72 0.40549999999999997
0.68 0.40904999999999986
0.68 0.3950499999999997
0.64 0.3838499999999997
0.66 0.40574999999999994
0.69 0.4071
0.68 0.41395
0.65 0.4019499999999998
0.68 0.4296000000000004
0.68 0.39865
0.68 0.3876499999999999
0.65 0.39054999999999984
0.68 0.4009500000000001
0.65 0.38879999999999987
0.64 0.38829999999999987
0.63 0.3763499999999997
0.68 0.39535
0.67 0.39394999999999997
0.66 0.3818499999999998
0.66 0.39434999999999987
0.95 0.41615000000000024
0.66 0.4129500000000001
0.66 0.42745000000000033
0.77 0.43230000000000063
0.94 0.41480000000000006
0.94 0.42590000000000056
0.94 0.4548500000000012
0.83 0.46170000000000144
0.83 0.451700000000001
0.8 0.4425500000000007
0.68 0.45755000000000146
0.68 0.4470000000000012
0.72 0.4392000000000009
0.72 0.46725000000000205
0.96 0.471900000000002
0.95 0.4726500000000016
0.95 0.49425000000000163
0.85 0.4684500000000017
0.85 0.4777500000000014
0.85 0.49145000000000083
0.83 0.4569500000000012
0.97 0.48830000000000134
0.97 0.5013000000000014
0.9 0.5746499999999997
0.97 0.521100000000001
0.97 0.5527000000000004
0.98 0.5612000000000003
0.98 0.5124000000000019
0.96 0.5325000000000014
0.96 0.5941500000000001
0.94 0.5232500000000015
0.95 0.5577000000000004
0.95 0.5459500000000005
0.95 0.5396000000000012
0.96 0.559850000000001
0.96 0.6108499999999999
0.99 0.6363500000000003
0.97 0.6605999999999994
0.97 0.5800500000000002
0.96 0.6041
0.92 0.5076000000000015
0.97 0.5891000000000008
0.97 0.6610000000000007
0.96 0.6333000000000009
0.96 0.6507000000000005
0.97 0.5656500000000012
0.97 0.5547500000000013
0.94 0.5308500000000014
0.97 0.5491000000000014
0.97 0.5672500000000011
0.97 0.5097000000000018
0.97 0.5624000000000015
0.97 0.5720000000000006
0.96 0.5791000000000005
0.96 0.6641000000000006
0.98 0.7158000000000002
0.98 0.7102999999999995
0.97 0.7230499999999993
0.98 0.7386500000000003
0.98 0.7305999999999999
0.98 0.7053999999999994
0.98 0.7051999999999999
0.98 0.6988000000000004
0.96 0.5471500000000014
0.97 0.6437999999999993
0.97 0.631899999999999
0.97 0.6677999999999992
0.97 0.686399999999999
0.97 0.73795
0.97 0.7528500000000006
0.97 0.7512500000000002
0.97 0.75295
0.97 0.7632500000000003
0.97 0.7661500000000007
0.97 0.7172499999999999
0.97 0.7738000000000007
0.97 0.7051000000000001
0.97 0.718150000000001
0.97 0.7644500000000006
0.97 0.7809499999999996
0.97 0.7222500000000015
0.97 0.6647500000000015
0.92 0.5723000000000009
0.93 0.5327500000000014
0.97 0.6015000000000008
0.97 0.6529500000000006
0.97 0.7048000000000014
0.97 0.724850000000002
0.97 0.7403000000000014
0.97 0.7344000000000023
0.97 0.7440500000000021
0.97 0.658900000000002
0.68 0.6334000000000021
0.97 0.683300000000002
0.68 0.643850000000002
0.68 0.6410000000000022
0.97 0.6485000000000025
0.97 0.6585000000000027
0.97 0.6512500000000019
0.97 0.7406000000000016
0.97 0.7782500000000012
0.97 0.810500000000001
0.97 0.8519000000000002
0.97 0.8561500000000001
0.97 0.5426000000000027
0.97 0.6061000000000013
0.97 0.5465500000000015
0.97 0.681100000000001
0.97 0.7334000000000025
0.97 0.6387000000000025
0.97 0.6331500000000011
0.88 0.6166000000000005
0.97 0.6341000000000013
0.7 0.6313500000000013
0.68 0.6426500000000017
0.97 0.6706500000000019
0.97 0.6681000000000025
0.7 0.595150000000002
0.97 0.5553000000000019
0.68 0.4528000000000009
0.68 0.4637000000000014
0.68 0.4771000000000019
0.92 0.5095000000000018
0.92 0.49885000000000174
0.69 0.5123000000000016
0.69 0.4665500000000014
0.69 0.5001500000000013
0.82 0.5127000000000016
0.69 0.571650000000001
0.97 0.5435500000000011
0.69 0.5716000000000007
0.97 0.6236500000000005
0.97 0.6503999999999996
0.97 0.6607500000000006
0.97 0.6683500000000017
0.97 0.6339000000000001
0.97 0.6824000000000017
0.97 0.6069
0.98 0.609400000000001
0.97 0.6679500000000007
0.97 0.7202000000000015
0.97 0.7396000000000015
0.98 0.7781000000000011
0.97 0.7772000000000012
0.97 0.7657000000000006
0.97 0.8479999999999999
0.97 0.8091499999999999
0.97 0.8326500000000007
0.97 0.8007000000000006
0.97 0.7885500000000001
0.97 0.8110500000000002
0.97 0.8551000000000006
0.97 0.7753000000000011
0.97 0.7717500000000002
0.97 0.7343
0.97 0.8037500000000002
0.97 0.7872999999999992
0.97 0.7967499999999997
0.97 0.7708999999999999
0.97 0.7884999999999991
0.97 0.8198499999999987
0.97 0.7813999999999985
0.97 0.8098499999999993
0.97 0.7993999999999994
0.97 0.8625999999999989
0.97 0.861849999999999
0.97 0.8456999999999998
0.97 0.8687499999999992
0.97 0.8545999999999987
0.97 0.8485499999999985
0.97 0.8529499999999989
0.97 0.8450000000000002
0.97 0.8135000000000002
0.97 0.8422499999999993
0.97 0.8022499999999992
0.97 0.838549999999999
0.97 0.802349999999999
0.97 0.8339999999999991
0.97 0.8515999999999994
0.97 0.8467999999999989
0.97 0.8701499999999994
0.97 0.877549999999999
0.97 0.8714499999999988
0.97 0.8789999999999984
0.97 0.8801999999999989
0.97 0.8115500000000005
0.97 0.7741000000000007
0.97 0.8432999999999992
0.97 0.8445999999999998
0.97 0.6520500000000016
0.97 0.8029500000000006
0.97 0.7907500000000002
0.97 0.8218499999999993
0.97 0.7841999999999995
0.97 0.8140499999999986
0.97 0.8074499999999989
0.97 0.8019999999999992
0.97 0.6671999999999996
0.97 0.7964999999999992
0.97 0.8179499999999988
0.97 0.8143499999999997
0.97 0.8365499999999999
0.97 0.8468999999999997
0.97 0.8018
0.97 0.80015
0.97 0.8117999999999994
0.97 0.761799999999999
0.97 0.8323499999999981
0.97 0.8567999999999987
0.97 0.8681499999999995
0.97 0.8883999999999991
0.97 0.8899999999999987
0.97 0.8793499999999992
0.97 0.8756499999999988
0.97 0.8453999999999988
0.97 0.859999999999999
0.97 0.8554999999999983
0.97 0.8663999999999986
0.97 0.8633999999999987
0.97 0.8911499999999982
0.97 0.8920999999999992
0.97 0.8780999999999994
0.97 0.7026499999999983
0.97 0.8248999999999982
0.97 0.8319
0.97 0.8475999999999996
0.97 0.87215
0.97 0.8720999999999988
0.97 0.8613999999999987
0.97 0.8808499999999979
0.99 0.8260499999999987
0.99 0.8390499999999989
0.97 0.8340499999999993
0.97 0.832849999999999
0.99 0.8728499999999988
0.97 0.8760499999999998
0.98 0.8633999999999986
0.98 0.8868499999999994
0.99 0.8971499999999999
0.99 0.8793500000000001
0.99 0.8665499999999998
0.99 0.8564999999999995
0.99 0.892899999999999
0.99 0.7999499999999996
0.97 0.7014999999999992
0.99 0.7647499999999994
0.97 0.6456000000000006
0.97 0.7377500000000013
0.97 0.7675000000000003
0.97 0.8035999999999994
0.97 0.7964500000000001
0.97 0.8192500000000004
0.97 0.7131000000000013
0.97 0.7136000000000022
0.97 0.7688500000000011
0.97 0.6661500000000019
0.68 0.6389500000000018
0.97 0.7818000000000009
0.97 0.8276000000000004
0.97 0.745200000000002
0.97 0.8609499999999999
0.97 0.6589500000000018
0.97 0.7694500000000026
0.97 0.6646500000000022
0.97 0.6670000000000025
0.97 0.6565000000000027
0.97 0.6650500000000025
0.97 0.6896000000000032
0.97 0.7013500000000034
0.97 0.6623000000000024
0.97 0.640000000000002
0.97 0.7053000000000025
0.97 0.6983000000000027
0.97 0.6959500000000028
0.97 0.6906500000000029
0.97 0.6831500000000027
0.97 0.6557500000000025
0.97 0.6414000000000027
0.97 0.6358999999999999
0.97 0.6324000000000023
0.97 0.6486500000000001
0.97 0.7577000000000008
0.97 0.7733500000000006
0.97 0.6567500000000013
0.97 0.836150000000001
0.97 0.8565000000000008
0.97 0.674550000000002
0.97 0.6102000000000014
0.97 0.7472500000000005
0.97 0.7794
0.97 0.7331000000000008
0.97 0.7086500000000008
0.97 0.6228000000000002
0.97 0.6199500000000004
0.97 0.7466999999999996
0.97 0.5208500000000013
0.97 0.6256500000000009
0.97 0.5994000000000009
0.97 0.5825000000000009
0.97 0.6442000000000003
0.97 0.6271500000000003
0.97 0.7431
0.97 0.7792500000000002
0.97 0.7869000000000002
0.97 0.7692999999999998
0.97 0.7592500000000004
0.97 0.8068999999999995
0.97 0.8438499999999988
0.97 0.8419999999999996
0.97 0.8386000000000011
0.97 0.8391499999999997
0.97 0.8461999999999991
0.97 0.8478499999999995
0.97 0.8528999999999998
0.97 0.85785
0.97 0.8861499999999997
0.97 0.8301499999999996
0.97 0.8474999999999998
0.97 0.8069499999999995
0.97 0.8309499999999985
0.97 0.818
0.97 0.8568999999999992
0.97 0.8748499999999997
0.97 0.8840499999999998
0.99 0.851849999999999
0.99 0.8018500000000001
0.97 0.878699999999999
0.97 0.9191999999999991
0.97 0.9133999999999987
0.97 0.8910999999999994
0.97 0.8868499999999994
0.97 0.8986499999999988
1.0 0.855149999999998
1.0 0.8640999999999989
1.0 0.8925999999999982
1.0 0.9001999999999984
1.0 0.887749999999999
1.0 0.8860999999999991
0.99 0.8699499999999999
0.99 0.7084999999999995
1.0 0.8308500000000001
1.0 0.8634499999999989
1.0 0.8722999999999993
1.0 0.8629999999999999
1.0 0.7410999999999998
1.0 0.8199999999999988
1.0 0.6551499999999989
0.67 0.6108999999999994
0.67 0.6308999999999989
0.67 0.6449999999999985
0.68 0.6213999999999988
0.7 0.6416999999999983
0.7 0.6314999999999984
0.71 0.647399999999998
0.71 0.644549999999998
0.71 0.6139999999999987
0.71 0.6206999999999985
0.71 0.6230499999999985
0.71 0.5932499999999992
0.71 0.6169999999999991
0.71 0.6332499999999983
0.68 0.6140999999999988
0.7 0.6206999999999987
0.7 0.6224499999999986
0.71 0.6294499999999984
0.78 0.6338499999999984
0.78 0.6321999999999985
0.96 0.6465999999999981
0.96 0.640399999999998
0.96 0.6401499999999981
0.96 0.6300499999999983
0.96 0.6493999999999979
0.96 0.6371499999999984
0.96 0.6425499999999981
0.96 0.642999999999998
0.96 0.644749999999998
0.96 0.616149999999999
0.96 0.6187499999999987
0.96 0.6331499999999984
0.67 0.6297499999999985
0.66 0.6406499999999979
0.67 0.6318999999999984
0.67 0.6407999999999981
0.67 0.635699999999998
0.67 0.6376999999999982
0.67 0.6333499999999986
0.67 0.6402499999999983
0.68 0.6151499999999991
0.68 0.591749999999999
0.68 0.6209999999999984
0.68 0.6173999999999985
0.68 0.6218499999999986
0.81 0.6145999999999987
0.68 0.6117999999999988
0.68 0.6017999999999994
0.68 0.6349499999999985
0.68 0.6331499999999981
0.68 0.630749999999998
0.68 0.6206499999999984
0.68 0.6299999999999982
0.68 0.6210499999999984
0.68 0.6191499999999989
0.68 0.6147499999999988
0.68 0.6207499999999989
0.68 0.6311499999999983
0.68 0.6342999999999981
0.68 0.6330999999999982
0.68 0.6285499999999984
0.68 0.6088999999999986
0.68 0.6084999999999987
0.68 0.6170499999999985
0.68 0.6322999999999983
0.68 0.6345499999999987
0.68 0.640199999999998
0.68 0.6402999999999979
0.68 0.6419499999999979
0.68 0.6334999999999983
0.68 0.6426999999999979
0.68 0.6366499999999982
0.68 0.644699999999998
0.68 0.6291999999999983
0.68 0.6287499999999986
0.68 0.6353999999999984
0.68 0.6390499999999981
0.68 0.6396499999999982
0.68 0.6394999999999981
0.68 0.6454999999999981
0.68 0.6493999999999983
0.68 0.6318499999999981
0.68 0.6373999999999981
0.68 0.6290499999999981
0.68 0.638249999999998
0.68 0.6473999999999979
0.68 0.6434499999999979
0.68 0.6428499999999979
0.8 0.642599999999998
0.68 0.643949999999998
0.68 0.6441999999999979
0.68 0.6407499999999979
0.68 0.6279999999999982
0.68 0.6359999999999982
0.68 0.6251499999999984
0.68 0.6450999999999979
0.68 0.6447999999999979
0.7 0.6295499999999984
0.7 0.6392999999999982
0.7 0.643949999999998
0.7 0.642249999999998
0.7 0.6415999999999978
0.7 0.6504499999999976
0.7 0.645849999999998
0.7 0.6512499999999979
0.7 0.6390999999999982
0.7 0.639749999999998
0.7 0.6401999999999982
0.7 0.644549999999998
0.7 0.6278999999999983
0.7 0.6399999999999983
0.7 0.6387999999999981
0.7 0.6419499999999981
0.7 0.4876500000000018
0.7 0.40205000000000163
0.68 0.43020000000000225
0.68 0.46840000000000254
0.97 0.5085000000000018
0.97 0.5213000000000017
0.97 0.5821999999999993
0.97 0.6081499999999991
0.68 0.6177999999999998
