0.09999999999999998 0.5520599999999986
0.09999999999999998 0.5237400000000005
0.09999999999999998 0.4748200000000009
0.12 0.4499400000000004
0.12 0.4218400000000004
0.12 0.40030000000000054
0.12 0.388520000000001
0.040000000000000036 0.37730000000000086
0.040000000000000036 0.3469800000000004
0.040000000000000036 0.3408200000000007
0.040000000000000036 0.3332600000000008
0.040000000000000036 0.32018000000000135
0.040000000000000036 0.314400000000002
0.040000000000000036 0.3014800000000018
0.040000000000000036 0.30428000000000205
0.040000000000000036 0.2990000000000021
0.040000000000000036 0.30434000000000183
0.040000000000000036 0.29522000000000237
0.040000000000000036 0.2851200000000024
0.040000000000000036 0.2850400000000021
0.040000000000000036 0.27928000000000264
0.040000000000000036 0.27636000000000227
0.040000000000000036 0.2673800000000019
0.040000000000000036 0.2574400000000012
0.040000000000000036 0.26402000000000153
0.040000000000000036 0.2636200000000017
0.040000000000000036 0.24318000000000145
0.040000000000000036 0.24862000000000145
0.040000000000000036 0.24366000000000143
0.040000000000000036 0.22710000000000125
0.040000000000000036 0.222620000000001
0.040000000000000036 0.2039400000000005
0.040000000000000036 0.20312000000000083
0.040000000000000036 0.20528000000000035
0.040000000000000036 0.2075600000000005
0.040000000000000036 0.1959200000000006
0.040000000000000036 0.2022600000000005
0.040000000000000036 0.19420000000000034
0.040000000000000036 0.1990800000000008
0.040000000000000036 0.19848000000000038
0.040000000000000036 0.19738000000000008
0.040000000000000036 0.1937000000000006
0.040000000000000036 0.19412000000000035
0.040000000000000036 0.19280000000000058
0.040000000000000036 0.19070000000000042
0.040000000000000036 0.1894400000000006
0.040000000000000036 0.19186000000000028
0.040000000000000036 0.1942600000000003
0.040000000000000036 0.18236000000000024
0.040000000000000036 0.17490000000000003
0.040000000000000036 0.16633999999999988
0.040000000000000036 0.16323999999999977
0.040000000000000036 0.16676
0.040000000000000036 0.17078000000000007
0.040000000000000036 0.16548
0.040000000000000036 0.15789999999999993
0.040000000000000036 0.15691999999999978
0.040000000000000036 0.16137999999999983
0.040000000000000036 0.16861999999999985
0.040000000000000036 0.16743999999999998
0.040000000000000036 0.17041999999999977
0.040000000000000036 0.1759000000000002
0.040000000000000036 0.17064000000000001
0.040000000000000036 0.17612000000000003
0.040000000000000036 0.1751200000000004
0.040000000000000036 0.18099999999999966
0.040000000000000036 0.16800000000000004
0.040000000000000036 0.1644799999999998
0.040000000000000036 0.1679
0.040000000000000036 0.17185999999999996
0.040000000000000036 0.1815199999999999
0.040000000000000036 0.17449999999999974
0.040000000000000036 0.1667399999999999
0.040000000000000036 0.16061999999999968
0.040000000000000036 0.16793999999999953
0.040000000000000036 0.16165999999999958
0.040000000000000036 0.15695999999999966
0.040000000000000036 0.15503999999999968
0.040000000000000036 0.15944000000000016
0.040000000000000036 0.1581999999999999
0.040000000000000036 0.15583999999999973
0.040000000000000036 0.16275999999999996
0.040000000000000036 0.15455999999999978
0.040000000000000036 0.14717999999999964
0.040000000000000036 0.15485999999999983
0.040000000000000036 0.14751999999999965
0.040000000000000036 0.15373999999999974
0.040000000000000036 0.1717799999999997
0.040000000000000036 0.15473999999999993
0.040000000000000036 0.14899999999999985
0.040000000000000036 0.15893999999999997
0.040000000000000036 0.15580000000000005
0.040000000000000036 0.16065999999999975
0.040000000000000036 0.15873999999999983
0.040000000000000036 0.16597999999999993
0.040000000000000036 0.15241999999999972
0.040000000000000036 0.15521999999999964
0.040000000000000036 0.1580599999999997
0.040000000000000036 0.15983999999999965
0.040000000000000036 0.15237999999999993
