0.79 0.42015000000000263
0.93 0.4629500000000043
0.93 0.49634000000000444
0.95 0.524990000000004
0.95 0.5568100000000012
0.95 0.5810299999999988
0.97 0.6141300000000035
0.97 0.6268400000000025
0.97 0.6477700000000041
0.97 0.6703700000000039
0.97 0.6821700000000018
0.97 0.681730000000002
0.97 0.6850400000000001
0.97 0.7024099999999961
0.97 0.7037499999999958
0.97 0.7042999999999956
0.97 0.7115499999999944
0.97 0.7142499999999932
0.97 0.7072499999999956
0.97 0.7118499999999957
0.97 0.7170699999999945
0.97 0.7113499999999939
0.97 0.7241399999999922
0.97 0.7377499999999904
0.97 0.7458999999999884
0.97 0.740669999999989
0.97 0.741939999999989
0.97 0.7499999999999887
0.97 0.7634999999999869
0.97 0.7578099999999872
0.97 0.7538099999999868
0.97 0.7572899999999859
0.97 0.7536799999999869
0.97 0.7683399999999863
0.97 0.7702899999999872
0.97 0.7748699999999907
0.97 0.7832899999999914
0.97 0.7875199999999916
0.98 0.7767899999999885
0.98 0.7893999999999928
0.98 0.7883399999999917
0.98 0.7916199999999937
0.98 0.7783299999999932
0.98 0.7852399999999924
0.98 0.7856599999999924
0.98 0.7891099999999928
0.98 0.7938899999999952
0.98 0.7977399999999968
0.98 0.8049499999999951
0.98 0.8086799999999942
0.98 0.806659999999995
0.98 0.8226699999999952
0.99 0.8286299999999968
0.99 0.8313499999999963
0.99 0.823619999999996
0.99 0.8349899999999966
0.99 0.8504199999999988
0.99 0.8517
0.99 0.8583399999999983
0.99 0.8620599999999974
0.99 0.8481699999999978
0.99 0.8537499999999953
0.99 0.8579599999999981
0.99 0.8595699999999977
0.99 0.8498999999999948
0.99 0.8472799999999956
0.99 0.8444199999999964
0.99 0.8528799999999939
0.99 0.8481899999999949
0.99 0.8427799999999959
0.99 0.8510299999999964
0.99 0.8486499999999976
0.99 0.8549099999999966
0.99 0.8514999999999969
0.99 0.848689999999997
0.99 0.8444499999999967
0.99 0.8500399999999949
0.99 0.8597999999999925
0.99 0.8606699999999948
0.99 0.8582399999999971
0.99 0.8642699999999961
0.99 0.8569299999999962
0.99 0.8639799999999952
0.99 0.8708399999999946
0.99 0.8692899999999927
0.99 0.8659099999999942
0.99 0.8597999999999947
0.99 0.8668499999999936
0.99 0.878049999999995
0.99 0.8749799999999962
0.99 0.873549999999994
0.99 0.8807799999999966
0.99 0.8768399999999931
0.99 0.8829399999999956
0.99 0.8827899999999982
0.99 0.8797999999999986
0.99 0.8779599999999969
0.99 0.8764399999999959
0.99 0.8741999999999959
0.99 0.8813199999999959
