0.79 0.39444999999999913
0.67 0.410699999999999
0.7 0.40004999999999924
0.76 0.41474999999999923
0.81 0.395599999999999
0.8 0.4116999999999992
0.66 0.3906999999999991
0.66 0.36514999999999953
0.66 0.37109999999999954
0.66 0.3720500000000001
0.66 0.37435000000000024
0.8 0.4086999999999991
0.79 0.43459999999999815
0.79 0.42149999999999876
0.7 0.4362999999999984
0.67 0.41839999999999905
0.67 0.442449999999998
0.71 0.43764999999999843
0.71 0.4215999999999988
0.68 0.4186999999999991
0.71 0.38474999999999987
0.69 0.4363999999999985
0.73 0.45889999999999864
0.73 0.4528499999999983
0.78 0.4896999999999989
0.67 0.4426499999999984
0.82 0.47119999999999856
0.73 0.45579999999999804
0.78 0.45714999999999806
0.74 0.49159999999999854
0.76 0.4758999999999985
0.67 0.4547499999999986
0.97 0.5255999999999995
0.97 0.5962999999999994
0.91 0.6130500000000003
0.82 0.5242499999999992
0.67 0.5091999999999989
0.94 0.5154
0.94 0.5001999999999999
0.86 0.523999999999999
0.72 0.408549999999999
0.7 0.4415999999999998
0.68 0.46294999999999953
0.91 0.5171499999999996
0.65 0.4025499999999992
0.66 0.41449999999999876
0.66 0.4492999999999986
0.67 0.46069999999999994
0.66 0.4821000000000007
0.67 0.5371999999999997
0.67 0.5166999999999997
0.72 0.5584999999999992
0.67 0.5405999999999989
0.67 0.5022999999999983
0.67 0.5609499999999987
0.67 0.5430499999999981
0.67 0.5518999999999985
0.67 0.5530499999999987
0.67 0.5753499999999995
0.67 0.5594999999999991
0.67 0.5760499999999993
0.67 0.5554999999999984
0.67 0.5066999999999983
0.67 0.550799999999999
0.67 0.5559499999999992
0.67 0.5639999999999986
0.67 0.5351999999999983
0.67 0.5800499999999995
0.67 0.6342500000000001
0.67 0.6359000000000002
0.67 0.6507500000000005
0.67 0.6541499999999993
0.67 0.6497000000000004
0.67 0.6648499999999998
0.67 0.6674500000000008
0.67 0.6679000000000012
0.67 0.6645500000000011
0.67 0.648750000000001
0.67 0.6419999999999991
0.67 0.6265999999999995
0.67 0.6491500000000002
0.67 0.6497499999999999
0.67 0.6390000000000001
0.67 0.6377
0.67 0.6376499999999996
0.67 0.5318499999999977
0.67 0.6343499999999999
0.67 0.6507000000000004
0.67 0.5886999999999994
0.67 0.460549999999999
0.67 0.5361499999999986
0.67 0.512799999999999
0.67 0.5993499999999989
0.67 0.6292999999999993
0.67 0.6028999999999998
0.67 0.4039499999999995
0.67 0.6289999999999999
0.67 0.5957999999999992
0.67 0.6419500000000005
0.67 0.651650000000001
0.67 0.6630000000000008
0.67 0.6611500000000008
0.67 0.6419500000000008
0.67 0.60805
0.67 0.642550000000001
0.67 0.5350999999999982
0.67 0.5361499999999981
0.67 0.6581500000000016
0.67 0.5746999999999989
0.67 0.6079999999999998
0.67 0.6258500000000004
0.67 0.6532500000000008
0.67 0.662900000000001
0.67 0.6493500000000013
0.67 0.6612000000000013
0.67 0.6083000000000003
0.67 0.5876500000000013
0.67 0.6200000000000013
0.67 0.6467000000000012
0.67 0.59315
0.67 0.35730000000000034
0.67 0.4774999999999978
0.67 0.5320999999999982
0.67 0.3715000000000001
0.67 0.4029499999999995
0.67 0.5405999999999982
0.67 0.6490000000000006
0.67 0.6031499999999999
0.67 0.5912500000000002
0.67 0.6133499999999993
0.67 0.5499499999999982
0.67 0.6309499999999997
0.67 0.6353500000000004
0.67 0.6107
0.67 0.61295
0.67 0.6125500000000001
0.67 0.572700000000001
0.67 0.6086000000000006
0.67 0.6457500000000009
0.67 0.6127000000000002
0.67 0.6447500000000004
0.67 0.6485000000000007
0.67 0.6435500000000002
0.67 0.6445500000000008
0.67 0.6348500000000002
0.67 0.6435500000000006
0.67 0.5053999999999997
0.66 0.36795000000000017
0.67 0.38159999999999994
0.67 0.4099499999999993
0.67 0.4364499999999989
0.67 0.47134999999999805
0.35 0.3500000000000004
0.35 0.3500000000000004
0.35 0.3500000000000004
0.63 0.35420000000000035
0.67 0.5816999999999996
0.67 0.61985
0.67 0.5555499999999987
0.67 0.6574000000000008
0.67 0.6341000000000002
0.67 0.6404500000000007
0.67 0.6281000000000005
0.67 0.6617500000000011
0.67 0.6289000000000005
0.67 0.40559999999999924
0.66 0.3791499999999992
0.67 0.6072999999999987
0.67 0.49429999999999985
0.67 0.6277500000000008
0.67 0.6174000000000007
0.67 0.5251999999999994
0.67 0.4879999999999988
0.67 0.4906499999999979
0.67 0.4684499999999979
0.67 0.4285499999999986
0.67 0.412149999999999
0.67 0.4526499999999981
0.67 0.3941999999999994
0.55 0.3541000000000003
0.67 0.4281999999999985
0.55 0.35885000000000034
0.67 0.3573500000000003
0.67 0.4188499999999989
0.67 0.38189999999999974
0.67 0.40674999999999917
0.37 0.34660000000000046
0.67 0.34565000000000046
0.67 0.36615000000000014
0.67 0.36690000000000017
0.66 0.37864999999999993
0.6 0.38889999999999963
0.61 0.4002499999999993
0.67 0.4389999999999978
0.63 0.4356499999999979
0.67 0.46594999999999837
0.63 0.4620999999999988
0.62 0.49060000000000004
0.59 0.48364999999999936
0.59 0.5197999999999998
0.63 0.49249999999999955
0.63 0.49344999999999956
0.63 0.5242000000000003
0.65 0.5426000000000001
0.65 0.5367499999999993
0.65 0.5441499999999997
0.65 0.5688499999999993
0.65 0.5486000000000001
0.66 0.577449999999999
0.66 0.5291999999999991
0.63 0.43254999999999905
0.67 0.5189499999999996
0.65 0.4058999999999997
0.63 0.41599999999999915
0.65 0.463499999999999
0.65 0.5020999999999991
0.65 0.4886499999999982
0.65 0.44239999999999796
0.65 0.47609999999999864
0.66 0.536100000000001
0.65 0.5275000000000003
0.65 0.5520500000000007
0.61 0.5570000000000009
0.61 0.5637500000000008
0.63 0.5699500000000014
0.61 0.5646000000000014
0.65 0.5323500000000007
0.65 0.5494500000000012
0.61 0.5278000000000008
0.61 0.44414999999999855
0.61 0.5314
0.61 0.5531500000000011
0.61 0.5812000000000023
0.61 0.585150000000002
0.61 0.5816500000000022
0.61 0.5897500000000022
0.63 0.5905500000000017
0.63 0.5891500000000012
0.63 0.5997500000000003
0.67 0.6084499999999997
0.67 0.6105499999999998
0.63 0.4039499999999989
0.59 0.5329499999999998
0.62 0.5111499999999995
0.59 0.573100000000001
0.67 0.5989000000000015
0.67 0.6102500000000008
0.67 0.61795
0.67 0.6281999999999995
0.67 0.5853500000000016
0.63 0.4366999999999994
0.63 0.4704499999999993
0.63 0.5042499999999992
0.63 0.5868500000000001
0.67 0.6126500000000009
0.67 0.5804999999999993
0.66 0.6013499999999999
0.67 0.610800000000001
0.67 0.6211500000000006
0.67 0.4861999999999973
0.67 0.5366499999999997
0.66 0.48139999999999966
0.67 0.520799999999999
0.67 0.4620999999999985
0.66 0.5190999999999995
0.67 0.5657500000000006
0.67 0.5757499999999993
0.67 0.5579999999999993
0.67 0.6017000000000001
0.67 0.6174500000000003
0.67 0.6319499999999985
0.67 0.6426999999999988
0.67 0.632799999999999
0.67 0.6166499999999996
0.67 0.6263999999999994
0.67 0.6302999999999984
0.67 0.6262999999999986
0.67 0.6214499999999986
0.67 0.6340499999999992
0.67 0.6366999999999998
0.67 0.5989499999999994
0.67 0.6114999999999992
0.67 0.6024000000000007
0.67 0.5939500000000006
0.67 0.6070999999999998
0.67 0.6190999999999994
0.67 0.6422500000000002
0.67 0.63815
0.67 0.6095999999999989
0.67 0.622849999999999
0.67 0.6265000000000002
0.67 0.6039499999999987
0.67 0.5902499999999996
0.67 0.5458499999999991
0.67 0.564549999999999
0.67 0.5895499999999991
0.67 0.6174999999999993
0.67 0.5918499999999989
0.67 0.6031999999999991
0.67 0.6213999999999998
0.67 0.5821499999999993
0.67 0.6042499999999993
0.67 0.5042499999999983
0.67 0.61575
0.67 0.6401000000000004
0.67 0.6090999999999991
0.67 0.5950000000000001
0.67 0.5776499999999991
0.67 0.6212499999999995
0.67 0.6440499999999997
0.67 0.6381500000000002
0.67 0.6098999999999998
0.67 0.6251500000000008
0.67 0.6192500000000003
0.67 0.5183499999999988
0.67 0.6027499999999995
0.66 0.49204999999999893
0.66 0.527349999999998
0.67 0.6218
0.67 0.6272999999999999
0.67 0.6429000000000006
0.67 0.6447000000000004
0.67 0.6538000000000008
0.67 0.6653000000000014
0.67 0.6607000000000014
0.67 0.6584000000000012
0.67 0.6327500000000017
0.67 0.6596500000000012
0.67 0.6554000000000009
0.67 0.6433000000000006
0.67 0.6633500000000013
0.67 0.6604500000000013
0.67 0.6606000000000012
0.67 0.6573000000000014
0.67 0.6534000000000012
0.67 0.6439500000000009
0.67 0.6588500000000016
0.67 0.6555000000000015
0.67 0.6589000000000016
0.67 0.646950000000001
0.67 0.5483499999999982
0.67 0.5891999999999994
0.67 0.60945
0.67 0.6319000000000005
0.67 0.634550000000001
0.67 0.6587000000000012
0.67 0.6633500000000009
0.67 0.6657000000000014
0.67 0.6673500000000012
0.67 0.6622000000000016
0.67 0.6659000000000013
0.67 0.6668000000000011
0.67 0.669550000000001
0.67 0.6612500000000014
0.67 0.6533000000000012
0.67 0.620200000000001
0.67 0.6347000000000009
0.67 0.6510000000000014
0.67 0.6487000000000012
0.67 0.5600999999999993
0.67 0.6592500000000014
0.67 0.6645500000000014
0.67 0.6528000000000012
0.67 0.6577500000000012
0.67 0.6598000000000012
0.67 0.667850000000001
0.67 0.651200000000001
0.67 0.6684000000000009
0.67 0.6583000000000012
0.67 0.6676500000000012
0.67 0.647300000000001
0.67 0.6650500000000014
0.67 0.6623000000000013
0.67 0.667850000000001
0.67 0.667050000000001
0.67 0.642650000000001
0.67 0.6627000000000015
0.67 0.6539000000000015
0.67 0.6643000000000013
0.67 0.6646000000000012
0.67 0.6642000000000011
0.67 0.6657000000000012
0.67 0.6661000000000011
0.67 0.6684000000000009
0.67 0.668100000000001
0.67 0.6684000000000009
0.67 0.669550000000001
0.67 0.6682000000000009
0.67 0.668150000000001
0.67 0.669500000000001
0.67 0.60675
0.67 0.6596000000000012
0.67 0.6671000000000012
0.67 0.6611500000000015
0.67 0.645900000000001
0.67 0.5627999999999993
0.67 0.5536499999999993
0.67 0.3920499999999989
0.67 0.42509999999999837
0.67 0.5049999999999981
0.67 0.5610499999999992
0.67 0.5979999999999999
0.67 0.6158000000000001
0.67 0.6423500000000009
0.67 0.6430000000000008
0.67 0.652350000000001
0.67 0.6526500000000012
0.67 0.6575000000000011
0.67 0.6572000000000012
0.67 0.6465500000000008
0.67 0.6505500000000012
0.67 0.6472000000000014
0.67 0.6589500000000013
0.67 0.649200000000001
0.67 0.6630500000000009
0.67 0.6594500000000012
0.67 0.6603500000000012
0.67 0.5743999999999991
0.67 0.61245
0.67 0.6472000000000009
0.67 0.6622500000000012
0.67 0.646600000000001
0.67 0.6648000000000012
0.67 0.6628000000000013
0.67 0.6555500000000011
0.67 0.6616000000000013
0.67 0.664200000000001
0.67 0.6632000000000011
0.67 0.6684500000000011
0.67 0.6303000000000005
0.67 0.4395999999999989
0.67 0.5998999999999997
0.67 0.5850999999999995
0.67 0.5274499999999988
0.67 0.554299999999999
0.67 0.6566000000000011
0.67 0.6296500000000005
0.67 0.5965999999999998
0.67 0.4601499999999982
0.67 0.43309999999999865
0.67 0.4020499999999996
0.67 0.4694999999999982
0.67 0.5317999999999983
0.67 0.4403999999999988
0.67 0.3774
0.67 0.4266499999999991
0.67 0.37315000000000004
0.63 0.3528000000000004
0.67 0.36740000000000017
0.67 0.3516000000000004
0.67 0.35330000000000034
0.67 0.36760000000000015
0.67 0.4116999999999992
0.67 0.4083499999999993
0.67 0.3850999999999999
0.67 0.37120000000000003
0.67 0.3561500000000003
0.67 0.37775
0.67 0.3929999999999997
0.5 0.3534500000000003
0.67 0.4075499999999994
0.67 0.35995000000000027
0.67 0.39404999999999957
0.67 0.4223999999999989
0.67 0.3951999999999996
0.67 0.4408499999999985
0.67 0.4228999999999987
0.67 0.4948499999999986
0.67 0.4826499999999986
0.67 0.4288499999999988
0.67 0.3962499999999995
0.67 0.5015999999999976
0.67 0.5909999999999993
0.67 0.5815499999999993
0.67 0.6108499999999998
0.67 0.6437000000000007
0.67 0.5920999999999995
0.67 0.6326500000000003
0.67 0.655200000000001
0.67 0.6534500000000011
0.67 0.4907999999999973
0.67 0.5442499999999987
0.67 0.5801999999999995
0.67 0.6621000000000009
0.67 0.6665000000000012
0.67 0.6581500000000011
0.67 0.6692000000000011
0.67 0.6592000000000011
0.67 0.6645000000000012
0.67 0.6679500000000012
0.67 0.6623500000000014
0.67 0.6578000000000012
0.67 0.5294499999999982
0.67 0.6006499999999998
0.67 0.6180000000000002
0.67 0.656600000000001
0.67 0.6658000000000008
0.67 0.668500000000001
0.67 0.6612000000000013
0.67 0.6666000000000014
