0.06000000000000005 0.5686399999999977
0.06000000000000005 0.523939999999999
0.06000000000000005 0.4897399999999994
0.06000000000000005 0.4629799999999995
0.06000000000000005 0.44405999999999923
0.040000000000000036 0.41817999999999966
0.040000000000000036 0.39736000000000027
0.040000000000000036 0.37170000000000036
0.040000000000000036 0.36738000000000104
0.040000000000000036 0.36162000000000144
0.040000000000000036 0.35030000000000194
0.040000000000000036 0.34234000000000236
0.040000000000000036 0.33072000000000207
0.040000000000000036 0.31744000000000205
0.040000000000000036 0.30808000000000185
0.040000000000000036 0.311860000000002
0.040000000000000036 0.30230000000000223
0.040000000000000036 0.29294000000000203
0.040000000000000036 0.28788000000000225
0.040000000000000036 0.2913400000000023
0.040000000000000036 0.2774600000000019
0.040000000000000036 0.26724000000000153
0.040000000000000036 0.2605400000000013
0.040000000000000036 0.23700000000000143
0.040000000000000036 0.23914000000000146
0.040000000000000036 0.24146000000000137
0.040000000000000036 0.22314000000000112
0.040000000000000036 0.21534000000000067
0.040000000000000036 0.21178000000000025
0.040000000000000036 0.19194000000000028
0.040000000000000036 0.1872200000000003
0.040000000000000036 0.18528000000000047
0.040000000000000036 0.17846000000000037
0.040000000000000036 0.1775600000000006
0.040000000000000036 0.17034000000000005
0.040000000000000036 0.16212000000000007
0.040000000000000036 0.14873999999999984
0.040000000000000036 0.1430199999999996
0.040000000000000036 0.13701999999999975
0.040000000000000036 0.1346399999999997
0.040000000000000036 0.13321999999999973
0.040000000000000036 0.12735999999999967
0.040000000000000036 0.12673999999999985
0.040000000000000036 0.1379599999999997
0.040000000000000036 0.13247999999999957
0.040000000000000036 0.12953999999999968
0.040000000000000036 0.13461999999999966
0.040000000000000036 0.13051999999999983
0.040000000000000036 0.13101999999999983
0.040000000000000036 0.1185399999999997
0.040000000000000036 0.1196399999999997
0.040000000000000036 0.12533999999999973
0.040000000000000036 0.1274799999999998
0.040000000000000036 0.1360399999999998
0.040000000000000036 0.13479999999999973
0.040000000000000036 0.14489999999999972
0.040000000000000036 0.1363399999999998
0.040000000000000036 0.13727999999999976
0.040000000000000036 0.1367399999999997
0.040000000000000036 0.14001999999999967
0.040000000000000036 0.13635999999999973
0.040000000000000036 0.13063999999999962
0.040000000000000036 0.1334599999999997
0.040000000000000036 0.13599999999999962
0.040000000000000036 0.1293799999999996
0.040000000000000036 0.13853999999999972
0.040000000000000036 0.1294199999999999
0.040000000000000036 0.13197999999999985
0.040000000000000036 0.12871999999999972
0.040000000000000036 0.12415999999999976
0.040000000000000036 0.13181999999999983
0.040000000000000036 0.11971999999999977
0.040000000000000036 0.12003999999999966
0.040000000000000036 0.11909999999999969
0.040000000000000036 0.11007999999999968
0.040000000000000036 0.12149999999999962
0.040000000000000036 0.1200399999999997
0.040000000000000036 0.12239999999999968
0.040000000000000036 0.12209999999999968
0.040000000000000036 0.12371999999999975
0.040000000000000036 0.12017999999999975
0.040000000000000036 0.11875999999999956
0.040000000000000036 0.11761999999999956
0.040000000000000036 0.12223999999999957
0.040000000000000036 0.13033999999999965
0.040000000000000036 0.1377799999999996
0.040000000000000036 0.1408799999999996
0.040000000000000036 0.12909999999999977
0.040000000000000036 0.12219999999999977
0.040000000000000036 0.11601999999999953
0.040000000000000036 0.11619999999999961
0.040000000000000036 0.11955999999999953
0.040000000000000036 0.12667999999999977
0.040000000000000036 0.12127999999999974
0.040000000000000036 0.12151999999999973
0.040000000000000036 0.1273399999999995
0.040000000000000036 0.12457999999999954
0.040000000000000036 0.11959999999999973
0.040000000000000036 0.1160399999999996
0.040000000000000036 0.11759999999999965
