0.040000000000000036 0.5874800000000008
0.040000000000000036 0.554899999999999
0.040000000000000036 0.520439999999999
0.040000000000000036 0.5100999999999987
0.040000000000000036 0.48399999999999854
0.040000000000000036 0.4697799999999984
0.040000000000000036 0.456159999999999
0.040000000000000036 0.43093999999999894
0.040000000000000036 0.403699999999999
0.040000000000000036 0.40025999999999945
0.040000000000000036 0.3957999999999996
0.040000000000000036 0.39045999999999964
0.040000000000000036 0.3811000000000003
0.040000000000000036 0.3731200000000007
0.040000000000000036 0.36712000000000167
0.040000000000000036 0.35456000000000115
0.040000000000000036 0.34062000000000137
0.040000000000000036 0.32506000000000196
0.040000000000000036 0.32570000000000204
0.040000000000000036 0.3077800000000013
0.040000000000000036 0.3096800000000018
0.040000000000000036 0.30472000000000105
0.040000000000000036 0.29664000000000096
0.020000000000000018 0.2908400000000007
0.020000000000000018 0.2793000000000005
0.020000000000000018 0.26764000000000066
0.020000000000000018 0.2674000000000007
0.020000000000000018 0.2634400000000006
0.020000000000000018 0.2578400000000008
0.020000000000000018 0.2572600000000009
0.020000000000000018 0.2617000000000006
0.020000000000000018 0.2575200000000004
0.020000000000000018 0.2461000000000004
0.020000000000000018 0.24306000000000033
0.020000000000000018 0.2597200000000003
0.020000000000000018 0.2539600000000006
0.020000000000000018 0.2413800000000006
0.020000000000000018 0.23250000000000032
0.020000000000000018 0.22316000000000033
0.020000000000000018 0.21618000000000048
0.020000000000000018 0.2253600000000004
0.020000000000000018 0.20822000000000035
0.020000000000000018 0.2191400000000004
0.020000000000000018 0.22052000000000038
0.020000000000000018 0.2152600000000005
0.020000000000000018 0.22116000000000038
0.020000000000000018 0.22368000000000043
0.020000000000000018 0.21636000000000033
0.020000000000000018 0.2123000000000005
0.020000000000000018 0.2172000000000006
0.020000000000000018 0.21288000000000037
0.020000000000000018 0.20990000000000048
0.020000000000000018 0.21736000000000036
0.020000000000000018 0.20898000000000017
0.020000000000000018 0.19782000000000027
0.020000000000000018 0.18282000000000037
0.020000000000000018 0.17930000000000057
0.020000000000000018 0.1778800000000005
0.020000000000000018 0.16702000000000033
0.020000000000000018 0.16586000000000045
0.020000000000000018 0.16356000000000054
0.020000000000000018 0.16218000000000052
0.020000000000000018 0.16006000000000042
0.020000000000000018 0.16742000000000032
0.020000000000000018 0.16434000000000043
0.020000000000000018 0.1544000000000002
0.020000000000000018 0.16156000000000037
0.020000000000000018 0.1651800000000003
0.020000000000000018 0.15940000000000037
0.020000000000000018 0.14722000000000032
0.020000000000000018 0.14154000000000022
0.020000000000000018 0.14888000000000015
0.020000000000000018 0.14740000000000014
0.020000000000000018 0.14550000000000013
0.020000000000000018 0.14486000000000013
0.020000000000000018 0.1388400000000001
0.020000000000000018 0.1312399999999999
0.020000000000000018 0.14355999999999983
0.020000000000000018 0.14307999999999998
0.020000000000000018 0.15554
0.020000000000000018 0.1404200000000001
0.020000000000000018 0.1383800000000001
0.020000000000000018 0.14320000000000016
0.020000000000000018 0.1364000000000001
0.020000000000000018 0.15090000000000023
0.020000000000000018 0.14534000000000025
0.020000000000000018 0.14910000000000026
0.020000000000000018 0.13468000000000008
0.020000000000000018 0.1325800000000001
0.020000000000000018 0.12648000000000004
0.020000000000000018 0.13760000000000014
0.020000000000000018 0.1367399999999999
0.020000000000000018 0.13735999999999987
0.020000000000000018 0.13736
0.020000000000000018 0.14222000000000015
0.020000000000000018 0.14268000000000008
0.020000000000000018 0.13722000000000006
0.020000000000000018 0.14612000000000014
0.020000000000000018 0.13941999999999993
0.020000000000000018 0.13194
