0.35 0.3500000000000004
0.35 0.3500000000000004
0.35 0.3500000000000004
0.37 0.3510000000000004
0.37 0.3511000000000004
0.46 0.3602000000000003
0.46 0.36935000000000007
0.47 0.37779999999999964
0.68 0.4033499999999987
0.68 0.43214999999999953
0.68 0.49000000000000055
0.68 0.4828500000000001
0.71 0.43619999999999853
0.82 0.49784999999999985
0.82 0.5310999999999998
0.68 0.5342000000000003
0.78 0.5586
0.79 0.6001499999999997
0.79 0.5910499999999995
0.9 0.6072000000000004
0.88 0.5680499999999996
0.87 0.5857999999999993
0.9 0.6324000000000001
0.84 0.6128500000000006
0.81 0.6320499999999997
0.77 0.6269999999999992
0.81 0.54865
0.94 0.64605
0.94 0.5595499999999991
0.68 0.6112000000000002
0.85 0.5523999999999994
0.68 0.5995499999999987
0.68 0.6167499999999998
0.68 0.6453000000000008
0.68 0.6456000000000007
0.68 0.6638000000000011
0.74 0.6718500000000013
0.75 0.6724000000000017
0.68 0.5378500000000027
0.97 0.6900000000000016
0.97 0.6692000000000021
0.97 0.717950000000003
0.97 0.630400000000002
0.97 0.6889500000000023
0.97 0.7501500000000024
0.97 0.8166000000000014
0.97 0.8872500000000012
0.97 0.8734999999999971
0.97 0.9123999999999987
0.97 0.940349999999999
0.97 0.9527999999999989
0.97 0.9601999999999989
0.97 0.9598999999999992
0.97 0.9601499999999991
0.97 0.939549999999999
0.97 0.9650999999999987
0.97 0.965949999999999
0.97 0.8304499999999989
0.97 0.963649999999999
0.97 0.9665499999999989
0.97 0.9271499999999991
0.97 0.9526499999999994
0.97 0.9595999999999992
0.97 0.9543999999999992
0.97 0.9669999999999991
0.97 0.9650499999999993
0.97 0.963649999999999
0.97 0.9621999999999988
0.97 0.9540499999999993
0.97 0.9581499999999988
0.97 0.9623999999999989
0.97 0.9643999999999991
0.97 0.961499999999999
0.97 0.9548999999999986
0.68 0.6755500000000034
0.97 0.9555999999999989
0.97 0.9668999999999991
0.97 0.9638499999999991
0.97 0.9654999999999991
0.97 0.9658999999999989
0.68 0.6786000000000033
0.97 0.9613499999999994
0.97 0.9651999999999991
0.97 0.9539999999999991
0.97 0.9528999999999991
0.97 0.9496999999999989
0.97 0.9574499999999989
0.68 0.6798000000000033
0.97 0.9562999999999988
0.68 0.6754000000000034
0.97 0.9583999999999989
0.97 0.9579499999999989
0.97 0.9583999999999991
0.97 0.9369999999999992
0.97 0.950799999999999
0.68 0.6761000000000031
0.68 0.6758500000000034
0.68 0.6763500000000033
0.68 0.6799000000000032
0.68 0.6798000000000033
0.68 0.6785000000000033
0.68 0.6764000000000032
0.68 0.6738500000000032
0.68 0.6740500000000027
0.68 0.48824999999999963
0.64 0.449649999999999
0.68 0.4853499999999996
0.68 0.5312000000000014
0.68 0.5628000000000017
0.68 0.5922000000000012
0.68 0.609600000000001
0.68 0.6287000000000008
0.68 0.6416000000000003
0.68 0.6738500000000035
0.68 0.6667500000000023
0.68 0.6738000000000025
0.68 0.6780500000000034
0.68 0.6752000000000025
0.68 0.6767000000000032
0.68 0.6764000000000029
0.68 0.6787500000000031
0.68 0.676700000000003
0.68 0.674900000000003
0.68 0.6794000000000033
0.68 0.6727500000000031
0.68 0.6729000000000032
0.68 0.6753000000000031
0.68 0.673550000000003
0.68 0.6791000000000031
0.68 0.6772000000000032
0.68 0.6787000000000031
0.68 0.6760500000000031
0.68 0.6782000000000032
0.68 0.6766500000000031
0.68 0.6648500000000027
0.68 0.6735000000000031
0.68 0.6751000000000031
0.68 0.6760000000000033
0.68 0.6781500000000034
0.68 0.6800000000000034
0.68 0.6786000000000034
0.68 0.6700500000000035
0.68 0.6754500000000031
0.68 0.675100000000003
0.68 0.666750000000003
0.68 0.6751000000000035
0.68 0.6742500000000031
0.68 0.674900000000003
0.68 0.6720500000000033
0.68 0.6731000000000029
0.68 0.6747000000000029
0.68 0.6726500000000033
0.68 0.6736000000000026
0.68 0.6722000000000031
0.68 0.670800000000003
0.68 0.6666500000000033
0.68 0.6742500000000032
0.68 0.675300000000003
0.68 0.6791500000000031
0.68 0.6756000000000032
0.68 0.6736000000000033
0.68 0.6676000000000031
0.97 0.6913499999999989
0.97 0.7517500000000016
0.97 0.840050000000002
0.97 0.867750000000002
0.97 0.9339499999999991
0.97 0.9496999999999985
0.97 0.9574499999999989
0.97 0.955999999999999
0.97 0.9536999999999991
0.97 0.9663499999999988
0.97 0.9651999999999988
0.97 0.962649999999999
0.97 0.946949999999999
0.97 0.9584999999999991
0.97 0.9536999999999992
0.97 0.9630499999999991
0.97 0.9453999999999989
0.97 0.9494499999999991
0.97 0.9574999999999992
0.97 0.9633999999999991
0.97 0.9531499999999992
0.97 0.9546499999999993
0.97 0.9588499999999991
0.97 0.9586999999999993
0.97 0.966849999999999
0.97 0.967949999999999
0.97 0.9663999999999988
0.97 0.9643499999999992
0.97 0.9680499999999991
0.97 0.9638999999999992
0.97 0.9632999999999992
0.97 0.958949999999999
0.97 0.950499999999999
0.97 0.9637999999999991
0.97 0.9636499999999988
0.97 0.961099999999999
0.97 0.966149999999999
0.97 0.954549999999999
0.97 0.9562999999999992
0.97 0.9589999999999992
0.97 0.9666999999999991
0.97 0.9602999999999988
0.97 0.9609499999999991
0.97 0.9605499999999991
0.97 0.959899999999999
0.97 0.9591999999999992
0.97 0.9631999999999991
0.97 0.9675499999999989
0.97 0.9613999999999991
0.97 0.9681999999999992
0.97 0.9619999999999992
0.97 0.9674499999999991
0.97 0.9650999999999992
0.97 0.9588499999999991
0.97 0.9566999999999988
0.97 0.961249999999999
0.97 0.9632999999999992
0.97 0.9476999999999992
0.97 0.9543999999999988
0.97 0.9598499999999991
0.97 0.9658499999999988
0.97 0.960949999999999
0.97 0.9614999999999989
0.97 0.969849999999999
0.97 0.9630999999999992
0.97 0.9581999999999993
0.97 0.956049999999999
0.97 0.961699999999999
0.97 0.9613499999999995
0.97 0.9644499999999993
0.97 0.9607999999999991
0.97 0.960399999999999
0.97 0.957549999999999
0.97 0.9635499999999989
0.97 0.9674999999999989
0.97 0.9578999999999988
0.97 0.9613999999999989
0.97 0.9651499999999988
0.97 0.9501499999999993
0.97 0.9479499999999987
0.97 0.9561499999999991
0.97 0.9515499999999991
0.97 0.9607499999999989
0.97 0.9635999999999987
0.97 0.9499999999999987
0.97 0.9607499999999989
0.97 0.962249999999999
0.97 0.9555999999999989
0.97 0.9564499999999989
0.97 0.9513999999999991
0.97 0.9619999999999993
0.97 0.9632999999999989
0.97 0.9609499999999991
0.97 0.960599999999999
0.97 0.9659499999999991
0.97 0.9651499999999992
0.97 0.958899999999999
0.97 0.9448999999999986
0.97 0.9608999999999989
0.97 0.9506499999999992
0.97 0.9502499999999989
0.97 0.9467499999999991
0.97 0.959299999999999
0.97 0.9574999999999992
0.97 0.959299999999999
0.97 0.956949999999999
0.97 0.9631999999999992
0.97 0.959399999999999
0.97 0.959449999999999
0.97 0.9576999999999994
0.97 0.9601499999999988
0.97 0.961399999999999
0.97 0.961749999999999
0.97 0.9631499999999992
0.97 0.9609499999999991
0.97 0.9609499999999991
0.97 0.9605499999999992
0.97 0.9609499999999993
0.97 0.956349999999999
0.97 0.9624499999999991
0.97 0.955449999999999
0.97 0.962449999999999
0.97 0.9642499999999989
0.97 0.9573999999999991
0.97 0.955599999999999
0.97 0.951349999999999
0.97 0.9644499999999989
0.97 0.9679999999999993
0.97 0.9612999999999993
0.97 0.9523999999999988
0.97 0.9649999999999989
0.97 0.9642499999999992
0.97 0.9497499999999992
0.97 0.9538499999999992
0.97 0.9544499999999989
0.97 0.9636999999999989
0.97 0.9568499999999988
0.97 0.9526499999999993
0.97 0.9587499999999991
0.97 0.9579999999999993
0.97 0.9659999999999991
0.97 0.963449999999999
0.97 0.9602499999999989
0.97 0.9641999999999991
0.97 0.961349999999999
0.97 0.9542999999999989
0.97 0.9566499999999992
0.97 0.959099999999999
0.97 0.9546999999999995
0.97 0.9396999999999991
0.97 0.9469499999999991
0.97 0.958299999999999
0.97 0.9575999999999992
0.97 0.9572499999999993
0.97 0.9598999999999992
0.97 0.964649999999999
0.97 0.964299999999999
0.97 0.9576999999999991
0.97 0.9594999999999989
0.97 0.9599999999999989
0.97 0.9569999999999989
0.97 0.9617499999999989
0.97 0.960399999999999
0.97 0.953949999999999
0.97 0.9538499999999991
0.97 0.957099999999999
0.97 0.9586999999999993
0.97 0.9562499999999992
0.97 0.952149999999999
0.97 0.9545499999999991
0.97 0.961549999999999
0.97 0.9548499999999993
0.97 0.9577499999999991
0.97 0.9548999999999989
0.97 0.933599999999999
0.97 0.9554499999999989
0.97 0.958249999999999
0.97 0.9626999999999991
0.97 0.960049999999999
0.97 0.9639499999999992
0.97 0.9604499999999994
0.97 0.958049999999999
0.97 0.964699999999999
0.97 0.9628999999999991
0.97 0.9580499999999992
0.97 0.9558499999999991
0.97 0.9580499999999992
0.97 0.9606999999999989
0.97 0.9584999999999991
0.97 0.9598499999999989
0.97 0.958949999999999
0.97 0.9564999999999989
0.97 0.9536999999999991
0.97 0.9544999999999991
0.97 0.9565999999999991
0.97 0.9643999999999993
0.97 0.9652999999999992
0.97 0.953349999999999
0.97 0.9536999999999993
0.97 0.958449999999999
0.97 0.9644499999999989
0.97 0.9665999999999991
0.97 0.962699999999999
0.97 0.962999999999999
0.97 0.9581999999999989
0.97 0.9492499999999992
0.97 0.9639499999999989
0.97 0.9640499999999989
0.97 0.961099999999999
0.97 0.9593499999999991
0.97 0.9587499999999993
0.97 0.957949999999999
0.97 0.9603499999999988
0.97 0.9547999999999989
0.97 0.963399999999999
0.97 0.9558499999999991
0.97 0.9533499999999993
0.97 0.9585499999999993
0.97 0.9448499999999992
0.97 0.9620999999999991
0.97 0.9500499999999991
0.97 0.951499999999999
0.97 0.950299999999999
0.97 0.9604499999999991
0.97 0.9619499999999991
0.97 0.957049999999999
0.97 0.9534499999999988
0.97 0.9551999999999992
0.97 0.9598999999999991
0.97 0.9645999999999991
0.97 0.968749999999999
0.97 0.9576499999999993
0.97 0.9639999999999992
0.97 0.9554499999999989
0.97 0.965249999999999
0.97 0.969649999999999
0.97 0.9433499999999991
0.97 0.9452999999999989
0.97 0.9502999999999989
0.97 0.9502999999999991
0.97 0.9633999999999989
0.97 0.9626999999999988
0.97 0.9569999999999989
0.97 0.9606999999999989
0.97 0.964799999999999
0.97 0.965749999999999
0.97 0.9660499999999989
0.97 0.9629499999999989
0.97 0.9516499999999989
0.97 0.9639999999999991
0.97 0.9568499999999993
0.97 0.9588499999999991
0.97 0.959499999999999
0.97 0.9605999999999991
0.97 0.964399999999999
0.97 0.9630999999999991
0.97 0.9564499999999991
0.97 0.9603499999999989
0.97 0.962649999999999
0.97 0.9691999999999992
0.97 0.9667499999999991
0.97 0.9611999999999992
0.97 0.9587999999999992
0.97 0.9574499999999989
0.97 0.943649999999999
0.97 0.943549999999999
0.97 0.9624999999999991
0.97 0.962299999999999
0.97 0.9586999999999989
0.97 0.9619999999999991
0.97 0.962499999999999
0.97 0.9523499999999988
0.97 0.9539999999999991
0.97 0.958949999999999
0.97 0.9619999999999991
0.97 0.9508499999999992
0.97 0.9641999999999991
0.97 0.959549999999999
0.97 0.9687499999999989
0.97 0.9622499999999993
0.97 0.9547499999999992
0.97 0.9483499999999991
0.97 0.962249999999999
0.97 0.9597499999999993
0.97 0.9639999999999992
0.97 0.9581999999999989
0.97 0.956699999999999
0.97 0.959399999999999
0.97 0.9584999999999991
0.97 0.9554999999999992
0.97 0.9390999999999992
0.97 0.9542499999999989
0.97 0.959399999999999
0.97 0.957699999999999
0.97 0.9616999999999991
0.97 0.9620499999999992
0.97 0.9544999999999991
0.97 0.9560999999999992
0.97 0.958449999999999
0.97 0.9632499999999989
0.97 0.962999999999999
0.97 0.9592499999999993
0.97 0.962999999999999
0.97 0.960449999999999
0.97 0.9557499999999992
0.97 0.9664499999999989
0.97 0.9617999999999989
0.97 0.9668499999999992
0.97 0.9640999999999991
0.97 0.9493999999999994
0.97 0.9490999999999989
0.97 0.9466499999999989
0.97 0.9466999999999993
0.97 0.9596999999999991
0.97 0.9561999999999992
0.97 0.961499999999999
0.97 0.9649999999999993
0.97 0.9625499999999991
0.97 0.9549499999999992
0.97 0.958899999999999
0.97 0.9683999999999992
0.97 0.9612499999999993
0.97 0.9427499999999989
0.97 0.959149999999999
0.97 0.9666999999999991
0.97 0.9463499999999992
0.97 0.9632499999999992
0.97 0.9578999999999991
0.97 0.9591999999999993
0.97 0.9541499999999992
0.97 0.9553499999999989
0.97 0.9533499999999993
0.97 0.9517999999999991
0.97 0.9631999999999992
0.97 0.9590999999999991
0.97 0.9574999999999992
0.97 0.9620999999999991
0.97 0.9590999999999988
