0.16000000000000003 0.5689599999999985
0.16000000000000003 0.5220399999999996
0.16000000000000003 0.48818000000000056
0.040000000000000036 0.47672000000000114
0.040000000000000036 0.45914000000000194
0.040000000000000036 0.4301600000000013
0.020000000000000018 0.4020400000000002
0.020000000000000018 0.3674000000000008
0.020000000000000018 0.3434800000000007
0.020000000000000018 0.3295600000000004
0.020000000000000018 0.3153200000000008
0.020000000000000018 0.30796000000000134
0.020000000000000018 0.2993400000000013
0.020000000000000018 0.28912000000000143
0.020000000000000018 0.27462000000000164
0.020000000000000018 0.28248000000000134
0.020000000000000018 0.2744400000000014
0.020000000000000018 0.26120000000000093
0.020000000000000018 0.2612800000000013
0.020000000000000018 0.24850000000000094
0.020000000000000018 0.24900000000000086
0.020000000000000018 0.23612000000000108
0.020000000000000018 0.22532000000000088
0.020000000000000018 0.2112800000000005
0.020000000000000018 0.20476000000000047
0.020000000000000018 0.2121599999999998
0.020000000000000018 0.20471999999999993
0.020000000000000018 0.18425999999999979
0.020000000000000018 0.18291999999999972
0.020000000000000018 0.18999999999999964
0.020000000000000018 0.18831999999999957
0.020000000000000018 0.17463999999999935
0.020000000000000018 0.1731999999999996
0.020000000000000018 0.17941999999999964
0.020000000000000018 0.17087999999999953
0.020000000000000018 0.1614799999999994
0.040000000000000036 0.16145999999999947
0.040000000000000036 0.15549999999999933
0.040000000000000036 0.15657999999999953
0.040000000000000036 0.1644999999999995
0.040000000000000036 0.15329999999999952
0.040000000000000036 0.14909999999999954
0.040000000000000036 0.1540599999999995
0.040000000000000036 0.15903999999999954
0.040000000000000036 0.14743999999999943
0.040000000000000036 0.15057999999999944
0.040000000000000036 0.14515999999999954
0.040000000000000036 0.15757999999999953
0.040000000000000036 0.15515999999999944
0.040000000000000036 0.14705999999999933
0.040000000000000036 0.14227999999999932
0.040000000000000036 0.1478199999999993
0.040000000000000036 0.1510199999999994
0.040000000000000036 0.15441999999999953
0.040000000000000036 0.16353999999999955
0.040000000000000036 0.15213999999999925
0.040000000000000036 0.13967999999999933
0.040000000000000036 0.15505999999999942
0.040000000000000036 0.15675999999999934
0.040000000000000036 0.1416999999999994
0.040000000000000036 0.13943999999999945
0.040000000000000036 0.13611999999999944
0.040000000000000036 0.13461999999999946
0.040000000000000036 0.13895999999999942
0.040000000000000036 0.1382399999999994
0.040000000000000036 0.14129999999999943
0.040000000000000036 0.12877999999999934
0.040000000000000036 0.13545999999999947
0.040000000000000036 0.13111999999999932
0.040000000000000036 0.13389999999999933
0.040000000000000036 0.13127999999999937
0.040000000000000036 0.12601999999999933
0.040000000000000036 0.1332999999999993
0.040000000000000036 0.1362399999999994
0.040000000000000036 0.13915999999999934
0.040000000000000036 0.13749999999999937
0.040000000000000036 0.1301599999999993
0.040000000000000036 0.12373999999999948
0.040000000000000036 0.1310599999999994
0.040000000000000036 0.1308599999999994
0.040000000000000036 0.12829999999999941
0.040000000000000036 0.13267999999999958
0.040000000000000036 0.11699999999999958
0.040000000000000036 0.13773999999999936
0.040000000000000036 0.13887999999999934
0.040000000000000036 0.1382799999999995
0.040000000000000036 0.14311999999999953
0.040000000000000036 0.1534799999999994
0.040000000000000036 0.1645199999999994
0.040000000000000036 0.15327999999999953
0.040000000000000036 0.1392599999999993
0.040000000000000036 0.1532799999999992
0.040000000000000036 0.14241999999999921
0.040000000000000036 0.15401999999999919
0.040000000000000036 0.1491799999999991
0.040000000000000036 0.14943999999999918
0.040000000000000036 0.14705999999999922
0.040000000000000036 0.14651999999999932
0.040000000000000036 0.14797999999999928
0.040000000000000036 0.1534999999999991
