0.14 0.6077199999999985
0.14 0.5639999999999986
0.14 0.5325999999999993
0.040000000000000036 0.5084599999999992
0.040000000000000036 0.46701999999999955
0.06000000000000005 0.44735999999999865
0.06000000000000005 0.4286799999999989
0.06000000000000005 0.4141999999999982
0.06000000000000005 0.40205999999999775
0.06000000000000005 0.3985399999999979
0.06000000000000005 0.38097999999999793
0.06000000000000005 0.3838599999999984
0.06000000000000005 0.36605999999999767
0.06000000000000005 0.3513199999999979
0.06000000000000005 0.34923999999999755
0.06000000000000005 0.3471999999999978
0.040000000000000036 0.33295999999999776
0.040000000000000036 0.32595999999999725
0.040000000000000036 0.3202399999999976
0.040000000000000036 0.29821999999999765
0.040000000000000036 0.30591999999999786
0.040000000000000036 0.29793999999999804
0.040000000000000036 0.2915799999999985
0.040000000000000036 0.28593999999999864
0.040000000000000036 0.2804799999999992
0.040000000000000036 0.27153999999999895
0.040000000000000036 0.2744599999999988
0.040000000000000036 0.261939999999999
0.040000000000000036 0.26593999999999884
0.040000000000000036 0.2536999999999987
0.040000000000000036 0.2447399999999989
0.040000000000000036 0.23255999999999896
0.040000000000000036 0.2248199999999991
0.040000000000000036 0.22769999999999882
0.040000000000000036 0.22181999999999888
0.040000000000000036 0.21959999999999907
0.040000000000000036 0.2108399999999991
0.040000000000000036 0.22287999999999888
0.040000000000000036 0.21699999999999892
0.040000000000000036 0.22087999999999902
0.040000000000000036 0.21595999999999899
0.040000000000000036 0.2138199999999991
0.040000000000000036 0.21397999999999892
0.040000000000000036 0.2182599999999991
0.040000000000000036 0.19853999999999902
0.040000000000000036 0.1983199999999992
0.040000000000000036 0.1940199999999993
0.040000000000000036 0.18341999999999917
0.040000000000000036 0.1797399999999992
0.040000000000000036 0.18033999999999922
0.040000000000000036 0.1742999999999992
0.040000000000000036 0.18037999999999937
0.040000000000000036 0.1871799999999991
0.040000000000000036 0.18305999999999922
0.040000000000000036 0.1739999999999993
0.040000000000000036 0.1590799999999993
0.040000000000000036 0.15275999999999926
0.040000000000000036 0.1490799999999991
0.040000000000000036 0.1673999999999993
0.040000000000000036 0.16559999999999947
0.040000000000000036 0.1691599999999994
0.040000000000000036 0.16467999999999935
0.040000000000000036 0.16397999999999938
0.040000000000000036 0.16185999999999925
0.040000000000000036 0.16711999999999944
0.040000000000000036 0.1553599999999994
0.040000000000000036 0.15499999999999925
0.040000000000000036 0.15453999999999926
0.040000000000000036 0.1556399999999992
0.040000000000000036 0.14973999999999915
0.040000000000000036 0.15147999999999928
0.040000000000000036 0.1533599999999992
0.040000000000000036 0.16505999999999932
0.040000000000000036 0.16571999999999956
0.040000000000000036 0.16371999999999928
0.040000000000000036 0.1672399999999993
0.040000000000000036 0.1610399999999993
0.040000000000000036 0.1526599999999993
0.040000000000000036 0.16553999999999952
0.040000000000000036 0.16481999999999947
0.040000000000000036 0.15841999999999956
0.040000000000000036 0.1536399999999992
0.040000000000000036 0.1638799999999993
0.040000000000000036 0.16907999999999943
0.040000000000000036 0.16577999999999932
0.040000000000000036 0.16957999999999945
0.040000000000000036 0.1707399999999994
0.040000000000000036 0.16877999999999949
0.040000000000000036 0.16817999999999944
0.040000000000000036 0.1672599999999995
0.040000000000000036 0.16583999999999932
0.040000000000000036 0.16923999999999934
0.040000000000000036 0.1761999999999996
0.040000000000000036 0.16611999999999935
0.040000000000000036 0.17165999999999945
0.040000000000000036 0.1691799999999994
0.040000000000000036 0.1582999999999994
0.040000000000000036 0.1525399999999994
0.040000000000000036 0.1486599999999993
0.040000000000000036 0.16159999999999947
