0.68 0.3762000000000007
0.68 0.40314999999999984
0.68 0.4476000000000003
0.68 0.4526500000000004
0.68 0.3975499999999989
0.75 0.3958999999999992
0.75 0.38164999999999955
0.73 0.41804999999999837
0.73 0.43074999999999947
0.81 0.41689999999999905
0.69 0.42260000000000014
0.72 0.42675
0.85 0.4471000000000007
0.81 0.4587500000000013
0.71 0.4602500000000016
0.78 0.4683500000000014
0.74 0.46705000000000124
0.81 0.4311000000000002
0.74 0.4266499999999999
0.68 0.45130000000000053
0.73 0.4799500000000009
0.75 0.43200000000000016
0.68 0.41074999999999984
0.68 0.42725000000000046
0.88 0.45100000000000073
0.88 0.4531000000000013
0.93 0.4832500000000018
0.79 0.39879999999999927
0.68 0.38194999999999896
0.67 0.435750000000001
0.68 0.42035000000000056
0.67 0.42515000000000036
0.68 0.42295000000000066
0.68 0.4290500000000007
0.68 0.49055000000000193
0.65 0.41985000000000033
0.68 0.42020000000000013
0.73 0.4901000000000018
0.9 0.5037000000000017
0.68 0.45350000000000107
0.83 0.47415000000000135
0.84 0.48920000000000086
0.68 0.44470000000000154
0.68 0.34674999999999956
0.7 0.3328499999999997
0.64 0.35010000000000024
0.75 0.3915999999999989
0.89 0.40819999999999934
0.82 0.4600500000000014
0.95 0.42395000000000027
0.91 0.4735500000000014
0.91 0.49905000000000166
0.91 0.5388000000000016
0.79 0.45685000000000126
0.92 0.4996500000000008
0.86 0.4600500000000007
0.65 0.41945000000000066
0.77 0.46670000000000095
0.73 0.47345000000000104
0.83 0.4912000000000003
0.9 0.5408000000000002
0.94 0.6322999999999989
0.9 0.6804999999999995
0.87 0.6149000000000001
0.87 0.6259499999999987
0.95 0.6494499999999986
0.95 0.6577499999999985
0.95 0.558900000000001
0.97 0.5457500000000003
0.74 0.4103000000000004
0.95 0.5884500000000001
0.88 0.6057500000000001
0.89 0.5284500000000008
0.96 0.5925999999999995
0.91 0.5543000000000005
0.92 0.5263
0.92 0.5254500000000006
0.92 0.5246000000000016
0.64 0.41640000000000027
0.64 0.4405500000000011
0.64 0.4688000000000015
0.69 0.481600000000001
0.72 0.46625000000000066
0.73 0.5074000000000006
0.73 0.4938000000000008
0.73 0.3973499999999999
0.74 0.41275
0.74 0.40774999999999906
0.74 0.4175499999999995
0.78 0.4412999999999997
0.76 0.42819999999999936
0.76 0.46040000000000103
0.77 0.4514500000000006
0.69 0.4206999999999999
0.69 0.41739999999999966
0.74 0.4284499999999998
0.72 0.4259000000000007
0.67 0.4389500000000006
0.75 0.44925000000000076
0.71 0.440950000000001
0.7 0.48025000000000084
0.76 0.5082499999999998
0.8 0.5000000000000002
0.84 0.5444499999999995
0.79 0.5212999999999998
0.8 0.5639499999999998
0.8 0.5693500000000004
0.8 0.5801
0.81 0.5893499999999998
0.83 0.621549999999999
0.7 0.4857499999999998
0.9 0.6131000000000004
0.85 0.6048499999999996
0.84 0.5367000000000006
0.77 0.5394500000000001
0.81 0.5790500000000002
0.76 0.5387999999999998
0.67 0.5821499999999997
0.67 0.6082500000000006
0.68 0.6141500000000008
0.68 0.6243999999999993
0.68 0.6268999999999998
0.66 0.5654000000000007
0.68 0.6313499999999999
0.68 0.6141499999999991
0.67 0.60035
0.67 0.6439000000000012
0.68 0.6476000000000012
0.68 0.6488500000000004
0.67 0.6044500000000002
0.68 0.6477000000000004
0.68 0.6528000000000005
0.68 0.6395500000000007
0.71 0.6428000000000001
0.84 0.6505999999999994
0.83 0.6573499999999994
0.68 0.6181499999999991
0.68 0.6154499999999996
0.68 0.6302500000000001
0.68 0.6397499999999998
0.68 0.6155500000000003
0.68 0.6171500000000001
0.68 0.6100499999999996
0.68 0.6186
0.68 0.6258499999999998
0.68 0.6167499999999992
0.68 0.6272999999999997
0.68 0.6051499999999999
0.68 0.5772999999999999
0.68 0.5914999999999998
0.73 0.5081000000000003
0.68 0.5519999999999998
0.68 0.5536000000000001
0.68 0.4882000000000018
0.79 0.5806499999999999
0.79 0.5501500000000009
0.85 0.5382000000000002
0.85 0.5356000000000007
0.98 0.5865500000000002
0.98 0.6129499999999999
0.91 0.6410500000000002
0.93 0.6886
0.93 0.7259499999999999
0.98 0.7067000000000004
0.91 0.6706000000000002
0.92 0.6775999999999993
0.91 0.6589500000000008
0.94 0.7352000000000011
0.94 0.7483000000000007
0.88 0.6157000000000014
0.8 0.6267000000000013
0.86 0.6630500000000018
0.79 0.6681500000000012
0.93 0.7294000000000004
0.88 0.6921000000000016
0.9 0.7099
0.91 0.6937499999999998
0.92 0.7293500000000002
0.92 0.7311999999999992
0.92 0.7733000000000001
0.94 0.7587000000000007
0.93 0.7381500000000005
0.94 0.7686500000000004
0.94 0.7844500000000002
0.96 0.7245499999999996
0.94 0.7610000000000003
0.98 0.8188999999999997
0.96 0.7982500000000006
0.97 0.78875
0.94 0.7300500000000006
0.98 0.7725999999999995
0.98 0.7364999999999992
0.97 0.8291500000000004
0.98 0.8276
0.98 0.8463000000000007
0.98 0.8859500000000018
0.96 0.857400000000001
0.96 0.8362500000000006
0.95 0.8690499999999999
0.98 0.8880500000000011
0.98 0.8436500000000003
0.97 0.7956999999999995
0.98 0.8815500000000007
0.95 0.8281499999999993
0.97 0.8936000000000006
0.98 0.8787000000000007
0.98 0.8204000000000005
0.98 0.8701500000000011
0.97 0.8532999999999995
0.97 0.8575999999999994
0.98 0.8079000000000005
0.98 0.8000500000000004
0.98 0.8463999999999997
0.98 0.8360499999999987
0.98 0.8250499999999993
0.97 0.7496500000000001
0.98 0.7697499999999998
0.98 0.7772000000000006
0.98 0.8143500000000007
0.97 0.7949000000000006
0.9 0.6931000000000002
0.91 0.7093500000000007
0.98 0.8003999999999993
0.97 0.8425000000000008
0.97 0.8439000000000003
0.98 0.8257500000000004
0.98 0.8454000000000016
0.98 0.8647500000000018
0.95 0.8841500000000012
0.98 0.8926500000000016
0.97 0.8687500000000007
0.95 0.8393500000000006
0.95 0.8344999999999998
0.98 0.8626500000000006
0.96 0.8826000000000004
0.95 0.8848000000000006
0.95 0.9023
0.95 0.6812999999999981
0.95 0.7034000000000011
0.95 0.5086999999999998
0.68 0.45539999999999986
0.75 0.5118499999999999
0.79 0.5449000000000012
0.79 0.5606000000000008
0.91 0.6415999999999995
0.88 0.5868000000000007
0.68 0.6309500000000005
0.68 0.6468000000000014
0.7 0.6621500000000019
0.68 0.6640000000000025
0.94 0.6763000000000027
0.73 0.6685500000000028
0.76 0.6636000000000027
0.9 0.668450000000003
0.85 0.6673500000000031
0.68 0.6625000000000028
0.68 0.6508000000000029
0.77 0.6589000000000031
0.83 0.6596000000000031
0.87 0.6661500000000032
0.87 0.6796000000000033
0.87 0.6723500000000031
0.86 0.6711000000000031
0.86 0.6764000000000032
0.95 0.7099500000000037
0.95 0.7175500000000028
0.95 0.6970500000000027
0.95 0.6792000000000019
0.95 0.6964500000000021
0.95 0.6633000000000002
0.95 0.7041500000000019
0.95 0.734900000000001
0.96 0.7183000000000012
0.96 0.7562000000000008
0.96 0.7802499999999997
0.96 0.8249000000000015
0.96 0.8588500000000022
0.96 0.8789500000000018
0.96 0.890000000000002
0.96 0.8691500000000018
0.96 0.8921000000000013
0.96 0.9061999999999995
0.96 0.8890000000000007
0.96 0.8772500000000005
0.96 0.8876500000000003
0.96 0.9022499999999998
0.96 0.8992500000000004
0.96 0.9017500000000002
0.96 0.9154999999999971
0.96 0.9156999999999966
0.96 0.9273499999999959
0.96 0.9182999999999965
0.96 0.9313499999999985
0.96 0.9109999999999987
0.96 0.9240999999999997
0.96 0.9186499999999995
0.96 0.9281999999999998
0.96 0.9031500000000001
0.96 0.9179500000000005
0.96 0.9316500000000006
0.96 0.9288500000000005
0.96 0.8778499999999997
0.96 0.8942499999999995
0.97 0.8986999999999997
0.97 0.9101500000000002
0.97 0.9032999999999999
0.97 0.8513500000000004
0.97 0.9095500000000003
0.96 0.9005499999999992
0.96 0.9237999999999998
0.97 0.8851500000000001
0.97 0.9024999999999993
0.96 0.3897499999999991
0.98 0.8576999999999997
0.98 0.8961499999999997
0.98 0.9364999999999999
0.96 0.3785999999999997
0.96 0.3862999999999998
0.96 0.4092500000000003
0.96 0.44080000000000047
0.96 0.4942000000000015
0.96 0.5665500000000029
0.96 0.6126500000000028
0.97 0.7530500000000011
0.98 0.8415000000000004
0.98 0.871749999999999
0.97 0.9134999999999984
0.97 0.9206999999999982
0.97 0.924599999999999
0.98 0.7735999999999998
0.97 0.8167500000000003
0.97 0.8618499999999993
0.97 0.880799999999998
0.98 0.9138499999999992
0.96 0.8666499999999995
0.97 0.8597499999999988
0.97 0.8898499999999969
0.97 0.9059999999999989
0.98 0.9056999999999986
0.98 0.9096499999999986
0.97 0.9313000000000001
0.98 0.9149500000000006
0.98 0.929500000000001
0.98 0.929150000000001
0.98 0.9470500000000005
0.98 0.4557500000000009
0.98 0.8826499999999982
0.98 0.4290000000000003
0.98 0.49715000000000215
0.98 0.5205500000000023
0.98 0.6164000000000025
0.98 0.8291999999999985
0.98 0.5941000000000028
0.98 0.8971499999999993
0.98 0.8853499999999993
0.98 0.9036499999999967
0.98 0.8403499999999995
0.98 0.8736999999999975
0.98 0.9430999999999996
0.98 0.934600000000001
0.98 0.959800000000002
0.98 0.9545500000000015
0.98 0.9634500000000004
0.98 0.9392000000000001
0.98 0.9704999999999987
0.99 0.9588499999999986
0.99 0.9608999999999984
0.99 0.9595999999999986
0.99 0.9700499999999976
0.99 0.9497499999999982
0.99 0.9718499999999978
0.99 0.9635999999999986
0.99 0.8696999999999996
0.99 0.9225999999999982
0.99 0.9699999999999968
0.99 0.9780999999999981
0.99 0.9618499999999989
0.99 0.9769500000000002
0.99 0.9689499999999991
0.99 0.7994500000000001
0.99 0.9561499999999958
0.99 0.9165999999999984
0.99 0.891599999999998
0.99 0.9551499999999968
0.99 0.9408999999999961
0.99 0.950249999999996
0.99 0.9545999999999957
0.99 0.9355999999999973
0.99 0.9443999999999966
0.99 0.9673499999999983
0.99 0.97705
0.99 0.9655500000000004
0.99 0.9734000000000009
0.99 0.9830500000000013
0.99 0.9845500000000014
0.99 0.9090999999999996
0.99 0.8882499999999983
0.99 0.9254999999999982
0.99 0.9709500000000005
0.99 0.9613000000000004
0.99 0.8023000000000002
0.99 0.9221499999999991
0.99 0.9168499999999986
0.99 0.9284499999999984
0.99 0.9277999999999992
0.99 0.9345499999999983
0.99 0.9126999999999987
0.99 0.9119999999999989
0.99 0.7250000000000011
0.99 0.7938000000000008
0.99 0.8968999999999984
0.99 0.8830499999999986
0.99 0.8088500000000022
0.99 0.9164999999999981
0.99 0.9325999999999988
0.99 0.948849999999998
0.99 0.9599999999999997
0.99 0.9465
0.99 0.9370000000000002
0.99 0.9261000000000001
0.99 0.9444000000000006
0.99 0.93565
0.99 0.8165999999999995
0.99 0.3879499999999997
0.46 0.36919999999999925
0.99 0.7711500000000013
0.99 0.7940000000000006
0.99 0.8833999999999992
0.99 0.8400500000000005
0.99 0.4051499999999998
0.99 0.4274500000000001
0.99 0.9056999999999991
0.99 0.9053999999999985
0.99 0.9259499999999984
0.99 0.9494499999999989
0.99 0.9483999999999989
0.99 0.9651999999999994
0.99 0.9414500000000001
0.99 0.9189499999999998
0.99 0.9120999999999991
0.99 0.9100999999999995
0.99 0.9003999999999991
0.99 0.9129499999999987
0.99 0.916999999999999
0.99 0.9138999999999977
0.99 0.8523000000000007
0.99 0.6658499999999986
0.99 0.85655
0.99 0.8982499999999993
0.99 0.9216999999999994
0.99 0.8894499999999995
0.99 0.7354000000000009
0.99 0.8538999999999993
0.99 0.873549999999999
0.99 0.8507499999999995
0.99 0.5752000000000024
0.99 0.8641499999999991
0.99 0.8901999999999994
0.99 0.8668499999999996
0.99 0.8464499999999988
0.99 0.8963499999999991
0.51 0.3712999999999995
0.51 0.3685499999999993
0.51 0.37514999999999943
0.51 0.3789499999999997
0.37 0.3550999999999985
0.46 0.36374999999999885
0.46 0.36629999999999874
0.46 0.3756999999999994
0.46 0.3737499999999994
0.46 0.37589999999999946
0.46 0.3758999999999994
0.46 0.3767499999999994
0.46 0.3781999999999991
0.46 0.383049999999999
0.46 0.38914999999999944
0.46 0.39820000000000005
0.46 0.4038000000000004
0.46 0.40440000000000026
0.46 0.41145000000000076
0.48 0.41960000000000003
0.48 0.42715000000000103
0.63 0.44455000000000183
0.48 0.4417500000000015
0.46 0.4324000000000014
0.62 0.4563000000000009
0.64 0.47035000000000105
0.64 0.4775000000000002
0.64 0.49024999999999946
0.64 0.4914500000000004
0.66 0.3950999999999991
0.66 0.4940500000000002
0.67 0.4533499999999994
0.67 0.4838000000000009
0.67 0.5247000000000008
0.67 0.4872000000000017
0.67 0.5215500000000003
0.67 0.5330500000000012
0.67 0.5558500000000003
0.67 0.49775000000000014
