0.9 0.39398999999999784
0.9 0.42914999999999953
0.9 0.46562000000000153
0.94 0.4865900000000004
0.95 0.5157800000000012
0.95 0.5461700000000005
0.95 0.5668199999999975
0.95 0.5890799999999943
0.96 0.6107899999999975
0.96 0.619789999999994
0.96 0.6292099999999954
0.96 0.6426100000000009
0.97 0.655380000000004
0.97 0.6697400000000049
0.97 0.6827800000000057
0.97 0.7003700000000054
0.97 0.7086300000000044
0.97 0.7300399999999998
0.97 0.7413899999999974
0.98 0.7427399999999971
0.98 0.7469399999999967
0.98 0.7530599999999961
0.98 0.7602099999999973
0.98 0.7522299999999967
0.98 0.7527299999999943
0.98 0.7573599999999974
0.98 0.7442699999999975
0.98 0.7494899999999965
0.98 0.7667100000000016
0.98 0.7646199999999994
0.98 0.7881200000000028
0.98 0.7944499999999981
0.98 0.7994700000000008
0.98 0.8197200000000021
0.98 0.8136800000000037
0.98 0.8227500000000006
0.98 0.8360500000000014
0.98 0.8215600000000021
0.98 0.815530000000001
0.98 0.8188400000000007
0.98 0.8203500000000026
0.98 0.8245600000000035
0.98 0.8235200000000024
0.98 0.8280600000000023
0.98 0.8339000000000024
0.98 0.8332200000000016
0.98 0.8352700000000018
0.98 0.8350200000000013
0.98 0.8394000000000011
0.98 0.839080000000002
0.98 0.8369800000000018
0.98 0.8337699999999993
0.98 0.8416799999999979
0.98 0.8348199999999983
0.98 0.8338599999999997
0.98 0.8331999999999989
0.98 0.8413499999999992
0.98 0.8327900000000003
0.98 0.834549999999999
0.98 0.8423999999999999
0.98 0.8471599999999982
0.98 0.8598499999999957
0.98 0.8615899999999953
0.98 0.8473199999999997
0.98 0.8402399999999989
0.98 0.8464399999999969
0.98 0.8423599999999969
0.98 0.8411700000000001
0.98 0.8531999999999984
0.98 0.855169999999995
0.98 0.8486699999999967
0.98 0.8490299999999984
0.98 0.8485199999999959
0.98 0.8406599999999965
0.98 0.8502399999999956
0.98 0.8522599999999961
0.98 0.8490999999999982
0.98 0.8487999999999973
0.98 0.8364799999999994
0.98 0.8437999999999986
0.98 0.83547
0.98 0.8475699999999976
0.98 0.8525599999999987
0.98 0.8511199999999984
0.98 0.8582299999999965
0.98 0.8621699999999959
0.98 0.8565299999999969
0.98 0.8453799999999996
0.98 0.8486899999999992
0.98 0.8555799999999972
0.98 0.8471100000000001
0.98 0.8453
0.98 0.8401000000000005
0.98 0.8394200000000027
0.98 0.8401500000000011
0.98 0.8448699999999991
0.98 0.8490199999999991
0.98 0.8495099999999982
0.98 0.8384600000000012
0.98 0.8519899999999974
