0.21999999999999997 0.5905400000000068
0.19999999999999996 0.5545000000000062
0.07999999999999996 0.5260800000000043
0.07999999999999996 0.48898000000000397
0.040000000000000036 0.46404000000000195
0.040000000000000036 0.44640000000000174
0.040000000000000036 0.4175200000000012
0.040000000000000036 0.3952000000000021
0.040000000000000036 0.3730800000000017
0.040000000000000036 0.3620000000000021
0.040000000000000036 0.3457800000000017
0.040000000000000036 0.3333200000000015
0.040000000000000036 0.32544000000000123
0.040000000000000036 0.31546000000000146
0.040000000000000036 0.3186800000000014
0.040000000000000036 0.30516000000000143
0.020000000000000018 0.3006200000000012
0.020000000000000018 0.3048800000000015
0.020000000000000018 0.2926200000000015
0.020000000000000018 0.29674000000000156
0.020000000000000018 0.2841600000000013
0.020000000000000018 0.2752800000000012
0.020000000000000018 0.26600000000000107
0.020000000000000018 0.25510000000000027
0.020000000000000018 0.24650000000000036
0.020000000000000018 0.24210000000000031
0.020000000000000018 0.23394000000000056
0.020000000000000018 0.23436000000000046
0.020000000000000018 0.2336400000000001
0.020000000000000018 0.22612000000000054
0.020000000000000018 0.21376000000000034
0.020000000000000018 0.20346000000000009
0.020000000000000018 0.20088000000000028
0.020000000000000018 0.1905999999999999
0.020000000000000018 0.19973999999999997
0.020000000000000018 0.19684000000000001
0.020000000000000018 0.17698000000000016
0.020000000000000018 0.17414000000000016
0.020000000000000018 0.17456000000000002
0.020000000000000018 0.16752000000000017
0.020000000000000018 0.15641999999999986
0.020000000000000018 0.14947999999999986
0.020000000000000018 0.15507999999999975
0.020000000000000018 0.14565999999999982
0.020000000000000018 0.13989999999999977
0.020000000000000018 0.13939999999999977
0.020000000000000018 0.13925999999999966
0.020000000000000018 0.1410599999999996
0.020000000000000018 0.13927999999999957
0.020000000000000018 0.1402599999999997
0.020000000000000018 0.13581999999999972
0.020000000000000018 0.13049999999999973
0.020000000000000018 0.12749999999999967
0.020000000000000018 0.1253599999999997
0.020000000000000018 0.13093999999999972
0.020000000000000018 0.12935999999999975
0.020000000000000018 0.14007999999999968
0.020000000000000018 0.1341799999999996
0.020000000000000018 0.1336599999999996
0.020000000000000018 0.12389999999999966
0.020000000000000018 0.11231999999999967
0.020000000000000018 0.12219999999999966
0.020000000000000018 0.12209999999999958
0.020000000000000018 0.12405999999999952
0.020000000000000018 0.11531999999999962
0.020000000000000018 0.11141999999999963
0.020000000000000018 0.11671999999999969
0.020000000000000018 0.1131999999999997
0.020000000000000018 0.11385999999999963
0.020000000000000018 0.11757999999999973
0.020000000000000018 0.11347999999999969
0.020000000000000018 0.10983999999999972
0.020000000000000018 0.11237999999999956
0.020000000000000018 0.10723999999999946
0.020000000000000018 0.12137999999999967
0.020000000000000018 0.12349999999999957
0.020000000000000018 0.12475999999999961
0.020000000000000018 0.14445999999999976
0.020000000000000018 0.1327399999999997
0.020000000000000018 0.13019999999999976
0.020000000000000018 0.11891999999999968
0.020000000000000018 0.12207999999999973
0.020000000000000018 0.12017999999999983
0.020000000000000018 0.12731999999999985
0.020000000000000018 0.12855999999999956
0.020000000000000018 0.1255199999999997
0.020000000000000018 0.11501999999999966
0.020000000000000018 0.10805999999999974
0.020000000000000018 0.1076999999999997
0.020000000000000018 0.11131999999999977
0.020000000000000018 0.11495999999999973
0.020000000000000018 0.12009999999999975
0.020000000000000018 0.13331999999999974
0.020000000000000018 0.12839999999999982
0.020000000000000018 0.11913999999999972
0.020000000000000018 0.1265399999999998
0.020000000000000018 0.11543999999999982
0.020000000000000018 0.11799999999999969
0.020000000000000018 0.11655999999999958
0.020000000000000018 0.11769999999999962
