0.31999999999999995 0.6533000000000007
0.48 0.6659000000000012
0.38 0.6484000000000003
0.31999999999999995 0.6762999999999998
0.24 0.6777999999999996
0.31999999999999995 0.688099999999999
0.5800000000000001 0.6718000000000001
0.24 0.7175999999999987
0.18000000000000005 0.6763999999999984
0.31999999999999995 0.7003999999999985
0.19999999999999996 0.6744999999999987
0.30000000000000004 0.6850999999999986
0.5 0.6799999999999986
0.48 0.6933999999999989
0.33999999999999997 0.7015999999999991
0.31999999999999995 0.6776999999999985
0.48 0.6735999999999985
0.48 0.6737999999999984
0.36 0.6799999999999986
0.48 0.6693999999999986
0.48 0.7016999999999985
0.48 0.7121999999999987
0.31999999999999995 0.7012999999999987
0.54 0.6879999999999987
0.33999999999999997 0.7019999999999985
0.38 0.7149999999999989
0.38 0.7199999999999989
0.48 0.7064999999999989
0.48 0.6995999999999987
0.31999999999999995 0.7162999999999989
0.31999999999999995 0.6860999999999987
0.06000000000000005 0.6696999999999984
0.31999999999999995 0.6679999999999986
0.31999999999999995 0.6457999999999984
0.31999999999999995 0.6379999999999985
0.09999999999999998 0.6686999999999983
0.09999999999999998 0.6547999999999984
0.09999999999999998 0.6009999999999988
0.28 0.6050999999999993
0.28 0.6057999999999997
0.26 0.6351999999999992
0.52 0.6242999999999986
0.52 0.6426999999999984
0.30000000000000004 0.6609999999999983
0.30000000000000004 0.6229999999999982
0.07999999999999996 0.6108999999999983
0.06000000000000005 0.6236999999999981
0.06000000000000005 0.5839999999999984
0.19999999999999996 0.6075999999999986
0.19999999999999996 0.6041999999999984
0.19999999999999996 0.5754999999999983
0.28 0.6088999999999989
0.09999999999999998 0.5750999999999985
0.09999999999999998 0.5641999999999985
0.18000000000000005 0.4591999999999994
0.09999999999999998 0.5240999999999988
0.09999999999999998 0.47959999999999914
0.09999999999999998 0.45609999999999973
0.09999999999999998 0.520299999999999
0.06000000000000005 0.48279999999999995
0.06000000000000005 0.4022
0.09999999999999998 0.5278999999999991
0.09999999999999998 0.500399999999999
0.09999999999999998 0.5047999999999991
0.09999999999999998 0.5174999999999988
0.06000000000000005 0.49579999999999885
0.06000000000000005 0.4338999999999993
0.06000000000000005 0.3887999999999998
0.09999999999999998 0.3565000000000003
0.09999999999999998 0.48399999999999954
0.06000000000000005 0.41529999999999917
0.14 0.5982999999999983
0.09999999999999998 0.4835999999999997
0.09999999999999998 0.3931999999999997
0.06000000000000005 0.42289999999999955
0.06000000000000005 0.3935999999999998
0.09999999999999998 0.500599999999999
0.09999999999999998 0.5064999999999992
0.040000000000000036 0.5293999999999991
0.09999999999999998 0.5034999999999988
0.09999999999999998 0.49939999999999896
0.09999999999999998 0.5545999999999992
0.09999999999999998 0.4545000000000004
0.06000000000000005 0.4630999999999996
0.040000000000000036 0.4456999999999996
0.040000000000000036 0.3712999999999999
0.040000000000000036 0.31340000000000023
0.040000000000000036 0.3149000000000004
0.06000000000000005 0.3009000000000002
0.040000000000000036 0.29560000000000036
0.040000000000000036 0.3154000000000002
0.040000000000000036 0.3197000000000003
0.040000000000000036 0.3301000000000004
0.040000000000000036 0.3249000000000003
0.06000000000000005 0.4446000000000009
0.09999999999999998 0.3593000000000009
0.09999999999999998 0.3635000000000005
0.09999999999999998 0.3480000000000002
0.09999999999999998 0.3312000000000001
0.09999999999999998 0.2854999999999998
0.09999999999999998 0.2721999999999999
0.09999999999999998 0.2744999999999998
0.09999999999999998 0.28039999999999987
0.09999999999999998 0.2815
0.09999999999999998 0.2788
0.09999999999999998 0.34759999999999985
0.09999999999999998 0.28739999999999993
0.09999999999999998 0.35349999999999987
0.09999999999999998 0.3786999999999996
0.09999999999999998 0.2748999999999999
0.09999999999999998 0.27130000000000004
0.09999999999999998 0.37589999999999935
0.09999999999999998 0.4882000000000006
0.12 0.5226000000000005
0.06000000000000005 0.5238000000000017
0.09999999999999998 0.47120000000000045
0.09999999999999998 0.4328000000000001
0.09999999999999998 0.39209999999999956
0.09999999999999998 0.3709999999999999
0.09999999999999998 0.3474000000000001
0.09999999999999998 0.3450000000000003
0.09999999999999998 0.3322
0.09999999999999998 0.48470000000000046
0.52 0.5443000000000005
0.09999999999999998 0.4542000000000001
0.52 0.5381000000000005
0.52 0.5404000000000001
0.09999999999999998 0.4804
0.09999999999999998 0.4963000000000004
0.09999999999999998 0.502500000000001
0.09999999999999998 0.3599000000000002
0.09999999999999998 0.3071000000000003
0.09999999999999998 0.2705
0.09999999999999998 0.22109999999999985
0.09999999999999998 0.20869999999999986
0.09999999999999998 0.5530999999999987
0.09999999999999998 0.4733999999999993
0.09999999999999998 0.5572999999999984
0.09999999999999998 0.4231000000000003
0.09999999999999998 0.3488000000000002
0.09999999999999998 0.44659999999999966
0.09999999999999998 0.49350000000000016
0.18000000000000005 0.5487000000000002
0.09999999999999998 0.5320000000000006
0.48 0.5456000000000005
0.48 0.5392000000000001
0.09999999999999998 0.4870000000000006
0.09999999999999998 0.5039000000000005
0.48 0.5729000000000002
0.09999999999999998 0.5804999999999988
0.52 0.6775999999999985
0.52 0.6708999999999983
0.52 0.6561999999999979
0.18000000000000005 0.6055999999999979
0.12 0.6308999999999979
0.52 0.6281999999999985
0.52 0.6648999999999978
0.52 0.6382999999999978
0.28 0.6088999999999986
0.52 0.5806999999999991
0.09999999999999998 0.5749999999999988
0.52 0.5690999999999994
0.09999999999999998 0.5088999999999996
0.09999999999999998 0.4637000000000003
0.09999999999999998 0.4580999999999999
0.09999999999999998 0.4425000000000005
0.09999999999999998 0.4643000000000004
0.09999999999999998 0.4138999999999999
0.09999999999999998 0.4997999999999992
0.09999999999999998 0.5003999999999992
0.09999999999999998 0.41939999999999955
0.09999999999999998 0.3477999999999998
0.09999999999999998 0.32849999999999957
0.09999999999999998 0.28459999999999985
0.09999999999999998 0.2945999999999998
0.09999999999999998 0.29250000000000004
0.09999999999999998 0.19969999999999996
0.09999999999999998 0.22499999999999978
0.09999999999999998 0.21359999999999993
0.09999999999999998 0.25110000000000005
0.09999999999999998 0.2652
0.09999999999999998 0.23269999999999996
0.09999999999999998 0.18589999999999982
0.09999999999999998 0.27590000000000015
0.09999999999999998 0.2764
0.09999999999999998 0.32640000000000013
0.09999999999999998 0.25070000000000003
0.09999999999999998 0.2676999999999998
0.09999999999999998 0.25099999999999995
0.09999999999999998 0.2723
0.09999999999999998 0.2515000000000001
0.09999999999999998 0.20859999999999992
0.09999999999999998 0.2509999999999999
0.09999999999999998 0.22640000000000005
0.09999999999999998 0.24910000000000004
0.09999999999999998 0.18210000000000015
0.09999999999999998 0.18800000000000008
0.09999999999999998 0.2033
0.09999999999999998 0.1815
0.09999999999999998 0.19579999999999997
0.09999999999999998 0.19769999999999993
0.09999999999999998 0.19279999999999986
0.09999999999999998 0.21449999999999997
0.09999999999999998 0.25849999999999995
0.09999999999999998 0.2209000000000001
0.09999999999999998 0.26299999999999996
0.09999999999999998 0.2075
0.09999999999999998 0.24760000000000015
0.09999999999999998 0.2201
0.09999999999999998 0.20049999999999993
0.09999999999999998 0.19270000000000015
0.09999999999999998 0.17050000000000004
0.09999999999999998 0.1765999999999999
0.09999999999999998 0.1843999999999999
0.09999999999999998 0.17389999999999994
0.09999999999999998 0.1784999999999999
0.09999999999999998 0.27290000000000014
0.09999999999999998 0.3341999999999999
0.09999999999999998 0.2169000000000001
0.09999999999999998 0.2076999999999999
0.09999999999999998 0.4955999999999999
0.09999999999999998 0.26419999999999993
0.09999999999999998 0.26549999999999996
0.09999999999999998 0.23970000000000002
0.09999999999999998 0.2684000000000001
0.09999999999999998 0.23179999999999995
0.09999999999999998 0.2162999999999999
0.09999999999999998 0.22809999999999991
0.12 0.28430000000000005
0.09999999999999998 0.24239999999999995
0.09999999999999998 0.23599999999999988
0.09999999999999998 0.24060000000000006
0.09999999999999998 0.21349999999999983
0.09999999999999998 0.2006999999999999
0.09999999999999998 0.22809999999999986
0.09999999999999998 0.2466
0.09999999999999998 0.22719999999999985
0.09999999999999998 0.22760000000000005
0.09999999999999998 0.20300000000000015
0.09999999999999998 0.19260000000000008
0.09999999999999998 0.17930000000000004
0.09999999999999998 0.15939999999999988
0.09999999999999998 0.16029999999999983
0.09999999999999998 0.16689999999999983
0.09999999999999998 0.16859999999999992
0.09999999999999998 0.20720000000000002
0.09999999999999998 0.1807000000000001
0.09999999999999998 0.19060000000000002
0.09999999999999998 0.18079999999999996
0.09999999999999998 0.1861999999999999
0.09999999999999998 0.1651999999999999
0.09999999999999998 0.16339999999999982
0.09999999999999998 0.1754999999999997
0.09999999999999998 0.3187000000000004
0.09999999999999998 0.21869999999999998
0.09999999999999998 0.21929999999999986
0.09999999999999998 0.21179999999999988
0.09999999999999998 0.17769999999999989
0.09999999999999998 0.17879999999999982
0.09999999999999998 0.19099999999999986
0.09999999999999998 0.1712999999999999
0.07999999999999996 0.20670000000000002
0.07999999999999996 0.1969999999999999
0.09999999999999998 0.2046999999999999
0.09999999999999998 0.21599999999999986
0.07999999999999996 0.18739999999999987
0.09999999999999998 0.18049999999999986
0.040000000000000036 0.19379999999999992
0.040000000000000036 0.17609999999999978
0.07999999999999996 0.16369999999999985
0.07999999999999996 0.17809999999999981
0.07999999999999996 0.1801999999999998
0.07999999999999996 0.19279999999999986
0.07999999999999996 0.1554999999999999
0.06000000000000005 0.20850000000000016
0.09999999999999998 0.31329999999999975
0.07999999999999996 0.24449999999999997
0.09999999999999998 0.44210000000000016
0.09999999999999998 0.3281999999999999
0.09999999999999998 0.2585999999999996
0.09999999999999998 0.23979999999999993
0.09999999999999998 0.2434999999999999
0.09999999999999998 0.22349999999999998
0.09999999999999998 0.3882999999999999
0.09999999999999998 0.4110000000000007
0.09999999999999998 0.34150000000000047
0.09999999999999998 0.4860000000000006
0.52 0.5440000000000008
0.09999999999999998 0.32500000000000034
0.09999999999999998 0.2538
0.09999999999999998 0.38110000000000055
0.09999999999999998 0.21019999999999983
0.09999999999999998 0.5209000000000004
0.09999999999999998 0.3525000000000005
0.09999999999999998 0.5158000000000005
0.09999999999999998 0.5221000000000001
0.09999999999999998 0.5317000000000003
0.09999999999999998 0.5224000000000004
0.09999999999999998 0.4867000000000005
0.09999999999999998 0.45510000000000067
0.09999999999999998 0.5082000000000003
0.09999999999999998 0.5278000000000005
0.09999999999999998 0.44600000000000073
0.09999999999999998 0.4570000000000003
0.09999999999999998 0.4712000000000007
0.09999999999999998 0.4732000000000005
0.09999999999999998 0.48080000000000067
0.09999999999999998 0.5105000000000005
0.09999999999999998 0.5285
0.09999999999999998 0.39690000000000025
0.09999999999999998 0.5435000000000008
0.09999999999999998 0.40470000000000006
0.09999999999999998 0.3427000000000001
0.09999999999999998 0.3276000000000004
0.09999999999999998 0.5104000000000009
0.09999999999999998 0.24849999999999994
0.09999999999999998 0.21339999999999995
0.09999999999999998 0.44829999999999953
0.09999999999999998 0.5402
0.09999999999999998 0.3439999999999997
0.09999999999999998 0.28709999999999986
0.09999999999999998 0.3466999999999998
0.09999999999999998 0.3733999999999995
0.09999999999999998 0.5369999999999999
0.09999999999999998 0.5344000000000001
0.09999999999999998 0.29600000000000015
0.09999999999999998 0.4395000000000011
0.09999999999999998 0.31500000000000017
0.09999999999999998 0.5283000000000001
0.09999999999999998 0.5613000000000004
0.09999999999999998 0.3643000000000001
0.09999999999999998 0.37840000000000074
0.09999999999999998 0.3002
0.09999999999999998 0.25250000000000006
0.09999999999999998 0.24399999999999994
0.09999999999999998 0.26049999999999995
0.09999999999999998 0.3046000000000001
0.09999999999999998 0.2365999999999999
0.09999999999999998 0.20569999999999974
0.09999999999999998 0.20809999999999987
0.09999999999999998 0.21980000000000005
0.09999999999999998 0.22200000000000006
0.09999999999999998 0.20999999999999988
0.09999999999999998 0.20869999999999997
0.09999999999999998 0.1913
0.09999999999999998 0.1855
0.09999999999999998 0.17149999999999996
0.09999999999999998 0.24549999999999994
0.09999999999999998 0.2165999999999998
0.09999999999999998 0.26500000000000007
0.09999999999999998 0.22519999999999993
0.09999999999999998 0.24110000000000015
0.09999999999999998 0.1889999999999999
0.09999999999999998 0.17589999999999983
0.09999999999999998 0.16689999999999983
0.06000000000000005 0.2073999999999998
0.06000000000000005 0.26440000000000013
0.09999999999999998 0.1785999999999997
0.09999999999999998 0.1477999999999997
0.09999999999999998 0.1430999999999997
0.09999999999999998 0.16419999999999974
0.09999999999999998 0.16979999999999978
0.09999999999999998 0.15879999999999972
0.06000000000000005 0.20449999999999993
0.06000000000000005 0.18499999999999994
0.06000000000000005 0.16049999999999995
0.06000000000000005 0.14639999999999984
0.06000000000000005 0.1655999999999999
0.06000000000000005 0.16909999999999997
0.06000000000000005 0.18190000000000006
0.06000000000000005 0.3055000000000004
0.06000000000000005 0.2028000000000001
0.06000000000000005 0.17899999999999994
0.06000000000000005 0.1723
0.06000000000000005 0.18840000000000007
0.06000000000000005 0.27780000000000016
0.06000000000000005 0.22249999999999998
0.06000000000000005 0.3498000000000009
0.56 0.38820000000000043
0.56 0.36180000000000034
0.56 0.34370000000000056
0.52 0.38480000000000003
0.5 0.35690000000000033
0.5 0.3719000000000001
0.48 0.34950000000000025
0.48 0.35780000000000006
0.48 0.3988999999999997
0.48 0.3866000000000001
0.48 0.38570000000000015
0.48 0.42699999999999977
0.48 0.3964999999999999
0.48 0.37110000000000004
0.52 0.39639999999999986
0.48 0.39089999999999997
0.48 0.38799999999999985
0.48 0.3759
0.21999999999999997 0.37060000000000004
0.21999999999999997 0.3729000000000001
0.09999999999999998 0.3420000000000002
0.09999999999999998 0.3546
0.09999999999999998 0.3617
0.09999999999999998 0.3724
0.09999999999999998 0.3419000000000001
0.09999999999999998 0.3670999999999999
0.09999999999999998 0.3507000000000001
0.09999999999999998 0.3455000000000002
0.09999999999999998 0.34800000000000003
0.09999999999999998 0.38629999999999987
0.09999999999999998 0.38349999999999995
0.09999999999999998 0.3651000000000002
0.48 0.36380000000000023
0.31999999999999995 0.3468000000000003
0.48 0.3592
0.48 0.3469000000000001
0.48 0.35710000000000003
0.48 0.35790000000000005
0.48 0.36500000000000005
0.48 0.35240000000000016
0.52 0.39349999999999985
0.52 0.42489999999999944
0.52 0.38530000000000003
0.52 0.3908999999999998
0.52 0.3817999999999999
0.21999999999999997 0.3968999999999997
0.52 0.39599999999999974
0.52 0.40519999999999967
0.52 0.36280000000000007
0.52 0.3704
0.52 0.36550000000000005
0.52 0.3800999999999999
0.52 0.37129999999999996
0.52 0.3783999999999999
0.52 0.3864999999999998
0.52 0.39100000000000007
0.52 0.38639999999999985
0.52 0.36690000000000006
0.52 0.3631
0.52 0.36339999999999995
0.52 0.3691
0.52 0.3921999999999998
0.52 0.39369999999999983
0.52 0.3864999999999998
0.52 0.37010000000000004
0.52 0.36940000000000006
0.52 0.3588
0.52 0.3595000000000001
0.52 0.3601000000000002
0.52 0.3747
0.52 0.35589999999999994
0.52 0.35980000000000006
0.52 0.36
0.52 0.3759
0.52 0.36760000000000015
0.52 0.3611999999999999
0.52 0.3544000000000001
0.52 0.3536000000000001
0.52 0.35420000000000007
0.52 0.35040000000000004
0.52 0.3443000000000002
0.52 0.36479999999999996
0.52 0.36419999999999986
0.52 0.36879999999999996
0.52 0.3519000000000001
0.52 0.34040000000000015
0.52 0.34320000000000017
0.52 0.34840000000000004
0.28 0.3513
0.52 0.3469
0.52 0.34290000000000015
0.52 0.34630000000000016
0.52 0.36809999999999987
0.52 0.35300000000000004
0.52 0.3676
0.52 0.3452000000000001
0.52 0.3473000000000001
0.48 0.36889999999999984
0.48 0.3525
0.48 0.34940000000000004
0.48 0.3431000000000002
0.48 0.3482000000000001
0.48 0.33600000000000013
0.48 0.34610000000000013
0.48 0.34390000000000015
0.48 0.3588000000000001
0.48 0.3569000000000001
0.48 0.35100000000000015
0.48 0.34570000000000006
0.48 0.3653
0.48 0.3537000000000001
0.48 0.35530000000000017
0.48 0.3516
0.48 0.46649999999999975
0.48 0.5412999999999993
0.48 0.5402999999999998
0.48 0.5326000000000003
0.06000000000000005 0.5337999999999999
0.06000000000000005 0.5573999999999996
0.06000000000000005 0.4731000000000002
0.06000000000000005 0.4561000000000004
0.48 0.4801999999999999
