0.75 0.4161000000000001
0.75 0.42615
0.75 0.4774500000000002
0.75 0.45925000000000005
0.72 0.44420000000000004
0.72 0.4531499999999998
0.72 0.4229500000000004
0.72 0.4268500000000003
0.72 0.45869999999999983
0.71 0.43594999999999984
0.8 0.48655000000000004
0.76 0.4748000000000003
0.72 0.4803500000000001
0.72 0.49025000000000063
0.72 0.4924000000000006
0.72 0.5062000000000002
0.72 0.5012500000000009
0.72 0.48595000000000055
0.72 0.48590000000000083
0.72 0.4856500000000007
0.72 0.47575000000000034
0.72 0.48980000000000024
0.8 0.4918000000000005
0.72 0.5557999999999998
0.72 0.5650000000000002
0.72 0.57615
0.74 0.5289499999999999
0.71 0.490750000000001
0.71 0.51265
0.72 0.5609000000000001
0.72 0.6352500000000009
0.72 0.6152000000000004
0.72 0.6388500000000004
0.72 0.644050000000001
0.72 0.634100000000001
0.72 0.6074500000000005
0.72 0.5844
0.72 0.6202000000000009
0.72 0.6500000000000008
0.72 0.649450000000001
0.72 0.6605
0.72 0.6461000000000001
0.72 0.6763999999999997
0.76 0.6202000000000002
0.75 0.66665
0.72 0.618350000000001
0.72 0.6937999999999986
0.75 0.6777499999999986
0.85 0.7040999999999984
0.72 0.7046499999999988
0.72 0.7042999999999989
0.82 0.7019499999999994
0.82 0.7188999999999989
0.87 0.6929999999999998
0.74 0.7062499999999992
0.74 0.7058999999999992
0.77 0.7032499999999992
0.77 0.6893999999999996
0.75 0.7011499999999995
0.87 0.6953999999999994
0.89 0.7108499999999995
0.72 0.5593499999999991
0.72 0.5873499999999993
0.84 0.6336999999999992
0.72 0.608099999999999
0.72 0.6578
0.8 0.6588999999999997
0.8 0.6265499999999993
0.8 0.6853499999999998
0.77 0.6677
0.77 0.6850499999999995
0.89 0.7015499999999993
0.89 0.640349999999999
0.89 0.7054999999999996
0.87 0.4942499999999989
0.89 0.6705500000000003
0.79 0.6791499999999996
0.79 0.68715
0.74 0.6019999999999993
0.76 0.6882999999999996
0.74 0.700949999999999
0.78 0.6981999999999993
0.81 0.6992999999999998
0.76 0.6548999999999998
0.81 0.6893999999999998
0.76 0.6903499999999998
0.76 0.67625
0.81 0.7053499999999994
0.81 0.7134999999999995
0.81 0.7067999999999999
0.81 0.7157499999999994
0.8 0.7239999999999996
0.8 0.7236999999999999
0.85 0.7254999999999997
0.92 0.7485500000000002
0.92 0.7722999999999999
0.92 0.7752999999999998
0.92 0.7425999999999996
0.84 0.6463000000000004
0.87 0.6286999999999991
0.88 0.6715500000000004
0.82 0.5444999999999994
0.85 0.5742999999999988
0.85 0.563849999999999
0.85 0.625149999999999
0.91 0.6946000000000003
0.91 0.73945
0.94 0.7466499999999998
0.94 0.7658000000000004
0.94 0.7897000000000002
0.86 0.7749499999999999
0.9 0.7958000000000004
0.9 0.7997499999999992
0.95 0.8127499999999993
0.95 0.8211999999999999
0.95 0.8274499999999994
0.95 0.8247500000000001
0.95 0.7860000000000003
0.95 0.7804500000000004
0.95 0.82605
0.86 0.7126499999999996
0.86 0.6977999999999999
0.86 0.6942499999999997
0.95 0.7515500000000002
0.94 0.7941499999999999
0.94 0.8230499999999995
0.92 0.7670500000000007
0.94 0.7837000000000003
0.94 0.7736500000000005
0.94 0.7985000000000008
0.95 0.8028500000000004
0.93 0.7711999999999998
0.93 0.8078499999999995
0.95 0.8496000000000002
0.95 0.8547500000000008
0.95 0.8714000000000013
0.95 0.8977000000000009
0.95 0.8559500000000004
0.95 0.8889500000000007
0.95 0.8826000000000015
0.95 0.8799000000000009
0.95 0.9028500000000002
0.95 0.8144000000000005
0.95 0.7514499999999991
0.95 0.7857500000000006
0.95 0.7702500000000008
0.95 0.8291499999999988
0.95 0.8809999999999998
0.95 0.8894000000000001
0.95 0.9078999999999999
0.95 0.9166000000000006
0.95 0.9152500000000017
0.95 0.9215000000000013
0.95 0.8020499999999984
0.95 0.8713000000000024
0.95 0.8604000000000015
0.95 0.8810000000000006
0.95 0.8965000000000006
0.95 0.8558999999999999
0.95 0.8977000000000009
0.95 0.8895500000000008
0.95 0.876650000000001
0.95 0.9163500000000004
0.95 0.9210500000000011
0.95 0.9074000000000022
0.95 0.9170500000000018
0.95 0.9185000000000008
0.95 0.9008500000000009
0.95 0.9246000000000001
0.95 0.933099999999999
0.95 0.91625
0.95 0.8970000000000005
0.95 0.9096000000000007
0.95 0.9243499999999998
0.95 0.9153500000000011
0.95 0.913400000000001
0.95 0.9293499999999993
0.95 0.9318499999999998
0.95 0.4461499999999987
0.95 0.4963499999999991
0.95 0.6434999999999982
0.95 0.7576500000000006
0.95 0.8067500000000006
0.95 0.8546500000000026
0.95 0.8500000000000018
0.95 0.7803000000000011
0.95 0.8193500000000016
0.95 0.8458999999999999
0.95 0.8921500000000013
0.95 0.9154000000000002
0.95 0.9193000000000009
0.95 0.9305500000000002
0.95 0.9272999999999992
0.95 0.9310999999999996
0.95 0.9229000000000002
0.95 0.9318499999999998
0.95 0.9306499999999999
0.95 0.9208499999999998
0.95 0.9244500000000001
0.95 0.9214
0.95 0.9265999999999995
0.95 0.9370999999999989
0.95 0.9320499999999992
0.95 0.9190999999999994
0.95 0.92345
0.95 0.9281999999999997
0.95 0.9200499999999997
0.95 0.9285499999999998
0.95 0.9324499999999989
0.95 0.9289499999999994
0.95 0.9203500000000004
0.95 0.8962000000000019
0.95 0.9121000000000015
0.95 0.92915
0.95 0.9308499999999995
0.95 0.9347999999999996
0.95 0.9289999999999995
0.95 0.9315499999999992
0.95 0.936249999999999
0.95 0.934249999999999
0.95 0.9094499999999996
0.95 0.9160499999999998
0.95 0.9096
0.95 0.9065000000000016
0.95 0.914550000000001
0.95 0.9128500000000004
0.95 0.9206999999999997
0.73 0.5854000000000016
0.95 0.9087500000000016
0.95 0.9161000000000008
0.95 0.9198000000000005
0.95 0.9231000000000005
0.95 0.9253499999999997
0.83 0.5894000000000017
0.83 0.6332000000000012
0.95 0.8235000000000019
0.95 0.8748500000000015
0.95 0.8939000000000016
0.95 0.9130000000000017
0.95 0.886050000000002
0.95 0.9161500000000007
0.95 0.9113000000000011
0.95 0.9099500000000011
0.95 0.9165500000000004
0.95 0.90735
0.95 0.9233499999999998
0.75 0.5952000000000016
0.78 0.635050000000001
0.95 0.8386500000000016
0.83 0.6554000000000005
0.85 0.6894499999999988
0.95 0.7908000000000003
0.86 0.7173999999999988
0.86 0.7463000000000006
0.92 0.6686499999999999
0.92 0.7331500000000013
0.93 0.7631500000000011
0.93 0.7067500000000028
0.93 0.7980000000000004
0.94 0.82115
0.94 0.8388000000000004
0.94 0.7338000000000029
0.94 0.8145500000000009
0.94 0.8334000000000005
0.94 0.8337000000000004
0.94 0.5531499999999991
0.94 0.5732999999999993
0.94 0.7659500000000021
0.94 0.8007500000000004
0.95 0.7940500000000008
0.95 0.7446000000000009
0.95 0.8657500000000011
0.95 0.865450000000001
0.95 0.8845499999999995
0.95 0.8352500000000006
0.95 0.8655499999999994
0.95 0.8735999999999986
0.95 0.8699499999999997
0.95 0.8922999999999984
0.95 0.9003499999999995
0.95 0.9024499999999996
0.95 0.9017000000000008
0.95 0.9329000000000002
0.95 0.9172000000000005
0.95 0.9156
0.95 0.9185500000000003
0.95 0.9220999999999999
0.95 0.90885
0.95 0.9095999999999996
0.95 0.8779000000000015
0.95 0.9180499999999994
0.95 0.9212999999999987
0.95 0.9071999999999999
0.95 0.9342499999999988
0.95 0.9175999999999996
0.95 0.9186999999999991
0.95 0.9232999999999987
0.95 0.8726500000000008
0.95 0.853950000000002
0.95 0.5854999999999998
0.95 0.8860000000000007
0.95 0.7330000000000032
0.95 0.7786500000000028
0.95 0.5250500000000003
0.95 0.6803500000000022
0.95 0.7794500000000018
0.95 0.8347500000000018
0.95 0.47124999999999895
0.69 0.34739999999999865
0.69 0.3610499999999986
0.69 0.3708499999999987
0.69 0.38224999999999887
0.75 0.4044499999999988
0.85 0.45239999999999897
0.93 0.5291499999999997
0.95 0.6128500000000003
0.95 0.6715500000000014
0.95 0.7482000000000003
0.95 0.7686999999999996
0.95 0.8501000000000009
0.95 0.8563500000000006
0.95 0.8217500000000005
0.91 0.6995999999999987
0.95 0.7316999999999989
0.95 0.8876000000000007
0.95 0.8705500000000016
0.95 0.8602000000000015
0.95 0.8541000000000014
0.95 0.8692500000000015
0.95 0.8859000000000009
0.95 0.8799500000000026
0.95 0.905600000000003
0.95 0.9161500000000031
0.95 0.9294000000000006
0.95 0.9215999999999999
0.95 0.9169499999999994
0.95 0.8490999999999993
0.95 0.9026999999999995
0.95 0.9181499999999991
0.95 0.9102999999999993
0.95 0.931249999999999
0.95 0.8009500000000012
0.95 0.8376000000000028
0.95 0.9007
0.8 0.7111499999999978
0.84 0.7115499999999989
0.86 0.72765
0.95 0.8738500000000029
0.95 0.8869500000000023
0.95 0.8701000000000024
0.95 0.8852500000000012
0.95 0.9090999999999998
0.95 0.9162000000000006
0.95 0.9094999999999999
0.95 0.9007500000000005
0.95 0.9106500000000001
0.95 0.9325499999999987
0.95 0.9147999999999995
0.95 0.8926500000000013
0.84 0.7308500000000013
0.84 0.7477500000000021
0.95 0.7512500000000027
0.95 0.7802000000000002
0.95 0.9163000000000013
0.95 0.9176500000000007
0.95 0.9126999999999996
0.95 0.8845500000000012
0.95 0.9120500000000001
0.95 0.909
0.95 0.9301499999999989
0.95 0.9294499999999988
0.95 0.9070999999999998
0.95 0.8998999999999997
0.95 0.8853499999999999
0.95 0.8891999999999998
0.95 0.8992500000000002
0.95 0.6637000000000011
0.7 0.6510500000000015
0.95 0.6869500000000014
0.7 0.6680500000000013
0.7 0.670150000000001
0.7 0.6618000000000012
0.73 0.668550000000002
0.73 0.6833500000000018
0.95 0.6953000000000021
0.75 0.6778000000000026
0.73 0.6888500000000021
0.8 0.6862500000000021
0.8 0.6927000000000022
0.8 0.5938500000000009
0.7 0.5047500000000006
0.8 0.6169000000000008
0.8 0.6352000000000004
0.8 0.5770000000000002
0.76 0.5640500000000009
0.83 0.6457000000000005
0.81 0.5850499999999998
0.79 0.5899000000000001
0.77 0.61435
0.81 0.6405000000000005
0.83 0.7041000000000001
0.81 0.6118500000000003
0.67 0.6312499999999995
0.76 0.6358500000000002
0.81 0.6530000000000011
0.79 0.6141000000000008
0.83 0.649950000000001
0.83 0.6721000000000015
0.83 0.682650000000001
0.83 0.7164500000000014
0.83 0.6643500000000009
0.83 0.7285500000000019
0.83 0.7685500000000021
0.83 0.7679500000000012
0.83 0.7674500000000003
0.83 0.7855999999999989
0.83 0.7977499999999986
0.77 0.7035500000000005
0.83 0.6325499999999997
0.83 0.7816499999999994
0.76 0.6026499999999994
0.76 0.6244499999999997
0.79 0.6467
0.78 0.6320000000000003
0.78 0.6978999999999993
0.78 0.6603999999999989
0.79 0.6904499999999989
0.79 0.7246999999999995
0.83 0.7025999999999989
0.79 0.7322999999999993
0.79 0.7313000000000001
0.83 0.7419999999999999
0.81 0.6046999999999996
0.77 0.6219499999999989
0.83 0.7535499999999997
0.83 0.7574500000000012
0.83 0.773600000000002
0.8 0.6734499999999985
0.75 0.618199999999999
0.75 0.6195499999999992
0.79 0.6495999999999992
0.79 0.6173999999999992
0.73 0.5930499999999987
0.73 0.5941999999999992
0.76 0.6524999999999993
0.77 0.6535999999999997
0.78 0.6859000000000015
0.78 0.6710000000000019
0.78 0.6943500000000016
0.78 0.6984500000000011
0.78 0.7070000000000002
0.79 0.7292500000000007
0.79 0.7233500000000016
0.79 0.691350000000003
0.79 0.7328
0.83 0.7121000000000016
0.83 0.7284500000000006
0.33 0.32999999999999874
0.33 0.32689999999999914
0.33 0.32979999999999876
0.33 0.3299499999999987
0.33 0.3299499999999987
0.33 0.32999999999999874
0.33 0.32999999999999874
0.33 0.32999999999999874
0.33 0.32939999999999875
0.33 0.3294499999999988
0.33 0.32999999999999874
0.33 0.32999999999999874
0.33 0.32999999999999874
0.33 0.32999999999999874
0.33 0.32999999999999874
0.72 0.3531999999999986
0.33 0.32999999999999874
0.33 0.32999999999999874
0.33 0.32999999999999874
0.33 0.32999999999999874
0.33 0.32999999999999874
0.33 0.32999999999999874
0.33 0.32999999999999874
0.33 0.32999999999999874
0.33 0.32999999999999874
0.33 0.32999999999999874
0.33 0.32999999999999874
0.33 0.32999999999999874
0.33 0.32999999999999874
0.33 0.32999999999999874
0.33 0.32999999999999874
0.33 0.32999999999999874
0.33 0.32999999999999874
0.33 0.32999999999999874
0.33 0.32999999999999874
0.33 0.32999999999999874
0.33 0.32999999999999874
0.33 0.32999999999999874
0.33 0.32999999999999874
0.33 0.32999999999999874
0.33 0.32999999999999874
0.33 0.32999999999999874
0.33 0.32999999999999874
