0.83 0.41371999999999864
0.88 0.4506900000000003
0.88 0.4784400000000017
0.89 0.5044000000000008
0.89 0.524100000000001
0.9 0.5520300000000047
0.92 0.5762200000000008
0.95 0.6069699999999972
0.95 0.6227199999999993
0.95 0.6342400000000032
0.95 0.6496000000000036
0.95 0.6580800000000059
0.95 0.6716500000000039
0.95 0.6724100000000038
0.97 0.6825200000000029
0.97 0.6912000000000001
0.97 0.6920600000000007
0.97 0.6960499999999998
0.97 0.7121499999999985
0.97 0.7128899999999978
0.97 0.7229099999999948
0.97 0.7304499999999922
0.97 0.7364499999999903
0.97 0.7305199999999926
0.97 0.7382599999999911
0.97 0.7486499999999918
0.97 0.7530699999999951
0.97 0.7630399999999958
0.97 0.7548399999999953
0.97 0.7607399999999929
0.97 0.7640599999999942
0.97 0.7708099999999923
0.97 0.7762899999999924
0.97 0.7740599999999938
0.97 0.783309999999993
0.97 0.7936199999999931
0.97 0.7905999999999948
0.97 0.7960099999999924
0.97 0.8041099999999937
0.97 0.7992799999999929
0.97 0.7983899999999928
0.97 0.7974699999999951
0.97 0.8016099999999944
0.97 0.8068699999999934
0.97 0.8106799999999961
0.97 0.8161099999999977
0.97 0.8220499999999988
0.97 0.8196099999999966
0.97 0.8190199999999969
0.97 0.8255999999999958
0.97 0.8277999999999961
0.97 0.8267699999999972
0.97 0.8398999999999971
0.97 0.8396299999999974
0.97 0.8389199999999969
0.97 0.8318699999999967
0.97 0.8293199999999972
0.97 0.826779999999997
0.97 0.8282099999999954
0.97 0.8315299999999957
0.97 0.8388999999999972
0.97 0.8346399999999969
0.97 0.8553799999999938
0.97 0.8345599999999945
0.97 0.8327399999999953
0.97 0.8427199999999953
0.97 0.8217799999999958
0.97 0.8276899999999946
0.97 0.8282499999999953
0.97 0.8273299999999955
0.97 0.835709999999995
0.97 0.8315199999999965
0.97 0.8315499999999959
0.97 0.8379299999999965
0.97 0.8474499999999948
0.97 0.8503399999999955
0.97 0.860399999999994
0.97 0.8605699999999931
0.97 0.8481599999999945
0.97 0.8459399999999947
0.97 0.8473999999999952
0.97 0.847269999999995
0.97 0.8498499999999949
0.97 0.8579499999999922
0.97 0.8621499999999939
0.97 0.8542199999999928
0.97 0.8490399999999944
0.97 0.8417999999999957
0.97 0.834709999999996
0.97 0.8363599999999957
0.97 0.8443599999999939
0.97 0.8349599999999938
0.97 0.8367699999999948
0.97 0.8347499999999959
0.97 0.8338799999999945
0.97 0.8316199999999958
0.97 0.8318499999999969
0.97 0.8478899999999947
0.97 0.8436499999999948
0.97 0.8389599999999949
