0.89 0.4173999999999967
0.93 0.45627999999999835
0.93 0.4844499999999998
0.93 0.5096700000000005
0.96 0.5436100000000027
0.96 0.5679800000000015
0.96 0.594540000000002
0.96 0.6141400000000005
0.96 0.6283400000000009
0.96 0.6539800000000026
0.96 0.6627400000000014
0.96 0.6644599999999986
0.96 0.6790099999999966
0.96 0.6802599999999959
0.98 0.6883799999999944
0.98 0.7010299999999943
0.98 0.7057199999999968
0.98 0.706250000000002
0.98 0.7043700000000014
0.98 0.7162500000000023
0.98 0.71493
0.98 0.7231000000000012
0.98 0.7303900000000035
0.98 0.7316200000000026
0.98 0.7412000000000019
0.99 0.748880000000004
0.99 0.7543900000000037
0.99 0.7565400000000058
0.99 0.7602800000000055
0.99 0.7514100000000028
0.99 0.7584100000000041
0.99 0.7718900000000065
0.99 0.770180000000005
0.99 0.7824800000000076
0.99 0.780510000000006
0.99 0.7849200000000057
0.99 0.7918800000000071
0.99 0.7997800000000069
0.99 0.8133000000000037
0.99 0.8136000000000024
0.99 0.8276500000000038
0.99 0.8296100000000024
0.99 0.8381400000000018
0.99 0.8525100000000013
0.99 0.8572499999999982
0.99 0.8584799999999954
0.99 0.8510499999999979
0.99 0.8711199999999947
0.99 0.8716399999999956
0.99 0.8681899999999975
0.99 0.8736099999999973
0.99 0.8623799999999973
0.99 0.8638899999999963
0.99 0.8524499999999945
0.99 0.8705099999999973
0.99 0.8698399999999955
0.99 0.8691299999999953
0.99 0.8737099999999947
0.99 0.8699799999999934
0.99 0.8744699999999941
0.99 0.8783899999999967
0.99 0.8781599999999958
0.99 0.8729499999999955
0.99 0.8782599999999962
0.99 0.8785499999999978
0.99 0.8829299999999983
0.99 0.8793299999999973
0.99 0.8761899999999978
0.99 0.8810999999999987
0.99 0.8782899999999986
0.99 0.875039999999998
0.99 0.8698699999999965
0.99 0.871069999999997
0.99 0.8736599999999954
0.99 0.884969999999997
0.99 0.8843999999999959
0.99 0.8819499999999956
0.99 0.8788899999999946
0.99 0.8795099999999944
0.99 0.8790599999999945
0.99 0.8916299999999953
0.99 0.882379999999996
0.99 0.8766699999999944
0.99 0.8710099999999943
0.99 0.8737399999999944
0.99 0.8715699999999935
0.99 0.8695299999999941
0.99 0.8709399999999944
0.99 0.881379999999995
0.99 0.877469999999996
0.99 0.886289999999995
0.99 0.8790699999999927
0.99 0.8855099999999946
0.99 0.8898299999999947
0.99 0.8863199999999952
0.99 0.8886599999999972
0.99 0.8892199999999971
0.99 0.8920700000000006
0.99 0.8851499999999959
0.99 0.8832799999999963
