0.68 0.376099999999999
0.69 0.4120999999999993
0.69 0.4199499999999986
0.72 0.4287999999999992
0.7 0.43964999999999965
0.7 0.4676000000000002
0.82 0.43364999999999976
0.67 0.40394999999999875
0.7 0.44945000000000024
0.83 0.49310000000000104
0.77 0.47185000000000055
0.83 0.46980000000000105
0.83 0.4502500000000005
0.76 0.49460000000000165
0.83 0.5015000000000017
0.7 0.4994500000000007
0.83 0.47810000000000097
0.95 0.4894500000000008
0.95 0.5213500000000008
0.94 0.5662500000000008
0.91 0.5925999999999995
0.91 0.6188500000000008
0.8 0.5691000000000003
0.8 0.6002000000000001
0.73 0.5775499999999991
0.81 0.5517000000000007
0.82 0.6002500000000007
0.94 0.6284000000000006
0.86 0.6370000000000007
0.83 0.6389500000000014
0.89 0.6032500000000003
0.83 0.6418500000000011
0.95 0.49665000000000165
0.83 0.5571500000000001
0.84 0.5648499999999997
0.94 0.6035000000000004
0.95 0.6611000000000016
0.91 0.6727000000000012
0.75 0.6581000000000011
0.7 0.6408000000000009
0.7 0.6635000000000004
0.7 0.681400000000001
0.7 0.6844000000000012
0.7 0.679500000000001
0.7 0.6532000000000011
0.7 0.6841000000000014
0.7 0.6859000000000016
0.78 0.6943500000000015
0.78 0.6897000000000016
0.89 0.6808500000000021
0.89 0.6916000000000015
0.88 0.6940000000000011
0.78 0.7000500000000014
0.78 0.6864500000000022
0.91 0.693000000000002
0.94 0.6769
0.92 0.7011500000000014
0.78 0.6859000000000015
0.8 0.6723500000000006
0.78 0.6877500000000013
0.78 0.7037500000000015
0.92 0.7355499999999999
0.94 0.7311499999999999
0.96 0.743
0.96 0.7626999999999998
0.96 0.7788999999999997
0.96 0.81255
0.97 0.8273999999999998
0.97 0.6699999999999998
0.98 0.7686000000000003
0.98 0.7573999999999999
0.98 0.8485
0.98 0.8307499999999997
0.98 0.8963499999999996
0.98 0.8145500000000006
0.98 0.9138999999999998
0.98 0.8955000000000004
0.98 0.8715500000000018
0.98 0.9239999999999979
0.96 0.8891500000000001
0.98 0.9130499999999984
0.98 0.8916499999999976
0.98 0.7839500000000015
0.98 0.7926500000000005
0.98 0.8379000000000001
0.98 0.8715499999999992
0.98 0.5154000000000013
0.98 0.8100000000000002
0.98 0.8783500000000001
0.98 0.91045
0.98 0.8117500000000009
0.98 0.8918499999999994
0.98 0.7440500000000009
0.98 0.8320500000000002
0.98 0.816049999999999
0.98 0.8432499999999992
0.98 0.8725500000000014
0.98 0.8912500000000001
0.98 0.8866499999999999
0.98 0.9248499999999978
0.98 0.8016000000000014
0.98 0.8610000000000001
0.97 0.6072999999999995
0.94 0.622049999999999
0.75 0.42454999999999965
0.94 0.5009499999999993
0.86 0.5361999999999998
0.92 0.6028499999999994
0.92 0.6464000000000003
0.92 0.7317999999999995
0.94 0.8433000000000007
0.94 0.7999500000000005
0.95 0.8731000000000018
0.95 0.885000000000002
0.95 0.9127500000000005
0.95 0.9004500000000003
0.95 0.9052499999999991
0.95 0.9014499999999995
0.95 0.8868999999999994
0.95 0.9081499999999996
0.94 0.7001000000000017
0.91 0.6821000000000023
0.94 0.7340000000000002
0.94 0.7906499999999981
0.94 0.8238499999999975
0.94 0.8538999999999979
0.94 0.7836999999999996
0.94 0.9002999999999994
0.94 0.9214499999999974
0.94 0.9238499999999975
0.94 0.7266500000000019
0.94 0.6986000000000019
0.94 0.7357500000000008
0.94 0.7904499999999984
0.71 0.6973500000000015
0.94 0.7811499999999986
0.94 0.8133999999999973
0.94 0.7041500000000015
0.94 0.785749999999998
0.77 0.7000500000000014
0.94 0.7261500000000005
0.77 0.7075500000000013
0.94 0.7237500000000006
0.86 0.7162999999999999
0.94 0.757899999999998
0.94 0.7883999999999969
0.94 0.8188999999999993
0.94 0.8408499999999992
0.94 0.8497499999999997
0.94 0.8866499999999995
0.94 0.8977999999999982
0.94 0.8996999999999977
0.94 0.8936499999999977
0.94 0.9037499999999976
0.94 0.9087999999999983
0.95 0.8956999999999978
0.95 0.8998499999999986
0.94 0.553599999999999
0.94 0.6119499999999999
0.94 0.6008000000000003
0.94 0.6883500000000008
0.94 0.7387500000000017
0.94 0.799899999999998
0.94 0.7809000000000017
0.94 0.7970999999999968
0.94 0.8214999999999955
0.94 0.8274499999999967
0.94 0.857849999999998
0.94 0.8703999999999996
0.94 0.8909999999999986
0.94 0.9219999999999985
0.94 0.9290999999999991
0.94 0.9254999999999989
0.94 0.920249999999998
0.94 0.9104999999999979
0.94 0.7584500000000017
0.94 0.7776999999999997
0.94 0.7598000000000014
0.94 0.7964500000000004
0.94 0.8445499999999978
0.94 0.8578499999999987
0.94 0.8640999999999985
0.94 0.9102999999999986
0.94 0.880049999999998
0.94 0.8722499999999984
0.94 0.8746999999999986
0.94 0.8732999999999973
0.94 0.9075999999999982
0.94 0.9093499999999989
0.94 0.9268499999999986
0.94 0.9330499999999985
0.94 0.9387999999999983
0.94 0.9373999999999983
0.94 0.9332499999999985
0.94 0.9353499999999986
0.94 0.9308999999999983
0.94 0.9291999999999985
0.94 0.9348999999999984
0.94 0.9258499999999981
0.94 0.9009499999999997
0.94 0.9207499999999986
0.94 0.8895499999999982
0.94 0.8521000000000002
0.94 0.9096499999999976
0.94 0.8904499999999971
0.94 0.8410999999999993
0.94 0.6581000000000011
0.94 0.798400000000002
0.94 0.7796500000000016
0.94 0.8157999999999984
0.94 0.8270999999999995
0.94 0.861499999999998
0.94 0.8921999999999977
0.94 0.8980499999999983
0.94 0.8001999999999986
0.94 0.8722999999999991
0.95 0.9011999999999984
0.95 0.9158999999999982
0.95 0.9321499999999987
0.94 0.7569499999999998
0.95 0.8232499999999972
0.95 0.9250499999999978
0.95 0.9179999999999982
0.95 0.931099999999998
0.95 0.9298499999999986
0.95 0.9030999999999978
0.95 0.810349999999998
0.95 0.8306499999999971
0.95 0.9138499999999984
0.95 0.8919499999999972
0.95 0.8928999999999977
0.95 0.916649999999999
0.95 0.9219499999999998
0.95 0.9106499999999997
0.95 0.9327999999999997
0.95 0.9312999999999988
0.95 0.9370499999999983
0.91 0.6981000000000012
0.95 0.9031499999999991
0.95 0.9257999999999994
0.95 0.9124999999999994
0.95 0.9145999999999991
0.95 0.7861000000000012
0.95 0.7909000000000009
0.95 0.8221999999999998
0.95 0.813449999999999
0.95 0.8525500000000004
0.95 0.8784000000000001
0.95 0.8828499999999994
0.95 0.8869999999999998
0.95 0.9118999999999994
0.95 0.823849999999998
0.95 0.8034499999999997
0.95 0.7079500000000004
0.95 0.7545500000000004
0.92 0.6906000000000005
0.95 0.7871999999999995
0.92 0.7466000000000014
0.95 0.7974499999999989
0.92 0.7982499999999989
0.95 0.8081499999999991
0.95 0.830049999999999
0.95 0.8626500000000002
0.95 0.8513499999999999
0.95 0.8755499999999998
0.95 0.8745999999999994
0.95 0.8470000000000002
0.72 0.6194500000000005
0.72 0.6634500000000004
0.72 0.6841000000000015
0.73 0.6918500000000012
0.74 0.685400000000001
0.77 0.7001500000000004
0.93 0.706199999999999
0.93 0.5273500000000003
0.93 0.7019500000000005
0.93 0.5471000000000009
0.93 0.6049500000000007
0.93 0.6168999999999999
0.84 0.6273999999999991
0.89 0.6739999999999999
0.91 0.66885
0.92 0.7375999999999991
0.92 0.7439999999999998
0.93 0.7678999999999998
0.93 0.7822999999999993
0.93 0.8182999999999998
0.84 0.7061499999999996
0.94 0.8424499999999994
0.94 0.848599999999999
0.85 0.7042499999999998
0.85 0.6505499999999997
0.85 0.7093500000000007
0.85 0.6508500000000009
0.85 0.726350000000001
0.7 0.5588499999999984
0.7 0.6273500000000001
0.7 0.6945500000000016
0.7 0.612
0.92 0.6640000000000009
0.85 0.6817500000000015
0.85 0.6994000000000018
0.7 0.683550000000002
0.93 0.7084500000000017
0.7 0.6766000000000022
0.7 0.6963000000000013
0.7 0.6828500000000015
0.7 0.6906000000000013
0.7 0.6944500000000013
0.7 0.6805500000000019
0.7 0.6900000000000013
0.7 0.6861500000000014
0.7 0.6852500000000015
0.7 0.6879500000000017
0.7 0.6935500000000012
0.7 0.6962500000000013
0.7 0.697250000000001
0.7 0.6948000000000021
0.7 0.6973000000000014
0.7 0.6741000000000023
0.7 0.6853000000000021
0.7 0.6969000000000013
0.7 0.6973500000000011
0.7 0.6984500000000012
0.7 0.6953000000000011
0.7 0.6996500000000009
0.7 0.6999500000000008
0.7 0.698650000000001
0.7 0.6976000000000012
0.7 0.6968500000000014
0.7 0.6980000000000013
0.7 0.6993500000000011
0.7 0.698300000000001
0.7 0.6968000000000011
0.7 0.6991000000000009
0.7 0.6996500000000009
0.7 0.6999500000000008
0.7 0.6996500000000009
0.7 0.6981000000000008
0.7 0.6964500000000012
0.7 0.698300000000001
0.7 0.6945000000000011
0.7 0.6943500000000011
0.7 0.6966000000000014
0.7 0.6953500000000012
0.7 0.6984500000000011
0.7 0.6987000000000009
0.7 0.6834500000000021
0.7 0.6307000000000015
0.7 0.5105500000000007
0.7 0.6787500000000019
0.7 0.6924000000000017
0.7 0.6988000000000011
0.7 0.689850000000001
0.7 0.6890500000000013
0.7 0.6943000000000014
0.7 0.6927000000000012
0.7 0.6932000000000015
0.7 0.6887500000000019
0.7 0.6943000000000016
0.7 0.6943000000000014
0.7 0.6935500000000013
0.7 0.6875500000000017
0.7 0.6880500000000015
0.7 0.6752000000000021
0.7 0.6853000000000015
0.7 0.6897000000000016
0.7 0.6863500000000019
0.7 0.6831500000000017
0.7 0.6712500000000015
0.7 0.6848000000000013
0.7 0.6738000000000021
0.7 0.6810000000000016
0.7 0.6935000000000012
0.7 0.6996000000000009
0.7 0.699400000000001
0.7 0.6953000000000011
0.7 0.6926000000000013
0.7 0.6900500000000014
0.7 0.6894500000000018
0.7 0.677900000000002
0.7 0.6930500000000015
0.7 0.6890000000000016
0.7 0.6490000000000019
0.7 0.6672000000000021
0.7 0.6487000000000019
0.7 0.684550000000002
0.7 0.5140999999999998
0.7 0.5314
0.7 0.6056000000000009
0.7 0.5797000000000003
0.7 0.6366500000000009
0.7 0.657300000000001
0.7 0.6861000000000018
0.7 0.5522500000000009
0.7 0.6683499999999999
0.7 0.6851500000000013
0.7 0.6385500000000015
0.7 0.6400500000000012
0.7 0.6205000000000012
0.7 0.6762000000000009
0.7 0.6803000000000011
0.7 0.6879000000000013
0.7 0.6970000000000014
0.7 0.6814500000000013
0.7 0.6881000000000015
0.7 0.6461000000000016
0.7 0.6458500000000009
0.7 0.6416000000000003
0.7 0.6521499999999996
0.7 0.6698499999999997
0.7 0.6757000000000002
0.7 0.6586000000000005
0.7 0.6718500000000012
0.7 0.6762500000000012
0.7 0.6746500000000017
0.7 0.6830000000000017
0.7 0.6848500000000018
0.7 0.6858500000000021
0.7 0.6918500000000013
0.7 0.6899500000000016
0.7 0.6890500000000014
0.7 0.6690500000000017
0.7 0.6237000000000016
0.7 0.6084500000000009
0.7 0.6538000000000013
0.7 0.6825000000000013
0.75 0.6924500000000018
0.7 0.5826000000000021
0.7 0.6359500000000018
0.76 0.6801500000000016
0.77 0.6952000000000015
0.7 0.6739000000000018
0.73 0.6818000000000025
0.7 0.6780000000000025
0.7 0.6953500000000011
0.7 0.6976500000000014
0.7 0.6968000000000011
0.7 0.6966000000000011
0.7 0.6996500000000009
0.7 0.6910500000000012
0.7 0.6938500000000012
0.7 0.697800000000001
0.7 0.6963500000000011
0.7 0.6935000000000011
0.7 0.6944000000000013
0.7 0.6970000000000012
0.7 0.6975500000000011
0.7 0.6994000000000011
0.7 0.6906500000000019
0.7 0.6745000000000015
0.7 0.6725500000000012
0.7 0.6662000000000016
0.7 0.6883000000000017
0.7 0.6975500000000011
0.7 0.6971500000000009
0.7 0.6967000000000012
0.7 0.698750000000001
0.7 0.6857500000000017
0.7 0.6955500000000013
0.7 0.6926500000000014
0.7 0.6970000000000012
0.7 0.6979000000000011
0.7 0.6941500000000014
0.7 0.6946500000000013
0.7 0.6962500000000013
0.7 0.698000000000001
0.7 0.6962000000000012
0.7 0.6977500000000012
0.7 0.6898500000000015
0.7 0.699400000000001
0.7 0.6971500000000012
0.7 0.6957000000000015
0.7 0.6925500000000013
0.7 0.6851500000000017
0.7 0.6960500000000013
0.7 0.6945500000000011
0.7 0.6947000000000013
0.7 0.6632000000000017
0.7 0.664250000000002
0.7 0.6922000000000013
0.7 0.6981500000000012
0.7 0.699900000000001
0.7 0.699150000000001
0.7 0.6994000000000008
0.7 0.6986000000000009
0.7 0.699000000000001
0.7 0.6907500000000016
0.7 0.6945000000000013
0.7 0.699550000000001
0.7 0.6969000000000011
0.7 0.6998000000000011
0.7 0.699550000000001
0.7 0.6986000000000011
0.7 0.6990500000000013
0.7 0.6987000000000012
0.7 0.6963500000000014
0.7 0.6735500000000013
0.7 0.6581500000000018
0.7 0.6840500000000017
