0.9 0.4102300000000001
0.92 0.4588700000000007
0.93 0.48770000000000174
0.93 0.5217199999999985
0.93 0.5434300000000009
0.93 0.5668500000000002
0.93 0.5891699999999974
0.95 0.6073999999999973
0.95 0.6249600000000013
0.97 0.6462800000000025
0.97 0.6485200000000024
0.97 0.6678100000000049
0.97 0.6741600000000038
0.97 0.6655600000000037
0.97 0.6712800000000032
0.97 0.6756800000000035
0.97 0.6788500000000023
0.97 0.6878800000000017
0.97 0.6929100000000006
0.97 0.6998099999999979
0.97 0.7012399999999979
0.97 0.7072799999999971
0.97 0.7006399999999984
0.97 0.7100499999999963
0.97 0.7026099999999976
0.97 0.7068399999999989
0.97 0.7147399999999975
0.97 0.7228899999999949
0.97 0.7281799999999934
0.98 0.7303399999999934
0.98 0.7265699999999953
0.98 0.7243799999999949
0.98 0.7354499999999929
0.98 0.7305599999999933
0.98 0.7393799999999916
0.98 0.7332499999999926
0.98 0.7427499999999915
0.98 0.7499599999999887
0.98 0.7491899999999889
0.99 0.7430599999999912
0.99 0.7419199999999907
0.99 0.7440299999999903
0.99 0.7415799999999914
0.99 0.7432799999999911
0.99 0.7495499999999896
0.99 0.7419799999999914
0.99 0.757639999999988
0.99 0.7577899999999878
0.99 0.7678299999999915
0.99 0.7674199999999913
0.99 0.760349999999989
0.99 0.7638499999999917
0.99 0.7663399999999931
0.99 0.7663499999999936
0.99 0.7809999999999946
0.99 0.7749199999999962
0.99 0.783139999999994
0.99 0.7848399999999937
0.99 0.7778899999999945
0.99 0.7681099999999901
0.99 0.7746399999999947
0.99 0.7900599999999939
0.99 0.7844499999999933
0.99 0.7842599999999941
0.99 0.7925699999999939
0.99 0.7902899999999966
0.99 0.7855899999999956
0.99 0.7925599999999946
0.99 0.7911499999999935
0.99 0.7950399999999944
0.99 0.8032199999999954
0.99 0.7979699999999942
0.99 0.7999599999999945
0.99 0.8067899999999981
0.99 0.8092899999999983
0.99 0.8084799999999958
0.99 0.8114599999999953
0.99 0.8166999999999993
0.99 0.8166999999999978
0.99 0.8174699999999996
0.99 0.8190100000000002
0.99 0.8252400000000014
0.99 0.8309400000000002
0.99 0.8230700000000004
0.99 0.8268100000000006
0.99 0.8182499999999995
0.99 0.8171399999999988
0.99 0.8275000000000012
0.99 0.8208600000000013
0.99 0.821990000000001
0.99 0.8246299999999989
0.99 0.82834
0.99 0.8263200000000013
0.99 0.8203800000000007
0.99 0.8278800000000017
0.99 0.837600000000001
0.99 0.8306300000000001
0.99 0.8335700000000007
0.99 0.8470100000000007
0.99 0.8468900000000008
