0.4 0.6632999999999996
0.4 0.6645999999999995
0.4 0.6590999999999991
0.4 0.6419999999999995
0.26 0.6566999999999996
0.30000000000000004 0.6670999999999992
0.38 0.6689999999999994
0.09999999999999998 0.6522999999999992
0.19999999999999996 0.6461999999999992
0.19999999999999996 0.6467999999999995
0.19999999999999996 0.6242999999999994
0.38 0.6330999999999996
0.33999999999999997 0.6328999999999995
0.21999999999999997 0.5976999999999995
0.33999999999999997 0.6220999999999995
0.4 0.6086999999999996
0.33999999999999997 0.6064999999999994
0.33999999999999997 0.6215999999999995
0.38 0.6031999999999994
0.38 0.5909999999999994
0.33999999999999997 0.5701999999999993
0.21999999999999997 0.5340999999999992
0.07999999999999996 0.5031999999999995
0.07999999999999996 0.47269999999999984
0.09999999999999998 0.45339999999999975
0.09999999999999998 0.47179999999999983
0.07999999999999996 0.4732999999999999
0.07999999999999996 0.4422
0.14 0.4811999999999997
0.14 0.4541000000000001
0.16000000000000003 0.4864000000000007
0.16000000000000003 0.4970000000000001
0.14 0.49280000000000046
0.24 0.4929999999999999
0.040000000000000036 0.4379000000000002
0.040000000000000036 0.4188000000000003
0.040000000000000036 0.41510000000000075
0.040000000000000036 0.3819000000000006
0.040000000000000036 0.3789000000000006
0.09999999999999998 0.41980000000000045
0.09999999999999998 0.40470000000000084
0.09999999999999998 0.43520000000000086
0.09999999999999998 0.41170000000000057
0.09999999999999998 0.4324000000000003
0.09999999999999998 0.40980000000000066
0.07999999999999996 0.42180000000000034
0.33999999999999997 0.4755000000000006
0.14 0.46230000000000065
0.14 0.46290000000000037
0.020000000000000018 0.4005000000000007
0.020000000000000018 0.39380000000000065
0.0 0.37730000000000097
