0.26 0.6137000000000008
0.36 0.6178000000000009
0.16000000000000003 0.5896000000000008
0.36 0.5813000000000006
0.36 0.6109000000000011
0.36 0.6214000000000016
0.12 0.6431000000000014
0.24 0.5723000000000007
0.18000000000000005 0.6168000000000012
0.18000000000000005 0.5611000000000012
0.18000000000000005 0.5850000000000011
0.36 0.5585000000000009
0.43999999999999995 0.5281000000000006
0.36 0.5756000000000008
0.36 0.5280000000000007
0.36 0.6063000000000005
0.09999999999999998 0.5630000000000007
0.24 0.5389000000000006
0.12 0.5052000000000002
0.19999999999999996 0.5448000000000007
0.21999999999999997 0.4979000000000008
0.09999999999999998 0.5615000000000008
0.33999999999999997 0.5708000000000009
0.16000000000000003 0.5456000000000006
0.33999999999999997 0.4905
0.36 0.5166999999999998
0.36 0.44089999999999985
0.06000000000000005 0.3972000000000003
0.36 0.5552
0.06000000000000005 0.4908999999999996
0.33999999999999997 0.6085000000000002
0.33999999999999997 0.5847000000000001
0.33999999999999997 0.5847
0.33999999999999997 0.5571
0.36 0.5172999999999999
0.19999999999999996 0.5279
0.19999999999999996 0.5299000000000005
0.12 0.5050000000000001
0.12 0.5039000000000005
0.18000000000000005 0.5304000000000009
0.18000000000000005 0.5163000000000006
0.33999999999999997 0.5063000000000005
0.33999999999999997 0.4771000000000004
0.12 0.4614000000000005
0.12 0.4233000000000002
0.36 0.42280000000000006
0.020000000000000018 0.38500000000000023
0.38 0.3828999999999998
0.26 0.3609000000000004
0.26 0.3589000000000007
0.19999999999999996 0.3794000000000001
0.42000000000000004 0.3612000000000004
0.14 0.3737000000000007
0.020000000000000018 0.3786000000000003
0.020000000000000018 0.44539999999999985
0.09999999999999998 0.4026000000000001
0.09999999999999998 0.3473000000000001
0.020000000000000018 0.31870000000000037
0.040000000000000036 0.3123
0.020000000000000018 0.2401
0.020000000000000018 0.16740000000000016
0.020000000000000018 0.16719999999999996
0.040000000000000036 0.17830000000000013
0.020000000000000018 0.1294
0.020000000000000018 0.13829999999999992
0.020000000000000018 0.12210000000000004
0.020000000000000018 0.11070000000000003
0.020000000000000018 0.05790000000000003
0.020000000000000018 0.11479999999999999
0.020000000000000018 0.028100000000000017
0.020000000000000018 0.039800000000000016
0.020000000000000018 0.04690000000000003
0.020000000000000018 0.025900000000000017
0.040000000000000036 0.19749999999999995
0.020000000000000018 0.3452999999999998
0.020000000000000018 0.1564
0.020000000000000018 0.15700000000000003
0.020000000000000018 0.15259999999999999
0.020000000000000018 0.07949999999999997
0.020000000000000018 0.18739999999999996
0.020000000000000018 0.12200000000000008
0.040000000000000036 0.17709999999999998
0.020000000000000018 0.3045
0.020000000000000018 0.14650000000000002
0.020000000000000018 0.22349999999999995
0.33999999999999997 0.38010000000000077
0.33999999999999997 0.3482000000000013
0.33999999999999997 0.3635000000000012
0.020000000000000018 0.25680000000000053
0.020000000000000018 0.30630000000000096
0.24 0.3650000000000009
0.21999999999999997 0.3305000000000012
0.020000000000000018 0.2555999999999999
0.020000000000000018 0.2341
0.020000000000000018 0.30290000000000006
0.36 0.5753999999999999
0.36 0.5037999999999997
0.28 0.5868000000000001
0.38 0.5823999999999997
0.28 0.5523999999999997
0.36 0.5305000000000002
0.36 0.4490000000000001
0.040000000000000036 0.4100000000000001
0.020000000000000018 0.3028
0.020000000000000018 0.23960000000000012
0.020000000000000018 0.28020000000000017
0.020000000000000018 0.36890000000000006
0.020000000000000018 0.2834
0.21999999999999997 0.4854000000000002
0.21999999999999997 0.4204000000000005
0.020000000000000018 0.27810000000000007
0.020000000000000018 0.2978000000000003
0.040000000000000036 0.33399999999999985
0.020000000000000018 0.37220000000000036
0.020000000000000018 0.3437000000000003
0.020000000000000018 0.31890000000000024
0.020000000000000018 0.29810000000000014
0.020000000000000018 0.22890000000000044
0.07999999999999996 0.276700000000001
0.07999999999999996 0.32470000000000104
0.07999999999999996 0.2971000000000012
0.30000000000000004 0.36530000000000123
0.28 0.364100000000001
0.33999999999999997 0.3699000000000013
0.33999999999999997 0.34770000000000145
0.31999999999999995 0.3461000000000013
0.28 0.3585000000000011
0.28 0.35000000000000114
0.28 0.3284000000000008
0.28 0.3377000000000014
0.28 0.33300000000000124
0.28 0.3176000000000009
0.28 0.3080000000000008
0.28 0.2977000000000002
0.28 0.3317000000000002
0.28 0.2971000000000004
0.24 0.3012000000000006
0.28 0.28650000000000075
0.24 0.3145000000000007
0.16000000000000003 0.2968000000000007
0.16000000000000003 0.28870000000000057
0.07999999999999996 0.2889000000000005
0.07999999999999996 0.30600000000000077
0.07999999999999996 0.2908000000000008
0.07999999999999996 0.3076000000000006
0.040000000000000036 0.2771000000000007
0.040000000000000036 0.2626000000000008
0.040000000000000036 0.23990000000000056
0.26 0.33820000000000056
0.26 0.3046000000000005
0.26 0.3157000000000004
0.31999999999999995 0.3041000000000005
0.31999999999999995 0.30190000000000083
0.31999999999999995 0.3002000000000008
0.040000000000000036 0.2721000000000007
0.040000000000000036 0.24530000000000066
0.040000000000000036 0.21090000000000042
0.040000000000000036 0.18460000000000004
0.07999999999999996 0.1653
0.28 0.3003000000000005
0.26 0.2922000000000004
0.30000000000000004 0.2990000000000005
0.06000000000000005 0.12830000000000014
0.06000000000000005 0.11990000000000002
0.07999999999999996 0.09459999999999999
0.07999999999999996 0.10200000000000004
0.07999999999999996 0.13049999999999998
0.07999999999999996 0.1674999999999999
0.0 0.39730000000000026
