0.92 0.4263100000000052
0.93 0.4621900000000066
0.93 0.4998900000000056
0.93 0.5305000000000037
0.95 0.5638100000000023
0.95 0.590239999999998
0.95 0.6168299999999985
0.95 0.6346399999999968
0.96 0.6470699999999973
0.96 0.6477799999999965
0.96 0.6697099999999961
0.96 0.6763099999999943
0.96 0.6852399999999945
0.96 0.6866599999999948
0.96 0.6973099999999965
0.96 0.7134500000000007
0.96 0.7171400000000018
0.97 0.7169600000000029
0.97 0.7257100000000033
0.97 0.7335400000000051
0.97 0.7292100000000032
0.97 0.7333500000000027
0.97 0.7345300000000031
0.97 0.7272300000000037
0.97 0.7323300000000027
0.97 0.7350400000000036
0.97 0.7477200000000069
0.97 0.7459000000000067
0.97 0.7548800000000095
0.98 0.754090000000008
0.98 0.7480200000000038
0.98 0.7466500000000059
0.98 0.7610100000000084
0.98 0.7687600000000082
0.98 0.7664200000000068
0.98 0.7654500000000054
0.98 0.7714600000000079
0.98 0.7755200000000114
0.98 0.7755700000000094
0.98 0.78663000000001
0.98 0.7835100000000081
0.98 0.787760000000009
0.98 0.8082500000000075
0.98 0.8086600000000077
0.98 0.8205000000000073
0.98 0.8264200000000079
0.98 0.8286700000000061
0.98 0.8265900000000064
0.98 0.8274000000000062
0.98 0.8409000000000073
0.98 0.8371000000000063
0.98 0.8392500000000042
0.98 0.840220000000005
0.98 0.8418500000000052
0.98 0.854290000000004
0.98 0.8649399999999992
0.98 0.8724999999999971
0.98 0.8577699999999993
0.98 0.8563900000000012
0.98 0.8621700000000009
0.98 0.8610100000000002
0.98 0.8683099999999981
0.98 0.856699999999998
0.98 0.85823
0.98 0.8705799999999987
0.98 0.8773700000000001
0.98 0.8618199999999995
0.98 0.8726599999999983
0.98 0.8770599999999993
0.98 0.8797999999999979
0.98 0.8784099999999967
0.98 0.871349999999999
0.98 0.8711399999999977
0.98 0.8707999999999996
0.98 0.8721100000000004
0.98 0.8621399999999969
0.98 0.8760600000000002
0.98 0.8761499999999992
0.98 0.8845999999999994
0.98 0.8804799999999995
0.98 0.8822500000000009
0.98 0.8789599999999985
0.98 0.877399999999999
0.98 0.880740000000001
0.98 0.8853099999999993
0.98 0.8677599999999993
0.98 0.8667099999999978
0.98 0.8674499999999964
0.98 0.8697000000000001
0.98 0.8656999999999976
0.98 0.8751199999999986
0.98 0.8786199999999974
0.98 0.8746799999999968
0.98 0.8761099999999992
0.98 0.8667699999999986
0.98 0.8720199999999998
0.98 0.8694299999999999
0.98 0.8752699999999998
0.98 0.8660799999999992
0.98 0.8772100000000003
