0.9 0.41074000000000205
0.9 0.4610200000000036
0.91 0.4870100000000037
0.92 0.5224000000000013
0.98 0.547110000000001
0.98 0.5659300000000003
0.98 0.5873499999999982
0.98 0.6057799999999959
0.98 0.6301199999999954
0.98 0.6445199999999982
0.98 0.6605599999999971
0.98 0.6665299999999952
0.98 0.6852999999999955
0.98 0.702229999999995
0.98 0.7065299999999949
0.98 0.7096699999999933
0.99 0.7240499999999928
0.99 0.7261399999999948
0.99 0.7320999999999948
0.99 0.7464399999999968
0.99 0.748839999999997
0.99 0.7479399999999993
0.99 0.7644700000000033
0.99 0.7713200000000033
0.99 0.7785500000000047
0.99 0.7718800000000046
0.99 0.7616300000000035
0.99 0.7849300000000067
0.99 0.7941100000000076
0.99 0.7894200000000052
0.99 0.8002400000000053
0.99 0.8024000000000036
0.99 0.8062500000000027
0.99 0.8092500000000016
0.99 0.8138600000000011
0.99 0.8085400000000028
0.99 0.8189600000000046
0.99 0.8209000000000057
0.99 0.8304600000000054
0.99 0.8354900000000045
0.99 0.8348400000000054
0.99 0.8411500000000045
0.99 0.8402300000000054
0.99 0.832920000000006
0.99 0.8295700000000068
0.99 0.8273400000000067
0.99 0.8369700000000054
0.99 0.8465000000000061
0.99 0.845540000000006
0.99 0.8571600000000035
0.99 0.8514500000000048
0.99 0.8408300000000062
0.99 0.8297300000000055
0.99 0.8320700000000036
0.99 0.843320000000005
0.99 0.8509800000000041
0.99 0.8454200000000028
0.99 0.8496700000000033
0.99 0.8518900000000018
0.99 0.837550000000004
0.99 0.8522000000000017
0.99 0.8485700000000042
0.99 0.8450700000000012
0.99 0.8422600000000023
0.99 0.8483000000000024
0.99 0.8489000000000042
0.99 0.8623200000000034
0.99 0.8651500000000036
0.99 0.8720000000000057
0.99 0.8657900000000037
0.99 0.8754300000000056
0.99 0.8615500000000046
0.99 0.8615100000000028
0.99 0.8586000000000021
0.99 0.862070000000001
0.99 0.8602300000000013
0.99 0.8623700000000047
0.99 0.871010000000007
0.99 0.8574500000000064
0.99 0.8641900000000081
0.99 0.8632200000000058
0.99 0.8519800000000057
0.99 0.8536500000000034
0.99 0.8578800000000023
0.99 0.8714900000000052
0.99 0.8809400000000063
0.99 0.8740000000000067
0.99 0.861290000000003
0.99 0.8609300000000025
0.99 0.8645300000000029
0.99 0.8555300000000047
0.99 0.8526300000000054
0.99 0.851650000000006
0.99 0.8634800000000061
0.99 0.8675700000000038
0.99 0.8631800000000065
0.99 0.8617600000000085
0.99 0.8689100000000088
0.99 0.8778600000000074
0.99 0.8843300000000083
