0.38 0.6100000000000005
0.4 0.6227000000000009
0.4 0.6439000000000002
0.43999999999999995 0.6220999999999998
0.43999999999999995 0.6061999999999994
0.38 0.6312999999999991
0.19999999999999996 0.6649999999999987
0.5 0.6477999999999983
0.21999999999999997 0.6540999999999982
0.33999999999999997 0.6499999999999982
0.38 0.659199999999998
0.38 0.6440999999999981
0.38 0.6756999999999981
0.38 0.6457999999999987
0.19999999999999996 0.6098999999999982
0.5 0.6521999999999987
0.38 0.6576999999999988
0.19999999999999996 0.6516999999999983
0.48 0.7071999999999989
0.48 0.6994999999999979
0.42000000000000004 0.6969999999999981
0.38 0.7071999999999986
0.30000000000000004 0.7014999999999973
0.30000000000000004 0.6835999999999984
0.4 0.6366999999999979
0.16000000000000003 0.6288999999999983
0.12 0.5979999999999989
0.16000000000000003 0.5874999999999987
0.4 0.5738999999999995
0.42000000000000004 0.6000000000000005
0.18000000000000005 0.5347
0.21999999999999997 0.5024999999999993
0.12 0.5950999999999985
0.16000000000000003 0.5978999999999991
0.38 0.632599999999999
0.26 0.587399999999999
0.040000000000000036 0.4855999999999996
0.040000000000000036 0.43110000000000015
0.12 0.34489999999999993
0.09999999999999998 0.3197
0.12 0.2984999999999999
0.14 0.4239000000000005
0.06000000000000005 0.40809999999999974
0.06000000000000005 0.4733999999999995
0.06000000000000005 0.527699999999999
0.06000000000000005 0.4753999999999995
0.07999999999999996 0.4106999999999995
0.06000000000000005 0.34939999999999993
0.16000000000000003 0.4704000000000002
0.16000000000000003 0.4648999999999999
0.06000000000000005 0.5487999999999988
0.5 0.5993999999999982
0.4 0.639299999999998
0.21999999999999997 0.5543999999999989
0.31999999999999995 0.5868999999999985
0.06000000000000005 0.37009999999999993
0.06000000000000005 0.3857
0.020000000000000018 0.44809999999999944
0.09999999999999998 0.4779999999999994
0.06000000000000005 0.38529999999999975
0.14 0.5759000000000003
0.020000000000000018 0.4920999999999998
0.0 0.48359999999999964
