0.93 0.42137999999999476
0.93 0.45847999999999534
0.93 0.5019699999999968
0.93 0.5394000000000005
0.93 0.5513200000000035
0.95 0.5764500000000021
0.95 0.6058200000000025
0.95 0.6146900000000024
0.95 0.6401200000000048
0.98 0.6599600000000051
0.98 0.6640000000000053
0.98 0.6679300000000061
0.98 0.6762300000000049
0.98 0.6920800000000022
0.98 0.6904900000000024
0.98 0.7015400000000002
0.98 0.705909999999998
0.98 0.7177599999999967
0.98 0.7313499999999937
0.98 0.7405199999999912
0.98 0.7333799999999943
0.98 0.7459099999999914
0.98 0.7439199999999916
0.98 0.7495299999999909
0.98 0.7725999999999916
0.98 0.7736899999999927
0.98 0.7786099999999931
0.98 0.7918699999999951
0.98 0.8007199999999934
0.98 0.8036299999999934
0.98 0.8128499999999954
0.98 0.8193099999999977
0.98 0.8236299999999982
0.98 0.8326599999999994
0.98 0.833889999999998
0.98 0.8342999999999987
0.98 0.8346899999999975
0.98 0.8377099999999985
0.98 0.8483099999999982
0.98 0.849929999999999
0.98 0.8491199999999975
0.98 0.8464999999999961
0.98 0.8516499999999955
0.98 0.8380999999999975
0.98 0.8462199999999964
0.98 0.8538299999999934
0.98 0.8492899999999957
0.98 0.8548499999999939
0.98 0.8522099999999945
0.98 0.8591899999999911
0.98 0.8641899999999902
0.98 0.8655199999999883
0.98 0.8574199999999919
0.98 0.8634299999999915
0.98 0.8720499999999907
0.98 0.8699199999999905
0.98 0.8619499999999899
0.98 0.8628599999999907
0.98 0.8670099999999915
0.98 0.8623099999999909
0.98 0.8640999999999904
0.98 0.8698899999999924
0.98 0.8745399999999942
0.98 0.8768899999999944
0.98 0.8693599999999919
0.98 0.8725899999999901
0.98 0.8693399999999922
0.98 0.8678299999999923
0.98 0.86979999999999
0.98 0.86591999999999
0.98 0.8640299999999901
0.98 0.8591699999999901
0.98 0.8656099999999916
0.98 0.8606799999999909
0.98 0.8663199999999901
0.98 0.8659599999999908
0.98 0.8680299999999906
0.98 0.8715899999999904
0.98 0.8617799999999901
0.98 0.8602299999999925
0.98 0.8599199999999918
0.98 0.8616299999999905
0.98 0.8686599999999931
0.98 0.8673999999999901
0.98 0.8766499999999922
0.98 0.8760199999999932
0.98 0.8757099999999925
0.98 0.8765499999999938
0.98 0.8647699999999914
0.98 0.8672399999999932
0.98 0.8641799999999916
0.98 0.8643499999999934
0.98 0.8642599999999927
0.98 0.8733399999999922
0.98 0.8761099999999911
0.98 0.8794899999999884
0.98 0.8753699999999921
0.98 0.872659999999993
0.98 0.8787299999999929
0.98 0.8779999999999941
