0.65 0.36605000000000026
0.68 0.38220000000000093
0.72 0.397900000000001
0.67 0.3795000000000015
0.68 0.3788000000000015
0.67 0.40090000000000164
0.67 0.3805500000000017
0.67 0.3748500000000014
0.67 0.3728000000000018
0.74 0.36715000000000186
0.67 0.3769000000000021
0.67 0.37935000000000174
0.67 0.37425000000000197
0.66 0.36375000000000185
0.67 0.40065000000000206
0.75 0.38315000000000216
0.75 0.3897000000000022
0.67 0.3994000000000023
0.69 0.3825500000000018
0.67 0.3868000000000022
0.67 0.35175000000000173
0.67 0.3599000000000018
0.67 0.36835000000000195
0.67 0.37775000000000203
0.67 0.3827500000000022
0.67 0.4036000000000023
0.67 0.43415000000000203
0.67 0.384700000000002
0.68 0.39175000000000226
0.69 0.39430000000000226
0.69 0.39635000000000203
0.67 0.40190000000000226
0.67 0.3947000000000022
0.67 0.370450000000002
0.67 0.40660000000000224
0.67 0.3627000000000016
0.67 0.3858000000000022
0.67 0.41830000000000206
0.67 0.43170000000000175
0.79 0.4419000000000014
0.67 0.3577500000000019
0.67 0.4074000000000021
0.66 0.34400000000000147
0.67 0.4032500000000017
0.67 0.36880000000000185
0.67 0.4397500000000004
0.67 0.3878500000000021
0.67 0.4632500000000007
0.67 0.4232500000000004
0.66 0.3980500000000012
0.64 0.42815000000000114
0.64 0.43825000000000147
0.67 0.46510000000000123
0.67 0.4623500000000012
0.67 0.4760500000000011
0.67 0.5017000000000009
0.67 0.46680000000000077
0.67 0.46185000000000076
0.67 0.4939000000000011
0.67 0.522600000000001
0.67 0.5323500000000009
0.67 0.5422000000000012
0.67 0.5155000000000011
0.67 0.4967000000000008
0.67 0.5707000000000005
0.67 0.5117500000000001
0.67 0.5579000000000012
0.67 0.5280000000000009
0.67 0.5642000000000011
0.67 0.5778000000000008
0.67 0.5550000000000002
0.67 0.5460500000000008
0.67 0.5054
0.67 0.5248500000000005
0.67 0.5415000000000004
0.67 0.48085000000000006
0.67 0.5402500000000009
0.67 0.5045499999999999
0.67 0.6010000000000015
0.67 0.5575000000000011
0.67 0.5905500000000015
0.67 0.5901500000000014
0.67 0.5885500000000011
0.67 0.596350000000001
0.67 0.5249000000000006
0.67 0.5184500000000005
0.67 0.49820000000000136
0.67 0.42775000000000085
0.67 0.5571500000000004
0.67 0.5568500000000003
0.67 0.5811500000000012
0.67 0.5089000000000016
0.67 0.43710000000000204
0.67 0.5636000000000015
0.67 0.5716500000000013
0.67 0.5904000000000008
0.67 0.5029500000000015
0.67 0.44685000000000086
0.67 0.519750000000001
0.67 0.5213500000000016
0.67 0.5181000000000016
0.67 0.5352000000000015
0.67 0.5530000000000016
0.67 0.5266500000000017
0.67 0.4667000000000022
0.67 0.44290000000000235
0.67 0.44655000000000217
0.67 0.5172000000000019
0.67 0.515850000000001
0.67 0.5542500000000012
0.67 0.5422000000000008
0.67 0.42619999999999975
0.67 0.41015000000000035
0.67 0.43225000000000025
0.67 0.5476000000000006
0.67 0.5815000000000008
0.67 0.5840500000000006
0.67 0.610650000000001
0.67 0.5556500000000001
0.67 0.615800000000001
0.67 0.598800000000001
0.67 0.6243500000000011
0.67 0.5615500000000005
0.67 0.5486499999999996
0.67 0.6059500000000009
0.67 0.6057000000000009
0.67 0.6133500000000006
0.67 0.6228500000000008
0.67 0.6137500000000005
0.67 0.6275500000000008
0.67 0.6214500000000007
0.67 0.5978000000000013
0.67 0.6211000000000013
0.67 0.6198000000000011
0.67 0.624650000000001
0.67 0.639100000000001
0.67 0.6466000000000013
0.67 0.6184000000000013
0.67 0.6135000000000015
0.67 0.6395000000000015
0.67 0.6544000000000014
0.67 0.6066000000000016
0.67 0.6231500000000012
0.67 0.6191000000000013
0.67 0.6383500000000011
0.67 0.6327000000000013
0.67 0.6330500000000014
0.67 0.6278500000000012
0.67 0.6460500000000011
0.67 0.6444500000000012
0.67 0.6540500000000012
0.67 0.6606000000000014
0.67 0.6574000000000015
0.67 0.637150000000001
0.67 0.6453000000000011
0.67 0.6432000000000013
0.67 0.6497000000000013
0.67 0.6485000000000015
0.67 0.6607000000000012
0.67 0.6498000000000016
0.67 0.6585500000000016
0.67 0.6527500000000015
0.67 0.6641000000000012
0.67 0.6647000000000013
0.67 0.6624000000000012
0.67 0.6611500000000013
0.67 0.6558000000000015
0.67 0.6589500000000014
0.67 0.6339500000000016
0.67 0.6547500000000016
0.67 0.6545500000000014
0.67 0.6607000000000015
0.67 0.6538500000000014
0.67 0.5343500000000019
0.67 0.6535000000000014
0.67 0.6625000000000013
0.67 0.5993000000000017
0.67 0.6391500000000016
0.67 0.6206500000000017
0.67 0.6196000000000017
0.67 0.6227000000000016
0.67 0.6447500000000016
0.67 0.6289500000000016
0.67 0.6451000000000013
0.67 0.6412000000000014
0.67 0.6632500000000011
0.67 0.6614500000000015
0.67 0.6355000000000015
0.67 0.6481000000000016
0.67 0.6522500000000016
0.67 0.6473000000000014
0.67 0.6471500000000013
0.67 0.6501000000000016
0.67 0.6510500000000016
0.67 0.6500500000000013
0.67 0.6507000000000014
0.67 0.6466500000000016
0.67 0.6476500000000014
0.67 0.6464500000000014
0.67 0.6552500000000013
0.67 0.6499500000000016
0.67 0.6492500000000014
0.67 0.6417500000000015
0.67 0.6475500000000014
0.67 0.6568500000000012
0.67 0.6575000000000013
0.67 0.6466000000000015
0.67 0.6164000000000017
0.67 0.5956000000000017
0.67 0.6336500000000015
0.67 0.6399000000000015
0.67 0.6340500000000016
0.67 0.6525500000000014
0.67 0.6416500000000015
0.67 0.6487500000000016
0.67 0.6541500000000015
0.67 0.6481500000000016
0.67 0.6529500000000017
0.67 0.6558500000000014
0.67 0.6477500000000015
0.67 0.6459000000000015
0.67 0.6541500000000015
0.67 0.6556000000000014
0.67 0.669250000000001
0.67 0.6589500000000014
0.67 0.6537500000000016
0.67 0.6570500000000014
0.67 0.6617000000000014
0.67 0.6587000000000015
0.67 0.6553500000000014
0.67 0.6575000000000015
0.67 0.6534500000000015
0.67 0.6548500000000013
0.67 0.6520000000000015
0.67 0.6579500000000016
0.67 0.5946500000000018
0.67 0.6402500000000012
0.67 0.6484500000000015
0.67 0.6283000000000015
0.67 0.6324500000000014
0.67 0.6475000000000015
0.67 0.6516500000000015
0.67 0.6490500000000015
0.67 0.6572500000000016
0.67 0.6522000000000014
0.67 0.6298500000000017
0.67 0.6105000000000015
0.67 0.5365500000000021
0.67 0.6228500000000013
0.67 0.6523000000000014
0.67 0.6583500000000013
0.67 0.6606000000000013
0.67 0.6600500000000015
0.67 0.6269500000000015
0.67 0.6263500000000017
0.67 0.6497500000000016
0.67 0.6323000000000016
0.67 0.6281500000000015
0.67 0.6522500000000013
0.67 0.6497500000000014
0.67 0.3922000000000023
0.63 0.3445000000000018
0.67 0.5420500000000018
0.67 0.6004000000000016
0.67 0.6161000000000018
0.67 0.6329000000000016
0.67 0.6352000000000015
0.67 0.6548500000000014
0.67 0.6497000000000014
0.67 0.6358000000000014
0.67 0.6436000000000014
0.67 0.6453000000000014
0.67 0.6523000000000012
0.67 0.6414000000000014
0.67 0.6058500000000017
0.67 0.3950000000000024
0.47 0.3413000000000017
0.67 0.6193000000000012
0.67 0.6309000000000013
0.67 0.6139500000000009
0.67 0.6154500000000013
0.67 0.6288500000000016
0.67 0.5591000000000019
0.67 0.6243500000000012
0.67 0.6478000000000013
0.67 0.6466000000000014
0.67 0.6479500000000015
0.67 0.6468500000000015
0.67 0.6552500000000013
0.67 0.6554500000000013
0.67 0.6519500000000015
0.67 0.6506500000000015
0.67 0.6409500000000015
0.67 0.6439000000000017
0.67 0.5725000000000017
0.67 0.5547000000000015
0.67 0.5531500000000019
0.67 0.6059500000000013
0.67 0.5772500000000014
0.67 0.6226000000000014
0.67 0.6312000000000014
0.67 0.6385000000000013
0.67 0.6523000000000013
0.67 0.6343500000000015
0.67 0.6498500000000016
0.67 0.6494500000000016
0.67 0.6559000000000016
0.67 0.546600000000002
0.67 0.6226500000000014
0.67 0.5798000000000016
0.67 0.5830000000000016
0.67 0.643800000000001
0.67 0.4603000000000021
0.61 0.3498500000000018
0.67 0.35360000000000186
0.67 0.44075000000000186
0.67 0.4360000000000019
0.67 0.40590000000000204
0.67 0.5156500000000013
0.67 0.4630500000000011
0.67 0.6059500000000001
0.67 0.607000000000001
0.67 0.637450000000001
0.67 0.6405000000000011
0.67 0.43100000000000216
0.67 0.6247000000000011
0.67 0.48240000000000144
0.67 0.49600000000000166
0.67 0.5568000000000007
0.67 0.5973000000000007
0.67 0.4285000000000022
0.67 0.4864500000000013
0.67 0.49585000000000123
0.67 0.45315000000000166
0.67 0.4957500000000011
0.67 0.5354500000000006
0.67 0.5575999999999998
0.67 0.576250000000001
0.67 0.5988500000000009
0.67 0.609350000000001
0.67 0.6279000000000015
0.67 0.6413500000000013
0.67 0.6469000000000014
0.67 0.5896000000000011
0.67 0.5791000000000013
0.67 0.6099500000000012
0.67 0.6411500000000012
0.67 0.6465000000000013
0.67 0.6581000000000015
0.67 0.6572000000000014
0.67 0.6497500000000013
0.67 0.6482500000000014
0.67 0.6593500000000014
0.67 0.6554500000000014
0.67 0.6529500000000015
0.67 0.6447000000000013
0.67 0.6511500000000013
0.67 0.6466000000000015
0.67 0.6530000000000016
0.67 0.6461500000000017
0.67 0.6485500000000016
0.67 0.6555000000000014
0.67 0.6510500000000015
0.67 0.6519500000000015
0.67 0.6426000000000013
0.67 0.6495000000000014
0.67 0.6362500000000013
0.67 0.6551000000000013
0.67 0.6495000000000014
0.67 0.6560000000000015
0.67 0.6447500000000015
0.67 0.5456500000000016
0.67 0.6419000000000014
0.67 0.6485000000000015
0.67 0.6577000000000015
0.67 0.3905500000000023
0.67 0.6417000000000012
0.67 0.6363500000000012
0.67 0.6516000000000015
0.67 0.38510000000000216
0.67 0.5811500000000016
0.67 0.5968000000000014
0.34 0.3400000000000017
0.67 0.5003000000000023
0.67 0.623650000000001
0.67 0.4066000000000025
0.67 0.6133500000000012
0.67 0.39515000000000233
0.34 0.3400000000000017
0.34 0.3400000000000017
0.34 0.3400000000000017
0.34 0.3400000000000017
0.34 0.3400000000000017
0.34 0.3400000000000017
0.34 0.3400000000000017
0.67 0.37060000000000204
0.34 0.3400000000000017
0.67 0.3762500000000021
0.67 0.35585000000000194
0.67 0.3482000000000018
0.67 0.34495000000000176
0.67 0.35430000000000184
0.67 0.4138000000000022
0.67 0.36310000000000203
0.67 0.3560000000000019
0.67 0.35225000000000184
0.67 0.35155000000000186
0.34 0.3400000000000017
0.34 0.3400000000000017
0.34 0.3400000000000017
0.34 0.3400000000000017
0.67 0.4181500000000022
0.67 0.3718000000000021
0.67 0.37785000000000196
0.67 0.3482500000000018
0.34 0.3400000000000017
0.34 0.3400000000000017
0.34 0.3400000000000017
0.34 0.3400000000000017
0.34 0.3400000000000017
0.34 0.3400000000000017
0.34 0.3400000000000017
0.34 0.3400000000000017
0.34 0.3400000000000017
0.67 0.35125000000000184
0.34 0.3400000000000017
0.34 0.3400000000000017
0.67 0.34495000000000176
0.34 0.3400000000000017
0.34 0.3400000000000017
0.34 0.3400000000000017
0.67 0.3416500000000018
0.67 0.42355000000000237
0.67 0.477050000000002
0.67 0.3970500000000024
0.67 0.5125000000000017
0.67 0.5257500000000017
0.67 0.5798500000000016
0.67 0.5619000000000017
0.67 0.6233000000000014
0.67 0.6466000000000011
0.67 0.6391500000000011
0.67 0.6573500000000013
0.67 0.6130000000000014
0.67 0.6577500000000014
0.67 0.6533500000000017
0.67 0.6136500000000016
0.67 0.34330000000000177
0.34 0.3400000000000017
0.34 0.3400000000000017
0.34 0.3400000000000017
0.34 0.3400000000000017
0.34 0.3400000000000017
0.34 0.3400000000000017
0.34 0.3400000000000017
0.34 0.3400000000000017
0.34 0.3400000000000017
0.34 0.3400000000000017
0.34 0.3400000000000017
0.34 0.3400000000000017
0.34 0.3400000000000017
0.34 0.3400000000000017
0.34 0.3400000000000017
0.34 0.3400000000000017
0.34 0.3400000000000017
0.34 0.3400000000000017
0.34 0.3400000000000017
0.34 0.3400000000000017
0.34 0.3400000000000017
0.34 0.3400000000000017
0.34 0.3400000000000017
0.34 0.3400000000000017
0.34 0.3400000000000017
0.34 0.3400000000000017
0.34 0.3400000000000017
0.34 0.3400000000000017
0.34 0.3400000000000017
0.34 0.3400000000000017
0.34 0.3400000000000017
0.34 0.3400000000000017
0.34 0.3400000000000017
0.34 0.3400000000000017
0.34 0.3400000000000017
0.34 0.3400000000000017
0.34 0.3400000000000017
0.34 0.3400000000000017
0.34 0.3400000000000017
0.34 0.3400000000000017
0.34 0.3400000000000017
0.34 0.3400000000000017
0.34 0.3400000000000017
0.34 0.3400000000000017
0.34 0.3400000000000017
0.34 0.3400000000000017
0.34 0.3400000000000017
0.34 0.3400000000000017
0.34 0.3400000000000017
0.34 0.3400000000000017
0.34 0.3400000000000017
0.34 0.3400000000000017
