0.69 0.35789999999999955
0.7 0.3614499999999993
0.7 0.3944999999999987
0.63 0.3854499999999989
0.7 0.39069999999999877
0.87 0.40319999999999917
0.71 0.4037999999999994
0.76 0.39504999999999924
0.76 0.4087999999999994
0.75 0.41239999999999966
0.7 0.3919999999999992
0.76 0.4208999999999999
0.91 0.41644999999999954
0.8 0.4152999999999995
0.8 0.3948499999999994
0.65 0.40324999999999966
0.8 0.44700000000000095
0.74 0.4348500000000002
0.76 0.4194999999999999
0.76 0.4172999999999996
0.76 0.41649999999999976
0.76 0.43900000000000033
0.76 0.4330000000000004
0.76 0.41854999999999976
0.76 0.3928999999999993
0.72 0.40684999999999927
0.7 0.39394999999999913
0.77 0.4213999999999997
0.77 0.3827999999999993
0.77 0.39504999999999973
0.88 0.40874999999999984
0.88 0.42805000000000026
0.88 0.42675000000000035
0.88 0.4327500000000006
0.88 0.4262000000000002
0.68 0.37849999999999867
0.77 0.4229
0.75 0.42374999999999974
0.86 0.4314500000000002
0.86 0.44230000000000047
0.86 0.4247000000000001
0.88 0.48755000000000187
0.7 0.46350000000000113
0.95 0.4945000000000018
0.95 0.5442000000000011
0.69 0.4522500000000011
0.7 0.4950500000000016
0.9 0.4556000000000005
0.78 0.46650000000000097
0.74 0.46835000000000127
0.7 0.47945000000000126
0.72 0.47030000000000177
0.93 0.4136999999999993
0.7 0.40439999999999876
0.7 0.4620500000000009
0.7 0.4095999999999991
0.7 0.43155
0.7 0.45230000000000126
0.67 0.4559000000000013
0.7 0.4726500000000016
0.7 0.48265000000000186
0.7 0.5018500000000007
0.7 0.5303000000000001
0.7 0.5284500000000001
0.7 0.43695000000000034
0.63 0.4126500000000001
0.63 0.376199999999999
0.63 0.3915999999999997
0.63 0.4221999999999998
0.63 0.46185000000000054
0.63 0.49145000000000105
0.71 0.5015500000000008
0.63 0.4713500000000012
0.63 0.40134999999999965
0.62 0.3709499999999992
0.62 0.3844999999999996
0.62 0.4001999999999999
0.37 0.36919999999999953
0.37 0.3695999999999996
0.53 0.37549999999999967
0.7 0.37404999999999966
0.37 0.36999999999999966
0.37 0.36999999999999966
0.62 0.3965499999999997
0.62 0.4060000000000001
0.63 0.4384500000000008
0.62 0.455800000000001
0.62 0.44280000000000075
0.62 0.49305000000000115
0.69 0.506750000000001
0.62 0.5371000000000009
0.69 0.5493000000000005
0.69 0.5654500000000006
0.69 0.5627500000000002
0.66 0.5383499999999998
0.63 0.5715000000000001
0.63 0.5824500000000008
0.64 0.43364999999999837
0.67 0.515850000000001
0.66 0.5453000000000008
0.7 0.4925500000000011
0.95 0.3957499999999998
0.7 0.5131000000000011
0.95 0.5323000000000011
0.79 0.5259500000000006
0.62 0.3631499999999992
0.95 0.49510000000000154
0.95 0.5563500000000005
0.95 0.5748000000000005
0.94 0.5125500000000013
0.94 0.5370000000000007
0.95 0.6588000000000009
0.95 0.713450000000001
0.95 0.6560000000000015
0.95 0.6331000000000007
0.95 0.5091000000000009
0.74 0.47520000000000195
0.95 0.660200000000001
0.64 0.3676999999999983
0.82 0.510300000000001
0.95 0.6427499999999995
0.7 0.4107
0.95 0.43965000000000054
0.62 0.45480000000000104
0.62 0.47475000000000145
0.62 0.41345000000000026
0.82 0.47750000000000115
0.88 0.5539500000000013
0.82 0.5406000000000013
0.82 0.5638000000000012
0.82 0.666850000000001
0.82 0.6142500000000011
0.82 0.46420000000000117
0.94 0.7075000000000005
0.82 0.6819500000000001
0.82 0.7152500000000002
0.82 0.5998500000000001
0.83 0.626000000000001
0.82 0.5153000000000005
0.82 0.683550000000001
0.82 0.6429500000000007
0.82 0.7205500000000005
0.8 0.5968999999999995
0.86 0.6674999999999998
0.95 0.464300000000001
0.79 0.4537499999999989
0.79 0.41654999999999975
0.74 0.36459999999999904
0.72 0.37329999999999935
0.76 0.42485000000000084
0.75 0.4022499999999992
0.8 0.37024999999999936
0.7 0.4054500000000004
0.72 0.39344999999999963
0.9 0.42169999999999935
0.79 0.4503000000000006
0.9 0.4790500000000013
0.73 0.41780000000000017
0.76 0.48440000000000105
0.9 0.5273500000000014
0.87 0.5283000000000019
0.76 0.47950000000000137
0.74 0.48910000000000103
0.81 0.4756999999999996
0.74 0.545600000000001
0.79 0.5244500000000012
0.7 0.5252000000000006
0.7 0.5579500000000012
0.74 0.5803500000000011
0.72 0.5490000000000019
0.72 0.6460500000000013
0.7 0.6202500000000013
0.7 0.6685500000000013
0.7 0.5853000000000016
0.82 0.5471000000000005
0.86 0.5602500000000006
0.86 0.49655000000000016
0.94 0.46569999999999895
0.94 0.5248500000000003
0.76 0.5840000000000001
0.8 0.5659000000000007
0.88 0.6023999999999997
0.94 0.5687499999999995
0.76 0.5680000000000006
0.76 0.5812000000000013
0.76 0.5852500000000012
0.8 0.5855500000000002
0.8 0.6005500000000014
0.8 0.5969000000000008
0.8 0.6123500000000014
0.8 0.6177000000000008
0.79 0.6213000000000011
0.89 0.6543000000000014
0.89 0.6414000000000013
0.89 0.5643500000000009
0.87 0.5951500000000005
0.7 0.5515000000000002
0.87 0.5886000000000007
0.87 0.5944000000000011
0.87 0.6228000000000008
0.84 0.6453500000000011
0.87 0.5961500000000005
0.87 0.638600000000001
0.87 0.672150000000002
0.87 0.6548500000000016
0.78 0.6206000000000008
0.85 0.5457500000000023
0.87 0.6666500000000013
0.78 0.6129500000000013
0.85 0.6200000000000003
0.83 0.5903500000000015
0.79 0.5611000000000012
0.79 0.6034000000000013
0.82 0.653900000000001
0.78 0.5670000000000018
0.76 0.5946000000000015
0.76 0.6182500000000012
0.78 0.607700000000001
0.78 0.5211500000000018
0.82 0.6339000000000012
0.82 0.6461500000000013
0.82 0.6668000000000017
0.82 0.6681000000000012
0.82 0.6829000000000017
0.82 0.6940000000000013
0.82 0.6479000000000013
0.82 0.6949000000000014
0.82 0.6985000000000013
0.82 0.6567000000000014
0.82 0.5731500000000007
0.82 0.5823000000000012
0.82 0.6349000000000008
0.82 0.6618000000000014
0.82 0.6679000000000014
0.82 0.6246000000000014
0.82 0.6595000000000026
0.82 0.6763000000000016
0.82 0.6858500000000012
0.82 0.700600000000001
0.82 0.703800000000001
0.82 0.5614500000000008
0.82 0.6648999999999997
0.82 0.6837499999999999
0.82 0.7003500000000009
0.82 0.6968500000000013
0.82 0.6489000000000008
0.93 0.7078000000000011
0.82 0.6284499999999991
0.82 0.6276500000000006
0.82 0.6545500000000005
0.7 0.6133499999999996
0.7 0.6352999999999981
0.8 0.6025999999999989
0.8 0.6559000000000005
0.8 0.6569000000000014
0.84 0.6696000000000017
0.84 0.6598000000000016
0.84 0.6789000000000016
0.84 0.6826000000000022
0.92 0.674850000000002
0.82 0.5078000000000018
0.85 0.5774000000000012
0.9 0.6458500000000016
0.9 0.6575500000000016
0.92 0.6758000000000007
0.9 0.485650000000001
0.93 0.6393500000000019
0.96 0.6737000000000009
0.96 0.6026000000000014
0.96 0.5815500000000005
0.63 0.4377500000000004
0.63 0.45705000000000096
0.63 0.47955000000000153
0.92 0.5792000000000004
0.96 0.5536000000000009
0.95 0.4956500000000015
0.95 0.5095500000000012
0.96 0.6269500000000007
0.96 0.6165000000000013
0.96 0.6098500000000013
0.96 0.597100000000001
0.96 0.6595000000000023
0.95 0.6459500000000016
0.95 0.49215000000000164
0.95 0.5196000000000023
0.95 0.5854000000000011
0.64 0.41280000000000006
0.96 0.5919000000000012
0.95 0.3754499999999997
0.96 0.6135000000000013
0.96 0.626700000000001
0.96 0.5260500000000022
0.96 0.43670000000000037
0.96 0.4918500000000018
0.96 0.4521500000000007
0.37 0.36999999999999966
0.37 0.36999999999999966
0.37 0.36999999999999966
0.96 0.5736000000000007
0.96 0.49465000000000175
0.96 0.5826000000000015
0.96 0.6129500000000019
0.96 0.43045000000000017
0.96 0.583200000000001
0.96 0.5474000000000022
0.96 0.6521000000000018
0.96 0.4523500000000006
0.37 0.36999999999999966
0.37 0.36999999999999966
0.37 0.36999999999999966
0.87 0.5409000000000019
0.87 0.44080000000000025
0.37 0.36999999999999966
0.37 0.36999999999999966
0.37 0.36999999999999966
0.37 0.36999999999999966
0.37 0.36999999999999966
0.63 0.3755999999999997
0.37 0.36999999999999966
0.73 0.4575500000000008
0.37 0.36999999999999966
0.37 0.36999999999999966
0.37 0.36999999999999966
0.37 0.36999999999999966
0.73 0.38099999999999956
0.73 0.38199999999999984
0.76 0.37334999999999946
0.76 0.3719499999999997
0.76 0.3719499999999997
0.63 0.3712999999999997
0.63 0.3712999999999997
0.64 0.3775999999999997
0.64 0.3726499999999997
0.37 0.36999999999999966
0.63 0.37389999999999973
0.37 0.36999999999999966
0.37 0.36999999999999966
0.37 0.36999999999999966
0.37 0.36999999999999966
0.37 0.36999999999999966
0.37 0.36999999999999966
0.37 0.36999999999999966
0.37 0.36999999999999966
0.37 0.36999999999999966
0.37 0.36999999999999966
0.37 0.36999999999999966
0.37 0.36999999999999966
0.37 0.36999999999999966
0.37 0.36999999999999966
0.37 0.36999999999999966
0.37 0.36999999999999966
0.37 0.36999999999999966
0.37 0.36999999999999966
0.37 0.36999999999999966
0.37 0.36999999999999966
0.37 0.36999999999999966
0.37 0.36999999999999966
0.37 0.36999999999999966
0.37 0.36999999999999966
0.37 0.36999999999999966
0.37 0.36999999999999966
0.37 0.36999999999999966
0.37 0.36999999999999966
0.37 0.36999999999999966
0.37 0.36999999999999966
0.37 0.36999999999999966
0.37 0.36999999999999966
0.37 0.36999999999999966
0.37 0.36999999999999966
0.37 0.36999999999999966
0.37 0.36999999999999966
0.37 0.36999999999999966
0.37 0.36999999999999966
0.37 0.36999999999999966
0.37 0.36999999999999966
0.37 0.3696499999999996
0.64 0.3728499999999996
0.47 0.37144999999999945
0.64 0.37664999999999965
0.37 0.36999999999999966
0.37 0.36999999999999966
0.37 0.36999999999999966
0.37 0.36999999999999966
0.37 0.36999999999999966
0.37 0.36999999999999966
0.37 0.3696499999999996
0.37 0.36999999999999966
0.37 0.36999999999999966
0.37 0.36999999999999966
0.46 0.3707999999999996
0.46 0.3708999999999997
0.46 0.3708999999999997
0.37 0.36999999999999966
0.37 0.36999999999999966
0.37 0.36999999999999966
0.37 0.36999999999999966
0.37 0.36999999999999966
0.37 0.36999999999999966
0.46 0.3767999999999997
0.46 0.3811499999999998
0.46 0.38639999999999985
0.46 0.39075000000000004
0.46 0.39199999999999996
0.46 0.40350000000000025
0.46 0.4106000000000007
0.37 0.36999999999999966
0.49 0.39055
0.46 0.3931999999999999
0.46 0.4036000000000002
0.46 0.39359999999999995
0.49 0.4041000000000001
0.49 0.4245500000000013
0.48 0.42155000000000137
0.49 0.4259500000000016
0.49 0.42605000000000154
0.63 0.4380500000000013
0.63 0.4499500000000009
0.63 0.4345000000000011
0.63 0.4550499999999996
0.63 0.4558999999999988
0.63 0.4615999999999987
0.63 0.45519999999999883
0.63 0.4525999999999998
0.63 0.4575999999999992
0.63 0.4754500000000001
0.63 0.47210000000000013
0.63 0.4818500000000009
0.63 0.47735000000000083
0.63 0.4854500000000006
0.63 0.4864500000000006
0.7 0.48500000000000093
0.7 0.46075000000000066
0.7 0.4801500000000018
0.7 0.4649500000000016
0.7 0.4899500000000011
0.7 0.5093500000000009
0.63 0.47485000000000194
0.63 0.5135000000000004
0.66 0.5410999999999998
0.7 0.43005000000000043
0.73 0.5284500000000015
0.73 0.5700000000000002
0.73 0.4299000000000004
0.37 0.36999999999999966
0.76 0.4395500000000004
0.37 0.36999999999999966
0.76 0.5098000000000008
0.76 0.5620500000000008
0.82 0.6000499999999999
0.82 0.6075500000000006
0.82 0.6414000000000009
0.82 0.5803500000000014
0.82 0.5471500000000019
0.82 0.45220000000000077
0.82 0.42450000000000043
0.8 0.42185000000000017
0.82 0.60195
0.82 0.6528000000000002
0.82 0.6441500000000003
0.49 0.4177000000000003
0.82 0.7003000000000006
0.82 0.7018000000000002
0.82 0.6786000000000003
0.82 0.6376000000000012
0.82 0.7211000000000013
0.82 0.7434500000000009
0.82 0.7104999999999994
0.82 0.6698000000000011
0.77 0.38804999999999984
0.37 0.36999999999999966
0.37 0.36999999999999966
0.79 0.40310000000000007
0.83 0.4539500000000007
0.77 0.38559999999999983
0.37 0.36999999999999966
0.37 0.36999999999999966
0.37 0.36999999999999966
0.8 0.3803999999999998
0.83 0.5672499999999999
0.83 0.4178500000000003
0.83 0.6027999999999998
0.83 0.6369499999999991
0.83 0.6694999999999993
0.86 0.6940499999999993
0.94 0.7251000000000006
0.94 0.72805
0.95 0.7380500000000005
0.95 0.7584499999999992
0.95 0.7719999999999981
0.95 0.7493999999999997
0.95 0.7237499999999999
0.95 0.8121499999999994
0.95 0.6127000000000016
0.95 0.7937499999999986
0.95 0.7799999999999997
0.95 0.8316999999999989
0.95 0.8508499999999988
0.95 0.8581500000000001
0.95 0.8723000000000009
0.95 0.8615500000000006
