0.72 0.7199999999999992
0.72 0.7199999999999992
0.72 0.7199999999999992
0.72 0.7199999999999992
0.6599999999999999 0.7158999999999991
0.5800000000000001 0.7121999999999992
0.56 0.707299999999999
0.56 0.6973999999999992
0.5800000000000001 0.7181999999999992
0.42000000000000004 0.6623999999999992
0.4 0.6533999999999991
0.4 0.6700999999999998
0.48 0.6256999999999997
0.30000000000000004 0.6386999999999998
0.45999999999999996 0.6267999999999998
0.42000000000000004 0.5956999999999997
0.42000000000000004 0.6358999999999996
0.33999999999999997 0.5599999999999998
0.43999999999999995 0.5243000000000005
0.28 0.5085000000000003
0.43999999999999995 0.4895000000000003
0.4 0.47110000000000063
0.48 0.4896999999999998
0.38 0.4605999999999996
0.38 0.4676999999999999
0.38 0.44999999999999973
0.19999999999999996 0.45210000000000006
0.19999999999999996 0.46009999999999956
0.19999999999999996 0.42449999999999993
0.31999999999999995 0.5118
0.31999999999999995 0.45760000000000006
0.31999999999999995 0.4783999999999998
0.31999999999999995 0.4800999999999999
0.07999999999999996 0.5132999999999996
0.31999999999999995 0.4038000000000003
0.31999999999999995 0.4375000000000002
0.31999999999999995 0.4337000000000002
0.31999999999999995 0.41820000000000024
0.31999999999999995 0.4230000000000003
0.07999999999999996 0.33469999999999994
0.07999999999999996 0.2633999999999997
0.07999999999999996 0.21400000000000002
0.07999999999999996 0.15790000000000007
0.31999999999999995 0.32460000000000017
0.31999999999999995 0.3120000000000002
0.31999999999999995 0.3156000000000002
0.020000000000000018 0.1161
0.06000000000000005 0.10250000000000002
0.06000000000000005 0.0915000000000001
0.06000000000000005 0.08389999999999999
0.06000000000000005 0.07670000000000009
0.06000000000000005 0.07190000000000006
0.06000000000000005 0.07800000000000006
0.06000000000000005 0.07700000000000007
0.06000000000000005 0.0670000000000001
0.06000000000000005 0.06520000000000019
0.06000000000000005 0.06550000000000025
0.06000000000000005 0.07130000000000025
0.06000000000000005 0.15009999999999984
0.06000000000000005 0.07590000000000019
0.06000000000000005 0.07170000000000021
0.07999999999999996 0.07280000000000025
0.07999999999999996 0.07230000000000027
0.07999999999999996 0.07200000000000024
0.07999999999999996 0.07140000000000023
0.07999999999999996 0.07590000000000022
0.07999999999999996 0.07970000000000022
0.07999999999999996 0.08680000000000022
0.07999999999999996 0.07910000000000018
0.07999999999999996 0.0792000000000002
0.07999999999999996 0.08010000000000023
0.07999999999999996 0.07190000000000021
0.07999999999999996 0.07430000000000017
0.07999999999999996 0.0711000000000002
0.07999999999999996 0.06880000000000024
0.07999999999999996 0.06930000000000025
0.07999999999999996 0.08040000000000024
0.07999999999999996 0.08650000000000022
0.07999999999999996 0.0720000000000002
0.07999999999999996 0.06850000000000021
0.07999999999999996 0.06950000000000023
0.07999999999999996 0.07890000000000023
0.07999999999999996 0.07780000000000019
0.07999999999999996 0.07660000000000018
0.07999999999999996 0.07900000000000015
0.07999999999999996 0.07970000000000015
0.07999999999999996 0.0808000000000001
0.07999999999999996 0.07560000000000013
0.07999999999999996 0.07750000000000014
0.07999999999999996 0.07740000000000016
0.07999999999999996 0.0841000000000002
0.21999999999999997 0.5420999999999997
0.21999999999999997 0.5038999999999998
0.19999999999999996 0.4317000000000008
0.07999999999999996 0.3880000000000001
0.33999999999999997 0.6189000000000011
0.33999999999999997 0.6173000000000005
0.33999999999999997 0.5945000000000005
0.33999999999999997 0.5701000000000009
0.33999999999999997 0.5426000000000001
0.33999999999999997 0.5056999999999997
0.18000000000000005 0.27490000000000026
0.06000000000000005 0.24789999999999995
0.06000000000000005 0.23509999999999973
0.06000000000000005 0.2190999999999996
0.06000000000000005 0.1933999999999997
0.06000000000000005 0.17159999999999984
0.06000000000000005 0.14639999999999997
0.06000000000000005 0.12559999999999996
0.06000000000000005 0.10459999999999996
0.06000000000000005 0.09430000000000001
0.06000000000000005 0.07840000000000012
0.06000000000000005 0.08480000000000017
0.06000000000000005 0.0743000000000002
0.06000000000000005 0.0708000000000002
0.06000000000000005 0.06930000000000022
0.06000000000000005 0.07270000000000022
0.06000000000000005 0.07280000000000018
0.06000000000000005 0.07570000000000021
0.06000000000000005 0.07970000000000019
0.06000000000000005 0.08520000000000018
0.06000000000000005 0.07680000000000022
0.06000000000000005 0.0750000000000002
0.06000000000000005 0.0813000000000002
0.06000000000000005 0.07080000000000021
0.06000000000000005 0.07060000000000018
0.06000000000000005 0.07280000000000024
0.06000000000000005 0.07410000000000025
0.06000000000000005 0.07610000000000022
0.06000000000000005 0.07260000000000022
0.06000000000000005 0.0696000000000002
0.06000000000000005 0.07320000000000017
0.06000000000000005 0.07650000000000018
0.06000000000000005 0.0770000000000002
0.06000000000000005 0.07770000000000019
0.06000000000000005 0.08070000000000015
0.06000000000000005 0.08010000000000014
0.06000000000000005 0.08170000000000016
0.06000000000000005 0.08240000000000013
0.06000000000000005 0.07750000000000014
0.06000000000000005 0.08010000000000017
0.06000000000000005 0.07740000000000016
0.06000000000000005 0.07380000000000016
0.14 0.07390000000000017
0.14 0.07520000000000017
0.14 0.07680000000000019
0.14 0.08170000000000018
0.14 0.08030000000000019
0.12 0.22219999999999968
0.14 0.07920000000000021
0.16000000000000003 0.22059999999999977
0.16000000000000003 0.20559999999999964
0.16000000000000003 0.19509999999999966
0.16000000000000003 0.18869999999999973
0.06000000000000005 0.18499999999999972
0.54 0.4514999999999995
0.54 0.43579999999999947
0.45999999999999996 0.4226999999999994
0.43999999999999995 0.4384
0.52 0.4413000000000003
0.21999999999999997 0.44320000000000026
0.21999999999999997 0.43729999999999997
0.19999999999999996 0.4427000000000003
0.21999999999999997 0.4750999999999997
0.21999999999999997 0.48410000000000003
0.19999999999999996 0.4493000000000002
0.19999999999999996 0.4237999999999997
0.19999999999999996 0.3980999999999997
0.06000000000000005 0.2580999999999999
0.19999999999999996 0.3668999999999996
0.19999999999999996 0.3514999999999995
0.21999999999999997 0.31359999999999993
0.21999999999999997 0.29100000000000015
0.21999999999999997 0.2896000000000003
0.21999999999999997 0.27420000000000094
0.24 0.2823000000000001
0.09999999999999998 0.1576999999999998
0.07999999999999996 0.16039999999999985
0.07999999999999996 0.1469
0.07999999999999996 0.1489999999999999
0.24 0.2695000000000001
0.06000000000000005 0.1145999999999999
0.36 0.6768999999999993
0.36 0.6373999999999994
0.06000000000000005 0.12070000000000002
0.06000000000000005 0.09959999999999994
0.06000000000000005 0.10039999999999998
0.06000000000000005 0.1028000000000001
0.31999999999999995 0.5192999999999998
0.31999999999999995 0.46939999999999915
0.31999999999999995 0.4608999999999991
0.24 0.3444000000000002
0.5 0.5836999999999987
0.07999999999999996 0.09580000000000007
0.38 0.4411999999999993
0.18000000000000005 0.3350000000000003
0.18000000000000005 0.32680000000000065
0.07999999999999996 0.08980000000000007
0.07999999999999996 0.0792000000000001
0.07999999999999996 0.08170000000000015
0.07999999999999996 0.08030000000000012
0.07999999999999996 0.08020000000000017
0.07999999999999996 0.08260000000000016
0.07999999999999996 0.07840000000000018
0.07999999999999996 0.08220000000000019
0.07999999999999996 0.08090000000000015
0.07999999999999996 0.08050000000000015
0.07999999999999996 0.07640000000000016
0.07999999999999996 0.07940000000000014
0.07999999999999996 0.07990000000000017
0.07999999999999996 0.07830000000000018
0.07999999999999996 0.1589999999999998
0.07999999999999996 0.13869999999999968
0.07999999999999996 0.12469999999999976
0.07999999999999996 0.1210999999999999
0.07999999999999996 0.11629999999999986
0.07999999999999996 0.1106999999999999
0.09999999999999998 0.17430000000000018
0.09999999999999998 0.16630000000000017
0.09999999999999998 0.09609999999999992
0.09999999999999998 0.09149999999999996
0.06000000000000005 0.14460000000000028
0.06000000000000005 0.15030000000000024
0.06000000000000005 0.14340000000000022
0.09999999999999998 0.10769999999999992
0.09999999999999998 0.10869999999999988
0.09999999999999998 0.10359999999999983
0.09999999999999998 0.13910000000000014
0.09999999999999998 0.11840000000000012
0.09999999999999998 0.10170000000000008
0.09999999999999998 0.10030000000000004
0.62 0.7050000000000005
0.62 0.6983000000000011
0.07999999999999996 0.09460000000000011
0.5 0.6805000000000014
0.5 0.6710000000000013
0.38 0.6566000000000011
0.5 0.7169999999999991
0.33999999999999997 0.6356000000000012
0.33999999999999997 0.6099000000000004
0.33999999999999997 0.6677999999999994
0.54 0.623
0.42000000000000004 0.5769999999999998
0.31999999999999995 0.5658999999999995
0.31999999999999995 0.5034999999999997
0.42000000000000004 0.4322999999999999
0.42000000000000004 0.3983999999999996
0.42000000000000004 0.363
0.42000000000000004 0.35230000000000006
0.26 0.3335
0.31999999999999995 0.34220000000000006
0.12 0.3246000000000003
0.31999999999999995 0.3334000000000001
0.07999999999999996 0.3303000000000003
0.07999999999999996 0.3340000000000004
0.31999999999999995 0.3411000000000002
0.31999999999999995 0.3414000000000001
0.31999999999999995 0.3350000000000002
0.62 0.7191999999999991
0.36 0.5484999999999998
0.36 0.5060000000000002
0.36 0.4674999999999999
0.36 0.42750000000000005
0.36 0.4087000000000003
0.36 0.3992000000000002
0.36 0.38949999999999996
0.36 0.37759999999999977
0.36 0.3781999999999998
0.36 0.37290000000000023
0.36 0.3718000000000001
0.36 0.3727000000000001
0.36 0.37199999999999994
0.36 0.3729999999999999
0.36 0.37369999999999975
0.36 0.3678999999999999
0.36 0.3712999999999999
0.36 0.37489999999999996
0.36 0.37719999999999976
0.4 0.7073999999999989
0.4 0.686099999999999
0.4 0.6507999999999994
0.4 0.6055999999999994
0.4 0.5598999999999991
0.36 0.5116999999999997
0.36 0.4584999999999996
0.36 0.43119999999999936
0.36 0.4067
0.36 0.40180000000000005
0.36 0.3864000000000006
0.36 0.3954000000000002
0.36 0.38780000000000014
0.36 0.38500000000000023
0.33999999999999997 0.3790000000000003
0.33999999999999997 0.38719999999999954
0.33999999999999997 0.3786999999999998
0.33999999999999997 0.3719000000000001
0.33999999999999997 0.36720000000000025
0.19999999999999996 0.330800000000001
0.020000000000000018 0.3213000000000008
0.020000000000000018 0.3176000000000008
0.33999999999999997 0.3750000000000002
0.020000000000000018 0.3138000000000007
0.020000000000000018 0.2956000000000004
0.33999999999999997 0.3811000000000002
0.33999999999999997 0.37060000000000026
0.040000000000000036 0.29160000000000025
0.040000000000000036 0.26370000000000043
0.040000000000000036 0.24100000000000021
0.06000000000000005 0.1814000000000001
0.06000000000000005 0.15069999999999995
0.06000000000000005 0.10979999999999994
0.06000000000000005 0.08150000000000006
0.06000000000000005 0.06370000000000008
0.06000000000000005 0.06130000000000005
0.06000000000000005 0.05760000000000003
0.06000000000000005 0.04980000000000004
0.06000000000000005 0.048800000000000045
0.06000000000000005 0.04930000000000002
0.06000000000000005 0.05930000000000005
0.06000000000000005 0.05690000000000002
0.06000000000000005 0.0558
0.06000000000000005 0.055400000000000046
0.06000000000000005 0.06160000000000009
0.06000000000000005 0.09619999999999998
0.06000000000000005 0.07789999999999994
0.06000000000000005 0.0658
0.06000000000000005 0.05880000000000003
0.06000000000000005 0.06070000000000002
0.06000000000000005 0.05360000000000006
0.06000000000000005 0.05480000000000004
0.06000000000000005 0.05880000000000006
0.06000000000000005 0.05680000000000006
0.06000000000000005 0.050800000000000074
0.06000000000000005 0.05560000000000009
0.06000000000000005 0.054200000000000095
0.06000000000000005 0.06450000000000009
0.06000000000000005 0.05790000000000007
0.06000000000000005 0.05820000000000005
0.06000000000000005 0.05750000000000007
0.06000000000000005 0.0568000000000001
0.06000000000000005 0.05280000000000008
0.06000000000000005 0.05230000000000004
0.06000000000000005 0.1045999999999999
0.06000000000000005 0.09039999999999992
0.06000000000000005 0.056800000000000093
0.06000000000000005 0.05730000000000011
0.06000000000000005 0.05680000000000009
0.06000000000000005 0.0546000000000001
0.06000000000000005 0.06030000000000011
0.06000000000000005 0.05600000000000004
0.040000000000000036 0.09249999999999987
0.040000000000000036 0.09189999999999994
0.040000000000000036 0.09629999999999984
0.040000000000000036 0.09749999999999993
0.040000000000000036 0.08979999999999994
0.040000000000000036 0.07589999999999997
0.040000000000000036 0.0753
0.040000000000000036 0.06630000000000001
0.040000000000000036 0.06680000000000004
0.040000000000000036 0.07520000000000007
0.040000000000000036 0.07120000000000007
0.040000000000000036 0.0605000000000001
0.040000000000000036 0.06090000000000008
0.040000000000000036 0.07430000000000006
0.040000000000000036 0.0619000000000001
0.040000000000000036 0.058000000000000024
0.040000000000000036 0.05550000000000002
0.040000000000000036 0.06200000000000003
0.040000000000000036 0.06060000000000005
0.040000000000000036 0.052300000000000076
0.040000000000000036 0.06479999999999998
0.040000000000000036 0.062099999999999975
0.040000000000000036 0.05939999999999998
0.040000000000000036 0.06890000000000002
0.040000000000000036 0.06470000000000002
0.040000000000000036 0.0601
0.040000000000000036 0.05310000000000004
0.040000000000000036 0.067
0.040000000000000036 0.055200000000000034
0.31999999999999995 0.34040000000000026
0.040000000000000036 0.06269999999999999
0.31999999999999995 0.34310000000000007
0.31999999999999995 0.3413000000000003
0.31999999999999995 0.3397
0.31999999999999995 0.34070000000000017
0.31999999999999995 0.3405
0.31999999999999995 0.3358000000000001
0.31999999999999995 0.3405000000000002
0.31999999999999995 0.3376000000000002
0.31999999999999995 0.33669999999999994
0.31999999999999995 0.33050000000000035
0.31999999999999995 0.33300000000000024
0.31999999999999995 0.3400000000000002
0.31999999999999995 0.3450000000000002
0.31999999999999995 0.33040000000000025
0.33999999999999997 0.32660000000000033
0.33999999999999997 0.32740000000000014
0.33999999999999997 0.32950000000000024
0.020000000000000018 0.07670000000000003
0.020000000000000018 0.0655
0.020000000000000018 0.05980000000000005
0.020000000000000018 0.06490000000000001
0.020000000000000018 0.06490000000000001
0.020000000000000018 0.0605
0.020000000000000018 0.051900000000000036
0.020000000000000018 0.05440000000000003
0.020000000000000018 0.06230000000000006
0.020000000000000018 0.06350000000000006
0.020000000000000018 0.06019999999999999
0.020000000000000018 0.05370000000000004
0.020000000000000018 0.05810000000000008
0.020000000000000018 0.0588000000000001
0.020000000000000018 0.05340000000000007
0.020000000000000018 0.05600000000000008
0.020000000000000018 0.05660000000000009
0.020000000000000018 0.05130000000000008
0.020000000000000018 0.04940000000000009
0.040000000000000036 0.05040000000000006
0.040000000000000036 0.055000000000000035
0.040000000000000036 0.05540000000000008
0.040000000000000036 0.05470000000000003
0.040000000000000036 0.06200000000000006
0.040000000000000036 0.069
0.040000000000000036 0.05180000000000005
0.040000000000000036 0.051900000000000016
0.040000000000000036 0.052200000000000066
0.040000000000000036 0.0529
0.040000000000000036 0.11470000000000002
0.040000000000000036 0.057400000000000034
0.040000000000000036 0.09870000000000008
0.040000000000000036 0.0860000000000001
0.06000000000000005 0.04890000000000003
0.040000000000000036 0.08120000000000015
0.040000000000000036 0.05530000000000003
0.040000000000000036 0.05630000000000004
0.040000000000000036 0.047099999999999975
0.040000000000000036 0.04959999999999999
0.040000000000000036 0.050200000000000015
0.040000000000000036 0.04400000000000002
0.040000000000000036 0.057500000000000016
0.040000000000000036 0.14749999999999988
0.040000000000000036 0.12199999999999993
0.040000000000000036 0.09519999999999999
0.040000000000000036 0.0772
0.040000000000000036 0.06920000000000005
0.040000000000000036 0.06480000000000012
0.040000000000000036 0.06030000000000009
0.040000000000000036 0.05520000000000012
0.040000000000000036 0.06070000000000014
0.040000000000000036 0.05640000000000016
0.040000000000000036 0.058400000000000174
0.040000000000000036 0.06360000000000021
0.040000000000000036 0.07270000000000014
0.040000000000000036 0.055900000000000186
0.040000000000000036 0.06680000000000018
0.040000000000000036 0.05950000000000019
0.040000000000000036 0.05890000000000018
0.040000000000000036 0.06410000000000018
0.040000000000000036 0.06440000000000015
0.040000000000000036 0.06340000000000019
0.040000000000000036 0.06110000000000013
0.040000000000000036 0.07650000000000015
0.040000000000000036 0.06510000000000017
0.040000000000000036 0.06170000000000016
0.040000000000000036 0.057500000000000176
0.040000000000000036 0.06160000000000016
0.040000000000000036 0.06150000000000014
0.040000000000000036 0.0652000000000001
0.040000000000000036 0.06360000000000016
0.040000000000000036 0.06390000000000015
0.040000000000000036 0.0693000000000002
0.040000000000000036 0.07170000000000024
0.040000000000000036 0.07250000000000018
0.040000000000000036 0.06670000000000012
0.040000000000000036 0.06620000000000018
0.040000000000000036 0.0700000000000001
0.040000000000000036 0.06620000000000015
0.040000000000000036 0.07070000000000017
0.040000000000000036 0.0748000000000002
0.040000000000000036 0.06830000000000021
0.040000000000000036 0.06220000000000023
0.040000000000000036 0.061900000000000226
0.040000000000000036 0.0649000000000002
0.040000000000000036 0.06340000000000022
0.040000000000000036 0.06210000000000024
0.040000000000000036 0.06300000000000024
0.040000000000000036 0.06370000000000019
0.040000000000000036 0.06270000000000017
0.040000000000000036 0.06860000000000016
0.040000000000000036 0.07240000000000019
0.040000000000000036 0.0722000000000002
0.040000000000000036 0.0751000000000002
0.040000000000000036 0.06370000000000023
0.040000000000000036 0.06110000000000026
0.040000000000000036 0.06630000000000018
0.040000000000000036 0.06810000000000019
0.040000000000000036 0.06150000000000021
0.040000000000000036 0.06500000000000018
0.040000000000000036 0.06380000000000016
0.040000000000000036 0.06460000000000017
