0.28 0.6398999999999995
0.28 0.6058999999999994
0.31999999999999995 0.6001000000000001
0.31999999999999995 0.5836999999999996
0.21999999999999997 0.6103999999999995
0.26 0.6232999999999995
0.30000000000000004 0.6125999999999994
0.30000000000000004 0.5866999999999996
0.30000000000000004 0.5983999999999995
0.21999999999999997 0.5764999999999995
0.38 0.5611999999999996
0.18000000000000005 0.5869999999999996
0.36 0.5515
0.36 0.5817999999999994
0.36 0.5904999999999994
0.28 0.5153999999999996
0.36 0.56
0.28 0.5879999999999995
0.38 0.6002999999999993
0.38 0.5596999999999993
0.38 0.5978999999999995
0.38 0.5498999999999998
0.07999999999999996 0.5424
0.040000000000000036 0.4985999999999997
0.38 0.5333999999999997
0.21999999999999997 0.4920999999999998
0.06000000000000005 0.4787999999999999
0.07999999999999996 0.4465
0.040000000000000036 0.4293000000000003
0.18000000000000005 0.5092999999999993
0.30000000000000004 0.41100000000000064
0.040000000000000036 0.39920000000000067
0.24 0.48150000000000015
0.24 0.47439999999999993
0.24 0.42100000000000065
0.36 0.44380000000000036
0.36 0.39500000000000063
0.19999999999999996 0.3903000000000004
0.36 0.403300000000001
0.38 0.41880000000000045
0.38 0.46130000000000027
0.38 0.4888000000000004
0.38 0.5343000000000001
0.33999999999999997 0.4940000000000002
0.38 0.5680999999999999
0.38 0.6860999999999994
0.33999999999999997 0.6429999999999982
0.33999999999999997 0.6169999999999984
0.42000000000000004 0.663099999999999
0.42000000000000004 0.6680999999999989
0.33999999999999997 0.580399999999999
0.24 0.499899999999999
0.24 0.4288999999999998
0.12 0.4961999999999997
0.24 0.42640000000000006
0.14 0.42040000000000044
0.14 0.4249000000000005
0.31999999999999995 0.5233999999999989
0.38 0.6301999999999977
0.38 0.6603999999999981
0.16000000000000003 0.5021999999999994
0.040000000000000036 0.4663999999999998
0.040000000000000036 0.4305999999999998
0.28 0.6148999999999993
0.19999999999999996 0.5150999999999993
0.07999999999999996 0.48139999999999944
0.040000000000000036 0.45349999999999957
0.52 0.719999999999999
0.54 0.7098999999999991
0.56 0.717299999999999
0.6 0.7191999999999991
0.56 0.7150999999999991
0.5800000000000001 0.712099999999999
0.5800000000000001 0.7103999999999989
0.5800000000000001 0.707099999999999
0.19999999999999996 0.5428999999999999
0.33999999999999997 0.609500000000001
0.33999999999999997 0.5643000000000008
0.21999999999999997 0.5398000000000006
0.19999999999999996 0.5570000000000015
0.14 0.5336000000000013
0.06000000000000005 0.48110000000000086
0.06000000000000005 0.43800000000000033
0.040000000000000036 0.3640000000000003
0.040000000000000036 0.3852999999999999
0.14 0.4664999999999999
0.26 0.6908999999999992
0.040000000000000036 0.4692999999999998
0.040000000000000036 0.3927000000000001
0.040000000000000036 0.3461000000000005
0.040000000000000036 0.3097000000000004
0.06000000000000005 0.3065000000000006
0.43999999999999995 0.6891999999999991
0.040000000000000036 0.26710000000000006
0.4 0.704299999999999
0.4 0.6987999999999991
0.040000000000000036 0.2985999999999997
0.38 0.5837999999999994
0.040000000000000036 0.3175999999999999
0.06000000000000005 0.27860000000000007
0.040000000000000036 0.26559999999999995
0.040000000000000036 0.2532999999999998
0.040000000000000036 0.20749999999999985
0.040000000000000036 0.17400000000000004
0.0 0.24320000000000033
