0.91 0.4273700000000047
0.98 0.46571000000000484
1.0 0.49647000000000524
1.0 0.529520000000004
1.0 0.5589000000000028
1.0 0.5925899999999987
1.0 0.6041399999999982
1.0 0.6285399999999963
1.0 0.652249999999999
1.0 0.6792699999999986
1.0 0.6984499999999968
1.0 0.7122999999999945
1.0 0.7262799999999978
1.0 0.7416900000000005
1.0 0.7425399999999983
1.0 0.7563500000000014
1.0 0.768520000000003
1.0 0.7798400000000073
1.0 0.7878000000000084
1.0 0.7754700000000054
1.0 0.7839600000000074
1.0 0.7913000000000061
1.0 0.8023700000000064
1.0 0.8015000000000059
1.0 0.7967100000000064
1.0 0.794350000000006
1.0 0.807030000000004
1.0 0.8047300000000037
1.0 0.8172300000000011
1.0 0.8364000000000046
1.0 0.8436000000000026
1.0 0.8404100000000031
1.0 0.8388400000000027
1.0 0.841560000000002
1.0 0.8402600000000022
1.0 0.8393500000000009
1.0 0.8393900000000026
1.0 0.8407000000000024
1.0 0.8388900000000027
1.0 0.848410000000005
1.0 0.863730000000006
1.0 0.8700000000000032
1.0 0.8654700000000048
1.0 0.868600000000004
1.0 0.8685700000000018
1.0 0.8630400000000026
1.0 0.867460000000002
1.0 0.8625400000000032
1.0 0.8595400000000046
1.0 0.8638600000000037
1.0 0.8650000000000029
1.0 0.8664300000000026
1.0 0.8670100000000011
1.0 0.8816900000000039
1.0 0.8787400000000025
1.0 0.8766000000000008
1.0 0.8783100000000016
1.0 0.8813600000000024
1.0 0.8702299999999986
1.0 0.8733900000000001
1.0 0.8717499999999992
1.0 0.8828200000000005
1.0 0.8928300000000045
1.0 0.8860800000000034
1.0 0.8962300000000059
1.0 0.895980000000007
1.0 0.8863800000000047
1.0 0.8845300000000046
1.0 0.8857900000000029
1.0 0.8876700000000015
1.0 0.8994300000000026
1.0 0.9059700000000037
1.0 0.897690000000003
1.0 0.9109700000000034
1.0 0.9044100000000029
1.0 0.9022000000000054
1.0 0.8952800000000054
1.0 0.9003300000000053
1.0 0.9056900000000049
1.0 0.8938000000000051
1.0 0.8972600000000056
1.0 0.8936300000000024
1.0 0.8989100000000017
1.0 0.8907600000000031
1.0 0.9079900000000021
1.0 0.9074100000000027
1.0 0.9120200000000018
1.0 0.9132800000000033
1.0 0.9151600000000042
1.0 0.9105400000000043
1.0 0.9130100000000045
1.0 0.9173100000000053
1.0 0.9107600000000058
1.0 0.9097300000000065
1.0 0.9100600000000058
1.0 0.910880000000004
1.0 0.9057300000000034
1.0 0.910810000000003
1.0 0.9056100000000039
1.0 0.8987500000000033
