0.42000000000000004 0.6650000000000014
0.38 0.6790000000000016
0.31999999999999995 0.6719000000000017
0.38 0.691700000000002
0.38 0.6953000000000017
0.24 0.6870000000000016
0.38 0.6524000000000015
0.33999999999999997 0.6852000000000018
0.38 0.6914000000000017
0.38 0.6912000000000015
0.38 0.7214000000000012
0.38 0.7022000000000012
0.38 0.7171000000000011
0.4 0.7069000000000011
0.38 0.6751000000000015
0.42000000000000004 0.7003000000000015
0.38 0.6654000000000018
0.38 0.689500000000001
0.38 0.6782000000000019
0.38 0.6942000000000015
0.43999999999999995 0.7036000000000009
0.42000000000000004 0.680500000000002
0.4 0.677500000000002
0.4 0.6703000000000019
0.38 0.709500000000001
0.38 0.7081000000000008
0.26 0.6799000000000015
0.38 0.6781000000000017
0.38 0.6693000000000017
0.38 0.6780000000000015
0.38 0.6489000000000017
0.38 0.6762000000000016
0.38 0.6208000000000018
0.16000000000000003 0.592500000000001
0.16000000000000003 0.6102000000000016
0.19999999999999996 0.6045000000000016
0.38 0.5656000000000013
0.38 0.5345000000000009
0.38 0.4958000000000004
0.38 0.5028000000000004
0.38 0.5153000000000011
0.38 0.5242000000000009
0.38 0.5260000000000011
0.38 0.5161000000000008
0.38 0.5131000000000008
0.38 0.48050000000000054
0.4 0.4607000000000007
0.21999999999999997 0.5009000000000008
0.38 0.4788000000000005
0.21999999999999997 0.5275000000000012
0.38 0.5260000000000011
0.38 0.5684000000000013
0.38 0.5209000000000011
0.38 0.4888000000000009
0.24 0.5195000000000011
0.38 0.4766000000000005
0.30000000000000004 0.4449000000000007
0.26 0.491100000000001
0.26 0.5051000000000012
0.26 0.490300000000001
0.26 0.44140000000000074
0.26 0.43310000000000093
0.26 0.41700000000000104
0.26 0.4863000000000008
0.26 0.4807000000000003
0.21999999999999997 0.5086000000000007
0.21999999999999997 0.4599
0.21999999999999997 0.44820000000000026
0.21999999999999997 0.4339000000000002
0.21999999999999997 0.43260000000000026
0.21999999999999997 0.4016000000000004
0.040000000000000036 0.39030000000000065
0.040000000000000036 0.3911000000000009
0.040000000000000036 0.44570000000000026
0.040000000000000036 0.4227000000000002
0.040000000000000036 0.4078000000000006
0.040000000000000036 0.3936000000000004
0.040000000000000036 0.36460000000000037
0.040000000000000036 0.3687000000000003
0.040000000000000036 0.3669000000000004
0.040000000000000036 0.37130000000000046
0.040000000000000036 0.3594000000000006
0.040000000000000036 0.3313000000000004
0.040000000000000036 0.3546000000000004
0.31999999999999995 0.5542000000000017
0.26 0.4847000000000008
0.26 0.5536000000000012
0.26 0.43650000000000033
0.38 0.5756000000000014
0.38 0.5691000000000015
0.28 0.5350000000000013
0.06000000000000005 0.4743000000000005
0.28 0.529800000000001
0.21999999999999997 0.42330000000000007
0.24 0.4927000000000001
0.26 0.5244000000000003
0.21999999999999997 0.4356000000000002
0.26 0.4978000000000011
0.26 0.6305000000000018
0.26 0.6511000000000017
0.31999999999999995 0.6546000000000016
0.26 0.6377000000000016
0.26 0.6183000000000017
0.21999999999999997 0.6153000000000017
0.21999999999999997 0.5822000000000013
0.21999999999999997 0.5395000000000013
0.21999999999999997 0.529800000000001
0.21999999999999997 0.480700000000001
0.21999999999999997 0.5184000000000011
0.21999999999999997 0.4909000000000009
0.21999999999999997 0.5186000000000014
0.21999999999999997 0.46000000000000063
0.21999999999999997 0.4711000000000008
0.21999999999999997 0.43290000000000056
0.21999999999999997 0.4528000000000002
0.26 0.4646000000000006
0.21999999999999997 0.4856000000000008
0.21999999999999997 0.4283000000000003
0.21999999999999997 0.3917000000000003
0.21999999999999997 0.3987000000000004
0.21999999999999997 0.3868000000000001
0.21999999999999997 0.3765000000000002
0.21999999999999997 0.36550000000000066
0.21999999999999997 0.36410000000000037
0.21999999999999997 0.3520000000000006
0.38 0.4434000000000007
0.21999999999999997 0.45330000000000076
0.21999999999999997 0.35230000000000045
0.21999999999999997 0.38490000000000074
0.4 0.3992000000000009
0.38 0.5292000000000011
0.38 0.5517000000000011
0.38 0.6250000000000014
0.38 0.545600000000001
0.4 0.5748000000000015
0.38 0.5805000000000016
0.38 0.5541000000000011
0.4 0.5503000000000011
0.30000000000000004 0.6088000000000013
0.30000000000000004 0.6422000000000014
0.4 0.6062000000000015
0.4 0.6509000000000015
0.4 0.6409000000000016
0.4 0.5128000000000005
0.4 0.4785000000000003
0.4 0.4728000000000004
0.4 0.4555000000000002
0.4 0.43849999999999995
0.4 0.5375000000000011
0.4 0.5336000000000012
0.4 0.4491000000000009
0.4 0.4429000000000008
0.4 0.42460000000000087
0.4 0.4037000000000008
0.4 0.4111000000000006
0.26 0.39560000000000073
0.26 0.38580000000000075
0.26 0.3870000000000009
0.26 0.3750000000000011
0.26 0.37500000000000094
0.26 0.37500000000000094
0.26 0.3549000000000008
0.26 0.35840000000000083
0.26 0.3736000000000005
0.26 0.4010000000000011
0.38 0.7177000000000008
0.38 0.6879000000000012
0.38 0.6443000000000015
0.38 0.5945000000000011
0.31999999999999995 0.533700000000001
0.26 0.5012000000000004
0.4 0.5808000000000005
0.4 0.5282999999999999
0.4 0.5154000000000003
0.4 0.4785000000000004
0.21999999999999997 0.4742000000000004
0.30000000000000004 0.4592
0.38 0.46180000000000015
0.26 0.42800000000000077
0.38 0.4292000000000006
0.38 0.428200000000001
0.26 0.4147000000000011
0.38 0.4114000000000009
0.26 0.40000000000000085
0.4 0.3988000000000009
0.38 0.4116000000000008
0.38 0.4077000000000009
0.38 0.40560000000000057
0.33999999999999997 0.4125000000000007
0.33999999999999997 0.4049000000000008
0.28 0.4015000000000007
0.38 0.39660000000000073
0.28 0.4025000000000007
0.28 0.3948000000000007
0.33999999999999997 0.3979000000000006
0.36 0.3978000000000009
0.38 0.41540000000000077
0.38 0.40880000000000094
0.38 0.4248000000000012
0.38 0.4059000000000006
0.38 0.41390000000000077
0.38 0.41030000000000094
0.38 0.40000000000000063
0.38 0.4022000000000007
0.38 0.4041000000000007
0.31999999999999995 0.3975000000000005
0.31999999999999995 0.38600000000000034
0.31999999999999995 0.3987000000000006
0.31999999999999995 0.40360000000000057
0.38 0.39700000000000074
0.38 0.3973000000000006
0.38 0.41110000000000085
0.38 0.4019000000000009
0.38 0.40180000000000055
0.28 0.39200000000000057
0.28 0.4027000000000009
0.28 0.4088000000000012
0.28 0.39540000000000075
0.28 0.3892000000000007
0.28 0.3843000000000006
0.31999999999999995 0.38500000000000045
0.33999999999999997 0.5121000000000012
0.31999999999999995 0.44460000000000127
0.30000000000000004 0.44890000000000085
0.26 0.3935000000000011
0.31999999999999995 0.4379000000000002
0.21999999999999997 0.43350000000000066
0.21999999999999997 0.4144000000000006
0.21999999999999997 0.43750000000000056
0.38 0.41710000000000114
0.38 0.4122000000000009
0.38 0.39940000000000064
0.24 0.3804000000000004
0.38 0.4172000000000012
0.38 0.4237000000000013
0.4 0.39440000000000053
0.38 0.3916000000000006
0.38 0.41310000000000097
0.38 0.4050000000000008
0.38 0.4181000000000011
0.38 0.41040000000000093
0.38 0.41070000000000095
0.38 0.3976000000000006
0.38 0.3995000000000008
0.38 0.39980000000000065
0.38 0.40230000000000077
0.38 0.4073000000000009
0.38 0.3929000000000004
0.38 0.3950000000000004
0.38 0.3917000000000005
0.38 0.38940000000000036
0.38 0.38800000000000046
0.38 0.39130000000000037
0.38 0.39650000000000063
0.38 0.38910000000000056
0.38 0.38910000000000056
0.38 0.3917000000000006
0.30000000000000004 0.38600000000000045
0.38 0.3939000000000007
0.38 0.39670000000000066
0.38 0.39750000000000063
0.38 0.4034000000000008
0.38 0.3926000000000004
0.38 0.3945000000000007
0.38 0.3888000000000005
0.38 0.3896000000000005
0.38 0.3979000000000005
0.38 0.3909000000000004
0.38 0.39080000000000054
0.38 0.3944000000000004
0.38 0.38900000000000046
0.38 0.39530000000000043
0.38 0.3996000000000008
0.38 0.40400000000000064
0.38 0.3950000000000006
0.38 0.3960000000000006
0.38 0.40080000000000077
0.38 0.40040000000000053
0.38 0.4110000000000007
0.38 0.40660000000000074
0.38 0.39490000000000053
0.38 0.39640000000000053
0.38 0.4010000000000006
0.38 0.39740000000000075
0.38 0.3956000000000005
0.38 0.39420000000000044
0.38 0.4009000000000007
0.38 0.40400000000000075
0.38 0.4017000000000005
0.38 0.4029000000000007
0.38 0.4005000000000007
0.38 0.3926000000000005
0.38 0.39360000000000034
0.38 0.3973000000000005
0.38 0.39730000000000076
0.38 0.41860000000000086
0.38 0.40850000000000086
0.38 0.3976000000000006
0.38 0.3985000000000005
0.38 0.39190000000000047
0.38 0.39170000000000066
0.38 0.399700000000001
0.38 0.3925000000000006
0.38 0.39420000000000044
0.38 0.3925000000000005
0.38 0.39110000000000056
0.38 0.38960000000000045
0.38 0.3881000000000006
0.38 0.39650000000000063
0.38 0.38700000000000045
0.38 0.3897000000000005
0.38 0.3947000000000007
0.38 0.3973000000000005
0.38 0.3864000000000004
0.38 0.39690000000000053
0.38 0.39210000000000045
0.38 0.39350000000000024
0.38 0.3939000000000004
0.38 0.3966000000000006
0.38 0.3901000000000004
0.38 0.39750000000000063
0.38 0.3925000000000008
0.38 0.3884000000000006
0.38 0.3827000000000003
0.38 0.3870000000000004
0.38 0.3930000000000004
0.38 0.39000000000000035
0.38 0.40020000000000067
0.38 0.3955000000000005
0.38 0.39600000000000063
0.38 0.41150000000000114
0.38 0.4158000000000011
0.38 0.42950000000000144
0.38 0.41160000000000097
0.38 0.3952000000000006
0.38 0.42680000000000107
0.38 0.3926000000000005
0.38 0.38780000000000037
0.38 0.39940000000000064
0.38 0.39120000000000055
0.38 0.38690000000000035
0.38 0.38890000000000036
0.38 0.38840000000000047
0.38 0.38690000000000024
0.38 0.3894000000000005
0.38 0.39050000000000046
0.38 0.3950000000000005
0.38 0.39150000000000057
0.38 0.39640000000000064
0.38 0.3870000000000005
0.38 0.38650000000000034
0.38 0.38800000000000046
0.38 0.39470000000000055
0.38 0.39100000000000057
0.38 0.3871000000000004
0.38 0.5390000000000011
0.38 0.43410000000000115
0.38 0.41120000000000106
0.38 0.4376000000000012
0.38 0.40280000000000077
0.38 0.41340000000000104
0.42000000000000004 0.3903000000000006
0.42000000000000004 0.3934000000000005
0.38 0.4023000000000008
0.38 0.3927000000000006
0.38 0.3892000000000005
0.38 0.3908000000000004
0.38 0.3897000000000003
0.38 0.5377000000000014
0.38 0.48520000000000146
0.38 0.4579000000000014
0.38 0.4663000000000013
0.38 0.4613000000000014
0.38 0.42070000000000113
0.38 0.4085000000000008
0.38 0.40100000000000063
0.38 0.409400000000001
0.38 0.39900000000000085
0.38 0.3920000000000005
0.38 0.3887000000000004
0.38 0.39090000000000047
0.38 0.3942000000000007
0.38 0.39080000000000054
0.38 0.3904000000000006
0.38 0.39370000000000066
0.38 0.39920000000000067
0.38 0.39940000000000075
0.38 0.40560000000000057
0.38 0.39820000000000055
0.38 0.400900000000001
0.38 0.39570000000000066
0.38 0.3972000000000006
0.38 0.3927000000000007
0.38 0.3995000000000006
0.38 0.39430000000000054
0.38 0.4037000000000009
0.38 0.406100000000001
0.38 0.40400000000000086
0.38 0.4006000000000007
0.38 0.3960000000000006
0.38 0.39900000000000063
0.38 0.40210000000000073
0.38 0.39820000000000066
0.38 0.3975000000000007
0.38 0.3975000000000005
0.38 0.3907000000000005
0.38 0.3908000000000005
0.38 0.39850000000000046
0.38 0.4051000000000006
0.38 0.40100000000000074
0.38 0.3882000000000004
0.38 0.38860000000000045
0.38 0.3991000000000007
0.38 0.3912000000000006
0.38 0.39350000000000074
0.38 0.38950000000000046
0.38 0.3876000000000005
0.38 0.39500000000000063
0.38 0.3946000000000005
0.38 0.3897000000000005
0.38 0.38940000000000047
0.38 0.39010000000000056
0.38 0.3830000000000004
0.38 0.39630000000000054
0.38 0.3956000000000007
0.38 0.3973000000000005
0.38 0.41540000000000094
0.38 0.40180000000000077
0.38 0.3967000000000006
0.38 0.3944000000000005
0.38 0.3917000000000003
0.38 0.38800000000000034
0.38 0.3918000000000004
0.38 0.39070000000000044
0.38 0.3945000000000006
0.38 0.3918000000000007
0.38 0.38960000000000067
0.38 0.3908000000000004
0.38 0.39240000000000025
0.38 0.39920000000000044
0.38 0.3984000000000006
0.38 0.39580000000000043
0.38 0.3975000000000005
0.38 0.4096000000000006
0.38 0.40490000000000054
0.38 0.40490000000000065
0.38 0.4084000000000006
0.38 0.39520000000000055
0.38 0.39750000000000063
0.38 0.3905000000000004
0.38 0.3971000000000008
0.38 0.3946000000000005
0.38 0.3890000000000004
0.38 0.3936000000000004
0.38 0.3997000000000005
0.38 0.40070000000000067
0.38 0.4069000000000006
0.38 0.40980000000000105
0.38 0.40310000000000074
0.38 0.40440000000000054
0.38 0.40810000000000085
0.38 0.40250000000000086
0.38 0.4122000000000006
0.38 0.40310000000000046
0.38 0.4022000000000008
0.38 0.4056000000000008
0.38 0.3994000000000005
0.38 0.3982000000000005
0.38 0.3990000000000006
0.38 0.39170000000000066
0.38 0.39390000000000036
0.38 0.3978000000000003
0.38 0.3867000000000004
0.38 0.3979000000000006
0.38 0.39830000000000054
0.38 0.5167000000000017
0.38 0.4744000000000017
0.38 0.4376000000000012
0.38 0.4090000000000009
0.38 0.3952000000000006
0.38 0.41800000000000087
0.38 0.40270000000000095
0.38 0.3920000000000005
0.38 0.39540000000000064
0.38 0.3927000000000006
0.38 0.3889000000000004
0.38 0.3992000000000008
0.38 0.4273000000000014
0.38 0.5085000000000015
0.38 0.41140000000000077
0.38 0.40960000000000085
0.38 0.416400000000001
0.38 0.4014000000000008
0.38 0.3997000000000008
0.38 0.3920000000000004
0.38 0.38500000000000034
0.38 0.3865000000000005
0.38 0.3884000000000004
0.38 0.3846000000000005
0.38 0.3903000000000004
