0.69 0.3870999999999995
0.69 0.41139999999999965
0.68 0.3999999999999995
0.68 0.4094500000000001
0.69 0.4601999999999988
0.79 0.4509999999999987
0.95 0.47294999999999826
0.95 0.4073499999999994
0.95 0.4537499999999984
0.9 0.48159999999999803
0.69 0.44169999999999815
0.68 0.45619999999999794
0.9 0.4709499999999985
0.9 0.48679999999999873
0.69 0.4643999999999984
0.68 0.4846499999999989
0.68 0.44849999999999846
0.72 0.46349999999999825
0.7 0.4969999999999984
0.79 0.5215499999999991
0.75 0.5375999999999993
0.75 0.5476999999999999
0.9 0.5571999999999993
0.9 0.5262499999999988
0.9 0.5648500000000001
0.68 0.549599999999999
0.71 0.5558999999999995
0.76 0.5469499999999992
0.86 0.5205999999999994
0.88 0.5114999999999994
0.74 0.48739999999999845
0.74 0.5211499999999993
0.8 0.5285499999999993
0.68 0.5363499999999994
0.68 0.5322999999999993
0.83 0.5694999999999997
0.68 0.44634999999999886
0.68 0.45519999999999894
0.79 0.4674999999999988
0.66 0.46894999999999903
0.78 0.48204999999999937
0.78 0.5115999999999992
0.9 0.5276999999999993
0.9 0.5318499999999988
0.9 0.5765499999999996
0.9 0.6026999999999991
0.78 0.5308999999999992
0.83 0.5106999999999988
0.82 0.525849999999999
0.82 0.514299999999999
0.86 0.5820499999999996
0.86 0.6102999999999992
0.8 0.5861499999999993
0.82 0.6053499999999995
0.87 0.6355999999999996
0.92 0.6623000000000006
0.89 0.6577000000000005
0.89 0.61725
