0.14 0.5896800000000028
0.14 0.5548800000000027
0.12 0.5256600000000022
0.12 0.4957400000000026
0.07999999999999996 0.4868000000000016
0.07999999999999996 0.4548000000000004
0.07999999999999996 0.44116000000000105
0.07999999999999996 0.42518000000000056
0.07999999999999996 0.413660000000001
0.07999999999999996 0.3963800000000003
0.07999999999999996 0.3729600000000014
0.06000000000000005 0.36374000000000173
0.06000000000000005 0.361200000000002
0.06000000000000005 0.3506400000000023
0.06000000000000005 0.3461400000000027
0.06000000000000005 0.3328000000000031
0.06000000000000005 0.3335600000000032
0.06000000000000005 0.3331400000000036
0.06000000000000005 0.3182800000000028
0.06000000000000005 0.3124400000000026
0.06000000000000005 0.30326000000000264
0.06000000000000005 0.31210000000000276
0.06000000000000005 0.30416000000000265
0.06000000000000005 0.3023000000000027
0.06000000000000005 0.30618000000000273
0.06000000000000005 0.2977400000000027
0.06000000000000005 0.2830000000000026
0.06000000000000005 0.27606000000000325
0.06000000000000005 0.2705600000000023
0.06000000000000005 0.2602000000000023
0.06000000000000005 0.25742000000000187
0.06000000000000005 0.2433400000000015
0.06000000000000005 0.23472000000000126
0.06000000000000005 0.23080000000000092
0.06000000000000005 0.21992000000000098
0.06000000000000005 0.20844000000000065
0.06000000000000005 0.20198000000000046
0.06000000000000005 0.2045800000000003
0.06000000000000005 0.1883600000000001
0.06000000000000005 0.18536000000000002
0.06000000000000005 0.17514000000000005
0.06000000000000005 0.1760599999999999
0.06000000000000005 0.15979999999999972
0.06000000000000005 0.1651999999999995
0.06000000000000005 0.16963999999999957
0.06000000000000005 0.16875999999999958
0.06000000000000005 0.16181999999999955
0.06000000000000005 0.16925999999999936
0.06000000000000005 0.1773999999999997
0.06000000000000005 0.17323999999999962
0.06000000000000005 0.17357999999999954
0.06000000000000005 0.16435999999999965
0.06000000000000005 0.16355999999999948
0.06000000000000005 0.1726399999999995
0.06000000000000005 0.1552399999999993
0.06000000000000005 0.15233999999999948
0.06000000000000005 0.16373999999999952
0.06000000000000005 0.15743999999999952
0.06000000000000005 0.16081999999999955
0.06000000000000005 0.15477999999999925
0.06000000000000005 0.15835999999999953
0.06000000000000005 0.16313999999999956
0.06000000000000005 0.16509999999999936
0.06000000000000005 0.15489999999999954
0.06000000000000005 0.15133999999999934
0.06000000000000005 0.14727999999999927
0.06000000000000005 0.1511399999999992
0.06000000000000005 0.1514399999999993
0.06000000000000005 0.15143999999999935
0.06000000000000005 0.1553999999999994
0.06000000000000005 0.1645599999999996
0.06000000000000005 0.1662399999999993
0.06000000000000005 0.16597999999999952
0.06000000000000005 0.1696399999999995
0.06000000000000005 0.16641999999999924
0.06000000000000005 0.15603999999999935
0.06000000000000005 0.16441999999999934
0.06000000000000005 0.1674999999999993
0.06000000000000005 0.1702599999999995
0.06000000000000005 0.16549999999999926
0.06000000000000005 0.17129999999999918
0.06000000000000005 0.1658199999999991
0.06000000000000005 0.1637799999999992
0.06000000000000005 0.1661799999999993
0.06000000000000005 0.15817999999999952
0.06000000000000005 0.1482399999999994
0.06000000000000005 0.1588599999999995
0.06000000000000005 0.1601399999999993
0.06000000000000005 0.15377999999999925
0.06000000000000005 0.15597999999999929
0.06000000000000005 0.15357999999999944
0.06000000000000005 0.1705999999999996
0.06000000000000005 0.15697999999999954
0.06000000000000005 0.15733999999999954
0.06000000000000005 0.15315999999999938
0.06000000000000005 0.15857999999999953
0.06000000000000005 0.16701999999999967
0.06000000000000005 0.15545999999999946
0.06000000000000005 0.14873999999999946
0.06000000000000005 0.14625999999999945
