0.82 0.41606000000000387
0.85 0.46424000000000426
0.9 0.49542000000000486
0.91 0.5244400000000035
0.93 0.5512300000000023
0.95 0.5784100000000011
0.97 0.6108400000000025
0.97 0.625650000000002
0.97 0.6432000000000031
0.97 0.6678500000000015
0.97 0.6875399999999993
0.97 0.6972999999999958
0.97 0.708769999999994
0.97 0.7069599999999949
0.97 0.7080799999999976
0.97 0.7089199999999963
0.97 0.7142499999999964
0.97 0.7224199999999985
0.98 0.7302300000000016
0.98 0.723480000000003
0.99 0.7410000000000011
0.99 0.7412300000000036
0.99 0.7559000000000053
0.99 0.7642400000000062
0.99 0.7598600000000051
0.99 0.7664400000000058
0.99 0.7716800000000067
0.99 0.7702100000000053
0.99 0.7777000000000037
0.99 0.7766500000000021
0.99 0.7781300000000043
0.99 0.7771000000000043
0.99 0.7843700000000021
0.99 0.7847000000000043
0.99 0.7879600000000032
0.99 0.788780000000004
0.99 0.7889500000000015
0.99 0.7899100000000017
0.99 0.7797800000000014
0.99 0.78924
0.99 0.795540000000003
0.99 0.7941300000000042
0.99 0.8016500000000039
0.99 0.7989800000000029
0.99 0.8046399999999985
0.99 0.8122200000000017
0.99 0.8216500000000021
0.99 0.8168800000000034
0.99 0.8014300000000011
0.99 0.8107000000000001
0.99 0.8136999999999994
0.99 0.8229900000000021
0.99 0.8182500000000013
0.99 0.814760000000003
0.99 0.8180900000000012
0.99 0.8111300000000002
0.99 0.8126500000000021
0.99 0.8196800000000035
0.99 0.8182900000000021
0.99 0.8227300000000001
0.99 0.8223499999999999
0.99 0.8108600000000005
0.99 0.8104799999999996
0.99 0.8167300000000027
0.99 0.8058700000000009
0.99 0.8186300000000024
0.99 0.8266000000000011
0.99 0.8175500000000008
0.99 0.8238100000000023
0.99 0.822730000000002
0.99 0.8270900000000023
0.99 0.824490000000003
0.99 0.8291400000000011
0.99 0.8228599999999994
0.99 0.82774
0.99 0.8116099999999998
0.99 0.823270000000001
0.99 0.8155800000000009
0.99 0.8424000000000007
0.99 0.8391899999999995
0.99 0.8541999999999992
0.99 0.8472800000000003
0.99 0.8398500000000014
0.99 0.8377900000000019
0.99 0.8494199999999981
0.99 0.8419699999999998
0.99 0.8436899999999985
0.99 0.8496300000000006
0.99 0.857709999999999
0.99 0.8494999999999991
0.99 0.8399100000000006
0.99 0.84441
0.99 0.846960000000001
0.99 0.8514900000000011
0.99 0.85153
0.99 0.8470700000000003
0.99 0.849300000000001
0.99 0.8396700000000016
0.99 0.8448300000000012
0.99 0.8445800000000003
