0.36 0.6426999999999998
0.36 0.5979999999999999
0.36 0.5789999999999995
0.36 0.5669
0.42000000000000004 0.5932999999999999
0.36 0.5966000000000006
0.07999999999999996 0.5910000000000005
0.42000000000000004 0.5431000000000007
0.38 0.5524000000000008
0.30000000000000004 0.5400000000000006
0.30000000000000004 0.5651000000000002
0.12 0.5968000000000007
0.36 0.5843000000000004
0.16000000000000003 0.5806000000000007
0.16000000000000003 0.5810000000000008
0.26 0.554300000000001
0.26 0.5683000000000008
0.38 0.5486000000000005
0.19999999999999996 0.5839000000000008
0.36 0.5409000000000009
0.31999999999999995 0.5214000000000004
0.19999999999999996 0.4998000000000002
0.42000000000000004 0.6051000000000013
0.19999999999999996 0.46390000000000037
0.12 0.5112000000000007
0.12 0.5305000000000006
0.28 0.5787000000000008
0.12 0.4619000000000002
0.09999999999999998 0.5204000000000003
0.28 0.5472000000000008
0.30000000000000004 0.5271000000000008
0.33999999999999997 0.6085000000000002
0.12 0.47820000000000007
0.09999999999999998 0.5278000000000006
0.09999999999999998 0.5429000000000009
0.4 0.6168000000000002
0.14 0.5028999999999998
0.36 0.5829999999999989
0.14 0.5018
0.19999999999999996 0.5090999999999993
0.31999999999999995 0.5055999999999998
0.31999999999999995 0.4515000000000008
0.31999999999999995 0.46620000000000067
0.31999999999999995 0.44680000000000036
0.4 0.49990000000000073
0.36 0.5584000000000006
0.33999999999999997 0.4399000000000003
0.31999999999999995 0.4631000000000004
0.36 0.5050000000000004
0.36 0.5756
0.36 0.4927000000000002
0.36 0.5071000000000006
0.36 0.4528999999999999
0.21999999999999997 0.4302
0.38 0.3924999999999999
0.31999999999999995 0.3866999999999997
0.36 0.39079999999999965
0.36 0.40539999999999965
0.36 0.3647999999999997
0.36 0.3739999999999998
0.30000000000000004 0.36619999999999964
0.36 0.3659999999999997
0.31999999999999995 0.3636999999999995
0.36 0.40949999999999953
0.36 0.42999999999999944
0.36 0.4376999999999995
0.36 0.4073999999999996
0.36 0.37839999999999974
0.36 0.3766999999999998
0.36 0.3746999999999995
0.36 0.3763999999999996
0.36 0.3908999999999998
0.36 0.3651999999999996
0.36 0.3670999999999997
0.36 0.3731999999999996
0.36 0.36589999999999967
0.36 0.36979999999999963
0.36 0.3757999999999997
0.36 0.36659999999999954
0.36 0.3634999999999996
0.36 0.3640999999999996
0.36 0.36549999999999955
0.36 0.36589999999999967
0.36 0.3612999999999996
0.36 0.3645999999999996
0.36 0.36279999999999957
0.36 0.3760999999999995
0.36 0.36389999999999967
0.36 0.3648999999999995
0.36 0.3672999999999997
0.36 0.3636999999999995
0.36 0.3637999999999996
0.36 0.36599999999999966
0.36 0.3599999999999996
0.36 0.3599999999999996
0.36 0.3602999999999995
0.36 0.3601999999999995
0.36 0.3606999999999996
0.36 0.3635999999999996
0.31999999999999995 0.36529999999999957
0.31999999999999995 0.36259999999999964
0.36 0.3657999999999997
0.36 0.3612999999999996
0.36 0.3625999999999997
0.36 0.36239999999999967
0.36 0.3659999999999996
0.36 0.44320000000000015
0.36 0.3693999999999996
0.36 0.40380000000000005
0.36 0.37579999999999975
0.36 0.3718999999999996
0.36 0.3622999999999996
0.36 0.36369999999999963
0.36 0.3614999999999995
0.36 0.3619999999999996
0.36 0.3619999999999996
0.36 0.3620999999999996
0.36 0.3659999999999997
0.36 0.36609999999999965
0.36 0.3676999999999997
0.36 0.37039999999999973
0.36 0.4033000000000001
0.36 0.3762999999999998
0.28 0.3604999999999996
0.30000000000000004 0.3599999999999996
0.24 0.3530999999999996
0.36 0.36149999999999954
0.31999999999999995 0.3626999999999995
0.24 0.3664999999999995
0.24 0.3537999999999995
0.24 0.36199999999999954
0.21999999999999997 0.3502999999999997
0.21999999999999997 0.3495999999999998
0.26 0.3687999999999997
0.21999999999999997 0.3487999999999996
0.16000000000000003 0.34269999999999984
0.18000000000000005 0.30749999999999994
0.18000000000000005 0.301
0.040000000000000036 0.28230000000000005
0.040000000000000036 0.26160000000000005
0.040000000000000036 0.22579999999999997
0.040000000000000036 0.3065000000000003
0.06000000000000005 0.29340000000000016
0.040000000000000036 0.27630000000000005
0.040000000000000036 0.2972000000000001
0.06000000000000005 0.2192000000000001
0.06000000000000005 0.17419999999999988
0.06000000000000005 0.19469999999999985
0.06000000000000005 0.19179999999999992
0.06000000000000005 0.1330999999999999
0.06000000000000005 0.11219999999999997
0.06000000000000005 0.1195999999999999
0.06000000000000005 0.11349999999999992
0.06000000000000005 0.10739999999999998
0.06000000000000005 0.12009999999999996
0.06000000000000005 0.20759999999999962
0.06000000000000005 0.15779999999999994
0.06000000000000005 0.24639999999999998
0.06000000000000005 0.19399999999999998
0.06000000000000005 0.2259
0.06000000000000005 0.2057999999999999
0.06000000000000005 0.1115000000000001
0.040000000000000036 0.39820000000000005
0.36 0.4473000000000004
0.040000000000000036 0.4255999999999996
0.06000000000000005 0.3382999999999998
0.06000000000000005 0.27649999999999986
0.06000000000000005 0.19329999999999997
0.06000000000000005 0.16139999999999996
0.06000000000000005 0.1760999999999999
0.06000000000000005 0.28349999999999986
0.06000000000000005 0.2561999999999998
0.06000000000000005 0.15680000000000002
0.06000000000000005 0.09019999999999997
0.06000000000000005 0.18750000000000008
0.06000000000000005 0.2013999999999999
0.06000000000000005 0.3546999999999993
0.06000000000000005 0.3261999999999998
0.06000000000000005 0.3197999999999998
0.06000000000000005 0.2836999999999998
0.06000000000000005 0.2581999999999999
0.06000000000000005 0.18419999999999984
0.06000000000000005 0.16619999999999988
0.06000000000000005 0.14959999999999993
0.06000000000000005 0.15429999999999996
0.06000000000000005 0.31520000000000026
0.06000000000000005 0.3766000000000003
0.06000000000000005 0.3334000000000001
0.06000000000000005 0.20499999999999996
0.06000000000000005 0.27670000000000017
0.06000000000000005 0.32789999999999964
0.06000000000000005 0.2205999999999999
0.06000000000000005 0.2542999999999999
0.06000000000000005 0.17689999999999992
0.06000000000000005 0.2543999999999996
0.06000000000000005 0.21459999999999976
0.06000000000000005 0.1224000000000001
0.06000000000000005 0.08100000000000007
0.06000000000000005 0.07650000000000022
0.06000000000000005 0.07260000000000026
0.06000000000000005 0.18829999999999988
0.06000000000000005 0.16149999999999992
0.06000000000000005 0.1176000000000001
0.06000000000000005 0.0840000000000002
0.06000000000000005 0.1740000000000001
0.06000000000000005 0.13800000000000012
0.06000000000000005 0.12390000000000011
0.06000000000000005 0.08610000000000018
0.06000000000000005 0.09800000000000011
0.06000000000000005 0.08080000000000019
0.06000000000000005 0.07080000000000018
0.06000000000000005 0.09680000000000016
0.06000000000000005 0.08160000000000026
0.06000000000000005 0.07170000000000021
0.06000000000000005 0.1053000000000001
0.06000000000000005 0.3224999999999995
0.06000000000000005 0.2254999999999999
0.06000000000000005 0.16160000000000022
0.06000000000000005 0.24579999999999994
0.06000000000000005 0.21890000000000007
0.06000000000000005 0.2501999999999997
0.06000000000000005 0.19939999999999988
0.06000000000000005 0.12060000000000018
0.06000000000000005 0.1270000000000001
0.06000000000000005 0.1523
0.06000000000000005 0.4207000000000003
0.06000000000000005 0.17129999999999995
0.06000000000000005 0.10980000000000006
0.06000000000000005 0.11270000000000004
0.06000000000000005 0.09400000000000018
0.06000000000000005 0.08440000000000017
0.06000000000000005 0.0924000000000002
0.06000000000000005 0.08270000000000025
0.06000000000000005 0.08070000000000026
0.07999999999999996 0.36059999999999953
0.4 0.4038000000000001
0.4 0.42479999999999957
0.07999999999999996 0.2784999999999995
0.07999999999999996 0.11980000000000005
0.07999999999999996 0.19940000000000002
0.07999999999999996 0.13089999999999996
0.07999999999999996 0.1020000000000001
0.4 0.4310999999999996
0.4 0.48250000000000026
0.4 0.44659999999999966
0.4 0.6532000000000017
0.07999999999999996 0.3775
0.07999999999999996 0.25629999999999975
0.07999999999999996 0.1279
0.07999999999999996 0.11520000000000007
0.07999999999999996 0.28569999999999934
0.4 0.40049999999999997
0.07999999999999996 0.23309999999999956
0.4 0.4091999999999995
0.4 0.4038999999999999
0.4 0.4005
0.07999999999999996 0.22919999999999952
0.07999999999999996 0.1768999999999998
0.07999999999999996 0.17360000000000003
0.07999999999999996 0.16840000000000022
0.07999999999999996 0.14570000000000013
0.4 0.42879999999999896
0.4 0.42119999999999896
0.4 0.41059999999999924
0.30000000000000004 0.40199999999999975
0.31999999999999995 0.39930000000000004
0.38 0.42329999999999984
0.14 0.4067999999999998
0.09999999999999998 0.37959999999999994
0.09999999999999998 0.4095000000000001
0.09999999999999998 0.34809999999999947
0.12 0.31169999999999976
0.12 0.25849999999999956
0.12 0.2271999999999997
0.12 0.18199999999999972
0.09999999999999998 0.1630999999999997
0.12 0.18049999999999972
0.07999999999999996 0.15549999999999983
0.12 0.19869999999999968
0.14 0.1334999999999998
0.040000000000000036 0.12309999999999988
0.14 0.12059999999999986
0.14 0.14259999999999987
0.14 0.23279999999999984
0.14 0.13119999999999984
0.09999999999999998 0.1286999999999998
0.09999999999999998 0.13989999999999983
0.09999999999999998 0.13609999999999994
0.09999999999999998 0.10679999999999998
0.16000000000000003 0.15419999999999967
0.16000000000000003 0.1264999999999999
0.16000000000000003 0.1251999999999999
0.16000000000000003 0.12229999999999994
0.16000000000000003 0.12490000000000023
0.16000000000000003 0.13840000000000063
0.14 0.1376000000000003
0.09999999999999998 0.12510000000000018
0.12 0.12660000000000013
0.12 0.1285000000000004
0.09999999999999998 0.1337000000000005
0.12 0.14530000000000043
0.16000000000000003 0.17299999999999963
0.12 0.16049999999999962
0.12 0.14429999999999965
0.09999999999999998 0.16389999999999966
0.14 0.12999999999999967
0.09999999999999998 0.12559999999999966
0.09999999999999998 0.1132999999999998
0.09999999999999998 0.11459999999999985
0.09999999999999998 0.11899999999999983
0.09999999999999998 0.11689999999999998
0.16000000000000003 0.10930000000000001
0.14 0.10450000000000012
0.16000000000000003 0.12050000000000011
0.09999999999999998 0.14059999999999984
0.16000000000000003 0.2602999999999998
0.14 0.18199999999999977
0.14 0.1326999999999998
0.09999999999999998 0.11819999999999993
0.09999999999999998 0.11069999999999994
0.09999999999999998 0.10559999999999997
0.09999999999999998 0.10740000000000002
0.09999999999999998 0.1164
0.07999999999999996 0.106
0.12 0.10480000000000006
0.040000000000000036 0.0999000000000002
0.12 0.08390000000000007
0.040000000000000036 0.09140000000000013
0.040000000000000036 0.08930000000000007
0.06000000000000005 0.09610000000000005
0.14 0.1284000000000001
0.14 0.1298000000000004
0.14 0.14040000000000025
0.14 0.13820000000000032
0.06000000000000005 0.12190000000000036
0.09999999999999998 0.12120000000000017
0.09999999999999998 0.12380000000000009
0.09999999999999998 0.11789999999999998
0.14 0.1438000000000003
0.12 0.2618999999999997
0.14 0.3171999999999996
0.14 0.17520000000000013
0.14 0.1967000000000002
0.14 0.18160000000000018
0.14 0.20460000000000012
0.14 0.16060000000000027
0.14 0.15750000000000028
0.14 0.1320999999999999
0.14 0.12650000000000017
0.14 0.12280000000000017
0.14 0.12830000000000033
0.16000000000000003 0.16040000000000035
0.16000000000000003 0.1652000000000003
0.16000000000000003 0.16820000000000024
0.09999999999999998 0.1562000000000001
0.12 0.1627000000000002
0.12 0.15679999999999994
0.09999999999999998 0.15160000000000007
0.12 0.19459999999999972
0.14 0.19699999999999973
0.12 0.16159999999999974
0.12 0.1859999999999996
0.12 0.15299999999999986
0.12 0.14590000000000036
0.12 0.1426000000000003
0.12 0.13530000000000025
0.09999999999999998 0.15029999999999957
0.14 0.1423
0.12 0.12790000000000024
0.12 0.1346000000000001
0.14 0.1645000000000001
0.12 0.14609999999999984
0.12 0.1476
0.16000000000000003 0.1307000000000001
0.12 0.1328000000000002
0.12 0.12950000000000023
0.16000000000000003 0.14310000000000012
0.16000000000000003 0.14330000000000018
0.14 0.17150000000000007
0.14 0.1522000000000002
0.14 0.15460000000000007
0.14 0.15100000000000016
0.14 0.14640000000000022
0.14 0.13829999999999987
0.14 0.1490000000000002
0.19999999999999996 0.14620000000000005
0.14 0.14730000000000026
0.14 0.14170000000000038
0.14 0.14050000000000032
0.14 0.1468000000000003
0.14 0.13730000000000048
0.14 0.1430000000000004
0.14 0.17380000000000045
0.14 0.12130000000000007
0.12 0.11690000000000002
0.12 0.1242
0.12 0.17449999999999963
0.14 0.15989999999999982
0.14 0.2083
0.16000000000000003 0.24750000000000014
0.14 0.26099999999999995
0.14 0.21929999999999977
0.14 0.1994999999999996
0.16000000000000003 0.15960000000000005
0.16000000000000003 0.14530000000000037
0.16000000000000003 0.1408000000000003
0.16000000000000003 0.13570000000000024
0.16000000000000003 0.15070000000000028
0.16000000000000003 0.1361000000000002
0.16000000000000003 0.14010000000000022
0.16000000000000003 0.14730000000000013
0.14 0.14540000000000006
0.14 0.14600000000000019
0.14 0.157
0.14 0.14080000000000018
0.14 0.1407000000000003
0.14 0.16020000000000018
0.14 0.15770000000000012
0.14 0.18850000000000017
0.14 0.17800000000000019
0.14 0.15890000000000032
0.14 0.3245
0.14 0.28700000000000014
0.16000000000000003 0.2731
0.14 0.30300000000000027
0.12 0.22680000000000003
0.14 0.1769
0.16000000000000003 0.2327999999999999
0.16000000000000003 0.18539999999999993
0.16000000000000003 0.17679999999999998
0.14 0.20140000000000025
0.14 0.18220000000000008
0.14 0.16240000000000024
0.14 0.16110000000000022
0.14 0.1568000000000002
0.14 0.16640000000000016
0.14 0.15870000000000023
0.16000000000000003 0.16760000000000017
0.16000000000000003 0.16320000000000018
0.16000000000000003 0.15960000000000016
0.16000000000000003 0.1584000000000002
0.16000000000000003 0.15810000000000024
0.16000000000000003 0.15800000000000017
0.16000000000000003 0.15500000000000017
0.16000000000000003 0.14980000000000018
0.14 0.1556000000000002
0.12 0.14480000000000018
0.14 0.18760000000000027
0.14 0.14870000000000014
0.12 0.16810000000000017
0.12 0.1625000000000003
0.14 0.2436000000000002
0.14 0.16219999999999998
0.14 0.15120000000000025
0.14 0.18470000000000017
0.12 0.24320000000000036
0.14 0.18530000000000005
0.14 0.1531000000000002
0.14 0.13880000000000023
0.14 0.13620000000000018
0.14 0.13760000000000003
0.16000000000000003 0.15540000000000034
0.16000000000000003 0.15580000000000027
0.16000000000000003 0.13480000000000014
0.16000000000000003 0.1348000000000001
0.12 0.13590000000000008
0.14 0.13850000000000004
0.14 0.13830000000000012
0.14 0.14620000000000036
0.14 0.13700000000000015
0.14 0.1432999999999999
0.14 0.13589999999999994
0.14 0.13450000000000004
0.14 0.2088999999999999
0.14 0.17010000000000006
0.12 0.17809999999999981
0.12 0.20509999999999998
0.12 0.15739999999999987
0.12 0.13659999999999992
0.12 0.1307
0.12 0.12360000000000007
0.12 0.1340999999999999
0.12 0.17229999999999976
0.12 0.17570000000000005
0.12 0.14449999999999988
0.14 0.14039999999999986
0.12 0.1330999999999999
0.12 0.13039999999999996
0.12 0.14040000000000025
0.12 0.14190000000000025
0.12 0.1361000000000002
0.12 0.14570000000000022
0.12 0.14090000000000022
0.12 0.13180000000000014
0.12 0.12749999999999984
0.12 0.13130000000000003
0.12 0.13059999999999994
0.12 0.12899999999999986
0.12 0.16779999999999998
0.12 0.13580000000000006
