0.96 0.4186599999999946
0.96 0.4591799999999955
0.96 0.48668999999999557
0.96 0.5228299999999974
0.96 0.5442900000000019
0.96 0.5753200000000028
0.97 0.5974700000000004
0.97 0.6157100000000011
0.97 0.6330000000000044
0.97 0.6453300000000057
0.97 0.6702600000000063
0.97 0.6753600000000056
0.97 0.6893200000000033
0.97 0.6973200000000002
0.97 0.7069299999999993
0.97 0.7151299999999979
0.97 0.7236099999999955
0.97 0.7235699999999956
0.97 0.7207199999999951
0.97 0.7316399999999937
0.97 0.7385199999999921
0.97 0.7416399999999909
0.98 0.7471599999999896
0.98 0.7427799999999919
0.98 0.7578699999999903
0.98 0.7677699999999912
0.98 0.7802699999999925
0.98 0.7799699999999915
0.98 0.7863599999999918
0.98 0.8032599999999948
0.98 0.8034799999999955
0.98 0.8048199999999958
0.98 0.8112999999999947
0.98 0.8105999999999937
0.98 0.8125199999999931
0.98 0.8059499999999943
0.98 0.806129999999996
0.98 0.8177099999999969
0.98 0.8160499999999979
0.98 0.8147199999999942
0.98 0.820469999999996
0.98 0.8055999999999963
0.98 0.819689999999997
0.98 0.816079999999997
0.98 0.8176299999999962
0.98 0.8286699999999978
0.98 0.8157799999999976
0.98 0.8345499999999939
0.98 0.8376099999999949
0.98 0.8359599999999954
0.98 0.8407399999999938
0.98 0.862289999999991
0.98 0.856029999999993
0.98 0.8495199999999918
0.98 0.8598599999999926
0.98 0.857079999999992
0.98 0.8647399999999947
0.98 0.869699999999998
0.98 0.8672599999999971
0.98 0.8532599999999958
0.98 0.853989999999995
0.98 0.8693299999999953
0.98 0.8620399999999965
0.98 0.8620399999999968
0.98 0.8640899999999995
0.98 0.8702600000000028
0.98 0.8750200000000035
0.98 0.8794100000000055
0.98 0.870630000000003
0.98 0.8611900000000008
0.98 0.8597600000000003
0.98 0.8701300000000021
0.98 0.8682900000000026
0.98 0.8675300000000005
0.98 0.8562500000000003
0.98 0.8656800000000033
0.98 0.8560000000000021
0.98 0.8603600000000019
0.98 0.8659700000000032
0.98 0.8602699999999993
0.98 0.8664100000000026
0.98 0.8611400000000018
0.98 0.8518600000000001
0.98 0.841229999999998
0.98 0.8419599999999972
0.98 0.8483599999999968
0.98 0.8635000000000006
0.98 0.8534299999999984
0.98 0.8676400000000031
0.98 0.8606900000000022
0.98 0.8677500000000019
0.98 0.857770000000001
0.98 0.8518099999999982
0.98 0.8669500000000036
0.98 0.8629200000000009
0.98 0.8600000000000012
0.98 0.8559600000000034
0.98 0.8561100000000053
0.98 0.8637900000000018
0.98 0.8568600000000026
