0.93 0.4155399999999943
0.93 0.4490099999999958
0.97 0.4807499999999953
0.97 0.508349999999995
0.97 0.5422400000000008
0.98 0.5629700000000045
0.98 0.5862200000000015
0.98 0.6098900000000028
0.98 0.6319200000000056
0.98 0.656900000000007
0.98 0.662910000000007
0.98 0.672570000000007
0.98 0.6694100000000068
0.98 0.672640000000006
0.98 0.6962700000000024
0.99 0.7032099999999997
0.99 0.701160000000001
0.99 0.7014200000000004
0.99 0.7058500000000009
0.99 0.7116400000000002
0.99 0.7286699999999957
0.99 0.7264599999999962
0.99 0.7366199999999936
0.99 0.7340399999999945
0.99 0.7319399999999947
0.99 0.7342299999999933
0.99 0.7379399999999925
0.99 0.7328099999999934
0.99 0.7372399999999927
0.99 0.7378299999999921
0.99 0.7353699999999932
0.99 0.7434899999999907
0.99 0.7587099999999901
0.99 0.75423999999999
0.99 0.7607499999999896
0.99 0.7712799999999913
0.99 0.76620999999999
0.99 0.7712999999999913
0.99 0.7628299999999893
0.99 0.7702599999999906
0.99 0.7668499999999902
0.99 0.7650799999999899
0.99 0.7699199999999924
0.99 0.7730999999999946
0.99 0.7833099999999941
0.99 0.7823299999999951
0.99 0.7941099999999937
0.99 0.7815099999999948
0.99 0.7949499999999958
0.99 0.791309999999995
0.99 0.7872299999999921
0.99 0.7896599999999917
0.99 0.7885399999999901
0.99 0.7839299999999917
0.99 0.7806499999999931
0.99 0.7850099999999934
0.99 0.7734199999999939
0.99 0.7813799999999947
0.99 0.7737299999999939
0.99 0.7873899999999939
0.99 0.7814299999999937
0.99 0.7753499999999933
0.99 0.7635899999999923
0.99 0.7836899999999929
0.99 0.7773699999999958
0.99 0.7706999999999925
0.99 0.7656099999999932
0.99 0.7677399999999931
0.99 0.7718899999999924
0.99 0.7818599999999943
0.99 0.791469999999995
0.99 0.7998699999999931
0.99 0.787869999999994
0.99 0.786779999999994
0.99 0.7838599999999945
0.99 0.7862699999999923
0.99 0.7961299999999956
0.99 0.8028299999999944
0.99 0.802759999999994
0.99 0.7968299999999948
0.99 0.7862899999999942
0.99 0.8003599999999935
0.99 0.8038599999999926
0.99 0.8115199999999924
0.99 0.8126099999999918
0.99 0.8150499999999945
0.99 0.8103899999999923
0.99 0.8064399999999918
0.99 0.8071499999999904
0.99 0.8103999999999922
0.99 0.8120799999999946
0.99 0.8074499999999941
0.99 0.8129699999999921
0.99 0.7969199999999936
0.99 0.8154099999999939
0.99 0.8097899999999907
0.99 0.8139399999999912
0.99 0.8156899999999927
0.99 0.8064099999999923
0.99 0.8217899999999928
