0.7 0.39015000000000016
0.7 0.4170000000000001
0.68 0.3995000000000003
0.7 0.41764999999999985
0.62 0.3983500000000004
0.68 0.39740000000000025
0.7 0.4278499999999994
0.69 0.4293499999999999
0.68 0.41395000000000004
0.92 0.42224999999999996
0.7 0.4207999999999996
0.68 0.3996500000000001
0.8 0.42949999999999966
0.7 0.41674999999999973
0.7 0.4028499999999999
0.7 0.407
0.7 0.3955
0.7 0.41314999999999985
0.7 0.41654999999999986
0.7 0.41345
0.7 0.40814999999999985
0.83 0.4005499999999999
0.83 0.4006499999999999
0.83 0.39625
0.83 0.4014999999999999
0.83 0.40009999999999996
0.68 0.40019999999999994
0.68 0.4081499999999999
0.68 0.4041499999999999
0.68 0.4073999999999999
0.68 0.4124499999999998
0.68 0.4042499999999999
0.68 0.4102499999999999
0.91 0.3881500000000001
0.91 0.40149999999999975
0.91 0.4043999999999998
0.91 0.4117999999999998
0.91 0.41174999999999984
0.91 0.4129499999999998
0.91 0.4240499999999997
0.91 0.44134999999999946
0.91 0.4183499999999998
0.91 0.41509999999999986
0.91 0.43789999999999973
0.91 0.42644999999999966
0.91 0.4271999999999998
0.91 0.4373999999999997
0.91 0.4370499999999997
0.91 0.43279999999999974
0.91 0.42279999999999973
0.91 0.40965
0.91 0.4066499999999998
0.81 0.4364999999999998
0.91 0.41559999999999997
0.79 0.4084
0.91 0.43639999999999973
0.7 0.43424999999999964
0.7 0.40305
0.8 0.3930499999999999
0.8 0.4135499999999998
0.8 0.41439999999999977
0.8 0.38445000000000024
0.97 0.41934999999999983
0.7 0.42864999999999975
0.7 0.4019999999999999
0.7 0.3900500000000002
0.7 0.38940000000000013
0.7 0.4093499999999999
0.7 0.4154999999999998
0.7 0.42669999999999964
0.97 0.4376999999999996
0.97 0.4674999999999987
0.97 0.4808499999999984
0.85 0.47634999999999855
0.97 0.48809999999999787
0.97 0.45569999999999894
0.97 0.5043499999999976
0.97 0.5403499999999987
0.85 0.5825999999999997
0.85 0.6154500000000006
0.85 0.622950000000001
0.83 0.6442500000000011
0.85 0.6454000000000019
0.91 0.6373500000000023
0.91 0.48349999999999804
0.91 0.5519999999999983
0.68 0.3836
0.8 0.6005499999999995
0.91 0.6208500000000012
0.91 0.5022499999999976
0.91 0.6577000000000026
0.75 0.659200000000002
0.91 0.6790000000000017
0.93 0.6889000000000018
0.93 0.6826000000000022
0.93 0.49084999999999845
0.87 0.3995499999999989
0.75 0.4169499999999983
0.87 0.4232999999999991
0.73 0.4280000000000001
0.73 0.4375499999999992
0.73 0.47249999999999887
0.68 0.47659999999999847
0.73 0.5021999999999991
0.91 0.5650999999999997
0.93 0.5985499999999996
0.87 0.4570499999999985
0.95 0.558649999999999
0.68 0.47154999999999836
0.68 0.5237499999999996
0.69 0.48859999999999837
0.73 0.5041999999999984
0.83 0.4833499999999981
0.75 0.5156999999999989
0.83 0.48544999999999794
0.83 0.4931499999999985
0.83 0.4973499999999986
0.83 0.5198999999999987
0.83 0.5461499999999989
0.83 0.5882999999999992
0.83 0.6044999999999995
0.83 0.5071499999999992
0.76 0.5486999999999994
0.83 0.5813999999999988
0.84 0.6254999999999996
0.82 0.5847999999999988
0.82 0.5274999999999983
0.67 0.43614999999999976
0.67 0.4176999999999998
0.52 0.39250000000000024
0.72 0.4169499999999999
0.72 0.4517999999999989
0.8 0.5579999999999997
0.69 0.4854999999999982
0.7 0.5716499999999993
0.81 0.5877999999999993
0.81 0.5793499999999989
0.81 0.6069499999999998
0.84 0.6020500000000001
0.84 0.6332500000000008
0.95 0.6453500000000011
0.95 0.6470500000000021
0.81 0.6425000000000018
0.7 0.6374500000000017
0.7 0.6453500000000022
0.7 0.6365500000000018
0.97 0.6338000000000015
0.97 0.660100000000002
0.97 0.665500000000002
0.81 0.6449500000000018
0.97 0.674900000000002
0.97 0.7070500000000027
0.97 0.7281000000000023
0.97 0.739500000000001
0.97 0.740200000000002
0.97 0.7247500000000012
0.97 0.7593000000000021
0.97 0.7782500000000008
0.97 0.7822000000000009
0.97 0.8024499999999999
0.97 0.7971
0.97 0.7963499999999998
0.97 0.7673500000000004
0.97 0.7523499999999999
0.8 0.6359000000000002
0.97 0.4286499999999996
0.74 0.4070499999999999
0.66 0.39915000000000006
0.68 0.40454999999999997
0.68 0.4014999999999999
0.68 0.42009999999999986
0.68 0.443199999999999
0.68 0.4091999999999999
0.68 0.449899999999999
0.68 0.4827999999999982
0.68 0.5081499999999984
0.68 0.5444999999999982
0.68 0.5615999999999982
0.68 0.5833499999999985
0.68 0.5618499999999983
0.68 0.5966499999999981
0.68 0.6038999999999987
0.68 0.6249499999999995
0.68 0.6173000000000002
0.68 0.6340000000000009
0.68 0.6424500000000011
0.68 0.6454500000000019
0.68 0.6346500000000009
0.68 0.6285000000000005
0.68 0.6319500000000011
0.68 0.6546000000000024
0.68 0.6666500000000031
0.68 0.6444500000000022
0.68 0.6438000000000019
0.68 0.6534500000000033
0.68 0.6533500000000032
0.68 0.6315500000000016
0.68 0.6449500000000024
0.68 0.6410000000000019
0.68 0.6478000000000024
0.68 0.6076500000000008
0.68 0.6256500000000014
0.68 0.6229000000000013
0.68 0.43754999999999866
0.68 0.5864500000000007
0.68 0.609350000000001
0.68 0.6341500000000017
0.68 0.6482500000000028
0.68 0.664000000000003
0.68 0.6548500000000026
0.68 0.6486000000000024
0.68 0.6569500000000026
0.68 0.6597500000000025
0.68 0.6576500000000027
0.68 0.6419500000000022
0.68 0.5423499999999997
0.68 0.6547500000000029
0.68 0.5106499999999987
0.68 0.6047000000000015
0.68 0.6175000000000013
0.68 0.6412500000000021
0.68 0.6613000000000026
0.68 0.6618000000000026
0.68 0.6628000000000028
0.68 0.6666000000000029
0.68 0.6664500000000027
0.68 0.6652000000000031
0.68 0.6555500000000027
0.68 0.6511000000000022
0.68 0.6588500000000026
0.68 0.669300000000003
0.68 0.6724000000000028
0.68 0.6649000000000026
0.68 0.6555500000000026
0.68 0.6493500000000028
0.68 0.6527500000000027
0.68 0.6497500000000026
0.68 0.6298500000000018
0.68 0.640850000000002
0.68 0.6475000000000027
0.68 0.6477000000000024
0.68 0.6561500000000029
0.68 0.6470500000000027
0.68 0.6127000000000012
0.68 0.5495999999999992
0.68 0.5746999999999995
0.68 0.6199000000000009
0.68 0.647550000000002
0.68 0.6460500000000023
0.68 0.655900000000002
0.68 0.660450000000003
0.68 0.6615000000000028
0.68 0.6589500000000028
0.68 0.6520500000000031
0.68 0.643700000000002
0.68 0.6464500000000026
0.68 0.655000000000003
0.68 0.6494000000000024
0.68 0.6486000000000028
0.68 0.6348000000000017
0.68 0.6497000000000027
0.68 0.6530000000000024
0.68 0.6533500000000025
0.68 0.6321000000000017
0.68 0.6531500000000026
0.68 0.6600000000000027
0.68 0.6590500000000025
0.68 0.6544500000000023
0.68 0.6506500000000023
0.68 0.6500500000000025
0.68 0.6216000000000015
0.68 0.6494500000000025
0.68 0.6554500000000029
0.68 0.6575000000000031
0.68 0.6478000000000028
0.68 0.6402000000000022
0.68 0.634600000000002
0.68 0.6432000000000024
0.68 0.6526000000000032
0.68 0.6425000000000024
0.68 0.650300000000003
0.68 0.6606500000000033
0.68 0.660600000000003
0.68 0.6495000000000029
0.68 0.662950000000003
0.68 0.6585500000000031
0.68 0.6548000000000029
0.68 0.6620500000000029
0.68 0.6645000000000028
0.68 0.6634500000000026
0.68 0.6520000000000026
0.68 0.6612000000000026
0.68 0.6496500000000022
0.68 0.6587500000000026
0.68 0.6463000000000027
0.68 0.6503500000000025
0.68 0.6664500000000027
0.68 0.6634500000000026
0.68 0.6555000000000025
0.68 0.6560000000000025
0.68 0.639800000000002
0.68 0.642900000000002
0.68 0.6485500000000022
0.68 0.6397500000000016
0.68 0.6386000000000016
0.68 0.6597500000000026
0.68 0.6634000000000029
0.68 0.653450000000003
0.68 0.6490000000000028
0.68 0.640450000000002
0.68 0.6256500000000019
0.68 0.6325000000000017
0.68 0.652800000000003
0.68 0.6623500000000029
0.68 0.6629500000000031
0.68 0.6695500000000031
0.68 0.6677500000000031
0.68 0.6602000000000029
0.68 0.6552500000000028
0.68 0.6611500000000031
0.68 0.667850000000003
0.68 0.6605500000000032
0.68 0.6639000000000028
0.68 0.659050000000003
0.68 0.6568000000000032
0.68 0.6623000000000029
0.68 0.6599500000000029
0.68 0.6554500000000029
0.68 0.6389000000000019
0.68 0.6539500000000028
0.68 0.640700000000002
0.68 0.6423500000000025
0.68 0.6518500000000027
0.68 0.6656000000000027
0.68 0.6672500000000029
0.68 0.6650000000000028
0.68 0.6519500000000028
0.68 0.6601000000000028
0.68 0.6525000000000027
0.68 0.6599500000000031
0.68 0.6676000000000031
0.68 0.6670000000000031
0.68 0.6535000000000033
0.68 0.6628000000000027
0.68 0.6469000000000027
0.68 0.6566000000000032
0.68 0.6672500000000029
0.68 0.6587000000000025
0.68 0.6648500000000029
0.68 0.6647500000000034
0.68 0.6661000000000028
0.68 0.6702000000000032
0.68 0.6048500000000003
0.68 0.5483999999999982
0.68 0.5492999999999983
0.68 0.5513999999999983
0.68 0.5734999999999991
0.68 0.5831999999999995
0.68 0.6003500000000003
0.68 0.5985500000000001
0.68 0.6037500000000003
0.68 0.6326500000000018
0.68 0.6324000000000018
0.68 0.6286000000000014
0.68 0.6046500000000009
0.68 0.6262500000000015
0.68 0.657400000000003
0.68 0.6504000000000029
0.68 0.6514000000000025
0.68 0.6530500000000026
0.68 0.662000000000003
0.68 0.6477000000000028
0.68 0.6650500000000032
0.68 0.6688000000000032
0.68 0.6649000000000028
0.68 0.6610500000000026
0.68 0.6574500000000029
0.68 0.6220500000000014
0.68 0.6153000000000008
0.68 0.652650000000002
0.68 0.6520000000000025
0.68 0.6328500000000015
0.68 0.6502000000000026
0.68 0.6416000000000017
0.68 0.6571000000000027
0.68 0.6492500000000028
0.68 0.659200000000003
0.68 0.6599500000000029
0.68 0.6437500000000023
0.68 0.638350000000002
0.68 0.6538000000000024
0.68 0.6534500000000023
0.68 0.6695500000000031
0.68 0.6560000000000028
0.68 0.665900000000003
0.68 0.6612500000000027
0.68 0.6636500000000022
0.68 0.6478000000000026
0.68 0.6554000000000028
0.68 0.6507000000000025
0.68 0.6445500000000023
0.68 0.6626500000000027
0.68 0.5901000000000005
0.68 0.6221000000000013
0.68 0.6324000000000016
0.68 0.6530000000000026
0.68 0.667300000000003
0.68 0.6546500000000032
0.68 0.6480000000000027
0.68 0.6508500000000025
0.68 0.6494500000000027
0.68 0.6578500000000028
0.68 0.6596000000000026
0.68 0.6583500000000027
0.68 0.6619500000000028
0.68 0.6616500000000026
0.68 0.6598000000000026
0.68 0.6410500000000021
0.68 0.6496500000000027
0.68 0.6619000000000029
0.68 0.6513500000000026
0.68 0.6138000000000009
0.68 0.6318500000000014
0.68 0.6430000000000017
0.68 0.6428000000000018
0.68 0.6018000000000006
0.68 0.5880500000000001
0.68 0.6050500000000004
0.68 0.625800000000001
0.68 0.620050000000001
0.68 0.6212000000000009
0.68 0.6429500000000016
0.68 0.6437000000000019
0.68 0.6518500000000026
0.68 0.6562000000000029
0.68 0.6620500000000032
0.68 0.6500000000000027
0.68 0.6223500000000011
0.68 0.6556000000000027
0.68 0.6460000000000024
0.68 0.6531000000000023
0.68 0.6577500000000025
0.68 0.6489500000000021
0.68 0.6446500000000025
0.68 0.653900000000003
0.68 0.6615000000000026
0.68 0.6659500000000028
0.68 0.6630000000000031
0.68 0.6591000000000028
0.68 0.6495000000000027
0.68 0.6513000000000025
0.68 0.6425500000000022
0.68 0.637650000000002
0.68 0.6451500000000024
0.68 0.6505000000000025
0.68 0.6538000000000025
0.68 0.6642000000000029
0.68 0.6455000000000023
0.68 0.6437500000000023
0.68 0.6538500000000025
0.68 0.6563500000000029
0.68 0.662950000000003
0.68 0.6565500000000027
0.68 0.6330500000000017
0.68 0.636550000000002
0.68 0.6575500000000027
0.68 0.6576000000000028
0.68 0.6364000000000021
0.68 0.6535500000000029
0.68 0.6482500000000023
0.68 0.6333500000000015
0.68 0.6495500000000025
0.68 0.6579000000000026
0.68 0.6556000000000027
0.68 0.6547000000000028
0.68 0.6548000000000025
0.68 0.6557500000000027
0.68 0.656850000000003
0.68 0.6443000000000021
0.68 0.6651500000000028
0.68 0.6639000000000032
0.68 0.6608500000000032
0.68 0.6579000000000029
0.68 0.6575500000000027
0.68 0.662750000000003
0.68 0.6607500000000028
0.68 0.6540000000000028
0.68 0.6570500000000031
0.68 0.6577500000000029
0.68 0.6640500000000028
0.68 0.6491000000000027
0.68 0.6544000000000029
0.68 0.6496500000000028
0.68 0.6398500000000024
0.68 0.6451500000000023
0.68 0.6598500000000028
0.68 0.6569000000000025
0.68 0.6690500000000027
0.68 0.6672000000000028
0.68 0.6639500000000028
