0.69 0.4117999999999995
0.69 0.44089999999999974
0.69 0.4408999999999997
0.95 0.4457999999999994
0.78 0.43774999999999964
0.78 0.44544999999999946
0.71 0.42509999999999964
0.71 0.4476499999999997
0.94 0.4443999999999999
0.72 0.4354999999999999
0.95 0.44784999999999975
0.69 0.4387999999999993
0.69 0.43119999999999964
0.69 0.44024999999999936
0.73 0.4227499999999997
0.69 0.45404999999999984
0.69 0.41749999999999965
0.75 0.4452499999999997
0.91 0.48390000000000005
0.78 0.48285000000000033
0.78 0.5077500000000003
0.78 0.4965000000000005
0.94 0.5105999999999997
0.96 0.5302999999999998
0.97 0.5619499999999998
0.97 0.5982500000000001
0.97 0.6211000000000001
0.8 0.6090000000000001
0.97 0.6649500000000004
0.96 0.6318999999999998
0.97 0.6926500000000013
0.97 0.7493000000000003
0.98 0.7325500000000003
0.98 0.7741499999999979
0.98 0.78
0.96 0.744300000000001
0.97 0.7273500000000002
0.97 0.6344000000000007
0.97 0.6069000000000008
0.99 0.6224000000000006
0.97 0.6347500000000007
0.98 0.7921999999999981
0.97 0.7837499999999994
0.98 0.7831499999999985
0.98 0.8419999999999989
0.98 0.8785000000000012
0.98 0.8296500000000009
0.98 0.9383499999999984
0.99 0.8475
0.99 0.8665000000000004
0.99 0.8956500000000004
0.94 0.6989000000000004
0.99 0.9267499999999989
0.99 0.9336999999999976
0.99 0.9622999999999999
0.99 0.9570499999999998
0.99 0.9623499999999994
0.99 0.9700500000000012
0.99 0.8829500000000015
0.97 0.8862000000000008
0.99 0.8705500000000006
0.99 0.9203999999999976
0.99 0.9512999999999995
0.99 0.9475500000000001
0.99 0.94095
0.99 0.9128499999999994
0.99 0.9464499999999996
0.99 0.9312999999999984
0.99 0.9455999999999993
0.99 0.9418999999999982
0.99 0.9437000000000003
0.99 0.9466000000000008
0.99 0.9267999999999996
0.99 0.95185
0.99 0.9428000000000005
0.99 0.9627000000000001
0.99 0.9516000000000006
0.99 0.9683499999999985
0.99 0.8294499999999982
0.99 0.9147000000000004
0.99 0.8224999999999991
0.99 0.9456500000000005
0.99 0.7819499999999997
0.99 0.8329999999999987
0.99 0.8579500000000004
0.99 0.9049999999999992
0.99 0.7994999999999994
0.99 0.8334000000000001
0.99 0.741700000000001
0.99 0.7722999999999989
0.99 0.907150000000001
0.99 0.9105999999999996
0.99 0.7641999999999993
0.99 0.8702999999999996
0.99 0.9653999999999995
0.99 0.9799499999999962
0.99 0.9812499999999973
0.99 0.9593999999999974
0.99 0.9690499999999971
0.99 0.7956999999999987
0.99 0.841699999999998
0.98 0.8766000000000009
0.97 0.7977499999999987
0.98 0.8229999999999988
0.97 0.8459499999999994
0.97 0.8138000000000009
0.98 0.903649999999999
0.98 0.904799999999998
0.98 0.9444499999999989
0.98 0.9419499999999984
0.98 0.8912999999999964
0.98 0.8135499999999998
0.98 0.8255499999999985
0.98 0.8812499999999993
0.98 0.9153
0.98 0.9388500000000005
0.98 0.9525500000000001
0.98 0.9630999999999988
0.98 0.9582999999999987
0.98 0.9550499999999985
0.98 0.957099999999998
0.98 0.9442499999999978
0.98 0.9152499999999995
0.98 0.924700000000001
0.98 0.9006000000000003
0.98 0.8865999999999994
0.98 0.9387999999999984
0.98 0.9412499999999986
0.98 0.9492999999999984
0.98 0.9353499999999988
0.98 0.9125999999999995
0.98 0.9276999999999999
0.98 0.9458999999999991
0.98 0.9231500000000002
0.98 0.9430499999999988
0.98 0.9563499999999986
0.98 0.9417500000000003
0.98 0.9555499999999989
0.98 0.9372500000000005
0.98 0.9195500000000003
0.98 0.9303499999999991
0.98 0.9373499999999997
0.98 0.9440999999999993
0.98 0.9529499999999983
0.98 0.9439999999999986
0.98 0.8943500000000014
0.69 0.6842999999999985
0.74 0.6881499999999978
0.98 0.9228500000000008
0.98 0.928300000000001
0.98 0.9427999999999994
0.98 0.9370999999999995
0.98 0.884250000000001
0.98 0.9127500000000011
0.98 0.9237499999999994
0.98 0.8867500000000015
0.98 0.7716499999999992
0.98 0.5918999999999992
0.98 0.9113999999999999
0.98 0.9557499999999987
0.98 0.971149999999998
0.98 0.9469499999999988
0.98 0.9374999999999987
0.98 0.9351499999999987
0.98 0.9364499999999986
0.98 0.9548499999999985
0.98 0.9327499999999995
0.98 0.9526499999999988
0.98 0.945049999999999
0.96 0.7329500000000005
0.98 0.8148499999999989
0.98 0.92545
0.98 0.9179500000000003
0.98 0.9129
0.77 0.6463000000000014
0.77 0.6605500000000017
0.77 0.6561000000000011
0.98 0.8971000000000002
0.98 0.90155
0.98 0.9375999999999999
0.98 0.9510999999999994
0.98 0.9416000000000001
0.98 0.9464499999999991
0.98 0.9325499999999991
0.98 0.9368499999999987
0.69 0.6600000000000011
0.98 0.9328499999999988
0.8 0.6641000000000012
0.81 0.5863499999999997
0.94 0.6597500000000014
0.94 0.659350000000001
0.67 0.639750000000001
0.94 0.5811500000000006
0.94 0.6441000000000007
0.94 0.664800000000001
0.78 0.5761000000000005
0.94 0.5953500000000007
0.94 0.6285000000000005
0.67 0.5109499999999992
0.78 0.6007500000000006
0.98 0.7445000000000006
0.98 0.7524000000000005
0.98 0.8183999999999982
0.98 0.8311999999999982
0.98 0.8349999999999984
0.85 0.5431999999999999
0.85 0.5851499999999994
0.84 0.5370000000000015
0.62 0.3714999999999995
0.62 0.37534999999999946
0.67 0.3910999999999995
0.94 0.6322999999999999
0.94 0.6753
0.89 0.5129
0.94 0.6974000000000007
0.94 0.7423500000000007
0.94 0.7815499999999992
0.94 0.7440500000000001
0.94 0.8068499999999992
0.98 0.7957999999999984
0.98 0.8553000000000003
0.98 0.8435499999999991
0.92 0.5889000000000005
0.97 0.77065
0.97 0.792299999999999
0.98 0.8580999999999994
0.98 0.91655
0.98 0.8948499999999985
0.98 0.949199999999999
0.98 0.8637999999999972
0.98 0.9318500000000001
0.98 0.9250500000000004
0.98 0.9339499999999998
0.98 0.9413999999999986
0.98 0.8651999999999999
0.98 0.9157500000000001
0.98 0.8599499999999979
0.98 0.9365499999999984
0.98 0.843000000000001
0.97 0.7136000000000032
0.98 0.8649999999999993
0.98 0.8157499999999974
0.98 0.8762999999999985
0.98 0.9008999999999985
0.98 0.9235999999999973
0.98 0.9293499999999975
0.98 0.9430499999999991
0.98 0.934599999999999
0.98 0.9341999999999997
0.98 0.9550999999999982
0.98 0.9599999999999982
0.98 0.9530499999999984
0.98 0.965249999999998
0.98 0.9680999999999981
0.98 0.9619499999999982
0.98 0.9488499999999982
0.98 0.9548499999999983
0.98 0.9564999999999985
0.98 0.960999999999998
0.98 0.9524999999999976
0.98 0.9571499999999975
0.98 0.9230999999999996
0.98 0.956899999999998
0.98 0.9680499999999982
0.98 0.9549499999999982
0.98 0.9472499999999988
0.98 0.9655999999999983
0.98 0.9583999999999979
0.98 0.957449999999998
0.98 0.947999999999998
0.98 0.9571999999999984
0.98 0.952999999999998
0.98 0.9122999999999998
0.98 0.9240500000000001
0.98 0.9313999999999985
0.98 0.9360500000000002
0.98 0.9536000000000001
0.98 0.9516000000000001
0.98 0.9513499999999998
0.98 0.9449499999999991
0.98 0.9418999999999993
0.98 0.8072499999999976
0.98 0.8528499999999988
0.98 0.7539500000000001
0.98 0.812149999999997
0.98 0.893749999999999
0.98 0.8985999999999997
0.98 0.9231999999999997
0.98 0.9272499999999994
0.98 0.9466999999999985
0.98 0.9517999999999983
0.98 0.9496499999999982
0.98 0.9472999999999988
0.98 0.9662499999999976
0.98 0.9611999999999981
0.98 0.9597999999999982
0.98 0.9647499999999978
0.98 0.9631999999999976
0.98 0.9590999999999978
0.98 0.962999999999998
0.98 0.9667999999999991
0.98 0.9665499999999987
0.98 0.957449999999998
0.98 0.9555499999999981
0.98 0.9624499999999975
0.98 0.9576999999999976
0.98 0.9352499999999984
0.98 0.9554999999999982
0.98 0.9526499999999981
0.98 0.9513999999999986
0.98 0.8996499999999993
0.98 0.9282499999999985
0.98 0.9486499999999985
0.98 0.9624499999999983
0.98 0.946399999999998
0.98 0.9551499999999977
0.76 0.6763000000000009
0.76 0.6783500000000009
0.76 0.6913500000000002
0.76 0.6992499999999999
0.76 0.7092999999999996
0.94 0.7259499999999989
0.94 0.7324999999999988
0.98 0.9243999999999977
0.94 0.7464499999999988
0.94 0.7631
0.98 0.9429999999999987
0.94 0.7783000000000011
0.95 0.7950500000000008
0.96 0.8202499999999993
0.98 0.9274999999999975
0.98 0.9407499999999992
0.96 0.8244000000000001
0.96 0.8616499999999975
0.98 0.8944999999999986
0.98 0.9526
0.98 0.9569500000000002
0.98 0.9522500000000005
0.98 0.9484000000000004
0.98 0.9444499999999998
0.9 0.7374999999999985
0.98 0.8985499999999988
0.78 0.6528500000000007
0.98 0.6971000000000014
0.98 0.8689499999999978
0.98 0.6927500000000015
0.98 0.8645999999999969
0.9 0.6969499999999997
0.9 0.7341499999999987
0.98 0.7169500000000003
0.86 0.6727000000000019
0.86 0.6934500000000012
0.86 0.7061000000000004
0.86 0.6924000000000009
0.89 0.6839000000000012
0.89 0.7101499999999997
0.87 0.6950000000000007
0.89 0.7339499999999998
0.92 0.7695499999999987
0.91 0.7522499999999991
0.92 0.7832499999999983
0.98 0.7898999999999978
0.98 0.8032499999999978
0.98 0.8254999999999987
0.98 0.7322999999999996
0.98 0.7585999999999993
0.98 0.7830499999999989
0.98 0.7826499999999988
0.98 0.77035
0.98 0.8366
0.98 0.8241999999999992
0.98 0.7058500000000001
0.98 0.8486499999999982
0.98 0.8986500000000001
0.98 0.8606499999999994
0.98 0.8688499999999988
0.98 0.9073499999999989
0.72 0.48505000000000065
0.67 0.39570000000000144
0.67 0.4511000000000014
0.69 0.5306000000000012
0.67 0.5666000000000005
0.98 0.6380500000000014
0.67 0.6340500000000011
0.87 0.6687000000000011
0.81 0.668100000000001
0.67 0.6692500000000012
0.67 0.668050000000001
0.67 0.6655000000000012
0.67 0.6676000000000011
0.67 0.6642500000000012
0.67 0.6625500000000015
0.67 0.6620500000000012
0.67 0.6640500000000011
0.67 0.6669000000000015
0.67 0.6655000000000014
0.67 0.6674500000000012
0.67 0.6615500000000015
0.67 0.6650000000000014
0.67 0.6648000000000013
0.67 0.6646000000000016
0.67 0.6626000000000015
0.67 0.6664500000000012
0.67 0.6700000000000008
0.67 0.6699500000000009
0.98 0.6717000000000012
0.98 0.6676500000000013
0.98 0.6779000000000014
0.98 0.6758000000000011
0.98 0.6842500000000008
0.98 0.6866500000000009
0.98 0.6981500000000004
0.98 0.6987000000000004
0.98 0.7043000000000004
0.98 0.7219999999999996
0.93 0.6920500000000005
0.93 0.6927500000000008
0.96 0.7182
0.98 0.7208499999999998
0.98 0.746999999999999
0.98 0.7945499999999981
0.98 0.8249499999999973
0.98 0.8701499999999994
0.98 0.9160999999999998
0.98 0.9246000000000001
0.98 0.9289999999999996
0.98 0.9335500000000007
0.98 0.9314999999999994
0.98 0.956099999999999
0.98 0.9525999999999988
0.98 0.9543999999999984
0.98 0.961149999999998
0.98 0.9593499999999977
0.98 0.9673999999999977
0.98 0.9506499999999979
0.98 0.9503499999999978
0.98 0.9514999999999977
0.98 0.9497499999999978
0.98 0.9519999999999982
0.98 0.9388499999999983
0.98 0.9442999999999983
0.98 0.9536999999999981
0.98 0.9440499999999981
0.98 0.9527499999999981
0.98 0.959849999999998
0.98 0.7753499999999991
0.98 0.9629499999999983
0.98 0.8978999999999995
0.98 0.7995999999999986
0.98 0.8082499999999986
0.98 0.848749999999999
0.98 0.8685999999999985
0.98 0.709149999999998
0.98 0.7895999999999991
0.98 0.7995999999999984
0.85 0.704899999999998
0.98 0.696699999999998
0.98 0.7071999999999977
0.98 0.7034999999999977
0.92 0.6943499999999979
0.98 0.7033999999999974
0.98 0.7056999999999981
0.98 0.7115499999999981
0.98 0.707499999999998
0.98 0.7305499999999984
0.98 0.7120999999999976
0.98 0.7478999999999983
0.98 0.7958499999999978
0.98 0.8043499999999975
0.98 0.8144999999999976
0.98 0.8764999999999991
0.98 0.8626499999999989
0.98 0.8809999999999993
0.98 0.902299999999999
0.98 0.9286499999999992
0.98 0.892899999999999
0.98 0.9432999999999993
0.98 0.7538499999999985
0.96 0.8168999999999972
0.99 0.7970999999999993
0.99 0.8344999999999995
0.99 0.8144499999999987
0.99 0.8297999999999986
0.99 0.8575999999999979
0.99 0.8781499999999994
0.99 0.9121499999999988
0.99 0.9218999999999977
0.99 0.9298999999999985
0.99 0.9027499999999989
0.99 0.9470499999999973
0.98 0.7109999999999979
0.98 0.743049999999998
0.97 0.7653999999999985
0.98 0.7877499999999985
0.98 0.8015999999999984
0.98 0.8475499999999988
0.98 0.8725999999999989
0.98 0.8915499999999992
0.98 0.9118999999999987
0.98 0.9275999999999969
