0.86 0.39815999999999996
0.89 0.44089000000000034
0.89 0.48067000000000143
0.89 0.5181099999999996
0.89 0.5327699999999981
0.94 0.5584000000000005
0.94 0.5814399999999987
0.94 0.6060999999999978
0.94 0.6219899999999987
0.96 0.6464700000000022
0.96 0.666140000000004
0.96 0.6638600000000047
0.96 0.6764300000000053
0.96 0.6737900000000058
0.96 0.6732200000000068
0.98 0.6870900000000042
0.98 0.71247
0.98 0.70666
0.98 0.7153599999999981
0.98 0.7233399999999972
0.98 0.7316599999999958
0.98 0.7379099999999937
0.98 0.7416699999999915
0.98 0.74529999999999
0.98 0.7490999999999902
0.98 0.7607399999999889
0.98 0.7558299999999913
0.98 0.7550599999999907
0.98 0.7722199999999944
0.98 0.7648299999999931
0.98 0.7791599999999917
0.98 0.7890099999999922
0.98 0.7881199999999947
0.98 0.7991199999999943
0.98 0.7964199999999938
0.98 0.7947499999999927
0.98 0.8079299999999937
0.98 0.8084999999999948
0.98 0.8101999999999939
0.98 0.8061599999999939
0.98 0.7940099999999952
0.98 0.7972399999999936
0.98 0.8092099999999949
0.98 0.8086999999999935
0.98 0.8149499999999953
0.98 0.8193199999999973
0.98 0.8102399999999952
0.98 0.8026899999999927
0.98 0.8072199999999937
0.98 0.817239999999996
0.98 0.8057799999999956
0.98 0.8129499999999947
0.98 0.8165199999999969
0.98 0.8040599999999917
0.98 0.8086099999999963
0.98 0.8067799999999934
0.98 0.7999199999999944
0.98 0.8098399999999963
0.98 0.8155699999999965
0.98 0.810139999999994
0.98 0.8136799999999953
0.98 0.8297799999999969
0.98 0.8208399999999968
0.98 0.8150099999999977
0.98 0.8211799999999977
0.98 0.8229199999999978
0.98 0.8131699999999953
0.98 0.8268499999999986
0.98 0.8177099999999989
0.98 0.8229599999999957
0.98 0.813489999999996
0.98 0.8066199999999951
0.98 0.8176999999999972
0.98 0.8184999999999972
0.98 0.8137199999999962
0.98 0.819569999999998
0.98 0.8246599999999973
0.98 0.8158599999999949
0.98 0.8272699999999951
0.98 0.8326999999999962
0.98 0.8294599999999981
0.98 0.8341299999999986
0.98 0.824089999999996
0.98 0.8192399999999966
0.98 0.8233399999999959
0.98 0.8319999999999973
0.98 0.8298399999999969
0.98 0.8153599999999958
0.98 0.8119199999999965
0.98 0.8135199999999971
0.98 0.8230099999999998
0.98 0.8168599999999954
0.98 0.8202199999999958
0.98 0.8280699999999975
0.98 0.820179999999997
0.98 0.818289999999996
0.98 0.8159199999999946
0.98 0.8233799999999966
0.98 0.8205199999999966
0.98 0.8236699999999975
