0.84 0.38501999999999414
0.91 0.43481999999999554
0.93 0.4578599999999956
0.93 0.500109999999998
0.93 0.5249999999999976
0.93 0.5607900000000007
0.95 0.5852799999999964
0.95 0.6054099999999999
0.95 0.6263299999999994
0.96 0.6576200000000051
0.97 0.6630000000000055
0.97 0.6768700000000059
0.97 0.6961000000000056
0.97 0.6989200000000043
0.97 0.7157500000000032
0.97 0.7256499999999988
0.97 0.7358499999999951
0.97 0.7462899999999943
0.98 0.7485499999999963
0.98 0.7429499999999958
0.98 0.7532399999999954
0.98 0.7633699999999982
0.98 0.7707499999999988
0.98 0.7725499999999983
0.98 0.7854499999999994
0.98 0.7820299999999993
0.98 0.78902
0.98 0.7960200000000021
0.98 0.8082200000000006
0.98 0.8129300000000017
0.98 0.81364
0.98 0.8239700000000001
0.98 0.8187699999999987
0.98 0.8246399999999998
0.98 0.8351399999999983
0.98 0.8457299999999992
0.98 0.8486799999999991
0.98 0.8472999999999996
0.98 0.8496699999999995
0.98 0.8552299999999978
0.98 0.8431599999999997
0.98 0.8552799999999979
0.98 0.8575699999999977
0.98 0.8607099999999962
0.98 0.8639099999999943
0.98 0.8564099999999976
0.98 0.8626499999999945
0.98 0.8574299999999978
0.98 0.8617599999999958
0.98 0.867189999999995
0.98 0.8591699999999932
0.98 0.8585399999999962
0.98 0.8674499999999935
0.98 0.8705699999999937
0.98 0.8577399999999937
0.98 0.868489999999994
0.98 0.8702599999999949
0.98 0.8677999999999944
0.98 0.8617799999999939
0.98 0.8607799999999942
0.98 0.8585299999999969
0.98 0.8578399999999957
0.98 0.8595799999999981
0.98 0.8672899999999957
0.98 0.8672699999999927
0.98 0.8743999999999933
0.98 0.8784999999999961
0.98 0.8716899999999956
0.98 0.867449999999995
0.98 0.8591799999999951
0.98 0.862319999999994
0.98 0.8592199999999945
0.98 0.8580599999999938
0.98 0.8594999999999938
0.98 0.8606299999999926
0.98 0.8653699999999936
0.98 0.8739299999999937
0.98 0.8754699999999926
0.98 0.8703099999999945
0.98 0.865809999999993
0.98 0.8660899999999931
0.98 0.862449999999993
0.98 0.868779999999993
0.98 0.872719999999995
0.98 0.8834599999999937
0.98 0.8756999999999926
0.98 0.8817599999999941
0.98 0.8843699999999944
0.98 0.8891799999999948
0.98 0.8786499999999944
0.98 0.8775599999999966
0.98 0.8829099999999951
0.98 0.8814399999999945
0.98 0.8824599999999952
0.98 0.8785399999999948
0.98 0.8850499999999953
0.98 0.8753799999999939
0.98 0.8781999999999963
0.98 0.8829499999999983
0.98 0.8877799999999979
