0.89 0.42671000000000037
0.89 0.4716600000000013
0.94 0.497700000000002
0.94 0.5398999999999995
0.94 0.562359999999999
0.95 0.5779699999999977
0.95 0.6056600000000003
0.95 0.6194200000000001
0.96 0.6388100000000048
0.97 0.6519100000000047
0.97 0.6601600000000029
0.97 0.6870699999999971
0.97 0.7003899999999947
0.98 0.7143499999999915
0.98 0.7201099999999918
0.98 0.7289399999999963
0.98 0.7441100000000007
0.98 0.7470500000000033
0.98 0.7573300000000022
0.98 0.7689200000000079
0.98 0.7689200000000084
0.98 0.7842200000000086
0.98 0.7871900000000056
0.98 0.7826000000000051
0.98 0.7794900000000053
0.98 0.7904300000000017
0.98 0.7956200000000042
0.98 0.8020700000000043
0.98 0.8127000000000032
0.98 0.8202300000000043
0.98 0.8130300000000029
0.98 0.8127500000000025
0.98 0.8059800000000016
0.98 0.8069700000000009
0.98 0.8177499999999996
0.98 0.8152299999999989
0.98 0.812319999999999
0.98 0.8250200000000029
0.98 0.8219600000000025
0.98 0.8338000000000027
0.98 0.8216700000000018
0.98 0.8316700000000006
0.98 0.825810000000002
0.98 0.8254900000000007
0.98 0.8290300000000018
0.98 0.8228900000000023
0.98 0.8266000000000013
0.98 0.8379100000000013
0.98 0.8347200000000023
0.98 0.8326400000000025
0.98 0.8226800000000029
0.98 0.8221500000000019
0.98 0.838160000000002
0.98 0.8304100000000022
0.98 0.8331300000000016
0.98 0.8255000000000008
0.98 0.8296600000000003
0.98 0.8245600000000011
0.98 0.8309500000000034
0.98 0.8310400000000024
0.98 0.8345300000000011
0.98 0.8320800000000009
0.98 0.8426300000000019
0.98 0.8506299999999991
0.98 0.8519700000000018
0.98 0.8524300000000017
0.98 0.8506299999999998
0.98 0.8542399999999978
0.98 0.8656299999999992
0.98 0.8549499999999983
0.98 0.8681899999999999
0.98 0.8688800000000017
0.98 0.8690299999999991
0.98 0.8715299999999978
0.98 0.8705699999999978
0.98 0.8739499999999983
0.98 0.8766100000000009
0.98 0.87041
0.98 0.8723600000000004
0.98 0.85999
0.98 0.8530099999999997
0.98 0.8519800000000011
0.98 0.8420399999999986
0.98 0.85149
0.98 0.8567600000000004
0.98 0.8561599999999968
0.98 0.8662399999999998
0.98 0.860729999999997
0.98 0.8640999999999986
0.98 0.8611300000000008
0.98 0.8667399999999974
0.98 0.8669899999999977
0.98 0.8623099999999989
0.98 0.8582599999999987
0.98 0.8546899999999968
0.98 0.8683600000000006
0.98 0.8623900000000004
0.98 0.8674399999999977
0.98 0.8662600000000004
0.98 0.869459999999999
