0.33999999999999997 0.6191000000000002
0.36 0.5813
0.36 0.5840999999999994
0.36 0.5628999999999998
0.38 0.5556999999999997
0.38 0.5637999999999995
0.36 0.5930999999999996
0.33999999999999997 0.5840999999999998
0.28 0.6182999999999996
0.33999999999999997 0.5615999999999999
0.33999999999999997 0.5823999999999997
0.42000000000000004 0.6218999999999999
0.36 0.6459999999999997
0.33999999999999997 0.6208999999999995
0.33999999999999997 0.6204999999999994
0.21999999999999997 0.5891999999999998
0.42000000000000004 0.5659
0.33999999999999997 0.5641000000000004
0.19999999999999996 0.5409999999999998
0.33999999999999997 0.48609999999999964
0.19999999999999996 0.4883999999999999
0.12 0.5182999999999999
0.33999999999999997 0.6229999999999999
0.33999999999999997 0.6242999999999996
0.31999999999999995 0.627
0.38 0.6729999999999998
0.38 0.6666999999999996
0.28 0.6498999999999998
0.33999999999999997 0.6613999999999991
0.28 0.6375999999999997
0.28 0.6188999999999997
0.19999999999999996 0.6289999999999994
0.19999999999999996 0.5569999999999996
0.26 0.5434999999999999
0.16000000000000003 0.5516999999999996
0.040000000000000036 0.5439999999999994
0.040000000000000036 0.4729999999999997
0.040000000000000036 0.47999999999999987
0.28 0.5332999999999999
0.040000000000000036 0.5167000000000003
0.040000000000000036 0.4304999999999999
0.06000000000000005 0.3672999999999999
0.09999999999999998 0.4998999999999998
0.040000000000000036 0.2365
0.020000000000000018 0.4681999999999997
0.040000000000000036 0.42419999999999985
0.040000000000000036 0.4634999999999998
0.040000000000000036 0.37639999999999973
0.040000000000000036 0.3960999999999998
0.040000000000000036 0.2837000000000002
0.040000000000000036 0.20319999999999994
0.040000000000000036 0.20529999999999987
0.040000000000000036 0.2509000000000001
0.040000000000000036 0.12830000000000008
0.040000000000000036 0.13850000000000004
0.040000000000000036 0.2561000000000003
0.19999999999999996 0.3319000000000002
0.30000000000000004 0.33109999999999995
0.19999999999999996 0.5223000000000004
0.19999999999999996 0.43979999999999997
0.19999999999999996 0.3918
0.19999999999999996 0.4117000000000003
0.24 0.3900000000000003
0.09999999999999998 0.3411000000000004
0.09999999999999998 0.3265000000000003
0.12 0.3055000000000001
0.12 0.30449999999999977
0.12 0.26039999999999996
0.12 0.3270000000000003
0.12 0.30890000000000006
0.12 0.2697000000000001
0.07999999999999996 0.3492
0.06000000000000005 0.31470000000000004
0.14 0.28679999999999994
0.18000000000000005 0.42559999999999987
0.06000000000000005 0.3296
0.09999999999999998 0.2598000000000001
0.07999999999999996 0.2733999999999998
0.09999999999999998 0.2844000000000001
0.06000000000000005 0.21759999999999968
0.06000000000000005 0.17769999999999972
0.06000000000000005 0.1615999999999998
0.06000000000000005 0.16739999999999988
0.040000000000000036 0.19829999999999984
0.040000000000000036 0.14189999999999992
0.09999999999999998 0.15509999999999993
0.09999999999999998 0.2684000000000001
0.040000000000000036 0.25019999999999987
0.040000000000000036 0.23890000000000008
0.040000000000000036 0.1866
0.040000000000000036 0.1457
0.040000000000000036 0.1402999999999999
0.040000000000000036 0.21180000000000024
0.040000000000000036 0.15339999999999987
0.040000000000000036 0.15799999999999995
0.07999999999999996 0.31040000000000034
0.040000000000000036 0.3026000000000007
0.040000000000000036 0.2759000000000006
0.09999999999999998 0.4201999999999997
0.040000000000000036 0.48439999999999983
0.040000000000000036 0.3667999999999999
0.21999999999999997 0.39699999999999996
0.21999999999999997 0.3454000000000004
0.07999999999999996 0.3455
0.07999999999999996 0.27140000000000014
0.040000000000000036 0.26899999999999996
0.040000000000000036 0.28660000000000013
0.040000000000000036 0.33190000000000014
0.09999999999999998 0.25449999999999995
0.06000000000000005 0.26889999999999986
0.09999999999999998 0.205
0.21999999999999997 0.24309999999999973
0.21999999999999997 0.24379999999999968
0.09999999999999998 0.20140000000000008
0.09999999999999998 0.1765
0.09999999999999998 0.14739999999999984
0.06000000000000005 0.22319999999999962
0.06000000000000005 0.1608999999999996
0.06000000000000005 0.13799999999999965
0.06000000000000005 0.12849999999999973
0.06000000000000005 0.1163999999999997
0.09999999999999998 0.12709999999999982
0.09999999999999998 0.16149999999999984
0.09999999999999998 0.21559999999999988
0.09999999999999998 0.21929999999999975
0.21999999999999997 0.23389999999999983
0.09999999999999998 0.15509999999999982
0.09999999999999998 0.12709999999999982
0.09999999999999998 0.12079999999999988
0.09999999999999998 0.1534999999999998
0.09999999999999998 0.13839999999999975
0.09999999999999998 0.16319999999999976
0.09999999999999998 0.2493999999999998
0.21999999999999997 0.3233000000000002
0.21999999999999997 0.24419999999999986
0.21999999999999997 0.3438000000000002
0.24 0.26550000000000007
0.24 0.2369999999999996
0.21999999999999997 0.22349999999999945
0.21999999999999997 0.22989999999999955
0.21999999999999997 0.22379999999999953
0.21999999999999997 0.22059999999999938
0.06000000000000005 0.21989999999999943
0.12 0.2567999999999997
0.12 0.20409999999999964
0.12 0.2416999999999998
0.12 0.23089999999999972
0.020000000000000018 0.23949999999999969
0.12 0.18659999999999957
0.12 0.2610000000000001
0.12 0.3756000000000003
0.020000000000000018 0.3105000000000002
0.020000000000000018 0.24349999999999994
0.020000000000000018 0.2187000000000001
0.020000000000000018 0.17589999999999975
0.020000000000000018 0.1682999999999997
0.020000000000000018 0.3290999999999999
0.040000000000000036 0.30749999999999994
0.14 0.2849999999999999
0.14 0.20939999999999998
0.020000000000000018 0.27930000000000016
0.020000000000000018 0.21089999999999992
0.040000000000000036 0.6068999999999994
0.020000000000000018 0.4255999999999996
0.040000000000000036 0.6070999999999998
0.09999999999999998 0.6537999999999994
0.18000000000000005 0.6323999999999995
0.020000000000000018 0.2601999999999999
0.020000000000000018 0.17269999999999988
0.020000000000000018 0.15829999999999975
0.06000000000000005 0.1644999999999998
0.09999999999999998 0.19569999999999965
0.09999999999999998 0.17559999999999967
0.21999999999999997 0.2571999999999996
0.12 0.23119999999999963
0.12 0.24280000000000004
0.12 0.21139999999999987
0.12 0.19749999999999976
0.12 0.18299999999999972
0.12 0.32029999999999975
0.020000000000000018 0.27359999999999973
0.21999999999999997 0.27160000000000006
0.21999999999999997 0.24779999999999983
0.12 0.3817999999999997
0.12 0.3096999999999998
0.12 0.34949999999999987
0.020000000000000018 0.35649999999999976
0.020000000000000018 0.3857999999999997
0.020000000000000018 0.34769999999999984
0.020000000000000018 0.36650000000000027
0.07999999999999996 0.22259999999999983
0.07999999999999996 0.26630000000000004
0.07999999999999996 0.24890000000000004
0.07999999999999996 0.24480000000000016
0.07999999999999996 0.20930000000000004
0.07999999999999996 0.2563000000000002
0.12 0.34020000000000034
0.12 0.3021000000000005
0.16000000000000003 0.2379999999999999
0.040000000000000036 0.2240999999999996
0.040000000000000036 0.2256999999999999
0.07999999999999996 0.21619999999999998
0.020000000000000018 0.16049999999999995
0.020000000000000018 0.15089999999999987
0.07999999999999996 0.1839
0.09999999999999998 0.35909999999999975
0.06000000000000005 0.19399999999999992
0.06000000000000005 0.07650000000000004
0.020000000000000018 0.12000000000000005
0.020000000000000018 0.10670000000000007
0.040000000000000036 0.06640000000000008
0.040000000000000036 0.046200000000000026
0.040000000000000036 0.04870000000000002
0.040000000000000036 0.04080000000000003
0.040000000000000036 0.05390000000000002
0.040000000000000036 0.04629999999999997
0.040000000000000036 0.0646
0.040000000000000036 0.05419999999999993
0.040000000000000036 0.050699999999999946
0.040000000000000036 0.05519999999999996
0.040000000000000036 0.0513
0.040000000000000036 0.04869999999999999
0.040000000000000036 0.06410000000000003
0.040000000000000036 0.1498000000000001
0.040000000000000036 0.10540000000000002
0.040000000000000036 0.061800000000000015
0.040000000000000036 0.061900000000000024
0.040000000000000036 0.06110000000000002
0.040000000000000036 0.049800000000000025
0.040000000000000036 0.04660000000000004
0.040000000000000036 0.04730000000000003
0.040000000000000036 0.06750000000000003
0.040000000000000036 0.07430000000000005
0.040000000000000036 0.05410000000000003
0.040000000000000036 0.05070000000000002
0.040000000000000036 0.20690000000000006
0.040000000000000036 0.06480000000000004
0.040000000000000036 0.054600000000000024
0.040000000000000036 0.055200000000000006
0.040000000000000036 0.05890000000000004
0.040000000000000036 0.04490000000000002
0.040000000000000036 0.08230000000000004
0.040000000000000036 0.06860000000000004
0.040000000000000036 0.06320000000000005
0.040000000000000036 0.04980000000000003
0.040000000000000036 0.04690000000000003
0.040000000000000036 0.09240000000000005
0.040000000000000036 0.08590000000000007
0.040000000000000036 0.07170000000000006
0.040000000000000036 0.07080000000000006
0.040000000000000036 0.07550000000000007
0.040000000000000036 0.06990000000000005
0.040000000000000036 0.08070000000000008
0.040000000000000036 0.08170000000000006
0.040000000000000036 0.08540000000000005
0.040000000000000036 0.04630000000000004
0.040000000000000036 0.04640000000000004
0.040000000000000036 0.04770000000000004
0.040000000000000036 0.041700000000000015
0.040000000000000036 0.04290000000000002
0.040000000000000036 0.09270000000000002
0.040000000000000036 0.12870000000000015
0.040000000000000036 0.08200000000000002
0.040000000000000036 0.04940000000000003
0.040000000000000036 0.039900000000000026
0.040000000000000036 0.04650000000000004
0.040000000000000036 0.04330000000000005
0.040000000000000036 0.04210000000000003
0.040000000000000036 0.041700000000000036
0.040000000000000036 0.04560000000000004
0.040000000000000036 0.17400000000000038
0.040000000000000036 0.050800000000000047
0.040000000000000036 0.07460000000000004
0.040000000000000036 0.045300000000000035
0.040000000000000036 0.04040000000000003
0.040000000000000036 0.04570000000000003
0.040000000000000036 0.07620000000000006
0.040000000000000036 0.4288999999999995
0.040000000000000036 0.26649999999999974
0.040000000000000036 0.06380000000000004
0.040000000000000036 0.13849999999999996
0.040000000000000036 0.08850000000000004
0.040000000000000036 0.06170000000000003
0.040000000000000036 0.1350000000000002
0.040000000000000036 0.08950000000000005
0.040000000000000036 0.06950000000000003
0.040000000000000036 0.04790000000000003
0.040000000000000036 0.050800000000000026
0.040000000000000036 0.047200000000000034
0.040000000000000036 0.09310000000000004
0.040000000000000036 0.11040000000000014
0.040000000000000036 0.09730000000000004
0.040000000000000036 0.05220000000000002
0.040000000000000036 0.05290000000000001
0.040000000000000036 0.053400000000000045
0.040000000000000036 0.047600000000000024
0.040000000000000036 0.04720000000000001
0.040000000000000036 0.05170000000000005
0.040000000000000036 0.0492
0.040000000000000036 0.04549999999999999
0.040000000000000036 0.04829999999999999
0.040000000000000036 0.053200000000000004
0.040000000000000036 0.057300000000000025
0.040000000000000036 0.049400000000000006
0.040000000000000036 0.05070000000000001
0.040000000000000036 0.2383000000000006
0.040000000000000036 0.044599999999999994
0.040000000000000036 0.22990000000000063
0.040000000000000036 0.1339000000000002
0.040000000000000036 0.10050000000000012
0.040000000000000036 0.04890000000000004
0.040000000000000036 0.046800000000000036
0.040000000000000036 0.07340000000000003
0.040000000000000036 0.09360000000000003
0.040000000000000036 0.07330000000000005
0.040000000000000036 0.12350000000000005
0.040000000000000036 0.06840000000000003
0.040000000000000036 0.07290000000000005
0.040000000000000036 0.04530000000000003
0.040000000000000036 0.09580000000000002
0.040000000000000036 0.04650000000000003
0.040000000000000036 0.04490000000000003
0.040000000000000036 0.24780000000000055
0.040000000000000036 0.28450000000000075
0.040000000000000036 0.07080000000000003
0.040000000000000036 0.06730000000000007
0.040000000000000036 0.5449999999999997
0.040000000000000036 0.41429999999999956
0.040000000000000036 0.3798999999999997
0.040000000000000036 0.4597000000000002
0.040000000000000036 0.38020000000000054
0.07999999999999996 0.47390000000000043
0.42000000000000004 0.6985999999999991
0.040000000000000036 0.6192999999999995
0.36 0.5539000000000002
0.040000000000000036 0.29280000000000017
0.040000000000000036 0.25939999999999996
0.040000000000000036 0.5485999999999993
0.040000000000000036 0.5457999999999994
0.040000000000000036 0.31860000000000044
0.040000000000000036 0.3074000000000007
0.040000000000000036 0.2714
0.040000000000000036 0.25619999999999993
0.040000000000000036 0.6415999999999993
0.040000000000000036 0.2796000000000003
0.040000000000000036 0.5571999999999995
0.040000000000000036 0.3943999999999997
0.040000000000000036 0.35080000000000006
0.040000000000000036 0.3188000000000004
0.040000000000000036 0.2845000000000006
0.040000000000000036 0.2539000000000001
0.040000000000000036 0.19110000000000013
0.040000000000000036 0.19209999999999997
0.040000000000000036 0.15160000000000004
0.040000000000000036 0.17080000000000006
0.040000000000000036 0.32069999999999993
0.06000000000000005 0.27240000000000014
0.06000000000000005 0.3186000000000007
0.040000000000000036 0.2615000000000006
0.040000000000000036 0.23600000000000027
0.040000000000000036 0.13190000000000007
0.06000000000000005 0.3895999999999997
0.06000000000000005 0.2957999999999998
0.040000000000000036 0.14650000000000002
0.06000000000000005 0.17720000000000014
0.06000000000000005 0.1697
0.040000000000000036 0.20369999999999988
0.040000000000000036 0.19399999999999998
0.040000000000000036 0.24860000000000052
0.040000000000000036 0.13010000000000016
0.040000000000000036 0.11300000000000011
0.040000000000000036 0.12550000000000003
0.040000000000000036 0.1239000000000001
0.040000000000000036 0.14219999999999997
0.040000000000000036 0.11270000000000001
0.040000000000000036 0.09850000000000003
0.040000000000000036 0.08120000000000005
0.040000000000000036 0.09420000000000003
0.040000000000000036 0.11259999999999999
0.040000000000000036 0.07910000000000006
0.040000000000000036 0.09790000000000003
0.040000000000000036 0.09450000000000001
0.040000000000000036 0.12139999999999995
0.040000000000000036 0.07410000000000004
0.040000000000000036 0.09380000000000002
0.040000000000000036 0.10739999999999995
0.040000000000000036 0.07120000000000004
0.040000000000000036 0.07420000000000006
0.040000000000000036 0.053200000000000046
0.07999999999999996 0.13950000000000012
0.07999999999999996 0.05669999999999999
0.07999999999999996 0.10389999999999994
0.07999999999999996 0.07070000000000003
0.07999999999999996 0.08850000000000005
0.06000000000000005 0.05340000000000002
0.06000000000000005 0.07980000000000004
0.06000000000000005 0.2317000000000003
0.06000000000000005 0.1358
0.06000000000000005 0.13639999999999994
0.040000000000000036 0.12169999999999996
0.040000000000000036 0.15030000000000007
0.040000000000000036 0.13290000000000013
0.040000000000000036 0.12810000000000005
0.040000000000000036 0.1188000000000001
0.040000000000000036 0.09180000000000015
0.040000000000000036 0.11510000000000017
0.06000000000000005 0.1935
0.06000000000000005 0.18869999999999995
0.040000000000000036 0.3309000000000005
0.06000000000000005 0.4307
0.040000000000000036 0.3805000000000003
0.040000000000000036 0.2978000000000002
0.040000000000000036 0.3775000000000003
0.06000000000000005 0.2897000000000003
0.040000000000000036 0.3715000000000003
0.06000000000000005 0.2892000000000002
0.040000000000000036 0.26300000000000023
0.040000000000000036 0.26420000000000016
0.040000000000000036 0.2321000000000003
0.040000000000000036 0.18870000000000012
0.040000000000000036 0.1827
0.040000000000000036 0.1646
0.040000000000000036 0.11440000000000011
0.040000000000000036 0.10820000000000006
0.040000000000000036 0.10909999999999999
0.040000000000000036 0.07810000000000006
0.040000000000000036 0.09880000000000004
0.16000000000000003 0.34020000000000084
0.040000000000000036 0.07570000000000005
0.040000000000000036 0.06400000000000003
0.06000000000000005 0.3121000000000005
0.040000000000000036 0.2950000000000004
0.040000000000000036 0.29150000000000026
0.06000000000000005 0.25920000000000026
0.06000000000000005 0.21930000000000033
0.06000000000000005 0.22280000000000047
0.06000000000000005 0.18060000000000018
0.06000000000000005 0.15310000000000004
0.040000000000000036 0.0935000000000001
0.06000000000000005 0.11090000000000005
0.24 0.3948000000000007
0.06000000000000005 0.39869999999999983
0.06000000000000005 0.29390000000000016
0.06000000000000005 0.2329
0.040000000000000036 0.1371
0.040000000000000036 0.12409999999999996
0.040000000000000036 0.09550000000000011
0.040000000000000036 0.05860000000000008
0.06000000000000005 0.15110000000000026
0.06000000000000005 0.12820000000000015
0.040000000000000036 0.08300000000000007
0.040000000000000036 0.16159999999999997
0.040000000000000036 0.2744999999999998
0.040000000000000036 0.1355000000000001
0.040000000000000036 0.1418000000000002
0.040000000000000036 0.06290000000000004
0.040000000000000036 0.08660000000000007
0.040000000000000036 0.05980000000000008
0.040000000000000036 0.05550000000000007
0.040000000000000036 0.04980000000000009
0.040000000000000036 0.06180000000000005
0.040000000000000036 0.04950000000000006
0.040000000000000036 0.04790000000000005
0.040000000000000036 0.04780000000000003
0.040000000000000036 0.047400000000000046
0.040000000000000036 0.046700000000000054
0.040000000000000036 0.046000000000000034
0.040000000000000036 0.04700000000000002
0.040000000000000036 0.04780000000000003
0.040000000000000036 0.048800000000000045
0.040000000000000036 0.05570000000000006
0.040000000000000036 0.05480000000000005
0.040000000000000036 0.04750000000000006
0.040000000000000036 0.12670000000000003
0.040000000000000036 0.05490000000000007
0.040000000000000036 0.05590000000000007
0.040000000000000036 0.05630000000000011
0.040000000000000036 0.09550000000000008
0.040000000000000036 0.0680000000000001
0.040000000000000036 0.055800000000000065
0.040000000000000036 0.07410000000000004
0.040000000000000036 0.057500000000000044
0.040000000000000036 0.05980000000000002
0.040000000000000036 0.05970000000000003
0.040000000000000036 0.0995000000000001
0.040000000000000036 0.08940000000000001
0.06000000000000005 0.12270000000000024
0.040000000000000036 0.10830000000000017
0.040000000000000036 0.05120000000000004
0.040000000000000036 0.07700000000000005
0.040000000000000036 0.07120000000000005
0.040000000000000036 0.07170000000000004
0.040000000000000036 0.06950000000000003
0.040000000000000036 0.07800000000000006
0.040000000000000036 0.1263
0.040000000000000036 0.14919999999999994
0.040000000000000036 0.08580000000000004
0.040000000000000036 0.05640000000000004
0.040000000000000036 0.10010000000000004
0.040000000000000036 0.40719999999999956
