0.83 0.40864999999999946
0.83 0.44604000000000044
0.91 0.48301000000000005
0.92 0.5238099999999968
0.95 0.5476099999999997
0.95 0.5658899999999993
0.95 0.5942399999999967
0.95 0.6157699999999973
0.96 0.6300099999999988
0.96 0.6511500000000007
0.96 0.6668900000000038
0.96 0.6704200000000035
0.96 0.6778700000000044
0.96 0.6826100000000036
0.96 0.6863900000000032
0.97 0.6840800000000036
0.97 0.6882200000000018
0.97 0.7059799999999988
0.97 0.702289999999999
0.97 0.7077999999999997
0.97 0.7123399999999975
0.97 0.715509999999997
0.97 0.7146999999999983
0.97 0.7107199999999971
0.97 0.7252199999999961
0.97 0.7443999999999923
0.97 0.7560699999999922
0.97 0.7493399999999931
0.97 0.7599299999999938
0.97 0.7706099999999949
0.97 0.7672499999999949
0.97 0.7576599999999936
0.97 0.7585499999999923
0.97 0.7729399999999961
0.97 0.7676499999999966
0.97 0.7735499999999952
0.97 0.7729399999999951
0.97 0.7659999999999944
0.97 0.7682099999999946
0.97 0.7706799999999954
0.97 0.7760599999999945
0.97 0.7888499999999936
0.97 0.7919499999999945
0.97 0.7981999999999958
0.97 0.7881199999999967
0.98 0.7898799999999958
0.98 0.7951199999999963
0.98 0.7947899999999982
0.98 0.7997999999999963
0.98 0.7922399999999974
0.98 0.8125599999999978
0.98 0.8140999999999955
0.98 0.8218399999999982
0.98 0.8166599999999962
0.98 0.8207899999999974
0.98 0.8240499999999961
0.98 0.829139999999996
0.98 0.8326699999999968
0.98 0.8428099999999965
0.98 0.8340999999999982
0.98 0.8324799999999981
0.98 0.8311199999999976
0.98 0.8316299999999975
0.98 0.8373199999999978
0.98 0.8426499999999983
0.98 0.8459999999999976
0.98 0.8418799999999986
0.98 0.8239899999999987
0.98 0.8292799999999992
0.98 0.8285499999999967
0.98 0.8327099999999957
0.98 0.8315899999999956
0.98 0.8432199999999965
0.98 0.845949999999998
0.98 0.8505199999999951
0.98 0.8515899999999953
0.98 0.8357099999999971
0.98 0.8328099999999966
0.98 0.8381199999999978
0.98 0.8494399999999962
0.98 0.8622299999999938
0.98 0.8514499999999934
0.98 0.8574099999999925
0.98 0.8479599999999976
0.98 0.8464899999999961
0.98 0.8531899999999935
0.98 0.8523999999999932
0.98 0.8504799999999948
0.98 0.8634699999999917
0.98 0.8646499999999909
0.98 0.8694999999999922
0.98 0.8520499999999946
0.98 0.8520099999999942
0.98 0.8619899999999927
0.98 0.8679499999999911
0.98 0.8664299999999909
0.98 0.8546599999999945
0.98 0.8620999999999918
0.98 0.8695199999999952
0.98 0.8760799999999932
