0.84 0.43399999999999883
0.84 0.4654399999999994
0.89 0.504619999999999
0.89 0.5457399999999991
0.94 0.5754199999999985
0.95 0.6022899999999985
0.96 0.6270499999999967
0.97 0.6447599999999988
0.97 0.6660299999999997
0.97 0.6692900000000023
0.97 0.6913500000000028
0.97 0.7039200000000064
0.97 0.7178900000000092
0.97 0.7268500000000104
0.97 0.73729000000001
0.97 0.7441700000000091
0.97 0.7482800000000084
0.97 0.7561800000000085
0.98 0.7638700000000063
0.98 0.7662000000000067
0.98 0.7806600000000067
0.98 0.7876900000000057
0.98 0.7913300000000058
0.98 0.7929800000000061
0.98 0.7990300000000055
0.98 0.8039500000000044
0.98 0.8063200000000031
0.98 0.8077800000000044
0.98 0.8126700000000026
0.98 0.8190000000000004
0.98 0.8231600000000009
0.98 0.8284200000000019
0.98 0.8307600000000012
0.98 0.8405000000000006
0.98 0.844100000000002
0.98 0.8454700000000028
0.98 0.846220000000002
0.98 0.8533900000000013
0.98 0.8578000000000021
0.98 0.8570500000000003
0.98 0.8594800000000017
0.98 0.8697999999999978
0.98 0.8688899999999979
0.98 0.8640199999999999
0.98 0.8581200000000018
0.98 0.8651399999999999
0.98 0.8661500000000003
0.98 0.8722899999999998
0.98 0.8704799999999995
0.98 0.8727799999999981
0.98 0.880329999999998
0.98 0.879119999999999
0.98 0.8802499999999975
0.98 0.8918900000000015
0.98 0.8890199999999991
0.98 0.8914499999999994
0.98 0.888729999999999
0.98 0.8933900000000005
0.98 0.8811400000000009
0.98 0.8869600000000002
0.98 0.8855899999999984
0.98 0.8972100000000018
0.98 0.8926200000000011
0.98 0.8799199999999995
0.98 0.8855900000000002
0.98 0.8881499999999997
0.98 0.8873100000000014
0.98 0.881139999999998
0.98 0.8882699999999989
0.98 0.8904399999999998
0.98 0.8845199999999989
0.98 0.8896500000000002
0.98 0.8978700000000007
0.98 0.8947999999999994
0.98 0.8884500000000006
0.98 0.8969000000000014
0.98 0.894400000000003
0.98 0.8912000000000002
0.98 0.8891500000000011
0.98 0.8947900000000014
0.98 0.8934100000000019
0.98 0.8887100000000027
0.98 0.8836000000000016
0.98 0.8879300000000017
0.98 0.893500000000002
0.98 0.8890700000000014
0.98 0.8955100000000015
0.98 0.8967700000000028
0.98 0.8973000000000011
0.98 0.8976500000000022
0.98 0.8933200000000026
0.98 0.894550000000003
0.98 0.8932800000000023
0.98 0.9009100000000038
0.98 0.8917700000000028
0.98 0.8946700000000023
0.98 0.8990500000000018
0.98 0.9021700000000016
0.98 0.895470000000002
0.98 0.9006900000000021
