0.69 0.3635999999999994
0.69 0.40734999999999894
0.69 0.4165999999999993
0.82 0.440549999999999
0.77 0.4332999999999992
0.8 0.4364999999999993
0.87 0.438699999999999
0.87 0.4232999999999996
0.93 0.4462999999999991
0.74 0.3976499999999994
0.67 0.4067999999999995
0.7 0.40604999999999963
0.77 0.4418999999999984
0.84 0.45139999999999814
0.74 0.4618499999999986
0.84 0.4289999999999988
0.88 0.42529999999999907
0.88 0.4547499999999981
0.7 0.40609999999999924
0.84 0.4445999999999984
0.77 0.41174999999999945
0.77 0.43894999999999845
0.77 0.417799999999999
0.74 0.4434499999999983
0.77 0.46994999999999826
0.96 0.4357499999999986
0.71 0.48574999999999874
0.68 0.4785999999999991
0.87 0.49944999999999923
0.77 0.5007999999999991
0.92 0.5823999999999995
0.84 0.5528500000000005
0.82 0.5600999999999993
0.83 0.582549999999999
0.84 0.5320499999999988
0.8 0.4556999999999979
0.92 0.4939999999999985
0.88 0.5223999999999985
0.89 0.5528499999999985
0.78 0.4802999999999988
0.81 0.43394999999999856
0.81 0.5362999999999983
0.82 0.5093999999999995
0.84 0.4887999999999985
0.82 0.5647499999999996
0.81 0.5937500000000002
0.74 0.4824
0.81 0.5568499999999993
0.82 0.5832000000000002
0.82 0.5736999999999999
0.86 0.6305
0.86 0.6683000000000012
0.81 0.6842500000000008
0.82 0.6968000000000016
0.78 0.5619500000000004
0.82 0.6653000000000001
0.78 0.4660499999999992
0.78 0.44274999999999926
0.8 0.46529999999999866
0.83 0.4802499999999989
0.77 0.5252
0.84 0.5762499999999993
0.83 0.5803
0.76 0.5508000000000004
0.82 0.5867000000000003
0.82 0.6259499999999999
0.78 0.6099000000000001
0.82 0.6605000000000001
0.8 0.4971499999999996
0.8 0.5390999999999999
0.82 0.5605999999999994
0.85 0.5524000000000001
0.85 0.5735999999999998
0.67 0.5962499999999992
0.85 0.6256000000000004
0.74 0.6243000000000005
0.78 0.6313000000000002
0.83 0.63585
0.83 0.6724
0.89 0.7103000000000008
0.89 0.6853000000000005
0.94 0.7150500000000004
0.93 0.7322999999999991
0.67 0.6297500000000007
0.81 0.6281499999999994
0.95 0.6867499999999999
0.84 0.5750999999999998
0.95 0.7189499999999996
0.95 0.7412499999999994
0.95 0.7647499999999997
0.67 0.62645
0.67 0.6065999999999999
0.67 0.6001499999999993
0.67 0.6439000000000011
0.67 0.6051000000000003
0.67 0.6245500000000008
0.67 0.6320000000000009
0.67 0.6250000000000008
0.75 0.6317500000000007
0.67 0.6493000000000009
0.67 0.6481500000000012
0.67 0.6516500000000011
0.67 0.6177500000000008
0.67 0.6366000000000009
0.67 0.630600000000001
0.67 0.5982000000000003
0.67 0.6512500000000011
0.67 0.5279999999999989
0.67 0.6310500000000008
0.67 0.6440500000000009
0.67 0.6340000000000006
0.67 0.6304500000000008
0.67 0.6318500000000009
0.67 0.6023500000000007
0.67 0.6264000000000005
0.67 0.6419500000000009
0.67 0.6467500000000012
0.67 0.620300000000001
0.67 0.6385000000000008
0.67 0.5635500000000006
0.67 0.5681999999999984
0.67 0.42429999999999873
0.67 0.5838499999999986
0.68 0.6222999999999995
0.71 0.4951499999999973
0.67 0.5071999999999985
0.7 0.5527499999999986
0.71 0.4761999999999982
0.67 0.506799999999999
0.67 0.53905
0.67 0.5941999999999998
0.72 0.632700000000001
0.92 0.6517500000000007
0.67 0.6521500000000015
0.67 0.6553000000000014
0.83 0.5879000000000014
0.87 0.5949999999999984
0.85 0.5841999999999987
0.92 0.6421999999999989
0.87 0.6094499999999993
0.67 0.5944000000000009
0.91 0.6352500000000009
0.72 0.6352999999999998
0.72 0.6285999999999996
0.91 0.6412000000000012
0.67 0.5677000000000006
0.71 0.6225500000000005
0.67 0.6251999999999998
0.67 0.5936000000000001
0.67 0.6079000000000008
0.67 0.6135000000000006
0.67 0.6444500000000004
0.67 0.643600000000001
0.67 0.633650000000001
0.75 0.6380500000000012
0.67 0.6546000000000014
0.88 0.6538000000000015
0.67 0.629600000000001
0.75 0.6275500000000009
0.75 0.6430500000000012
0.75 0.6497500000000013
0.75 0.6550000000000012
0.75 0.662100000000001
0.8 0.656000000000001
0.8 0.6277000000000008
0.85 0.652650000000001
0.87 0.6897500000000012
0.96 0.7156000000000005
0.96 0.7294000000000002
0.86 0.5785500000000006
0.93 0.48339999999999983
0.96 0.7672000000000001
0.96 0.7496000000000006
0.96 0.7289000000000005
0.96 0.6510000000000007
0.96 0.6938000000000006
0.96 0.744649999999999
0.96 0.7936999999999997
0.96 0.8171999999999998
0.96 0.8124499999999998
0.96 0.8501000000000002
0.96 0.8817500000000016
0.96 0.8514500000000012
0.96 0.8330499999999995
0.96 0.8639000000000006
0.94 0.6976500000000011
0.96 0.7414000000000007
0.96 0.77625
0.96 0.784699999999999
0.95 0.7549000000000002
0.57 0.34044999999999864
0.57 0.3451999999999986
0.57 0.365449999999999
0.96 0.7145500000000005
0.96 0.8083499999999998
0.96 0.9059499999999994
0.96 0.9172499999999981
0.96 0.9081999999999986
0.96 0.9312499999999987
0.96 0.9198499999999996
0.96 0.9377999999999994
0.96 0.91385
0.96 0.9256999999999994
0.96 0.9412499999999997
0.96 0.9401
0.96 0.92415
0.96 0.9231500000000002
0.96 0.8993500000000009
0.96 0.8907500000000005
0.96 0.8259499999999999
0.96 0.9128499999999983
0.96 0.7622500000000015
0.96 0.8712499999999985
0.96 0.8873999999999992
0.96 0.8313500000000008
0.96 0.8820499999999992
0.96 0.9285499999999998
0.96 0.9022499999999977
0.96 0.7420999999999996
0.96 0.8337000000000007
0.96 0.780700000000001
0.96 0.8468499999999989
0.96 0.9181999999999994
0.96 0.8792999999999986
0.96 0.9045999999999995
0.96 0.9129
0.67 0.6594500000000016
0.96 0.9295499999999995
0.67 0.6544000000000019
0.84 0.6538000000000019
0.96 0.6794500000000017
0.94 0.662050000000002
0.96 0.6638000000000023
0.96 0.6741000000000015
0.96 0.7096000000000005
0.96 0.7434999999999994
0.96 0.7774499999999986
0.96 0.7393500000000017
0.96 0.7754999999999989
0.96 0.8247999999999963
0.96 0.8568999999999974
0.96 0.8963499999999978
0.96 0.7654499999999994
0.96 0.8544499999999975
0.96 0.8450999999999983
0.96 0.8629499999999989
0.96 0.8514999999999996
0.96 0.8799499999999987
0.96 0.8945999999999994
0.96 0.8859999999999989
0.96 0.9104499999999998
0.96 0.9130499999999998
0.96 0.9187000000000003
0.96 0.911
0.96 0.8134499999999965
0.96 0.7652499999999982
0.94 0.6580500000000004
0.96 0.7943499999999974
0.96 0.8178999999999972
0.96 0.8440999999999991
0.96 0.8740999999999982
0.96 0.9200499999999989
0.96 0.7838499999999997
0.96 0.8136499999999987
0.39 0.3326999999999988
0.39 0.3332999999999987
0.39 0.3382499999999986
0.39 0.3415499999999991
0.96 0.506649999999999
0.96 0.5585499999999994
0.96 0.47394999999999887
0.96 0.48814999999999875
0.96 0.574249999999999
0.96 0.6083499999999997
0.96 0.6391499999999998
0.96 0.671700000000001
0.96 0.5944999999999993
0.96 0.6074999999999989
0.96 0.70685
0.96 0.7108000000000009
0.96 0.7395500000000007
0.96 0.799249999999999
0.96 0.8237999999999985
0.96 0.8601499999999989
0.96 0.8750999999999984
0.96 0.905549999999999
0.96 0.8346999999999989
0.96 0.8658999999999986
0.96 0.8790499999999983
0.96 0.9005999999999988
0.96 0.6864999999999979
0.96 0.7074999999999986
0.96 0.7257999999999999
0.96 0.7373000000000003
0.96 0.7659499999999992
0.96 0.8752999999999973
0.96 0.9031499999999972
0.96 0.7774499999999988
0.96 0.6061000000000013
0.96 0.686750000000001
0.96 0.6842000000000007
0.96 0.7321999999999995
0.96 0.7316999999999995
0.96 0.7714999999999996
0.96 0.6760500000000002
0.96 0.8082499999999984
0.96 0.8388999999999982
0.96 0.8697999999999984
0.96 0.9039499999999967
0.96 0.9222999999999982
0.96 0.9184499999999979
0.96 0.9427499999999991
0.96 0.930349999999999
0.96 0.9338499999999993
0.96 0.866299999999995
0.96 0.891499999999997
0.96 0.9028999999999988
0.96 0.9069499999999985
0.96 0.9196999999999989
0.96 0.9240499999999996
0.96 0.8684999999999989
0.96 0.7863999999999991
0.96 0.7572000000000011
0.96 0.8340499999999976
0.96 0.9041999999999975
0.96 0.9158499999999993
0.96 0.922199999999999
0.96 0.9262499999999989
0.96 0.9374999999999997
0.7 0.6364000000000005
0.96 0.9270999999999989
0.96 0.9369999999999993
0.96 0.9414499999999997
0.96 0.9387999999999999
0.83 0.6495500000000001
0.83 0.6538000000000004
0.83 0.6702500000000009
0.85 0.6860500000000012
0.85 0.7048000000000009
0.87 0.7359
0.95 0.7558999999999985
0.95 0.776899999999998
0.95 0.7476500000000006
0.95 0.7703500000000001
0.95 0.705600000000002
0.96 0.8459500000000011
0.96 0.8918000000000013
0.96 0.8907000000000009
0.96 0.9273499999999991
0.96 0.936949999999999
0.96 0.8794000000000014
0.96 0.8926000000000003
0.96 0.8938500000000006
0.96 0.9373499999999987
0.96 0.8714500000000008
0.96 0.9119999999999985
0.96 0.8440500000000003
0.96 0.8510500000000014
0.96 0.9386499999999961
0.96 0.9499499999999966
0.96 0.9536499999999993
0.96 0.9502499999999995
0.96 0.8891000000000002
0.96 0.9133000000000004
0.96 0.7266500000000019
0.96 0.4475499999999991
0.96 0.4617499999999989
0.96 0.46384999999999893
0.96 0.5671499999999998
0.96 0.6664000000000017
0.49 0.35349999999999876
0.49 0.36829999999999885
0.54 0.3906999999999992
0.54 0.4099999999999992
0.54 0.4239999999999993
0.58 0.4408500000000005
0.58 0.46060000000000073
0.58 0.47995000000000027
0.58 0.5013500000000009
0.6 0.51355
0.6 0.5224499999999994
0.6 0.5376499999999996
0.6 0.5485500000000006
0.6 0.5555500000000007
0.61 0.5619000000000007
0.61 0.5684500000000012
0.61 0.5816000000000008
0.61 0.5868500000000008
0.61 0.5917000000000006
0.62 0.5977499999999999
0.62 0.5970499999999993
0.62 0.6044499999999995
0.62 0.6040999999999994
0.62 0.6061499999999996
0.62 0.6093499999999995
0.62 0.6084499999999998
0.63 0.6120499999999993
0.63 0.6147499999999996
0.63 0.6142499999999999
0.63 0.6171500000000004
0.63 0.6116500000000008
0.63 0.6131000000000011
0.63 0.6164500000000013
0.63 0.6165500000000013
0.63 0.612100000000001
0.63 0.6142500000000013
0.63 0.5624499999999996
0.63 0.5647999999999994
0.63 0.5779499999999985
0.63 0.592449999999998
0.63 0.6113999999999997
0.63 0.6192500000000013
0.63 0.60345
0.63 0.6196000000000017
0.63 0.6144500000000008
0.63 0.6218
0.63 0.6230499999999997
0.63 0.6216499999999994
0.63 0.6088499999999997
0.63 0.6125499999999994
0.63 0.595549999999999
0.63 0.5920499999999991
0.63 0.545849999999999
0.63 0.5758499999999993
0.63 0.5988499999999992
0.63 0.613299999999999
0.63 0.5513499999999996
0.63 0.5987499999999993
0.63 0.4753
0.63 0.5147500000000005
0.63 0.5583499999999998
0.63 0.5868499999999983
0.63 0.592449999999998
0.63 0.609699999999999
0.63 0.6115499999999989
0.64 0.6221499999999985
0.64 0.621899999999999
0.64 0.6040000000000003
0.64 0.5980499999999997
0.64 0.6149499999999997
0.64 0.5631999999999994
0.64 0.5948999999999998
0.64 0.6265999999999992
0.64 0.6263499999999987
0.65 0.6249499999999986
0.65 0.6320499999999982
0.65 0.6330499999999983
0.65 0.6358999999999986
0.65 0.6351999999999989
0.65 0.6353499999999993
0.65 0.6363999999999995
0.65 0.6337499999999995
0.65 0.6407499999999993
0.65 0.6412000000000003
0.65 0.6410000000000008
0.65 0.6212499999999992
0.65 0.6338499999999998
0.65 0.642950000000001
0.65 0.6441500000000012
0.65 0.6286499999999999
0.65 0.6432500000000009
0.65 0.6338500000000004
0.65 0.6312500000000005
0.65 0.6271499999999997
0.65 0.5787499999999985
0.65 0.6227499999999988
0.68 0.6424500000000006
0.68 0.6439000000000012
0.68 0.6411500000000008
0.65 0.5990999999999991
0.65 0.6108499999999986
0.65 0.6073999999999984
0.65 0.6386499999999997
0.65 0.6430000000000012
0.65 0.6449000000000015
0.65 0.6252500000000007
0.65 0.6415000000000016
0.65 0.6440500000000019
0.65 0.5841999999999992
0.65 0.6177999999999984
0.65 0.5962500000000003
0.65 0.6059000000000002
0.63 0.5767500000000023
0.63 0.6033500000000002
0.65 0.622999999999999
0.63 0.620899999999999
0.63 0.5859499999999999
0.63 0.5000499999999988
0.63 0.5513500000000005
0.63 0.5888000000000007
0.63 0.6065000000000002
0.63 0.5950500000000007
0.63 0.6109499999999997
0.63 0.5774999999999997
0.63 0.5721
0.63 0.5775999999999996
0.63 0.6113500000000005
0.63 0.6168500000000002
0.63 0.6254499999999996
0.63 0.6258499999999991
