0.42000000000000004 0.6549000000000005
0.48 0.6773000000000002
0.4 0.6588000000000003
0.4 0.6669999999999997
0.4 0.6374999999999997
0.18000000000000005 0.6243999999999997
0.07999999999999996 0.6548999999999994
0.4 0.6530999999999998
0.36 0.6617999999999994
0.36 0.6557999999999997
0.4 0.6764999999999993
0.4 0.6852999999999991
0.4 0.6748999999999991
0.4 0.6762999999999993
0.30000000000000004 0.6616999999999993
0.4 0.6213999999999995
0.4 0.6345999999999995
0.18000000000000005 0.6231999999999993
0.4 0.6610999999999992
0.4 0.6162999999999996
0.4 0.6178999999999998
0.4 0.6502999999999994
0.14 0.6071999999999995
0.4 0.5971999999999997
0.4 0.5895999999999997
0.19999999999999996 0.6153999999999998
0.4 0.5986000000000007
0.19999999999999996 0.5734999999999998
0.19999999999999996 0.5695999999999998
0.4 0.5723999999999998
0.21999999999999997 0.5709
0.4 0.5892999999999994
0.4 0.5539999999999997
0.4 0.5744999999999996
0.26 0.5379999999999998
0.4 0.5482999999999995
0.30000000000000004 0.48190000000000005
0.06000000000000005 0.5371999999999996
0.07999999999999996 0.5981999999999994
0.18000000000000005 0.6029999999999994
0.4 0.6194999999999996
0.24 0.6449999999999995
0.24 0.5842999999999996
0.24 0.5486999999999997
0.16000000000000003 0.5283999999999998
0.16000000000000003 0.5454000000000002
0.24 0.5930999999999993
0.26 0.6257000000000003
0.18000000000000005 0.5714
0.31999999999999995 0.5027999999999999
0.24 0.5045999999999998
0.21999999999999997 0.5198
0.09999999999999998 0.5333000000000002
0.4 0.5509000000000001
0.4 0.5779999999999997
0.4 0.6597999999999993
0.4 0.6129999999999993
0.4 0.5356999999999998
0.4 0.4925999999999997
0.21999999999999997 0.4809999999999997
0.21999999999999997 0.5433999999999994
0.21999999999999997 0.5601999999999996
0.21999999999999997 0.4845999999999997
0.43999999999999995 0.5712999999999998
0.33999999999999997 0.48040000000000005
0.12 0.46509999999999985
0.12 0.4949000000000004
0.30000000000000004 0.5341999999999999
0.09999999999999998 0.5112000000000004
0.12 0.5033000000000004
0.36 0.5323000000000007
0.040000000000000036 0.5267999999999998
0.040000000000000036 0.5471000000000003
0.43999999999999995 0.6237999999999999
0.09999999999999998 0.5986999999999997
0.4 0.6177999999999993
0.4 0.6752999999999993
0.4 0.6352999999999995
0.040000000000000036 0.5818999999999996
0.24 0.5984999999999999
0.24 0.5865999999999998
0.4 0.6353999999999995
0.4 0.5863000000000004
0.07999999999999996 0.5906000000000002
0.07999999999999996 0.5470000000000006
0.43999999999999995 0.5697000000000013
0.42000000000000004 0.6158000000000008
0.42000000000000004 0.5613000000000009
0.42000000000000004 0.556600000000001
0.42000000000000004 0.5293000000000004
0.42000000000000004 0.4970000000000009
0.42000000000000004 0.48500000000000065
0.38 0.47180000000000016
0.38 0.5327999999999998
0.36 0.5294000000000001
0.36 0.4971000000000002
0.42000000000000004 0.5169000000000004
0.16000000000000003 0.46180000000000054
0.42000000000000004 0.4675000000000004
0.42000000000000004 0.4685000000000001
0.30000000000000004 0.4701000000000002
0.42000000000000004 0.4799
0.42000000000000004 0.5179999999999998
0.42000000000000004 0.490700000000001
0.42000000000000004 0.4812000000000005
0.42000000000000004 0.4982999999999997
0.42000000000000004 0.48309999999999975
0.42000000000000004 0.4530999999999997
0.42000000000000004 0.4491999999999992
0.42000000000000004 0.4908999999999997
0.4 0.5334999999999998
0.33999999999999997 0.5029999999999996
0.33999999999999997 0.5145
0.33999999999999997 0.47250000000000014
0.33999999999999997 0.4602000000000001
0.4 0.5095999999999998
0.28 0.5028000000000001
0.12 0.5041999999999999
0.12 0.5047000000000001
0.12 0.5017
0.16000000000000003 0.5082999999999998
0.19999999999999996 0.49149999999999977
0.28 0.4646999999999998
0.28 0.46419999999999995
0.26 0.46819999999999984
0.30000000000000004 0.45850000000000024
0.4 0.5564000000000023
0.4 0.5415000000000021
0.43999999999999995 0.49980000000000063
0.43999999999999995 0.5609000000000021
0.4 0.5317000000000012
0.4 0.5907000000000027
0.4 0.5582000000000019
0.4 0.5173000000000009
0.4 0.5138000000000005
0.4 0.5071000000000008
0.4 0.48470000000000046
0.36 0.4495999999999999
0.4 0.44909999999999933
0.4 0.45380000000000004
0.4 0.49730000000000024
0.21999999999999997 0.44269999999999965
0.31999999999999995 0.44159999999999955
0.21999999999999997 0.42259999999999964
0.26 0.4620999999999993
0.4 0.4882999999999993
0.30000000000000004 0.4793999999999998
0.26 0.4358999999999994
0.4 0.4511999999999991
0.4 0.4220999999999996
0.30000000000000004 0.4358999999999995
0.19999999999999996 0.45739999999999964
0.07999999999999996 0.4785999999999996
0.07999999999999996 0.4868999999999996
0.07999999999999996 0.473
0.07999999999999996 0.4393999999999993
0.4 0.43329999999999963
0.18000000000000005 0.41539999999999955
0.06000000000000005 0.4059999999999993
0.18000000000000005 0.4398999999999998
0.12 0.4216
0.09999999999999998 0.41099999999999987
0.12 0.42070000000000013
0.12 0.4273999999999998
0.040000000000000036 0.3993999999999994
0.040000000000000036 0.39099999999999974
0.040000000000000036 0.3696999999999995
0.040000000000000036 0.3682999999999993
0.040000000000000036 0.37009999999999943
0.07999999999999996 0.5604999999999996
0.07999999999999996 0.5855999999999997
0.07999999999999996 0.5523999999999998
0.07999999999999996 0.5394999999999999
0.16000000000000003 0.5449999999999995
0.16000000000000003 0.4822999999999997
0.4 0.5571999999999998
0.16000000000000003 0.5553999999999994
0.06000000000000005 0.46430000000000066
0.06000000000000005 0.42710000000000004
0.06000000000000005 0.4033999999999996
0.06000000000000005 0.38019999999999954
0.06000000000000005 0.40379999999999994
0.07999999999999996 0.39479999999999926
0.14 0.3574999999999994
0.06000000000000005 0.49049999999999927
0.06000000000000005 0.4854999999999993
0.06000000000000005 0.36889999999999945
0.06000000000000005 0.4097999999999996
0.06000000000000005 0.3118999999999994
0.06000000000000005 0.30819999999999986
0.06000000000000005 0.32369999999999943
0.07999999999999996 0.34719999999999934
0.06000000000000005 0.37629999999999947
0.4 0.4099000000000001
0.06000000000000005 0.33099999999999946
0.06000000000000005 0.3746999999999996
0.06000000000000005 0.3678999999999995
0.06000000000000005 0.30839999999999945
0.07999999999999996 0.29299999999999965
0.07999999999999996 0.2860999999999996
0.07999999999999996 0.29979999999999934
0.06000000000000005 0.3148999999999995
0.06000000000000005 0.24949999999999956
0.06000000000000005 0.19899999999999976
0.06000000000000005 0.1988999999999998
0.06000000000000005 0.2000999999999998
0.06000000000000005 0.2523999999999999
0.06000000000000005 0.349
0.06000000000000005 0.2933000000000003
0.07999999999999996 0.26350000000000007
0.07999999999999996 0.2637000000000002
0.07999999999999996 0.21640000000000004
0.07999999999999996 0.20829999999999982
0.07999999999999996 0.20269999999999985
0.07999999999999996 0.2146999999999997
0.07999999999999996 0.1895999999999998
0.07999999999999996 0.21100000000000016
0.07999999999999996 0.15909999999999988
0.07999999999999996 0.14709999999999998
0.07999999999999996 0.13700000000000004
0.07999999999999996 0.24979999999999983
0.07999999999999996 0.24819999999999967
0.06000000000000005 0.1892000000000001
0.06000000000000005 0.19759999999999997
0.06000000000000005 0.1466
0.06000000000000005 0.17119999999999994
0.06000000000000005 0.19830000000000003
0.06000000000000005 0.2814000000000001
0.06000000000000005 0.40140000000000087
0.06000000000000005 0.35480000000000067
0.4 0.3824000000000012
0.24 0.3830000000000014
0.24 0.3704000000000015
0.06000000000000005 0.3712000000000015
0.06000000000000005 0.3734000000000013
0.06000000000000005 0.37110000000000176
0.06000000000000005 0.36940000000000156
0.06000000000000005 0.36200000000000115
0.06000000000000005 0.35640000000000105
0.06000000000000005 0.33870000000000083
0.06000000000000005 0.31570000000000076
0.06000000000000005 0.3304000000000004
0.06000000000000005 0.2919000000000005
0.06000000000000005 0.2876000000000004
0.06000000000000005 0.2623000000000003
0.06000000000000005 0.28469999999999984
0.06000000000000005 0.31539999999999996
0.06000000000000005 0.2667999999999999
0.06000000000000005 0.2648
0.06000000000000005 0.30109999999999987
0.06000000000000005 0.2810999999999998
0.06000000000000005 0.24199999999999997
0.06000000000000005 0.21639999999999998
0.06000000000000005 0.19979999999999987
0.06000000000000005 0.23149999999999996
0.06000000000000005 0.23729999999999996
0.06000000000000005 0.2120000000000001
0.06000000000000005 0.22170000000000012
0.06000000000000005 0.21819999999999992
0.06000000000000005 0.21499999999999997
0.06000000000000005 0.2242
0.06000000000000005 0.2222999999999999
0.06000000000000005 0.2225999999999999
0.06000000000000005 0.19769999999999993
0.06000000000000005 0.3578999999999998
0.06000000000000005 0.27239999999999986
0.06000000000000005 0.3761
0.06000000000000005 0.2696000000000004
0.06000000000000005 0.24300000000000005
0.06000000000000005 0.2195000000000001
0.06000000000000005 0.20350000000000001
0.06000000000000005 0.1891
0.06000000000000005 0.18979999999999997
0.06000000000000005 0.16279999999999992
0.06000000000000005 0.16649999999999995
0.06000000000000005 0.1753000000000001
0.06000000000000005 0.18620000000000003
0.06000000000000005 0.15510000000000004
0.06000000000000005 0.1535
0.06000000000000005 0.3281000000000004
0.06000000000000005 0.47909999999999964
0.06000000000000005 0.3908999999999998
0.06000000000000005 0.2566999999999999
0.06000000000000005 0.2059999999999999
0.06000000000000005 0.18719999999999998
0.06000000000000005 0.1947000000000001
0.06000000000000005 0.36600000000000066
0.06000000000000005 0.3281000000000005
0.06000000000000005 0.25239999999999996
0.06000000000000005 0.21400000000000005
0.06000000000000005 0.3753000000000009
0.06000000000000005 0.36570000000000086
0.06000000000000005 0.3422000000000006
0.06000000000000005 0.31360000000000043
0.06000000000000005 0.2995000000000005
0.06000000000000005 0.2906000000000006
0.06000000000000005 0.3068000000000004
0.06000000000000005 0.27300000000000046
0.06000000000000005 0.31820000000000037
0.06000000000000005 0.33200000000000024
0.06000000000000005 0.3219000000000005
0.06000000000000005 0.2751
0.06000000000000005 0.23750000000000007
0.06000000000000005 0.2556000000000001
0.06000000000000005 0.2498000000000001
0.06000000000000005 0.22840000000000008
0.06000000000000005 0.21220000000000003
0.06000000000000005 0.19829999999999998
0.06000000000000005 0.1673
0.06000000000000005 0.15690000000000004
0.06000000000000005 0.1862
0.06000000000000005 0.17880000000000001
0.06000000000000005 0.15790000000000007
0.06000000000000005 0.16390000000000005
0.06000000000000005 0.16250000000000006
0.06000000000000005 0.20789999999999992
0.06000000000000005 0.19859999999999992
0.06000000000000005 0.2537999999999996
0.06000000000000005 0.22059999999999996
0.06000000000000005 0.2427999999999999
0.06000000000000005 0.3937999999999998
0.4 0.4726000000000006
0.4 0.44419999999999993
0.4 0.4156
0.4 0.4725000000000004
0.4 0.4244000000000001
0.4 0.44989999999999986
0.4 0.46160000000000034
0.4 0.41619999999999996
0.4 0.5365000000000015
0.4 0.44740000000000024
0.4 0.42599999999999993
0.4 0.4216
0.4 0.4242999999999999
0.4 0.42029999999999973
0.4 0.45570000000000005
0.4 0.45850000000000024
0.4 0.491600000000001
0.4 0.4420999999999999
0.4 0.4291999999999998
0.4 0.42219999999999996
0.4 0.42850000000000016
0.4 0.4295000000000001
0.4 0.4269
0.4 0.4323999999999998
0.4 0.5077000000000014
0.4 0.6312000000000031
0.6799999999999999 0.6800000000000034
0.6799999999999999 0.6800000000000034
0.43999999999999995 0.6778000000000034
0.4 0.6568000000000032
0.4 0.640200000000003
0.4 0.6132000000000029
0.4 0.6053000000000027
0.4 0.5733000000000023
0.4 0.5353000000000017
0.4 0.5919000000000026
0.6799999999999999 0.6800000000000034
0.6799999999999999 0.6800000000000034
0.6799999999999999 0.6800000000000034
0.4 0.6462000000000032
0.4 0.5228000000000015
0.4 0.5890000000000025
0.4 0.5131000000000011
0.4 0.4903000000000005
0.4 0.5979000000000025
0.4 0.4698000000000001
0.4 0.44619999999999993
0.4 0.4216999999999998
0.4 0.41649999999999987
0.4 0.43069999999999964
0.4 0.43879999999999947
0.4 0.4380999999999997
0.4 0.4337999999999997
0.4 0.4302999999999998
0.4 0.4206999999999999
0.4 0.42249999999999976
0.4 0.42109999999999986
0.4 0.4339000000000002
0.4 0.43389999999999973
0.4 0.42479999999999984
0.4 0.4195999999999996
0.4 0.40820000000000006
0.4 0.4074000000000003
0.4 0.40980000000000005
0.06000000000000005 0.4295999999999991
0.4 0.4113000000000001
0.06000000000000005 0.4109
0.06000000000000005 0.4159999999999999
0.06000000000000005 0.4078000000000001
0.4 0.41069999999999995
0.06000000000000005 0.4117
0.06000000000000005 0.4073000000000001
0.06000000000000005 0.40350000000000025
0.06000000000000005 0.4028000000000002
0.4 0.42450000000000027
0.4 0.4498000000000002
0.4 0.4317999999999999
0.24 0.41409999999999997
0.24 0.40930000000000005
0.4 0.6114000000000028
0.24 0.4261999999999997
0.4 0.6576000000000033
0.24 0.4498999999999997
0.24 0.44349999999999973
0.19999999999999996 0.43429999999999935
0.21999999999999997 0.44489999999999996
0.14 0.45079999999999965
0.26 0.4185999999999999
0.19999999999999996 0.44639999999999946
0.06000000000000005 0.44949999999999934
0.06000000000000005 0.4052999999999996
0.06000000000000005 0.41119999999999945
0.4 0.4179999999999999
0.4 0.42060000000000003
0.06000000000000005 0.4054999999999995
0.06000000000000005 0.3822999999999995
0.06000000000000005 0.35319999999999946
0.06000000000000005 0.3905999999999995
0.06000000000000005 0.4155000000000001
0.4 0.41590000000000016
0.06000000000000005 0.41709999999999964
0.06000000000000005 0.3978999999999994
0.06000000000000005 0.3756999999999992
0.06000000000000005 0.37609999999999927
0.06000000000000005 0.3995
0.30000000000000004 0.552100000000002
0.4 0.6786000000000034
0.14 0.5273000000000014
0.4 0.5144000000000006
0.4 0.4753
0.4 0.46670000000000017
0.14 0.44150000000000034
0.21999999999999997 0.41110000000000013
0.16000000000000003 0.5441000000000019
0.16000000000000003 0.541700000000002
0.12 0.5374000000000017
0.12 0.48320000000000113
0.12 0.5829000000000025
0.4 0.6111000000000029
0.4 0.637300000000003
0.4 0.6012000000000027
0.4 0.5628000000000023
0.28 0.5108000000000014
0.28 0.5746000000000023
0.06000000000000005 0.5241000000000016
0.28 0.4819000000000008
0.06000000000000005 0.4756000000000007
0.06000000000000005 0.43399999999999994
0.06000000000000005 0.6417000000000032
0.4 0.6702000000000033
0.4 0.4995000000000011
0.4 0.6718000000000033
0.4 0.6699000000000034
0.4 0.6744000000000034
0.06000000000000005 0.4852000000000008
0.06000000000000005 0.47400000000000025
0.06000000000000005 0.45280000000000037
0.28 0.5607000000000021
0.4 0.626200000000003
0.06000000000000005 0.4502999999999999
0.06000000000000005 0.4234999999999998
0.07999999999999996 0.42399999999999977
0.4 0.41719999999999985
0.4 0.4140999999999999
0.4 0.41010000000000024
0.4 0.40900000000000014
0.07999999999999996 0.37579999999999947
0.4 0.6774000000000036
0.6799999999999999 0.6800000000000034
0.19999999999999996 0.5769000000000024
0.4 0.6091000000000029
0.42000000000000004 0.6493000000000032
0.42000000000000004 0.4968000000000011
0.12 0.3845999999999997
0.12 0.39829999999999993
0.12 0.3167999999999997
0.12 0.3430999999999997
0.12 0.47240000000000093
0.4 0.44479999999999975
0.4 0.4228
0.4 0.4073000000000004
0.4 0.6083000000000027
0.4 0.6602000000000032
0.4 0.6503000000000031
0.4 0.5341000000000017
0.4 0.655600000000003
0.4 0.625500000000003
0.6799999999999999 0.6800000000000034
0.4 0.6644000000000032
0.4 0.5824000000000024
0.4 0.5912000000000024
0.4 0.5702000000000021
0.4 0.5494000000000018
0.4 0.6432000000000031
0.6799999999999999 0.6800000000000034
0.4 0.6415000000000032
0.6799999999999999 0.6800000000000034
0.4 0.5775000000000025
0.06000000000000005 0.4913000000000009
