0.18000000000000005 0.5990000000000001
0.21999999999999997 0.5887
0.21999999999999997 0.6002
0.21999999999999997 0.6075999999999998
0.18000000000000005 0.6016999999999997
0.18000000000000005 0.5771000000000001
0.14 0.5780999999999998
0.16000000000000003 0.5644999999999998
0.09999999999999998 0.5767999999999998
0.09999999999999998 0.5949
0.040000000000000036 0.5347000000000002
0.06000000000000005 0.5687999999999999
0.33999999999999997 0.5986
0.12 0.5214999999999996
0.12 0.5111999999999998
0.07999999999999996 0.5078999999999997
0.16000000000000003 0.5439999999999995
0.040000000000000036 0.4609999999999996
0.14 0.5898000000000004
0.14 0.5319000000000004
0.30000000000000004 0.5070000000000001
0.18000000000000005 0.48170000000000024
0.19999999999999996 0.4686000000000004
0.07999999999999996 0.46370000000000056
0.16000000000000003 0.5303999999999998
0.07999999999999996 0.5660999999999998
0.16000000000000003 0.5419999999999996
0.09999999999999998 0.5538999999999996
0.07999999999999996 0.42479999999999984
0.06000000000000005 0.44599999999999995
0.06000000000000005 0.36960000000000015
0.07999999999999996 0.4282000000000004
0.06000000000000005 0.2767000000000001
0.06000000000000005 0.37500000000000017
0.06000000000000005 0.3112
0.040000000000000036 0.2503000000000003
0.06000000000000005 0.42420000000000074
0.040000000000000036 0.3434000000000005
0.040000000000000036 0.30330000000000007
0.06000000000000005 0.2704000000000001
0.06000000000000005 0.3126000000000001
0.07999999999999996 0.33790000000000026
0.07999999999999996 0.3060000000000002
0.07999999999999996 0.22400000000000012
0.07999999999999996 0.27030000000000026
0.06000000000000005 0.3320000000000006
0.06000000000000005 0.27330000000000026
0.06000000000000005 0.19490000000000005
0.06000000000000005 0.18310000000000007
0.06000000000000005 0.18380000000000002
0.06000000000000005 0.20970000000000016
0.06000000000000005 0.14270000000000002
0.06000000000000005 0.1708
0.06000000000000005 0.3226000000000002
0.06000000000000005 0.11820000000000006
0.06000000000000005 0.11610000000000006
0.06000000000000005 0.12680000000000008
0.06000000000000005 0.12189999999999998
0.040000000000000036 0.1461
0.06000000000000005 0.31100000000000005
0.06000000000000005 0.1801
0.06000000000000005 0.1681
0.07999999999999996 0.31270000000000037
0.07999999999999996 0.11000000000000001
0.06000000000000005 0.09510000000000002
0.07999999999999996 0.1870000000000002
0.06000000000000005 0.09579999999999998
0.06000000000000005 0.23470000000000021
0.06000000000000005 0.2584
0.06000000000000005 0.30140000000000006
0.06000000000000005 0.2484000000000002
0.06000000000000005 0.2774000000000002
0.06000000000000005 0.1375
0.06000000000000005 0.15770000000000006
0.06000000000000005 0.12410000000000004
0.06000000000000005 0.09790000000000003
0.06000000000000005 0.08230000000000003
0.06000000000000005 0.07940000000000005
0.09999999999999998 0.08940000000000001
0.09999999999999998 0.1272
0.06000000000000005 0.1802000000000001
0.09999999999999998 0.1026
0.040000000000000036 0.19580000000000009
0.040000000000000036 0.09730000000000008
0.040000000000000036 0.08889999999999999
0.07999999999999996 0.14150000000000007
0.07999999999999996 0.13810000000000014
0.07999999999999996 0.09849999999999998
0.07999999999999996 0.0656
0.06000000000000005 0.0964
0.06000000000000005 0.07100000000000001
0.06000000000000005 0.07650000000000003
0.07999999999999996 0.06000000000000001
0.07999999999999996 0.06480000000000002
0.06000000000000005 0.0632999999999999
0.06000000000000005 0.052799999999999916
0.06000000000000005 0.06090000000000002
0.06000000000000005 0.062200000000000026
0.06000000000000005 0.05459999999999999
0.06000000000000005 0.05310000000000001
0.06000000000000005 0.05600000000000002
0.06000000000000005 0.05970000000000003
0.06000000000000005 0.06030000000000005
0.06000000000000005 0.0570000000000001
0.06000000000000005 0.0621000000000001
0.06000000000000005 0.06270000000000012
0.06000000000000005 0.061800000000000174
0.06000000000000005 0.06870000000000022
0.040000000000000036 0.055700000000000104
0.040000000000000036 0.09140000000000013
0.040000000000000036 0.09770000000000019
0.040000000000000036 0.06100000000000006
0.040000000000000036 0.05360000000000003
0.040000000000000036 0.042
0.040000000000000036 0.04670000000000005
0.040000000000000036 0.0695000000000001
0.040000000000000036 0.05850000000000013
0.040000000000000036 0.0635000000000001
0.040000000000000036 0.057700000000000085
0.040000000000000036 0.05170000000000011
0.06000000000000005 0.05370000000000004
0.040000000000000036 0.05200000000000007
0.06000000000000005 0.0753000000000001
0.06000000000000005 0.07490000000000013
0.12 0.0781000000000002
0.06000000000000005 0.08010000000000017
0.07999999999999996 0.06880000000000024
0.07999999999999996 0.06970000000000005
0.06000000000000005 0.06610000000000021
0.06000000000000005 0.07260000000000001
0.06000000000000005 0.06410000000000006
0.07999999999999996 0.06210000000000013
0.07999999999999996 0.05550000000000001
0.06000000000000005 0.05610000000000004
0.06000000000000005 0.05500000000000003
0.06000000000000005 0.062300000000000154
0.06000000000000005 0.0574000000000001
0.06000000000000005 0.06100000000000005
0.06000000000000005 0.0784000000000001
0.06000000000000005 0.06890000000000014
0.06000000000000005 0.06540000000000007
0.06000000000000005 0.16190000000000013
0.06000000000000005 0.08110000000000021
0.06000000000000005 0.0799000000000002
0.06000000000000005 0.09550000000000017
0.06000000000000005 0.13180000000000017
0.06000000000000005 0.19000000000000025
0.06000000000000005 0.34430000000000055
0.06000000000000005 0.22040000000000026
0.06000000000000005 0.16780000000000025
0.06000000000000005 0.14610000000000012
0.06000000000000005 0.1282000000000001
0.06000000000000005 0.16660000000000025
0.06000000000000005 0.1982000000000001
0.06000000000000005 0.13960000000000003
0.06000000000000005 0.09790000000000004
0.06000000000000005 0.08330000000000012
0.06000000000000005 0.0924
0.06000000000000005 0.07710000000000011
0.06000000000000005 0.08040000000000007
0.06000000000000005 0.059200000000000044
0.06000000000000005 0.06960000000000012
0.06000000000000005 0.08220000000000009
0.06000000000000005 0.06900000000000024
0.06000000000000005 0.07240000000000024
0.06000000000000005 0.18459999999999968
0.06000000000000005 0.16099999999999967
0.06000000000000005 0.08470000000000018
0.06000000000000005 0.0769000000000002
0.06000000000000005 0.13889999999999975
0.06000000000000005 0.09200000000000008
0.06000000000000005 0.06130000000000032
0.06000000000000005 0.16339999999999966
0.06000000000000005 0.0651000000000003
0.06000000000000005 0.06340000000000033
0.06000000000000005 0.06670000000000033
0.06000000000000005 0.0669000000000003
0.06000000000000005 0.07790000000000032
0.06000000000000005 0.06470000000000033
0.06000000000000005 0.11980000000000017
0.06000000000000005 0.2996000000000002
0.31999999999999995 0.3316000000000002
0.06000000000000005 0.2697000000000001
0.06000000000000005 0.24160000000000012
0.16000000000000003 0.3234000000000002
0.06000000000000005 0.2771
0.06000000000000005 0.10550000000000023
0.06000000000000005 0.1926
0.06000000000000005 0.25960000000000005
0.06000000000000005 0.3649000000000002
0.06000000000000005 0.18650000000000005
0.06000000000000005 0.18490000000000018
0.06000000000000005 0.10400000000000023
0.06000000000000005 0.13870000000000024
0.06000000000000005 0.11080000000000023
0.06000000000000005 0.3420000000000008
0.07999999999999996 0.10350000000000026
0.06000000000000005 0.21150000000000044
0.06000000000000005 0.14800000000000024
0.06000000000000005 0.20140000000000036
0.06000000000000005 0.17810000000000026
0.31999999999999995 0.34210000000000007
0.31999999999999995 0.3293999999999999
0.06000000000000005 0.13700000000000018
0.06000000000000005 0.2320000000000001
0.06000000000000005 0.20090000000000013
0.06000000000000005 0.12180000000000021
0.06000000000000005 0.0934000000000002
0.06000000000000005 0.08690000000000023
0.06000000000000005 0.15540000000000023
0.06000000000000005 0.1064000000000002
0.06000000000000005 0.22539999999999974
0.31999999999999995 0.3527000000000002
0.31999999999999995 0.5050000000000009
0.31999999999999995 0.3472000000000003
0.31999999999999995 0.31559999999999994
0.06000000000000005 0.2571000000000001
0.06000000000000005 0.23600000000000004
0.06000000000000005 0.1739000000000001
0.24 0.3517000000000002
0.06000000000000005 0.17000000000000007
0.06000000000000005 0.12630000000000005
0.06000000000000005 0.08770000000000006
0.31999999999999995 0.3165999999999999
0.31999999999999995 0.3226999999999999
0.31999999999999995 0.3166
0.31999999999999995 0.3142999999999998
0.31999999999999995 0.3181999999999997
0.31999999999999995 0.3199999999999999
0.31999999999999995 0.3080999999999995
0.31999999999999995 0.3128999999999996
0.31999999999999995 0.3171999999999999
0.06000000000000005 0.19070000000000026
0.06000000000000005 0.1588000000000002
0.31999999999999995 0.3181999999999998
0.31999999999999995 0.3193
0.31999999999999995 0.3262000000000001
0.06000000000000005 0.1675000000000001
0.28 0.31569999999999965
0.31999999999999995 0.33140000000000003
0.31999999999999995 0.3226
0.31999999999999995 0.31859999999999994
0.31999999999999995 0.31809999999999994
0.040000000000000036 0.2291999999999998
0.06000000000000005 0.18270000000000025
0.06000000000000005 0.1870000000000002
0.06000000000000005 0.14200000000000015
0.06000000000000005 0.12900000000000017
0.06000000000000005 0.12050000000000015
0.06000000000000005 0.1383000000000002
0.06000000000000005 0.11310000000000013
0.06000000000000005 0.23650000000000052
0.06000000000000005 0.2508999999999999
0.06000000000000005 0.13990000000000027
0.06000000000000005 0.17800000000000019
0.06000000000000005 0.10480000000000018
0.06000000000000005 0.09440000000000028
0.06000000000000005 0.08910000000000022
0.06000000000000005 0.07320000000000025
0.06000000000000005 0.07580000000000017
0.06000000000000005 0.07410000000000007
0.06000000000000005 0.06400000000000022
0.06000000000000005 0.09340000000000016
0.30000000000000004 0.49590000000000123
0.06000000000000005 0.16470000000000018
0.07999999999999996 0.2619000000000004
0.06000000000000005 0.1931000000000003
0.06000000000000005 0.08280000000000008
0.06000000000000005 0.08400000000000013
0.06000000000000005 0.0737000000000001
0.06000000000000005 0.15460000000000018
0.06000000000000005 0.0687000000000001
0.07999999999999996 0.1373000000000002
0.06000000000000005 0.07060000000000019
0.07999999999999996 0.08350000000000016
0.040000000000000036 0.12580000000000024
0.06000000000000005 0.1397000000000002
0.06000000000000005 0.1353000000000002
0.06000000000000005 0.11050000000000022
0.06000000000000005 0.07230000000000014
0.06000000000000005 0.13360000000000022
0.06000000000000005 0.12480000000000023
0.31999999999999995 0.3131999999999996
0.31999999999999995 0.3096999999999995
0.28 0.32549999999999973
0.21999999999999997 0.301099999999999
0.4 0.30229999999999907
0.4 0.3026999999999991
0.4 0.31089999999999895
0.040000000000000036 0.2372999999999995
0.18000000000000005 0.31289999999999885
0.18000000000000005 0.317299999999999
0.21999999999999997 0.3390999999999989
0.040000000000000036 0.2648999999999995
0.24 0.34489999999999943
0.24 0.34599999999999975
0.21999999999999997 0.3302000000000001
0.21999999999999997 0.31889999999999996
0.040000000000000036 0.2855000000000001
0.040000000000000036 0.2603999999999998
0.040000000000000036 0.26629999999999976
0.040000000000000036 0.22259999999999994
0.040000000000000036 0.20889999999999997
0.040000000000000036 0.1891999999999998
0.040000000000000036 0.15689999999999973
0.040000000000000036 0.1380999999999998
0.040000000000000036 0.12930000000000005
0.040000000000000036 0.10249999999999997
0.040000000000000036 0.07390000000000002
0.040000000000000036 0.061800000000000035
0.040000000000000036 0.057300000000000045
0.040000000000000036 0.054900000000000004
0.040000000000000036 0.047200000000000006
0.040000000000000036 0.04690000000000003
0.040000000000000036 0.04529999999999996
0.040000000000000036 0.0475
0.040000000000000036 0.0525
0.040000000000000036 0.051700000000000024
0.040000000000000036 0.04370000000000003
0.040000000000000036 0.044300000000000034
0.040000000000000036 0.04510000000000002
0.040000000000000036 0.05160000000000001
0.040000000000000036 0.055200000000000034
0.040000000000000036 0.05180000000000003
0.040000000000000036 0.06589999999999996
0.040000000000000036 0.08579999999999996
0.040000000000000036 0.04530000000000005
0.040000000000000036 0.07309999999999996
0.040000000000000036 0.05600000000000001
0.040000000000000036 0.06290000000000001
0.040000000000000036 0.0764
0.040000000000000036 0.06760000000000002
0.040000000000000036 0.09939999999999999
0.040000000000000036 0.05140000000000003
0.040000000000000036 0.06580000000000003
0.040000000000000036 0.04920000000000004
0.040000000000000036 0.05090000000000005
0.040000000000000036 0.07920000000000005
0.040000000000000036 0.08420000000000004
0.040000000000000036 0.062200000000000026
0.040000000000000036 0.053600000000000037
0.040000000000000036 0.049200000000000035
0.040000000000000036 0.047100000000000024
0.040000000000000036 0.05140000000000003
0.040000000000000036 0.09540000000000003
0.040000000000000036 0.05729999999999999
0.040000000000000036 0.049300000000000024
0.040000000000000036 0.05110000000000002
0.040000000000000036 0.12670000000000003
0.040000000000000036 0.11630000000000006
0.040000000000000036 0.0613
0.040000000000000036 0.046200000000000026
0.040000000000000036 0.04470000000000002
0.040000000000000036 0.04980000000000006
0.040000000000000036 0.06400000000000003
0.040000000000000036 0.15959999999999994
0.040000000000000036 0.10189999999999994
0.040000000000000036 0.10439999999999997
0.040000000000000036 0.07390000000000001
0.040000000000000036 0.0675
0.06000000000000005 0.5152000000000005
0.06000000000000005 0.3693000000000003
0.06000000000000005 0.27730000000000016
0.040000000000000036 0.5167000000000003
0.040000000000000036 0.5157000000000008
0.45999999999999996 0.5084000000000003
0.45999999999999996 0.48800000000000004
0.45999999999999996 0.48160000000000025
0.45999999999999996 0.47450000000000037
0.45999999999999996 0.4998000000000005
0.45999999999999996 0.5066000000000005
0.45999999999999996 0.4808000000000008
0.040000000000000036 0.461
0.45999999999999996 0.4639999999999992
0.45999999999999996 0.47049999999999914
0.45999999999999996 0.46499999999999886
0.020000000000000018 0.4059999999999995
0.07999999999999996 0.43459999999999915
0.45999999999999996 0.4722999999999993
0.45999999999999996 0.46839999999999904
0.45999999999999996 0.46929999999999905
0.45999999999999996 0.463599999999999
0.45999999999999996 0.4628999999999987
0.45999999999999996 0.4637999999999988
0.45999999999999996 0.48339999999999983
0.040000000000000036 0.3968000000000005
0.040000000000000036 0.3331000000000001
0.040000000000000036 0.24490000000000006
0.040000000000000036 0.2092000000000002
0.040000000000000036 0.15740000000000007
0.040000000000000036 0.1721000000000002
0.040000000000000036 0.09399999999999988
0.040000000000000036 0.17680000000000023
0.040000000000000036 0.11800000000000002
0.040000000000000036 0.078
0.040000000000000036 0.07169999999999994
0.040000000000000036 0.06129999999999991
0.040000000000000036 0.04479999999999997
0.040000000000000036 0.08970000000000006
0.040000000000000036 0.12170000000000009
0.040000000000000036 0.20329999999999993
0.040000000000000036 0.17240000000000014
0.06000000000000005 0.29679999999999923
0.06000000000000005 0.3140999999999992
0.06000000000000005 0.3364999999999997
0.040000000000000036 0.3010999999999996
0.040000000000000036 0.2101999999999999
0.040000000000000036 0.1800000000000002
0.040000000000000036 0.10650000000000016
0.040000000000000036 0.10240000000000016
0.040000000000000036 0.07530000000000014
0.040000000000000036 0.06630000000000016
0.040000000000000036 0.10960000000000011
0.040000000000000036 0.11350000000000014
0.040000000000000036 0.09450000000000015
0.040000000000000036 0.06270000000000009
0.040000000000000036 0.08109999999999998
0.040000000000000036 0.12410000000000009
0.040000000000000036 0.08129999999999997
0.040000000000000036 0.05780000000000002
0.040000000000000036 0.07140000000000007
0.040000000000000036 0.15580000000000024
0.040000000000000036 0.1896000000000002
0.040000000000000036 0.23300000000000026
0.040000000000000036 0.17690000000000025
0.040000000000000036 0.20950000000000027
0.040000000000000036 0.3055000000000006
0.09999999999999998 0.4976000000000002
0.45999999999999996 0.4440000000000013
0.06000000000000005 0.6383000000000019
0.45999999999999996 0.5733000000000016
0.36 0.5275000000000009
0.48 0.5275000000000006
0.16000000000000003 0.47099999999999975
0.16000000000000003 0.4584999999999995
0.16000000000000003 0.45139999999999936
0.36 0.4597999999999997
0.06000000000000005 0.450999999999999
0.45999999999999996 0.466699999999999
0.06000000000000005 0.44079999999999964
0.14 0.4443999999999997
0.06000000000000005 0.4041999999999996
0.45999999999999996 0.4691999999999994
0.16000000000000003 0.4834000000000003
0.07999999999999996 0.42330000000000007
0.45999999999999996 0.6729000000000014
0.06000000000000005 0.49730000000000096
0.06000000000000005 0.5003000000000011
0.040000000000000036 0.5149000000000011
0.040000000000000036 0.42160000000000025
0.45999999999999996 0.5015000000000005
0.040000000000000036 0.46510000000000035
0.040000000000000036 0.47460000000000024
0.040000000000000036 0.4101000000000002
0.040000000000000036 0.29399999999999993
0.040000000000000036 0.21689999999999995
0.040000000000000036 0.21150000000000005
0.040000000000000036 0.133
0.040000000000000036 0.08770000000000003
0.040000000000000036 0.06180000000000001
0.040000000000000036 0.056499999999999995
0.040000000000000036 0.04470000000000003
0.040000000000000036 0.044800000000000034
0.040000000000000036 0.04300000000000005
0.040000000000000036 0.04440000000000004
0.040000000000000036 0.04600000000000002
0.040000000000000036 0.0947
0.040000000000000036 0.06060000000000001
0.040000000000000036 0.08680000000000003
0.040000000000000036 0.07270000000000001
0.040000000000000036 0.07170000000000001
0.040000000000000036 0.24120000000000044
0.040000000000000036 0.2523000000000005
0.09999999999999998 0.24760000000000054
0.040000000000000036 0.20690000000000042
0.07999999999999996 0.19950000000000034
0.07999999999999996 0.17640000000000022
0.040000000000000036 0.09789999999999999
0.040000000000000036 0.08180000000000004
0.040000000000000036 0.10530000000000012
0.040000000000000036 0.06460000000000003
0.040000000000000036 0.17160000000000014
0.040000000000000036 0.1204000000000001
0.040000000000000036 0.06930000000000006
0.040000000000000036 0.05690000000000005
0.040000000000000036 0.052600000000000036
0.040000000000000036 0.052600000000000036
0.040000000000000036 0.057800000000000004
0.040000000000000036 0.058800000000000005
0.040000000000000036 0.05290000000000001
0.040000000000000036 0.04460000000000003
0.040000000000000036 0.046600000000000016
0.040000000000000036 0.07209999999999991
0.040000000000000036 0.08319999999999995
0.07999999999999996 0.11940000000000003
0.07999999999999996 0.11970000000000004
0.07999999999999996 0.11800000000000016
0.07999999999999996 0.10510000000000014
0.07999999999999996 0.09600000000000014
0.07999999999999996 0.0833999999999999
