0.7 0.40335000000000043
0.7 0.41710000000000014
0.79 0.41510000000000036
0.69 0.4384000000000002
0.8 0.4275999999999999
0.7 0.4156499999999997
0.7 0.39704999999999985
0.7 0.4232499999999995
0.7 0.4521499999999998
0.71 0.4735499999999994
0.72 0.4398999999999997
0.7 0.44705000000000006
0.7 0.4301500000000003
0.76 0.4456499999999998
0.76 0.44840000000000046
0.7 0.43594999999999984
0.75 0.4078999999999997
0.75 0.4669500000000002
0.75 0.4147000000000001
0.75 0.43379999999999996
0.75 0.46584999999999993
0.86 0.4545000000000004
0.97 0.4788499999999998
0.97 0.47230000000000005
0.97 0.5227999999999998
0.7 0.5032
0.73 0.5155499999999997
0.83 0.5144500000000005
0.81 0.5499
0.74 0.48940000000000017
0.74 0.5225500000000004
0.7 0.4541500000000003
0.7 0.46655000000000063
0.71 0.5117000000000009
0.95 0.6022500000000003
0.95 0.6115500000000004
0.76 0.48670000000000024
0.95 0.5515999999999998
0.95 0.5659999999999997
0.95 0.5899
0.91 0.6175000000000012
0.78 0.5323500000000011
0.7 0.5999500000000004
0.82 0.635100000000001
0.87 0.6309500000000005
0.7 0.5834000000000004
0.76 0.6470000000000015
0.97 0.6342500000000008
0.95 0.6771000000000013
0.95 0.6998500000000015
0.7 0.6688500000000012
0.7 0.6784000000000018
0.7 0.6908000000000021
0.7 0.6771500000000017
0.87 0.6390500000000016
0.87 0.6977000000000018
0.87 0.589800000000002
0.93 0.6968500000000019
0.93 0.7396500000000004
0.97 0.6722500000000019
0.96 0.7654499999999997
0.97 0.839799999999999
0.97 0.7777000000000005
0.97 0.8480499999999984
0.97 0.8970500000000018
0.97 0.820049999999998
0.97 0.8636499999999995
0.97 0.9047500000000022
0.97 0.8862000000000018
0.97 0.8356500000000026
0.97 0.8059000000000026
0.97 0.9127000000000015
0.97 0.682199999999999
0.97 0.8701000000000012
0.97 0.9378499999999999
0.97 0.9208499999999995
0.93 0.43750000000000205
0.97 0.8845999999999999
0.97 0.4901000000000017
0.7 0.5507000000000002
0.7 0.6212000000000003
0.7 0.6839000000000007
0.7 0.690300000000001
0.7 0.6983000000000011
0.7 0.699550000000001
0.97 0.7055500000000008
0.74 0.6775500000000015
0.97 0.686950000000002
0.97 0.6769500000000018
0.97 0.7281000000000006
0.7 0.6885000000000016
0.73 0.6819000000000018
0.7 0.6854500000000014
0.7 0.6918500000000014
0.7 0.6874000000000013
0.7 0.6925500000000011
0.7 0.6818000000000016
0.7 0.6650000000000024
0.7 0.677500000000002
0.74 0.692250000000001
0.7 0.671200000000002
0.7 0.6859000000000015
0.7 0.6853000000000016
0.7 0.6883500000000015
0.7 0.6932000000000013
0.7 0.6945000000000011
0.7 0.6984000000000009
0.7 0.694050000000001
0.7 0.6899500000000015
0.7 0.6895000000000013
0.7 0.6854500000000014
0.7 0.6933000000000011
0.7 0.6798000000000017
0.7 0.6847500000000016
0.7 0.6883500000000015
0.7 0.6663000000000027
0.7 0.6838500000000015
0.7 0.6857000000000013
0.7 0.6829500000000016
0.7 0.6868000000000016
0.7 0.6898000000000013
0.7 0.6977500000000011
0.7 0.6945000000000013
0.7 0.696850000000001
0.7 0.6913500000000014
0.7 0.6946000000000011
0.7 0.6938500000000012
0.7 0.6859000000000015
0.7 0.6954000000000009
0.7 0.6903500000000012
0.7 0.6933500000000012
0.7 0.6806000000000015
0.7 0.6846000000000017
0.7 0.6820500000000016
0.7 0.6906000000000013
0.7 0.6952000000000012
0.7 0.6882000000000014
0.7 0.6803000000000016
0.7 0.6886000000000013
0.7 0.6868500000000014
0.7 0.6874500000000016
0.7 0.6869000000000014
0.7 0.6843000000000015
0.7 0.6739500000000018
0.7 0.6874500000000013
0.7 0.6881500000000014
0.7 0.6881000000000015
0.7 0.6935000000000012
0.7 0.6831000000000016
0.7 0.6926000000000012
0.7 0.6895500000000014
0.7 0.6871500000000015
0.7 0.695600000000001
0.7 0.6924000000000012
0.7 0.6853000000000015
0.7 0.6843000000000015
0.7 0.6935500000000012
0.7 0.6929500000000013
0.7 0.6928000000000012
0.7 0.694350000000001
0.7 0.6965500000000013
0.7 0.6965000000000015
0.7 0.6832000000000022
0.7 0.694650000000001
0.7 0.6982000000000009
0.7 0.7000000000000008
0.7 0.6948000000000011
0.7 0.6934000000000013
0.7 0.6623000000000018
0.7 0.683200000000002
0.7 0.6945000000000011
0.7 0.6929000000000012
0.7 0.6947000000000011
0.7 0.6982000000000009
0.7 0.6924500000000012
0.7 0.6919500000000012
0.7 0.6982000000000009
0.7 0.7000000000000008
0.7 0.695600000000001
0.7 0.6987000000000009
0.7 0.6860500000000022
0.7 0.6821500000000025
0.7 0.698350000000001
0.7 0.6835000000000021
0.7 0.6974000000000011
0.7 0.697900000000001
0.7 0.6961000000000009
0.7 0.6951000000000012
0.7 0.6960500000000011
0.7 0.6947000000000011
0.7 0.693750000000001
0.7 0.6982000000000009
0.7 0.699400000000001
0.7 0.6979000000000011
0.7 0.6992500000000009
0.7 0.697300000000001
0.7 0.698000000000001
0.7 0.6998000000000009
0.7 0.6982000000000009
0.7 0.6978500000000012
0.7 0.6981500000000009
0.7 0.698100000000001
0.7 0.698100000000001
0.7 0.699750000000001
0.7 0.6981500000000009
0.7 0.7000000000000008
0.7 0.6982000000000009
0.7 0.6999500000000008
0.7 0.7000000000000008
0.7 0.6982000000000009
0.7 0.6946000000000011
0.7 0.6925000000000011
0.7 0.611800000000002
0.7 0.696400000000001
0.7 0.6268500000000021
0.7 0.6858500000000014
0.7 0.6917000000000013
0.7 0.6843000000000014
0.7 0.6903500000000016
0.7 0.6785500000000018
0.7 0.6975000000000011
0.7 0.699750000000001
0.7 0.697950000000001
0.7 0.6936500000000015
0.7 0.5519000000000002
0.7 0.6122000000000013
0.7 0.6556500000000015
0.7 0.48640000000000044
0.7 0.5513000000000011
0.7 0.6380500000000014
0.7 0.6658500000000019
0.7 0.6699500000000015
0.7 0.6934500000000011
0.7 0.6946000000000011
0.7 0.7000000000000008
0.7 0.7000000000000008
0.7 0.6999500000000008
0.7 0.6548000000000019
0.7 0.5969500000000013
0.7 0.6638500000000017
0.7 0.6757500000000014
0.7 0.6973500000000011
0.7 0.6960000000000014
0.7 0.6982500000000011
0.7 0.698050000000001
0.7 0.6997000000000009
0.7 0.6997000000000009
0.7 0.6998000000000009
0.7 0.6999500000000008
0.7 0.6808000000000014
0.7 0.5925000000000015
0.7 0.6806000000000014
0.7 0.7000000000000008
0.7 0.6821500000000015
0.7 0.698050000000001
0.7 0.7000000000000008
0.7 0.7000000000000008
0.7 0.7000000000000008
0.7 0.5965000000000019
0.7 0.6690500000000018
0.7 0.502800000000001
0.7 0.6711500000000018
0.7 0.6548500000000014
0.7 0.5289000000000017
0.7 0.5898000000000018
0.7 0.5359000000000015
0.7 0.6555000000000019
0.7 0.6544500000000016
0.7 0.6771000000000019
0.7 0.3873000000000018
0.53 0.3612500000000015
0.53 0.3807500000000015
0.6 0.40525000000000033
0.6 0.4169499999999992
0.6 0.4481
0.63 0.47520000000000095
0.7 0.514900000000001
0.63 0.5319500000000009
0.7 0.5757000000000003
0.7 0.607649999999999
0.7 0.6215499999999987
0.7 0.6620999999999999
0.7 0.6772000000000012
0.7 0.6818000000000012
0.7 0.6889500000000013
0.7 0.6885500000000012
0.7 0.6915500000000013
0.7 0.6966500000000011
0.7 0.6928000000000013
0.7 0.6963000000000009
0.7 0.6917000000000012
0.7 0.6568
0.7 0.6732000000000009
0.7 0.6872500000000009
0.7 0.655950000000002
0.7 0.6940000000000012
0.7 0.6645000000000023
0.7 0.675450000000002
0.7 0.6840500000000014
0.7 0.6933500000000015
0.7 0.6957000000000017
0.7 0.6965500000000011
0.7 0.6915000000000014
0.7 0.6807500000000019
0.7 0.690250000000002
0.7 0.6940500000000016
0.7 0.6969000000000011
0.7 0.6926000000000013
0.7 0.6839000000000022
0.7 0.6893000000000016
0.7 0.6947000000000013
0.7 0.6832500000000017
0.7 0.6927500000000015
0.7 0.6949000000000012
0.7 0.6988000000000011
0.7 0.7000000000000008
0.7 0.699400000000001
0.7 0.6998000000000009
0.7 0.7000000000000008
0.7 0.7000000000000008
0.7 0.6998000000000009
0.7 0.6990000000000011
0.7 0.7000000000000008
0.7 0.7000000000000008
0.7 0.6719500000000028
0.7 0.6892000000000017
0.7 0.6911500000000015
0.7 0.5722000000000008
0.7 0.6410000000000013
0.7 0.6979500000000013
0.7 0.6943000000000014
0.7 0.7000000000000008
0.7 0.6989000000000012
0.7 0.699700000000001
0.7 0.6825500000000022
0.7 0.6719000000000028
0.7 0.6720000000000028
0.7 0.39159999999999945
0.7 0.6597500000000022
0.7 0.37714999999999954
0.7 0.42219999999999946
0.7 0.6763500000000028
0.7 0.6244000000000012
0.7 0.6341500000000013
0.7 0.6834500000000021
0.7 0.6719500000000028
0.7 0.6735000000000028
0.7 0.6864000000000019
0.36 0.3599999999999996
0.36 0.3596499999999996
0.36 0.3599999999999996
0.7 0.36509999999999954
0.7 0.46169999999999967
0.36 0.3599999999999996
0.36 0.3599999999999996
0.7 0.5912000000000005
0.36 0.3599999999999996
0.7 0.6155500000000009
0.7 0.6616500000000023
0.69 0.3616499999999996
0.36 0.3599999999999996
0.69 0.3745499999999995
0.36 0.3595999999999996
0.36 0.3599999999999996
0.36 0.3599999999999996
0.36 0.3599999999999996
0.36 0.3599999999999996
0.36 0.3599999999999996
0.36 0.3599999999999996
0.36 0.3599999999999996
0.36 0.3599999999999996
0.36 0.3599999999999996
0.36 0.3599999999999996
0.36 0.3599999999999996
0.36 0.3599999999999996
0.36 0.3599999999999996
0.36 0.3599999999999996
0.7 0.40939999999999954
0.7 0.42559999999999953
0.7 0.4850999999999992
0.7 0.39774999999999955
0.7 0.5111999999999993
0.7 0.6469000000000006
0.7 0.6499000000000008
0.7 0.6578000000000012
0.7 0.6420000000000009
0.7 0.6780500000000024
0.7 0.6822000000000021
0.7 0.6737000000000027
0.7 0.6477500000000017
0.7 0.6615500000000024
0.7 0.6691000000000028
0.7 0.6819500000000022
0.7 0.6829000000000021
0.7 0.6845000000000021
0.7 0.6825500000000023
0.7 0.6898000000000016
0.7 0.4328999999999995
0.7 0.4750499999999998
0.7 0.40704999999999947
0.7 0.4254499999999995
0.7 0.43254999999999977
0.7 0.3898499999999995
0.7 0.3815999999999996
0.36 0.3599999999999996
0.36 0.3599999999999996
0.36 0.35279999999999956
0.36 0.3599999999999996
0.36 0.3498999999999996
0.36 0.3599999999999996
0.36 0.3599999999999996
0.36 0.3599999999999996
0.36 0.3599999999999996
0.36 0.35984999999999956
0.36 0.3432999999999997
0.36 0.3599999999999996
0.36 0.3599999999999996
0.36 0.3599999999999996
0.36 0.3580999999999996
0.36 0.3599999999999996
0.36 0.3599999999999996
0.36 0.3597499999999995
0.58 0.36329999999999957
0.58 0.36439999999999956
0.58 0.3687999999999995
0.7 0.38669999999999954
0.36 0.35974999999999957
0.7 0.37969999999999954
0.7 0.39759999999999956
0.7 0.4306999999999994
0.7 0.46294999999999953
0.7 0.5061500000000002
0.7 0.5659500000000008
0.7 0.6288500000000015
0.7 0.6561500000000023
0.7 0.6579500000000025
0.7 0.6678000000000028
0.7 0.6549500000000021
0.7 0.6672500000000028
0.7 0.6708500000000029
0.7 0.6685500000000029
0.7 0.669400000000003
0.7 0.6800500000000025
0.7 0.6880500000000018
0.7 0.687700000000002
0.7 0.6926000000000017
0.7 0.6889000000000018
0.7 0.6929500000000014
0.7 0.6877500000000019
0.7 0.682500000000002
0.7 0.6816000000000022
0.7 0.6753000000000027
0.7 0.6693500000000028
0.7 0.6723500000000026
0.7 0.6755000000000027
0.7 0.6775500000000027
0.7 0.6689500000000029
0.7 0.6827000000000022
0.7 0.6861500000000019
0.7 0.6847000000000023
0.7 0.6753500000000027
0.7 0.674750000000003
0.7 0.670300000000003
0.7 0.6743500000000027
0.7 0.6718500000000027
0.7 0.6798500000000025
0.7 0.6746000000000026
0.7 0.6859000000000018
0.7 0.6682000000000027
0.7 0.686950000000002
0.7 0.6914000000000016
0.7 0.6930500000000015
0.7 0.6879000000000017
0.7 0.6822500000000027
0.7 0.683900000000002
0.7 0.6643000000000027
0.7 0.6603500000000025
0.7 0.6746500000000027
0.7 0.6716500000000029
0.7 0.6767500000000025
0.7 0.6837000000000022
0.7 0.6892500000000017
0.7 0.684700000000002
0.7 0.6798500000000023
0.7 0.6828500000000021
0.7 0.6705500000000028
0.7 0.6709500000000028
0.7 0.685700000000002
0.7 0.6719500000000029
0.7 0.6702500000000028
0.7 0.683250000000002
0.7 0.6824500000000022
0.7 0.6782500000000026
0.7 0.6713500000000029
0.7 0.6610500000000026
0.7 0.6703500000000027
0.7 0.6813500000000022
0.7 0.6796000000000023
0.7 0.6776000000000026
0.7 0.6789500000000024
