0.93 0.4161900000000021
0.93 0.44582000000000277
0.93 0.4771700000000031
0.93 0.5109900000000028
0.95 0.5400500000000021
0.97 0.5681800000000015
0.97 0.584469999999999
0.98 0.6120800000000023
0.98 0.6210399999999993
0.98 0.6464000000000021
0.98 0.6591700000000017
0.98 0.6837399999999999
0.99 0.6920399999999974
0.99 0.6996099999999948
0.99 0.720129999999994
0.99 0.7178699999999945
0.99 0.7264999999999971
0.99 0.7352999999999987
0.99 0.7455499999999989
0.99 0.7474000000000004
0.99 0.7355699999999981
0.99 0.7648500000000049
0.99 0.7636900000000048
0.99 0.7726500000000063
0.99 0.7856500000000082
0.99 0.7997600000000077
1.0 0.7962200000000061
1.0 0.7887100000000057
1.0 0.7959200000000074
1.0 0.8070700000000047
1.0 0.8067000000000051
1.0 0.8005500000000054
1.0 0.8113700000000028
1.0 0.8043300000000057
1.0 0.8031300000000035
1.0 0.8165100000000011
1.0 0.8186000000000043
1.0 0.821110000000004
1.0 0.8266200000000028
1.0 0.8256700000000028
1.0 0.8318500000000045
1.0 0.8330300000000028
1.0 0.8521700000000051
1.0 0.8506200000000036
1.0 0.8553200000000012
1.0 0.860309999999999
1.0 0.8729699999999988
1.0 0.8513100000000017
1.0 0.8564300000000002
1.0 0.8589799999999975
1.0 0.8613599999999983
1.0 0.8629899999999976
1.0 0.861709999999998
1.0 0.8734999999999983
1.0 0.8793600000000007
1.0 0.8715300000000014
1.0 0.8758400000000016
1.0 0.8784700000000021
1.0 0.8830400000000048
1.0 0.876040000000004
1.0 0.8882100000000059
1.0 0.881510000000005
1.0 0.8832200000000072
1.0 0.8820500000000068
1.0 0.8802900000000069
1.0 0.8821400000000053
1.0 0.8811700000000043
1.0 0.8837400000000027
1.0 0.8833300000000048
1.0 0.8767000000000058
1.0 0.8844900000000079
1.0 0.8872800000000061
1.0 0.8979400000000071
1.0 0.8965600000000074
1.0 0.898700000000008
1.0 0.8967600000000091
1.0 0.8880600000000082
1.0 0.8887500000000076
1.0 0.8943400000000077
1.0 0.8897900000000074
1.0 0.8952200000000081
1.0 0.9019400000000072
1.0 0.8853100000000066
1.0 0.8856700000000044
1.0 0.8826500000000045
1.0 0.8849300000000075
1.0 0.8877500000000067
1.0 0.8857300000000067
1.0 0.8724000000000053
1.0 0.8786500000000057
1.0 0.8761100000000048
1.0 0.8796500000000034
1.0 0.8925300000000054
1.0 0.887110000000005
1.0 0.8962400000000056
1.0 0.8921700000000058
1.0 0.8955200000000051
1.0 0.8904700000000073
1.0 0.8816800000000067
1.0 0.8944700000000079
