0.12 0.6142200000000043
0.12 0.5632199999999994
0.020000000000000018 0.5308199999999997
0.020000000000000018 0.5011199999999997
0.020000000000000018 0.4772799999999997
0.020000000000000018 0.4475199999999999
0.020000000000000018 0.4243200000000006
0.020000000000000018 0.4032000000000012
0.020000000000000018 0.40254000000000195
0.020000000000000018 0.3972200000000004
0.020000000000000018 0.4042599999999999
0.020000000000000018 0.3916600000000008
0.020000000000000018 0.4008999999999995
0.020000000000000018 0.40879999999999844
0.020000000000000018 0.4020999999999985
0.020000000000000018 0.3953799999999987
0.020000000000000018 0.38301999999999886
0.020000000000000018 0.37331999999999815
0.020000000000000018 0.3755199999999985
0.020000000000000018 0.3698399999999987
0.020000000000000018 0.3666399999999987
0.020000000000000018 0.36157999999999874
0.06000000000000005 0.3656199999999985
0.06000000000000005 0.3578799999999983
0.06000000000000005 0.36223999999999834
0.06000000000000005 0.35541999999999896
0.06000000000000005 0.35317999999999866
0.06000000000000005 0.3309399999999984
0.06000000000000005 0.33011999999999897
0.06000000000000005 0.33115999999999857
0.040000000000000036 0.31593999999999933
0.040000000000000036 0.3185799999999993
0.040000000000000036 0.30297999999999964
0.040000000000000036 0.2935999999999999
0.040000000000000036 0.283639999999999
0.040000000000000036 0.27261999999999914
0.040000000000000036 0.27295999999999937
0.040000000000000036 0.2652399999999993
0.040000000000000036 0.2584999999999995
0.040000000000000036 0.24223999999999957
0.040000000000000036 0.2291799999999996
0.040000000000000036 0.22265999999999977
0.040000000000000036 0.2149199999999998
0.040000000000000036 0.21681999999999987
0.040000000000000036 0.20785999999999974
0.040000000000000036 0.20803999999999967
0.040000000000000036 0.20253999999999955
0.040000000000000036 0.1979399999999999
0.040000000000000036 0.1800799999999999
0.040000000000000036 0.18659999999999952
0.040000000000000036 0.1660599999999997
0.040000000000000036 0.18049999999999972
0.040000000000000036 0.18292000000000005
0.040000000000000036 0.18895999999999985
0.040000000000000036 0.19455999999999987
0.040000000000000036 0.17629999999999968
0.040000000000000036 0.17419999999999985
0.040000000000000036 0.1624199999999997
0.040000000000000036 0.1602399999999996
0.040000000000000036 0.17057999999999982
0.040000000000000036 0.1594999999999998
0.040000000000000036 0.16027999999999973
0.040000000000000036 0.1642399999999997
0.040000000000000036 0.15357999999999986
0.040000000000000036 0.14455999999999974
0.040000000000000036 0.1369599999999998
0.040000000000000036 0.14941999999999964
0.040000000000000036 0.14473999999999965
0.040000000000000036 0.1432199999999996
0.040000000000000036 0.15051999999999974
0.040000000000000036 0.1507199999999998
0.040000000000000036 0.15037999999999976
0.040000000000000036 0.14451999999999973
0.040000000000000036 0.1416399999999997
0.040000000000000036 0.14379999999999968
0.040000000000000036 0.1486799999999996
0.040000000000000036 0.14439999999999967
0.040000000000000036 0.14379999999999965
0.06000000000000005 0.1424799999999995
0.06000000000000005 0.14031999999999967
0.06000000000000005 0.1413199999999997
0.06000000000000005 0.1496599999999997
0.06000000000000005 0.14789999999999973
0.06000000000000005 0.15131999999999982
0.06000000000000005 0.14961999999999975
0.06000000000000005 0.1527999999999996
0.06000000000000005 0.15133999999999986
0.06000000000000005 0.16081999999999994
0.06000000000000005 0.15211999999999967
0.06000000000000005 0.14453999999999964
0.06000000000000005 0.15179999999999955
0.06000000000000005 0.15527999999999975
0.06000000000000005 0.1538199999999997
0.06000000000000005 0.16221999999999984
0.06000000000000005 0.1567199999999999
0.06000000000000005 0.15345999999999968
0.06000000000000005 0.14977999999999977
0.06000000000000005 0.14947999999999964
0.06000000000000005 0.13867999999999975
0.06000000000000005 0.13521999999999978
