0.020000000000000018 0.5582600000000029
0.020000000000000018 0.5323400000000011
0.020000000000000018 0.4986600000000015
0.020000000000000018 0.4695200000000004
0.06000000000000005 0.45748
0.06000000000000005 0.41614000000000073
0.06000000000000005 0.40588000000000013
0.06000000000000005 0.3939400000000003
0.040000000000000036 0.374240000000001
0.040000000000000036 0.3686800000000022
0.040000000000000036 0.3568200000000019
0.040000000000000036 0.34350000000000225
0.040000000000000036 0.3338600000000024
0.040000000000000036 0.3165400000000021
0.040000000000000036 0.31668000000000224
0.040000000000000036 0.3089200000000025
0.040000000000000036 0.30686000000000235
0.040000000000000036 0.31014000000000236
0.040000000000000036 0.29972000000000204
0.040000000000000036 0.2914200000000023
0.040000000000000036 0.2944800000000018
0.040000000000000036 0.2957400000000024
0.040000000000000036 0.27990000000000165
0.040000000000000036 0.26354000000000183
0.040000000000000036 0.25390000000000085
0.040000000000000036 0.24764000000000103
0.040000000000000036 0.23454000000000066
0.040000000000000036 0.2332600000000006
0.040000000000000036 0.21678000000000022
0.040000000000000036 0.21182000000000006
0.040000000000000036 0.22077999999999998
0.040000000000000036 0.21893999999999983
0.040000000000000036 0.20669999999999983
0.040000000000000036 0.19395999999999963
0.040000000000000036 0.1921199999999998
0.040000000000000036 0.19179999999999983
0.040000000000000036 0.17815999999999954
0.040000000000000036 0.1891799999999996
0.040000000000000036 0.17663999999999971
0.040000000000000036 0.1788999999999996
0.040000000000000036 0.17955999999999966
0.040000000000000036 0.19117999999999957
0.040000000000000036 0.19151999999999944
0.040000000000000036 0.17005999999999954
0.040000000000000036 0.1772799999999994
0.040000000000000036 0.16875999999999924
0.040000000000000036 0.17987999999999943
0.040000000000000036 0.17413999999999957
0.040000000000000036 0.16863999999999962
0.040000000000000036 0.17167999999999947
0.040000000000000036 0.1766399999999997
0.040000000000000036 0.16381999999999938
0.040000000000000036 0.17123999999999942
0.040000000000000036 0.18557999999999938
0.040000000000000036 0.17479999999999932
0.040000000000000036 0.1732599999999997
0.040000000000000036 0.16665999999999934
0.040000000000000036 0.15619999999999962
0.040000000000000036 0.1483199999999992
0.040000000000000036 0.15047999999999923
0.040000000000000036 0.16223999999999925
0.040000000000000036 0.1554999999999993
0.040000000000000036 0.15647999999999906
0.040000000000000036 0.14927999999999933
0.040000000000000036 0.14363999999999913
0.040000000000000036 0.14163999999999932
0.040000000000000036 0.13447999999999943
0.040000000000000036 0.14197999999999933
0.040000000000000036 0.15191999999999917
0.040000000000000036 0.15269999999999928
0.040000000000000036 0.1677399999999994
0.040000000000000036 0.15669999999999928
0.040000000000000036 0.15569999999999928
0.040000000000000036 0.15395999999999932
0.040000000000000036 0.13713999999999946
0.040000000000000036 0.1471399999999993
0.040000000000000036 0.14737999999999926
0.040000000000000036 0.1523399999999991
0.040000000000000036 0.15955999999999929
0.040000000000000036 0.1563799999999991
0.040000000000000036 0.14493999999999937
0.040000000000000036 0.1499599999999992
0.040000000000000036 0.1482199999999992
0.040000000000000036 0.14987999999999918
0.040000000000000036 0.14799999999999902
0.040000000000000036 0.13981999999999925
0.040000000000000036 0.13459999999999928
0.040000000000000036 0.1345599999999992
0.040000000000000036 0.15457999999999913
0.040000000000000036 0.14553999999999936
0.040000000000000036 0.13625999999999927
0.040000000000000036 0.1326399999999995
0.040000000000000036 0.1305399999999994
0.040000000000000036 0.13359999999999925
0.040000000000000036 0.14109999999999923
0.040000000000000036 0.13285999999999937
0.040000000000000036 0.13887999999999914
0.040000000000000036 0.13827999999999932
0.040000000000000036 0.13603999999999936
0.040000000000000036 0.13349999999999937
