0.07999999999999996 0.5789000000000019
0.07999999999999996 0.544900000000001
0.07999999999999996 0.5093600000000007
0.07999999999999996 0.46300000000000036
0.06000000000000005 0.444140000000001
0.12 0.42440000000000117
0.12 0.4049600000000004
0.07999999999999996 0.38214000000000004
0.07999999999999996 0.36337999999999987
0.07999999999999996 0.34112
0.07999999999999996 0.33068000000000014
0.07999999999999996 0.3196400000000003
0.07999999999999996 0.30420000000000036
0.07999999999999996 0.311400000000001
0.07999999999999996 0.31170000000000136
0.07999999999999996 0.3031600000000017
0.07999999999999996 0.30966000000000216
0.09999999999999998 0.2987200000000023
0.09999999999999998 0.29728000000000226
0.09999999999999998 0.29210000000000236
0.09999999999999998 0.2914800000000025
0.09999999999999998 0.2914000000000027
0.09999999999999998 0.2857000000000026
0.09999999999999998 0.28610000000000274
0.09999999999999998 0.2779600000000028
0.09999999999999998 0.2746200000000021
0.09999999999999998 0.27566000000000235
0.09999999999999998 0.26728000000000207
0.09999999999999998 0.2563400000000015
0.09999999999999998 0.2552400000000014
0.09999999999999998 0.25586000000000153
0.09999999999999998 0.25220000000000137
0.09999999999999998 0.2351600000000013
0.09999999999999998 0.24026000000000092
0.09999999999999998 0.23228000000000107
0.09999999999999998 0.23330000000000087
0.09999999999999998 0.22114000000000067
0.09999999999999998 0.22362000000000057
0.09999999999999998 0.22392000000000076
0.09999999999999998 0.21854000000000054
0.09999999999999998 0.22036000000000033
0.09999999999999998 0.20952000000000073
0.09999999999999998 0.20776000000000028
0.09999999999999998 0.20492000000000032
0.09999999999999998 0.19510000000000038
0.09999999999999998 0.19368000000000002
0.09999999999999998 0.19143999999999983
0.09999999999999998 0.18153999999999987
0.09999999999999998 0.18245999999999993
0.09999999999999998 0.18741999999999992
0.09999999999999998 0.19081999999999955
0.09999999999999998 0.18401999999999966
0.09999999999999998 0.1779799999999997
0.09999999999999998 0.19115999999999964
0.09999999999999998 0.18745999999999943
0.09999999999999998 0.1862599999999993
0.09999999999999998 0.1923399999999997
0.09999999999999998 0.19187999999999977
0.09999999999999998 0.19323999999999963
0.09999999999999998 0.19799999999999995
0.09999999999999998 0.20194000000000004
0.09999999999999998 0.1910199999999999
0.09999999999999998 0.18814
0.09999999999999998 0.18359999999999965
0.09999999999999998 0.1823999999999994
0.09999999999999998 0.17321999999999949
0.09999999999999998 0.17383999999999938
0.09999999999999998 0.1794599999999997
0.09999999999999998 0.17345999999999934
0.09999999999999998 0.1789399999999992
0.09999999999999998 0.19079999999999986
0.09999999999999998 0.18807999999999978
0.09999999999999998 0.18727999999999953
0.09999999999999998 0.1782599999999995
0.09999999999999998 0.18573999999999916
0.09999999999999998 0.18639999999999943
0.09999999999999998 0.1801599999999995
0.09999999999999998 0.1779799999999996
0.09999999999999998 0.16843999999999942
0.09999999999999998 0.16893999999999934
0.09999999999999998 0.1793999999999995
0.09999999999999998 0.17775999999999956
0.09999999999999998 0.19163999999999964
0.09999999999999998 0.18807999999999975
0.09999999999999998 0.17961999999999947
0.09999999999999998 0.1877999999999998
0.09999999999999998 0.18103999999999987
0.09999999999999998 0.17691999999999938
0.09999999999999998 0.18029999999999913
0.09999999999999998 0.1661599999999993
0.09999999999999998 0.15969999999999937
0.09999999999999998 0.15709999999999916
0.09999999999999998 0.18073999999999912
0.09999999999999998 0.17023999999999906
0.09999999999999998 0.17177999999999907
0.09999999999999998 0.17157999999999934
0.09999999999999998 0.17215999999999893
0.09999999999999998 0.17013999999999893
0.09999999999999998 0.16933999999999907
0.09999999999999998 0.15753999999999935
