0.040000000000000036 0.6004600000000047
0.040000000000000036 0.5604600000000036
0.040000000000000036 0.519340000000003
0.06000000000000005 0.4922400000000017
0.020000000000000018 0.4780600000000016
0.020000000000000018 0.4595000000000013
0.020000000000000018 0.43484000000000195
0.020000000000000018 0.4157800000000012
0.020000000000000018 0.4033000000000014
0.020000000000000018 0.3928400000000017
0.020000000000000018 0.3894800000000016
0.020000000000000018 0.3900400000000023
0.020000000000000018 0.3799800000000029
0.020000000000000018 0.35484000000000365
0.020000000000000018 0.3437200000000028
0.020000000000000018 0.3413800000000032
0.020000000000000018 0.3466800000000031
0.020000000000000018 0.34752000000000327
0.020000000000000018 0.34680000000000366
0.020000000000000018 0.33224000000000337
0.020000000000000018 0.3204400000000035
0.020000000000000018 0.3127000000000039
0.020000000000000018 0.30848000000000364
0.020000000000000018 0.3066400000000038
0.020000000000000018 0.29250000000000353
0.020000000000000018 0.27200000000000274
0.06000000000000005 0.2675200000000028
0.06000000000000005 0.2640800000000027
0.06000000000000005 0.24570000000000194
0.06000000000000005 0.22888000000000144
0.06000000000000005 0.21754000000000057
0.06000000000000005 0.20578000000000057
0.06000000000000005 0.18838000000000005
0.06000000000000005 0.18485999999999997
0.06000000000000005 0.17903999999999973
0.06000000000000005 0.1686999999999999
0.06000000000000005 0.16181999999999963
0.06000000000000005 0.16935999999999946
0.06000000000000005 0.1649999999999994
0.06000000000000005 0.14399999999999924
0.06000000000000005 0.1442199999999994
0.06000000000000005 0.1330799999999995
0.06000000000000005 0.13481999999999936
0.06000000000000005 0.13211999999999963
0.06000000000000005 0.12475999999999947
0.06000000000000005 0.13017999999999963
0.06000000000000005 0.14451999999999943
0.06000000000000005 0.14679999999999957
0.06000000000000005 0.13663999999999957
0.06000000000000005 0.12523999999999966
0.06000000000000005 0.1277199999999997
0.06000000000000005 0.1281599999999997
0.06000000000000005 0.11703999999999978
0.06000000000000005 0.13571999999999956
0.06000000000000005 0.13163999999999976
0.06000000000000005 0.1219799999999997
0.06000000000000005 0.11961999999999975
0.06000000000000005 0.13279999999999975
0.06000000000000005 0.12817999999999977
0.06000000000000005 0.1385799999999997
0.06000000000000005 0.13687999999999942
0.06000000000000005 0.13729999999999948
0.06000000000000005 0.12627999999999973
0.06000000000000005 0.1363799999999996
0.06000000000000005 0.13543999999999973
0.06000000000000005 0.1378399999999996
0.06000000000000005 0.13655999999999965
0.06000000000000005 0.1303999999999999
0.06000000000000005 0.13433999999999965
0.06000000000000005 0.1337199999999996
0.06000000000000005 0.13077999999999954
0.06000000000000005 0.12959999999999977
0.06000000000000005 0.1259599999999997
0.06000000000000005 0.13733999999999957
0.06000000000000005 0.13837999999999986
0.06000000000000005 0.13137999999999997
0.06000000000000005 0.12725999999999987
0.06000000000000005 0.13725999999999977
0.06000000000000005 0.1280599999999997
0.06000000000000005 0.13949999999999965
0.06000000000000005 0.14709999999999973
0.06000000000000005 0.14933999999999967
0.06000000000000005 0.1483199999999995
0.06000000000000005 0.15355999999999953
0.06000000000000005 0.14111999999999952
0.06000000000000005 0.13341999999999976
0.06000000000000005 0.12693999999999966
0.06000000000000005 0.12539999999999982
0.06000000000000005 0.12765999999999986
0.06000000000000005 0.1315199999999997
0.06000000000000005 0.13841999999999968
0.06000000000000005 0.14097999999999955
0.06000000000000005 0.1392999999999996
0.06000000000000005 0.1383999999999995
0.06000000000000005 0.12363999999999975
0.040000000000000036 0.1262399999999996
0.040000000000000036 0.13527999999999968
0.040000000000000036 0.14055999999999966
0.040000000000000036 0.14405999999999963
0.040000000000000036 0.13403999999999977
