0.7 0.39030000000000015
0.7 0.4242999999999991
0.7 0.4049999999999992
0.71 0.41569999999999885
0.74 0.44929999999999803
0.79 0.468849999999998
0.7 0.42039999999999916
0.7 0.44139999999999835
0.7 0.42604999999999904
0.88 0.4493499999999981
0.7 0.4049499999999988
0.72 0.4205999999999987
0.71 0.44584999999999814
0.74 0.4181999999999993
0.73 0.4188499999999989
0.8 0.40459999999999907
0.7 0.412099999999999
0.7 0.3966499999999997
0.7 0.4354499999999985
0.7 0.40699999999999925
0.9 0.44594999999999824
0.7 0.4108999999999995
0.7 0.43734999999999874
0.87 0.4561499999999979
0.7 0.41044999999999904
0.91 0.4361499999999983
0.7 0.460449999999998
0.7 0.4349499999999988
0.7 0.4349999999999988
0.86 0.4471499999999983
0.7 0.4292999999999986
0.7 0.4507999999999984
0.77 0.4866499999999983
0.72 0.44414999999999827
0.81 0.45909999999999834
0.7 0.4978499999999979
0.82 0.540899999999999
0.93 0.5071499999999984
0.93 0.49264999999999826
0.85 0.5188999999999988
0.93 0.5271499999999992
0.93 0.5604999999999999
0.93 0.5649499999999995
0.93 0.5911999999999993
0.96 0.6344999999999991
0.94 0.5898999999999996
0.94 0.7266500000000002
0.94 0.7841999999999996
0.95 0.7599499999999988
0.95 0.7428999999999991
0.96 0.7541
0.95 0.7505499999999999
0.96 0.7793499999999999
0.93 0.789599999999999
0.94 0.76095
0.96 0.8405999999999989
0.96 0.877350000000001
0.96 0.8380999999999981
0.96 0.8684000000000013
0.95 0.8308999999999989
0.92 0.6339500000000007
0.91 0.5664999999999997
0.89 0.5771500000000003
0.95 0.6417500000000015
0.93 0.5499999999999984
0.92 0.7108499999999998
0.95 0.7797499999999996
0.94 0.7475999999999992
0.95 0.615299999999999
0.92 0.6349999999999986
0.95 0.6109499999999992
0.94 0.6779999999999995
0.93 0.6368499999999991
0.94 0.6081999999999994
0.93 0.6626999999999994
0.94 0.6365499999999996
0.94 0.7247499999999997
0.94 0.6574999999999995
0.96 0.7526000000000017
0.96 0.8243500000000001
0.96 0.82795
0.96 0.7880500000000003
0.96 0.7303999999999984
0.96 0.6931999999999994
0.96 0.8162000000000005
0.96 0.8230500000000002
0.96 0.8833000000000004
0.96 0.7617000000000008
0.96 0.7883000000000018
0.96 0.6576499999999996
0.96 0.7609500000000001
0.96 0.6119499999999991
0.96 0.6907999999999989
0.9 0.5151499999999993
0.62 0.4843999999999994
0.62 0.5090999999999994
0.61 0.5225
0.61 0.43889999999999874
0.61 0.4697499999999995
0.62 0.5629000000000003
0.61 0.5853499999999998
0.61 0.5962499999999996
0.95 0.6340999999999998
0.61 0.6040999999999994
0.61 0.6058999999999994
0.94 0.6409999999999993
0.95 0.6821000000000009
0.95 0.7162000000000015
0.95 0.7304000000000019
0.96 0.7620500000000022
0.97 0.7821500000000023
0.96 0.7586500000000015
0.97 0.833350000000001
0.97 0.8675000000000018
0.97 0.8632000000000025
0.97 0.8659000000000026
0.97 0.8754000000000013
0.98 0.8626500000000022
0.81 0.6202499999999997
0.98 0.8813500000000012
0.98 0.8877500000000016
0.72 0.6151499999999998
0.72 0.5526999999999996
0.63 0.5904999999999999
0.7 0.6000999999999997
0.7 0.6044499999999997
0.7 0.6085499999999997
0.63 0.5766499999999991
0.63 0.5718999999999995
0.61 0.5468499999999995
0.61 0.5799999999999995
0.61 0.5982499999999998
0.61 0.6002499999999996
0.61 0.6031499999999995
0.61 0.5855499999999991
0.61 0.6060499999999994
0.61 0.6070499999999995
0.61 0.6089999999999995
0.96 0.6234999999999995
0.96 0.6312499999999995
0.96 0.6306499999999996
0.96 0.6455999999999997
0.96 0.6471999999999994
0.96 0.6930000000000008
0.96 0.6357999999999996
0.96 0.6208499999999997
0.96 0.7244499999999993
0.96 0.6737499999999993
0.96 0.8160500000000013
0.96 0.879350000000001
0.96 0.9099500000000001
0.96 0.9307999999999982
0.96 0.923999999999999
0.96 0.9277499999999991
0.96 0.8946499999999995
0.96 0.7512499999999999
0.96 0.6871499999999992
0.96 0.6138999999999996
0.96 0.7816000000000016
0.96 0.8507000000000017
0.96 0.5741999999999977
0.96 0.5657499999999983
0.96 0.8228500000000019
0.96 0.6312499999999994
0.96 0.6509999999999992
0.92 0.6244999999999997
0.61 0.6048999999999995
0.61 0.6079499999999995
0.61 0.6094499999999995
0.86 0.6118499999999994
0.86 0.5981499999999991
0.62 0.6026499999999995
0.87 0.6123999999999996
0.86 0.5478499999999983
0.61 0.3559000000000003
0.61 0.35130000000000045
0.61 0.36895000000000017
0.61 0.3565000000000003
0.35 0.3500000000000004
0.35 0.3500000000000004
0.35 0.3500000000000004
0.35 0.3500000000000004
0.35 0.3500000000000004
0.35 0.3500000000000004
0.35 0.3500000000000004
0.35 0.3500000000000004
0.61 0.4330499999999984
0.61 0.4986999999999993
0.61 0.5289999999999994
0.68 0.5560499999999993
0.96 0.6389999999999995
0.96 0.6769999999999997
0.96 0.6880999999999995
0.96 0.7527000000000015
0.96 0.7844500000000031
0.96 0.8133000000000037
0.96 0.8691000000000031
0.96 0.9141500000000019
0.96 0.9171000000000012
0.96 0.9223999999999988
0.95 0.6445999999999995
0.96 0.8831499999999994
0.96 0.8829999999999981
0.96 0.8441999999999986
0.96 0.8802499999999995
0.96 0.946399999999999
0.96 0.8875999999999972
0.96 0.8559999999999991
0.96 0.8104999999999967
0.96 0.6567499999999997
0.96 0.7222000000000012
0.96 0.8446000000000012
0.96 0.8978999999999983
0.61 0.5707999999999991
0.61 0.6044499999999996
0.61 0.6065499999999996
0.61 0.6086999999999995
0.61 0.6046999999999995
0.96 0.8068000000000032
0.96 0.7706500000000007
0.96 0.9034999999999989
0.96 0.9454499999999983
0.96 0.8154499999999969
0.96 0.9488499999999997
0.96 0.9219499999999994
0.96 0.8145999999999977
0.96 0.8810999999999987
0.96 0.9500000000000006
0.96 0.9331000000000003
0.96 0.9491500000000002
0.96 0.9507999999999991
0.96 0.9540499999999997
0.96 0.9547000000000003
0.96 0.9539000000000002
0.96 0.8759999999999986
0.96 0.9484000000000001
0.96 0.9487499999999998
0.96 0.9246499999999996
0.96 0.8628999999999983
0.96 0.5546999999999989
0.96 0.8502499999999994
0.96 0.902399999999998
0.96 0.8684999999999985
0.96 0.8300500000000001
0.96 0.8768499999999991
0.96 0.7857000000000007
0.96 0.7807999999999994
0.96 0.4944999999999973
0.96 0.5534499999999979
0.96 0.6172999999999981
0.96 0.7656499999999995
0.96 0.7871999999999995
0.96 0.8940999999999995
0.96 0.9295999999999984
0.96 0.8451499999999986
0.96 0.9093999999999974
0.96 0.8463999999999967
0.96 0.41024999999999934
0.35 0.3500000000000004
0.35 0.3500000000000004
0.35 0.34990000000000043
0.35 0.3500000000000004
0.96 0.7824500000000013
0.35 0.3500000000000004
0.35 0.3500000000000004
0.35 0.3500000000000004
0.96 0.8533500000000005
0.96 0.431399999999999
0.35 0.3500000000000004
0.35 0.3500000000000004
0.35 0.3500000000000004
0.35 0.3500000000000004
0.35 0.3499500000000005
0.35 0.3500000000000004
0.58 0.3610000000000002
0.96 0.8102500000000006
0.58 0.3559500000000003
0.96 0.7459999999999992
0.96 0.8965000000000006
0.96 0.9168999999999982
0.58 0.3534500000000003
0.96 0.4782499999999979
0.35 0.3500000000000004
0.35 0.3500000000000004
0.35 0.3500000000000004
0.35 0.3499500000000005
0.35 0.3500000000000004
0.35 0.3500000000000004
0.35 0.3500000000000004
0.96 0.37065000000000015
0.96 0.6958999999999985
0.96 0.37915
0.96 0.856400000000001
0.96 0.8756499999999993
0.96 0.938599999999998
0.96 0.9160999999999985
0.96 0.9414499999999997
0.96 0.9590500000000004
0.96 0.9574000000000005
0.96 0.9084499999999995
0.96 0.9486000000000003
0.96 0.9071499999999986
0.96 0.8074999999999966
0.96 0.8794499999999984
0.96 0.9282499999999999
0.96 0.9280000000000002
0.96 0.9480500000000005
0.96 0.9538000000000005
0.96 0.9525000000000005
0.96 0.8973999999999985
0.96 0.9481999999999998
0.96 0.9552500000000002
0.96 0.9600000000000009
0.96 0.9480000000000004
0.96 0.9520000000000006
0.96 0.9553000000000005
0.96 0.9579500000000006
0.96 0.9571000000000004
0.96 0.9426500000000001
0.96 0.9547500000000005
0.96 0.9463000000000003
0.96 0.9494499999999998
0.96 0.9515500000000003
0.96 0.9476000000000002
0.96 0.9555000000000007
0.96 0.9554000000000008
0.96 0.8018499999999971
0.96 0.801999999999997
0.96 0.8429999999999973
0.96 0.8823499999999989
0.96 0.8677999999999981
0.96 0.9396500000000008
0.96 0.9552000000000008
0.96 0.9568500000000006
0.96 0.9538000000000006
0.96 0.9583500000000007
0.96 0.9557000000000007
0.96 0.9552500000000005
0.96 0.9595000000000007
0.96 0.9572000000000007
0.96 0.9133499999999997
0.96 0.784099999999997
0.96 0.8788499999999985
0.96 0.9201999999999992
0.96 0.9389500000000001
0.96 0.9497499999999998
0.96 0.9055999999999989
0.96 0.9215499999999989
0.96 0.8435999999999972
0.96 0.9322999999999995
0.96 0.8298999999999979
0.96 0.5571999999999968
0.59 0.35690000000000033
0.59 0.36360000000000026
0.61 0.37139999999999995
0.61 0.389149999999999
0.88 0.41814999999999913
0.88 0.448299999999999
0.88 0.4935499999999983
0.96 0.5355499999999997
0.96 0.5571499999999997
0.96 0.6222500000000002
0.96 0.6725999999999999
0.96 0.7526500000000008
0.96 0.8068500000000026
0.96 0.8731
0.96 0.45169999999999855
0.96 0.49514999999999765
0.35 0.3500000000000004
0.35 0.3500000000000004
0.96 0.35870000000000024
0.35 0.3496000000000004
0.35 0.3500000000000004
0.35 0.3500000000000004
0.35 0.3500000000000004
0.35 0.3499500000000005
0.35 0.3500000000000004
0.35 0.3499500000000005
0.35 0.3500000000000004
0.35 0.3500000000000004
0.35 0.3500000000000004
0.35 0.3500000000000004
0.35 0.3500000000000004
0.95 0.40244999999999953
0.37 0.3501000000000004
0.37 0.35045000000000043
0.37 0.3496000000000004
0.37 0.3505000000000004
0.37 0.3509000000000004
0.37 0.3515000000000004
0.52 0.3524500000000004
0.38 0.3502500000000005
0.41 0.35195000000000043
0.61 0.3583500000000003
0.41 0.3539500000000004
0.41 0.3544500000000004
0.41 0.3547500000000003
0.41 0.35685000000000033
0.35 0.3500000000000004
0.41 0.35500000000000037
0.58 0.3686500000000001
0.58 0.38159999999999933
0.58 0.3981999999999984
0.59 0.4170999999999981
0.96 0.5166499999999989
0.96 0.5585999999999993
0.96 0.6281999999999993
0.96 0.6905500000000008
0.96 0.6535000000000002
0.96 0.747650000000002
0.96 0.8084000000000015
0.96 0.8427000000000003
0.96 0.8851499999999988
0.96 0.9307499999999979
0.96 0.9428499999999995
0.96 0.9535500000000002
0.96 0.9529000000000003
0.96 0.9552500000000004
0.96 0.9448000000000004
0.96 0.9517500000000007
0.96 0.922949999999999
0.96 0.9396999999999993
0.96 0.9461999999999986
0.96 0.9252499999999989
0.96 0.9409499999999997
0.96 0.9414500000000003
0.96 0.9540000000000007
0.96 0.9550000000000007
0.96 0.9563500000000006
0.96 0.9591500000000007
0.96 0.9507500000000003
0.96 0.9435500000000003
0.96 0.9188999999999996
0.96 0.6039999999999973
0.96 0.7880499999999974
0.96 0.7892499999999991
0.96 0.9023499999999978
0.96 0.9044499999999984
0.96 0.9377999999999997
0.96 0.9428999999999997
0.96 0.9357499999999994
0.96 0.9474500000000002
0.96 0.9571000000000005
0.96 0.9567500000000004
0.96 0.9544500000000007
0.96 0.9509500000000002
0.96 0.9498000000000004
0.96 0.9580500000000007
0.96 0.9448000000000002
0.96 0.9131499999999992
0.96 0.9534500000000001
0.96 0.9398500000000002
0.96 0.9509500000000004
0.96 0.9508000000000005
0.96 0.9566500000000007
0.96 0.9584500000000006
0.96 0.9307999999999998
0.96 0.9489500000000004
0.96 0.9433500000000002
0.96 0.9187499999999992
0.96 0.9572500000000005
0.96 0.9423500000000002
0.96 0.9572500000000008
0.96 0.9592500000000007
0.96 0.9517500000000007
0.96 0.9092999999999997
0.96 0.9000999999999992
0.96 0.9405
0.96 0.9562000000000006
0.96 0.8850499999999988
0.96 0.8313499999999976
0.96 0.8879499999999985
0.96 0.9176499999999994
0.96 0.9296999999999995
0.96 0.9415000000000002
0.96 0.9252999999999999
0.96 0.9171499999999998
0.96 0.9077499999999994
0.96 0.9390000000000001
0.96 0.5347999999999968
0.96 0.6420499999999971
0.96 0.8413499999999984
0.96 0.8603499999999978
0.96 0.8983999999999984
0.96 0.8584499999999977
0.39 0.3561000000000002
0.61 0.5218999999999988
0.61 0.5686499999999989
0.61 0.5815499999999993
0.61 0.5813999999999995
0.96 0.6640499999999996
0.96 0.8790499999999986
0.96 0.8957999999999984
0.96 0.8989499999999987
0.96 0.8311500000000003
0.96 0.4342999999999988
0.61 0.5374999999999998
0.61 0.5596499999999998
0.57 0.4043499999999989
0.96 0.850249999999999
