0.67 0.3678000000000005
0.67 0.3998500000000017
0.67 0.41460000000000136
0.67 0.4023000000000013
0.67 0.3922500000000011
0.88 0.41335000000000055
0.88 0.42170000000000046
0.88 0.4196000000000002
0.77 0.44029999999999986
0.77 0.4082500000000004
0.77 0.4187000000000001
0.67 0.40625000000000033
0.77 0.4384499999999994
0.71 0.4379499999999997
0.67 0.4090500000000001
0.67 0.4455499999999998
0.7 0.40640000000000087
0.67 0.4170000000000008
0.71 0.4337499999999996
0.76 0.4423499999999997
0.67 0.3884000000000011
0.67 0.3912000000000006
0.82 0.4083000000000008
0.67 0.39525000000000043
0.72 0.4163500000000001
0.73 0.39600000000000024
0.67 0.4104500000000001
0.71 0.4181499999999999
0.68 0.40964999999999996
0.67 0.41169999999999995
0.67 0.4418499999999995
0.71 0.45239999999999947
0.67 0.4467999999999994
0.74 0.4464499999999996
0.67 0.4331499999999999
0.7 0.4342999999999999
0.67 0.4329999999999998
0.68 0.4637999999999988
0.71 0.48474999999999874
0.8 0.5502999999999996
0.8 0.5943000000000003
0.73 0.5895500000000005
0.73 0.5767999999999993
0.67 0.4748499999999989
0.68 0.5706999999999995
0.67 0.46964999999999896
0.8 0.5370999999999987
0.8 0.6033000000000003
0.81 0.5760500000000003
0.67 0.5580499999999995
0.73 0.621950000000001
0.68 0.5996500000000011
0.71 0.6127000000000007
0.76 0.6248500000000007
0.67 0.5289500000000013
0.67 0.4776499999999993
0.67 0.4518000000000024
0.67 0.5489500000000007
0.67 0.582950000000001
0.67 0.6175000000000007
0.67 0.5233500000000018
0.67 0.5745500000000012
0.67 0.5135999999999994
0.67 0.5734499999999997
0.67 0.5785500000000005
0.67 0.5713000000000006
0.67 0.5678500000000005
0.9 0.6247500000000007
0.67 0.6316500000000008
0.67 0.6387000000000013
0.9 0.6508500000000013
0.9 0.6425500000000014
0.9 0.607250000000001
0.67 0.5987500000000001
0.67 0.39040000000000014
0.67 0.3879500000000002
0.77 0.5198499999999988
0.67 0.5369499999999984
0.67 0.5804999999999993
0.67 0.3958500000000001
0.67 0.39530000000000015
0.67 0.39310000000000017
0.67 0.41784999999999983
0.67 0.4319999999999999
0.67 0.40460000000000007
0.67 0.44379999999999986
0.67 0.48699999999999877
0.67 0.5318999999999988
0.67 0.5643499999999994
0.8 0.60015
0.8 0.6129000000000002
0.7 0.6355500000000004
0.9 0.6355500000000007
0.9 0.6371500000000009
0.9 0.6389000000000007
0.9 0.6445000000000012
0.77 0.6442500000000011
0.95 0.6555000000000011
0.95 0.6442500000000007
0.95 0.6418500000000009
0.95 0.6637500000000012
0.95 0.6496500000000013
0.95 0.6555000000000011
0.95 0.6486500000000013
0.95 0.6629500000000013
0.95 0.6573500000000011
0.95 0.6484500000000011
0.95 0.6398000000000015
0.95 0.6302000000000012
0.95 0.665450000000001
0.95 0.6722500000000009
0.95 0.6811000000000011
0.95 0.6856500000000012
0.95 0.6822500000000017
0.95 0.629700000000001
0.95 0.6121500000000012
0.95 0.6439000000000012
0.95 0.6683000000000007
0.95 0.716600000000001
0.95 0.72265
0.95 0.7331000000000002
0.95 0.761699999999999
0.95 0.7200500000000004
0.95 0.6588000000000005
0.95 0.6437500000000008
0.95 0.7104500000000002
0.95 0.7386000000000001
0.95 0.7493500000000004
0.95 0.6551999999999997
0.95 0.6450000000000006
0.67 0.5954999999999994
0.95 0.7048000000000013
0.95 0.7638499999999993
0.95 0.6270500000000012
0.95 0.5979000000000014
0.95 0.6267000000000017
0.67 0.6214000000000014
0.67 0.6146000000000013
0.67 0.619800000000001
0.67 0.6313500000000009
0.67 0.6410000000000011
0.67 0.6492500000000011
0.67 0.5725500000000021
0.67 0.6396000000000012
0.67 0.647900000000001
0.67 0.6572500000000012
0.67 0.6411500000000011
0.67 0.6381500000000011
0.67 0.5865000000000018
0.67 0.6359000000000011
0.67 0.6564000000000011
0.67 0.6480000000000011
0.67 0.6452500000000011
0.67 0.654550000000001
0.67 0.6545500000000011
0.67 0.6068500000000016
0.67 0.5907500000000017
0.67 0.6402500000000011
0.67 0.6054000000000015
0.67 0.6260000000000012
0.67 0.6281500000000009
0.67 0.6504500000000012
0.67 0.6323500000000013
0.67 0.6561000000000011
0.67 0.6361000000000011
0.67 0.6332500000000012
0.67 0.6316500000000009
0.67 0.6256000000000013
0.67 0.6503000000000011
0.67 0.6535500000000012
0.67 0.6492000000000013
0.67 0.6417000000000012
0.67 0.6446000000000012
0.67 0.6367000000000012
0.67 0.6403000000000012
0.67 0.6384000000000012
0.67 0.6566500000000013
0.67 0.6439500000000012
0.67 0.6503500000000012
0.67 0.6633000000000011
0.67 0.6526000000000013
0.67 0.6522000000000011
0.67 0.6521000000000013
0.67 0.643750000000001
0.67 0.641050000000001
0.67 0.629950000000001
0.67 0.6443000000000012
0.67 0.6409500000000011
0.67 0.637900000000001
0.67 0.635100000000001
0.67 0.6275000000000007
0.67 0.6410000000000013
0.67 0.6379000000000011
0.67 0.6365500000000011
0.67 0.6243500000000008
0.67 0.6318000000000011
0.67 0.6385500000000011
0.67 0.6230500000000007
0.67 0.6382000000000011
0.67 0.6295500000000012
0.67 0.641500000000001
0.67 0.6434500000000011
0.67 0.6350500000000012
0.67 0.644950000000001
0.67 0.648800000000001
0.67 0.6422500000000011
0.67 0.6438000000000013
0.67 0.6422000000000011
0.67 0.6383000000000011
0.67 0.6459000000000011
0.67 0.6599000000000014
0.67 0.6418500000000011
0.67 0.6355000000000013
0.67 0.6437500000000012
0.67 0.6455000000000013
0.67 0.6304500000000012
0.67 0.6446000000000011
0.67 0.6396500000000012
0.67 0.6310500000000011
0.67 0.6406500000000012
0.67 0.6376000000000013
0.67 0.6149500000000011
0.67 0.642150000000001
0.67 0.6343000000000011
0.67 0.6429000000000012
0.67 0.6416500000000015
0.67 0.6447500000000013
0.67 0.6489000000000011
0.67 0.6434000000000011
0.67 0.6356000000000013
0.67 0.6471000000000012
0.67 0.6408500000000009
0.67 0.6502500000000013
0.67 0.6292000000000011
0.67 0.6398000000000011
0.67 0.6365500000000013
0.67 0.6349000000000011
0.67 0.6312500000000011
0.67 0.6407000000000014
0.67 0.6545500000000011
0.67 0.653250000000001
0.67 0.6430500000000009
0.67 0.6336000000000012
0.67 0.635750000000001
0.67 0.6502500000000013
0.67 0.6611500000000012
0.67 0.6465500000000013
0.67 0.6568500000000012
0.67 0.6496500000000013
0.67 0.6492000000000011
0.67 0.6481000000000011
0.67 0.6430500000000015
0.67 0.6465500000000012
0.67 0.6379000000000012
0.67 0.6368000000000013
0.67 0.638150000000001
0.67 0.6496000000000014
0.67 0.6576500000000013
0.67 0.6325000000000015
0.67 0.6421500000000014
0.67 0.6266500000000012
0.67 0.6251500000000013
0.67 0.6424000000000012
0.67 0.6460000000000011
0.67 0.6521000000000011
0.67 0.5101500000000028
0.67 0.5894000000000011
0.67 0.35090000000000016
0.67 0.45610000000000256
0.67 0.5845000000000005
0.67 0.5494000000000009
0.67 0.5388000000000015
0.67 0.608200000000001
0.67 0.6250000000000008
0.67 0.6288500000000008
0.67 0.6414000000000013
0.67 0.6392500000000012
0.67 0.6218500000000009
0.67 0.635600000000001
0.67 0.6277000000000009
0.67 0.645000000000001
0.67 0.6551000000000013
0.67 0.6442000000000011
0.67 0.6470500000000012
0.67 0.6436500000000009
0.67 0.6529000000000011
0.67 0.659900000000001
0.67 0.6513000000000013
0.67 0.6556500000000015
0.67 0.6502500000000012
0.67 0.6532000000000012
0.67 0.6436500000000014
0.67 0.6428500000000014
0.67 0.6407500000000015
0.67 0.6386500000000014
0.67 0.616400000000001
0.67 0.6249500000000011
0.67 0.643250000000001
0.67 0.6501000000000013
0.67 0.629550000000001
0.67 0.6503500000000012
0.67 0.6468000000000012
0.67 0.6505000000000013
0.67 0.6437500000000012
0.67 0.627950000000001
0.67 0.6448500000000011
0.67 0.6502500000000013
0.67 0.6442000000000011
0.67 0.6562500000000013
0.67 0.6494500000000013
0.67 0.643800000000001
0.67 0.6367000000000013
0.67 0.651400000000001
0.67 0.6579000000000014
0.67 0.6431000000000014
0.67 0.6367500000000015
0.67 0.6438000000000013
0.67 0.6464000000000013
0.67 0.6560000000000012
0.67 0.6581500000000011
0.67 0.6484000000000012
0.67 0.6498500000000014
0.67 0.6374500000000011
0.67 0.6537500000000012
0.67 0.6463000000000012
0.67 0.651850000000001
0.67 0.6589000000000012
0.67 0.6576000000000013
0.67 0.6567000000000012
0.67 0.6533000000000012
0.67 0.6599000000000014
0.67 0.6610500000000011
0.67 0.6512500000000013
0.67 0.6602500000000013
0.67 0.6510500000000011
0.67 0.6321500000000011
0.67 0.6500500000000013
0.67 0.6538000000000013
0.67 0.5974500000000021
0.67 0.6462500000000011
0.67 0.6550500000000012
0.67 0.6217500000000019
0.67 0.6382000000000013
0.29 0.2899999999999993
0.29 0.2899999999999993
0.29 0.2899999999999993
0.29 0.2899999999999993
0.29 0.2899999999999993
0.49 0.29399999999999926
0.49 0.29354999999999926
0.29 0.2899999999999993
0.29 0.2899999999999993
0.29 0.2899999999999993
0.29 0.2899999999999993
0.29 0.2899999999999993
0.29 0.2899999999999993
0.67 0.31899999999999934
0.67 0.3114499999999992
0.67 0.3443499999999999
0.67 0.34179999999999977
0.67 0.42435000000000256
0.67 0.5610499999999997
0.67 0.5876000000000001
0.67 0.625800000000001
0.67 0.6355500000000014
0.67 0.6558000000000014
0.67 0.6591000000000012
0.67 0.6606000000000014
0.67 0.6599500000000014
0.67 0.6613500000000012
0.67 0.6480500000000012
0.67 0.6462500000000011
0.67 0.6553500000000012
0.67 0.6551500000000011
0.67 0.6574500000000014
0.67 0.6550000000000012
0.67 0.6632500000000013
0.67 0.6639500000000015
0.67 0.6557500000000016
0.67 0.6658000000000012
0.67 0.6608000000000013
0.67 0.6643000000000012
0.67 0.6632000000000013
0.67 0.6665000000000013
0.67 0.6651000000000011
0.67 0.6620000000000011
0.67 0.6589000000000013
0.67 0.6609000000000012
0.67 0.6547000000000012
0.67 0.6397000000000016
0.67 0.6542500000000016
0.67 0.6567000000000013
0.67 0.6524500000000012
0.67 0.6580500000000014
0.67 0.6535500000000013
0.67 0.6646000000000011
0.67 0.6580500000000012
0.67 0.648400000000001
0.67 0.6511500000000012
0.67 0.6522500000000012
0.67 0.6610500000000011
0.67 0.6622000000000011
0.67 0.6640000000000011
0.67 0.6567000000000014
0.67 0.6526500000000012
0.67 0.6516500000000014
0.67 0.6628500000000014
0.67 0.6641000000000014
0.67 0.6315500000000005
0.67 0.4174499999999999
0.67 0.6132000000000007
0.67 0.6416000000000013
0.67 0.656950000000001
0.67 0.6603500000000011
0.67 0.6549500000000015
0.67 0.6550000000000015
0.67 0.6570500000000012
0.67 0.6587000000000015
0.67 0.6629000000000014
0.67 0.6595500000000014
0.67 0.6606000000000014
0.67 0.6541000000000013
0.67 0.6503500000000012
0.67 0.6628000000000014
0.67 0.6642000000000011
0.67 0.6620500000000014
0.67 0.6646500000000014
0.67 0.6619000000000014
0.67 0.6666000000000011
0.67 0.6663000000000012
0.67 0.6526000000000012
0.67 0.6552000000000012
0.67 0.6623500000000014
0.67 0.6610000000000017
0.67 0.6588500000000014
0.67 0.6482000000000013
0.67 0.6645000000000012
0.67 0.6620000000000013
0.67 0.6634000000000013
0.67 0.6634000000000014
0.67 0.6580500000000012
0.67 0.6592000000000013
0.67 0.6581500000000012
0.67 0.6640500000000013
0.67 0.6613000000000012
0.67 0.6641000000000012
0.67 0.6631500000000012
0.67 0.656000000000001
0.67 0.6666000000000012
0.67 0.6602000000000013
0.67 0.6647000000000012
0.67 0.6603000000000014
0.67 0.6524000000000012
0.67 0.6579500000000011
0.67 0.6585000000000014
0.67 0.6605000000000014
0.67 0.6670500000000011
0.67 0.6584000000000014
0.67 0.6524000000000014
0.67 0.6560000000000014
0.67 0.6608500000000014
0.67 0.6570500000000014
0.67 0.6545000000000014
0.67 0.6541000000000011
0.67 0.6550500000000011
0.67 0.6607000000000011
0.67 0.6574000000000012
0.67 0.6647000000000012
0.67 0.6658000000000014
0.67 0.6579000000000012
0.67 0.663600000000001
0.67 0.6600500000000012
0.67 0.6598500000000014
0.67 0.6544000000000014
0.67 0.6649000000000014
0.67 0.668500000000001
0.67 0.6628500000000014
0.67 0.6649500000000014
0.67 0.6630000000000013
0.67 0.6638500000000014
0.67 0.6636000000000013
0.67 0.6603500000000012
0.67 0.6522500000000011
0.67 0.6529500000000015
0.67 0.6609000000000012
0.67 0.6574000000000012
0.67 0.6609000000000012
0.67 0.6636000000000013
0.67 0.6556000000000017
0.67 0.6596500000000012
0.67 0.6590000000000011
0.67 0.6555500000000012
0.67 0.6545500000000011
0.67 0.6625000000000013
0.67 0.6651500000000015
0.67 0.6583500000000013
0.67 0.6526000000000013
0.67 0.6554500000000012
0.67 0.6570500000000014
0.67 0.6566000000000013
