0.93 0.39950999999999864
0.93 0.44402000000000036
0.93 0.46433000000000124
0.94 0.4937000000000012
0.95 0.513500000000001
0.95 0.5409699999999995
0.98 0.554959999999999
0.98 0.5910099999999993
0.98 0.6061099999999967
0.98 0.6227999999999956
0.98 0.633410000000001
0.98 0.6587400000000024
0.98 0.6728800000000035
0.98 0.6782800000000019
0.98 0.6797400000000038
0.98 0.6869900000000042
0.98 0.696390000000004
0.98 0.7140900000000004
0.98 0.7313199999999965
0.98 0.7393899999999941
0.98 0.7434699999999945
0.98 0.7484799999999926
0.98 0.7509899999999935
0.98 0.7584299999999916
0.98 0.7645799999999902
0.98 0.7621599999999894
0.98 0.7563499999999922
0.98 0.7588099999999914
0.98 0.7564199999999915
0.98 0.7579799999999907
0.98 0.7618299999999901
0.98 0.7677599999999908
0.98 0.7600799999999908
0.98 0.7727899999999918
0.98 0.790689999999991
0.98 0.7837099999999926
0.98 0.7962399999999941
0.99 0.8031699999999937
0.99 0.8078899999999921
0.99 0.8105299999999911
0.99 0.7994099999999941
0.99 0.8082299999999931
0.99 0.8065399999999936
0.99 0.8207299999999942
0.99 0.8344299999999968
0.99 0.8278899999999974
0.99 0.8325499999999976
0.99 0.837299999999999
0.99 0.831069999999999
0.99 0.8192099999999932
0.99 0.8298499999999941
0.99 0.8262499999999976
0.99 0.8280699999999974
0.99 0.8422999999999975
0.99 0.8367199999999979
0.99 0.8367399999999987
0.99 0.8461099999999965
0.99 0.8313599999999968
0.99 0.8397999999999968
0.99 0.842789999999998
0.99 0.8463799999999979
0.99 0.849319999999995
0.99 0.8477199999999948
0.99 0.847409999999997
0.99 0.8362499999999974
0.99 0.8452399999999973
0.99 0.8507499999999987
0.99 0.8609799999999996
0.99 0.852909999999997
0.99 0.8563399999999963
0.99 0.8583199999999986
0.99 0.8669100000000008
0.99 0.8432299999999985
0.99 0.8452399999999977
0.99 0.8502099999999992
0.99 0.8628800000000024
0.99 0.8690100000000012
0.99 0.8594500000000013
0.99 0.8651600000000026
0.99 0.8745500000000026
0.99 0.8677400000000027
0.99 0.8663100000000029
0.99 0.8651800000000033
0.99 0.8641400000000024
0.99 0.8726200000000008
0.99 0.8699799999999998
0.99 0.8656800000000001
0.99 0.869680000000001
0.99 0.8623299999999995
0.99 0.8574200000000012
0.99 0.86591
0.99 0.8812600000000037
0.99 0.8689000000000031
0.99 0.8785400000000023
0.99 0.8768600000000053
0.99 0.8766900000000046
0.99 0.8872000000000052
0.99 0.8887800000000043
0.99 0.8838400000000038
0.99 0.8813800000000036
