0.31999999999999995 0.6379999999999997
0.31999999999999995 0.6209999999999998
0.21999999999999997 0.6029999999999998
0.42000000000000004 0.6511999999999999
0.42000000000000004 0.5997999999999997
0.16000000000000003 0.6392999999999996
0.43999999999999995 0.6181
0.26 0.6198000000000001
0.28 0.6136999999999997
0.040000000000000036 0.6030999999999999
0.07999999999999996 0.5856999999999999
0.42000000000000004 0.6012999999999998
0.24 0.6325999999999999
0.43999999999999995 0.6567000000000001
0.42000000000000004 0.5997999999999993
0.19999999999999996 0.5672000000000001
0.16000000000000003 0.5917999999999999
0.18000000000000005 0.5613
0.18000000000000005 0.5317000000000003
0.16000000000000003 0.5175000000000001
0.16000000000000003 0.5828
0.16000000000000003 0.5178000000000005
0.06000000000000005 0.5236000000000006
0.06000000000000005 0.5003000000000007
0.06000000000000005 0.4593000000000004
0.21999999999999997 0.4921000000000001
0.30000000000000004 0.49020000000000047
0.09999999999999998 0.4622000000000003
0.09999999999999998 0.4509000000000003
0.06000000000000005 0.48310000000000053
0.06000000000000005 0.4531000000000008
0.18000000000000005 0.4504000000000006
0.18000000000000005 0.46510000000000057
0.06000000000000005 0.4306000000000004
0.07999999999999996 0.42760000000000065
0.040000000000000036 0.3992000000000004
0.06000000000000005 0.40010000000000046
0.040000000000000036 0.36480000000000073
0.06000000000000005 0.2660000000000004
0.06000000000000005 0.24210000000000031
0.040000000000000036 0.33330000000000004
0.040000000000000036 0.2853000000000005
0.040000000000000036 0.2596000000000003
0.040000000000000036 0.27220000000000033
0.040000000000000036 0.2291000000000002
0.040000000000000036 0.24650000000000014
0.06000000000000005 0.23710000000000028
0.09999999999999998 0.3596999999999994
0.040000000000000036 0.2551
0.16000000000000003 0.4274000000000003
0.040000000000000036 0.25730000000000014
0.06000000000000005 0.23800000000000027
0.06000000000000005 0.22550000000000028
0.06000000000000005 0.1554000000000001
0.06000000000000005 0.14860000000000007
0.06000000000000005 0.18579999999999988
0.18000000000000005 0.3666000000000011
0.43999999999999995 0.35540000000000094
0.43999999999999995 0.3500000000000002
0.43999999999999995 0.3707999999999998
0.43999999999999995 0.3361999999999994
0.020000000000000018 0.32139999999999963
0.07999999999999996 0.2779999999999992
0.06000000000000005 0.2692999999999994
0.06000000000000005 0.22179999999999986
0.24 0.39689999999999886
0.06000000000000005 0.4361999999999995
0.4 0.6019999999999996
0.21999999999999997 0.5284999999999997
0.040000000000000036 0.45379999999999987
0.06000000000000005 0.4184999999999997
0.42000000000000004 0.44999999999999946
0.21999999999999997 0.4252000000000002
0.09999999999999998 0.4230000000000002
0.21999999999999997 0.4670000000000002
0.21999999999999997 0.5143000000000002
0.12 0.43489999999999995
0.12 0.38940000000000013
0.14 0.39490000000000036
0.14 0.5339000000000003
0.14 0.4392000000000001
0.18000000000000005 0.4302999999999998
0.18000000000000005 0.4564999999999997
0.18000000000000005 0.42429999999999957
0.07999999999999996 0.41510000000000036
0.12 0.4036
0.43999999999999995 0.45229999999999954
0.42000000000000004 0.38359999999999983
0.14 0.3765
0.31999999999999995 0.3269999999999993
0.18000000000000005 0.33839999999999876
0.040000000000000036 0.3453999999999989
0.07999999999999996 0.37060000000000004
0.07999999999999996 0.3393999999999997
0.07999999999999996 0.3673999999999994
0.14 0.3746999999999997
0.14 0.36189999999999983
0.14 0.32819999999999977
0.14 0.32849999999999957
0.040000000000000036 0.28799999999999937
0.020000000000000018 0.29599999999999965
0.040000000000000036 0.40840000000000065
0.07999999999999996 0.26869999999999966
0.07999999999999996 0.21889999999999998
0.040000000000000036 0.18160000000000007
0.07999999999999996 0.29759999999999986
0.07999999999999996 0.24170000000000005
0.040000000000000036 0.14730000000000001
0.040000000000000036 0.14870000000000005
0.040000000000000036 0.13790000000000002
0.040000000000000036 0.13880000000000006
0.040000000000000036 0.1128
0.040000000000000036 0.10979999999999998
0.040000000000000036 0.1663000000000001
0.06000000000000005 0.3829000000000006
0.06000000000000005 0.33920000000000067
0.06000000000000005 0.3424000000000008
0.06000000000000005 0.18930000000000025
0.06000000000000005 0.1566
0.06000000000000005 0.10740000000000002
0.06000000000000005 0.1093
0.06000000000000005 0.2535
0.040000000000000036 0.3585000000000004
0.06000000000000005 0.15560000000000002
0.06000000000000005 0.21069999999999994
0.06000000000000005 0.14000000000000007
0.06000000000000005 0.34020000000000067
0.06000000000000005 0.31670000000000054
0.06000000000000005 0.3114000000000007
0.06000000000000005 0.3617000000000008
0.06000000000000005 0.33340000000000053
0.06000000000000005 0.4078000000000007
0.06000000000000005 0.4037000000000009
0.06000000000000005 0.37010000000000043
0.06000000000000005 0.3307000000000005
0.040000000000000036 0.3270000000000006
0.040000000000000036 0.24940000000000023
0.040000000000000036 0.2177000000000003
0.040000000000000036 0.14139999999999994
0.040000000000000036 0.15019999999999992
0.040000000000000036 0.1516999999999999
0.040000000000000036 0.17090000000000002
0.040000000000000036 0.1266
0.040000000000000036 0.12680000000000008
0.040000000000000036 0.11109999999999999
0.040000000000000036 0.11469999999999998
0.040000000000000036 0.08310000000000003
0.040000000000000036 0.09430000000000004
0.040000000000000036 0.07740000000000005
0.040000000000000036 0.09270000000000003
0.040000000000000036 0.10389999999999999
0.040000000000000036 0.07900000000000004
0.040000000000000036 0.07800000000000008
0.040000000000000036 0.08410000000000008
0.040000000000000036 0.07320000000000007
0.040000000000000036 0.07000000000000005
0.040000000000000036 0.07020000000000004
0.040000000000000036 0.07260000000000005
0.040000000000000036 0.0658
0.040000000000000036 0.09029999999999999
0.040000000000000036 0.09949999999999998
0.040000000000000036 0.07200000000000006
0.040000000000000036 0.07500000000000004
0.040000000000000036 0.07280000000000003
0.040000000000000036 0.12369999999999999
0.040000000000000036 0.09340000000000004
0.040000000000000036 0.08490000000000006
0.040000000000000036 0.07010000000000004
0.040000000000000036 0.08760000000000005
0.040000000000000036 0.08650000000000008
0.040000000000000036 0.14290000000000005
0.040000000000000036 0.10170000000000001
0.040000000000000036 0.07760000000000007
0.040000000000000036 0.07610000000000004
0.040000000000000036 0.09110000000000001
0.040000000000000036 0.09930000000000005
0.020000000000000018 0.4220000000000008
0.040000000000000036 0.3962000000000006
0.09999999999999998 0.12109999999999997
0.09999999999999998 0.11150000000000006
0.09999999999999998 0.09110000000000004
0.09999999999999998 0.0966
0.09999999999999998 0.08270000000000004
0.09999999999999998 0.12499999999999999
0.09999999999999998 0.0958
0.09999999999999998 0.09090000000000004
0.09999999999999998 0.10990000000000003
0.09999999999999998 0.09479999999999997
0.09999999999999998 0.1314
0.09999999999999998 0.07550000000000003
0.09999999999999998 0.10430000000000003
0.09999999999999998 0.08240000000000007
0.09999999999999998 0.09260000000000003
0.09999999999999998 0.07480000000000002
0.09999999999999998 0.07020000000000003
0.09999999999999998 0.0794000000000001
0.09999999999999998 0.08010000000000007
0.09999999999999998 0.10460000000000001
0.09999999999999998 0.08670000000000005
0.19999999999999996 0.42750000000000044
0.09999999999999998 0.4038000000000002
0.07999999999999996 0.3895000000000004
0.07999999999999996 0.3648000000000002
0.07999999999999996 0.3315000000000002
0.07999999999999996 0.3230000000000002
0.06000000000000005 0.27350000000000024
0.06000000000000005 0.26100000000000007
0.12 0.2457999999999998
0.12 0.22270000000000015
0.12 0.1816000000000002
0.06000000000000005 0.1604999999999999
0.06000000000000005 0.16649999999999976
0.06000000000000005 0.1336999999999998
0.06000000000000005 0.14369999999999977
0.06000000000000005 0.13269999999999982
0.06000000000000005 0.09900000000000007
0.06000000000000005 0.1416999999999998
0.06000000000000005 0.1449999999999998
0.06000000000000005 0.0926999999999999
0.06000000000000005 0.10469999999999992
0.06000000000000005 0.11939999999999992
0.07999999999999996 0.2436999999999998
0.07999999999999996 0.17569999999999994
0.07999999999999996 0.12300000000000001
0.07999999999999996 0.10350000000000004
0.07999999999999996 0.10470000000000006
0.07999999999999996 0.11150000000000006
0.07999999999999996 0.11300000000000004
0.07999999999999996 0.11100000000000003
0.07999999999999996 0.1126000000000001
0.07999999999999996 0.10420000000000008
0.07999999999999996 0.10300000000000012
0.07999999999999996 0.11030000000000008
0.07999999999999996 0.08390000000000011
0.07999999999999996 0.09540000000000008
0.07999999999999996 0.09800000000000007
0.07999999999999996 0.1452
0.07999999999999996 0.10520000000000004
0.07999999999999996 0.31309999999999955
0.07999999999999996 0.12569999999999998
0.07999999999999996 0.3012999999999999
0.07999999999999996 0.5922
0.07999999999999996 0.30389999999999984
0.07999999999999996 0.2779999999999997
0.30000000000000004 0.3232999999999995
0.30000000000000004 0.31579999999999936
0.30000000000000004 0.3286999999999997
0.07999999999999996 0.23959999999999984
0.06000000000000005 0.3236999999999993
0.06000000000000005 0.1998
0.06000000000000005 0.15230000000000016
0.06000000000000005 0.3641999999999998
0.06000000000000005 0.3282999999999997
0.06000000000000005 0.22310000000000002
0.06000000000000005 0.22079999999999989
0.06000000000000005 0.11689999999999999
0.06000000000000005 0.2115000000000001
0.06000000000000005 0.4394000000000004
0.06000000000000005 0.3298000000000003
0.06000000000000005 0.2661000000000001
0.06000000000000005 0.18430000000000013
0.06000000000000005 0.13110000000000002
0.06000000000000005 0.11050000000000008
0.07999999999999996 0.6043999999999993
0.07999999999999996 0.16430000000000014
0.07999999999999996 0.13950000000000007
0.07999999999999996 0.10840000000000011
0.07999999999999996 0.1123000000000001
0.07999999999999996 0.32499999999999973
0.30000000000000004 0.31519999999999987
0.30000000000000004 0.31479999999999947
0.06000000000000005 0.2939999999999999
0.06000000000000005 0.11930000000000013
0.06000000000000005 0.09170000000000003
0.06000000000000005 0.07920000000000012
0.06000000000000005 0.10010000000000017
0.06000000000000005 0.3031999999999997
0.06000000000000005 0.17500000000000018
0.06000000000000005 0.09830000000000012
0.06000000000000005 0.10540000000000017
0.30000000000000004 0.3083999999999995
0.06000000000000005 0.18310000000000012
0.06000000000000005 0.10390000000000016
0.06000000000000005 0.09650000000000017
0.06000000000000005 0.08390000000000017
0.06000000000000005 0.11720000000000023
0.06000000000000005 0.10120000000000023
0.06000000000000005 0.08270000000000025
0.06000000000000005 0.06900000000000027
0.06000000000000005 0.07010000000000026
0.06000000000000005 0.07060000000000027
0.06000000000000005 0.0669000000000003
0.06000000000000005 0.07670000000000028
0.06000000000000005 0.0694000000000003
0.06000000000000005 0.12250000000000016
0.06000000000000005 0.17840000000000006
0.06000000000000005 0.0799000000000002
0.06000000000000005 0.09890000000000027
0.06000000000000005 0.07390000000000024
0.06000000000000005 0.1052000000000002
0.06000000000000005 0.2579000000000001
0.06000000000000005 0.13690000000000024
0.06000000000000005 0.1281
0.06000000000000005 0.13239999999999985
0.06000000000000005 0.17159999999999984
0.06000000000000005 0.1073
0.12 0.21750000000000017
0.12 0.1549
0.06000000000000005 0.3138999999999997
0.06000000000000005 0.15510000000000013
0.30000000000000004 0.3442999999999994
0.06000000000000005 0.2559000000000001
0.06000000000000005 0.26329999999999987
0.30000000000000004 0.4794
0.30000000000000004 0.36539999999999956
0.06000000000000005 0.29209999999999964
0.30000000000000004 0.31509999999999927
0.06000000000000005 0.22859999999999975
0.30000000000000004 0.3041999999999992
0.30000000000000004 0.3123999999999992
0.30000000000000004 0.31139999999999934
0.30000000000000004 0.3083999999999993
0.21999999999999997 0.3111999999999994
0.21999999999999997 0.33469999999999955
0.28 0.3214999999999996
0.33999999999999997 0.3249999999999993
0.33999999999999997 0.3275999999999994
0.33999999999999997 0.3220999999999992
0.12 0.3035999999999994
0.12 0.3093999999999995
0.16000000000000003 0.27079999999999954
0.06000000000000005 0.16860000000000014
0.06000000000000005 0.15430000000000002
0.06000000000000005 0.14020000000000007
0.06000000000000005 0.1254000000000002
0.06000000000000005 0.10990000000000019
0.040000000000000036 0.08020000000000004
0.06000000000000005 0.11800000000000008
0.040000000000000036 0.07280000000000002
0.06000000000000005 0.09260000000000015
0.040000000000000036 0.07319999999999997
0.040000000000000036 0.06920000000000007
0.06000000000000005 0.1617999999999999
0.06000000000000005 0.08630000000000017
0.06000000000000005 0.08980000000000014
0.06000000000000005 0.07970000000000016
0.040000000000000036 0.07300000000000001
0.040000000000000036 0.06770000000000004
0.06000000000000005 0.3370000000000005
0.06000000000000005 0.25310000000000044
0.06000000000000005 0.23380000000000012
0.06000000000000005 0.1648000000000001
0.06000000000000005 0.2507999999999996
0.06000000000000005 0.1375000000000002
0.040000000000000036 0.09890000000000003
0.06000000000000005 0.09610000000000013
0.040000000000000036 0.10249999999999998
0.040000000000000036 0.0824
0.040000000000000036 0.11910000000000005
0.040000000000000036 0.07140000000000007
0.06000000000000005 0.17369999999999997
0.040000000000000036 0.11349999999999995
0.040000000000000036 0.08959999999999999
0.040000000000000036 0.08130000000000003
0.040000000000000036 0.0952
0.040000000000000036 0.10010000000000002
0.06000000000000005 0.37630000000000086
0.06000000000000005 0.1033
0.06000000000000005 0.15049999999999997
0.06000000000000005 0.12719999999999995
0.06000000000000005 0.105
0.06000000000000005 0.10090000000000005
0.06000000000000005 0.09210000000000003
0.06000000000000005 0.09420000000000005
0.06000000000000005 0.3582000000000008
0.06000000000000005 0.3074000000000004
0.040000000000000036 0.4181000000000005
0.040000000000000036 0.40480000000000055
0.020000000000000018 0.38360000000000055
0.040000000000000036 0.23310000000000014
0.040000000000000036 0.26240000000000036
0.040000000000000036 0.20540000000000025
0.06000000000000005 0.3411000000000007
0.040000000000000036 0.3687000000000008
0.040000000000000036 0.27100000000000046
0.040000000000000036 0.22200000000000017
0.040000000000000036 0.2462000000000002
0.09999999999999998 0.19200000000000014
0.06000000000000005 0.20409999999999998
0.040000000000000036 0.19860000000000014
0.040000000000000036 0.1716
0.040000000000000036 0.1745
0.040000000000000036 0.1541
0.06000000000000005 0.2365000000000002
0.09999999999999998 0.25940000000000013
0.040000000000000036 0.16849999999999996
0.06000000000000005 0.2179000000000001
0.09999999999999998 0.1653000000000002
0.040000000000000036 0.13409999999999997
0.09999999999999998 0.1585000000000002
0.09999999999999998 0.12620000000000012
0.07999999999999996 0.10870000000000005
0.06000000000000005 0.18790000000000018
0.07999999999999996 0.17400000000000024
0.07999999999999996 0.1498000000000002
0.09999999999999998 0.10290000000000016
0.06000000000000005 0.09630000000000015
0.06000000000000005 0.1046000000000001
0.06000000000000005 0.0957000000000001
0.06000000000000005 0.12259999999999996
0.06000000000000005 0.13120000000000004
0.06000000000000005 0.13920000000000002
0.06000000000000005 0.14269999999999997
0.06000000000000005 0.11300000000000007
0.06000000000000005 0.1344
0.06000000000000005 0.10590000000000009
0.06000000000000005 0.09470000000000013
0.06000000000000005 0.10070000000000011
0.040000000000000036 0.2968999999999997
0.06000000000000005 0.2905999999999998
0.06000000000000005 0.27149999999999996
0.06000000000000005 0.2416
0.06000000000000005 0.22039999999999998
0.06000000000000005 0.18890000000000012
0.06000000000000005 0.14850000000000008
0.06000000000000005 0.1287
0.06000000000000005 0.15049999999999997
0.06000000000000005 0.13250000000000003
0.06000000000000005 0.11850000000000004
0.06000000000000005 0.12240000000000008
0.06000000000000005 0.11180000000000011
0.06000000000000005 0.10860000000000004
0.06000000000000005 0.11280000000000007
0.06000000000000005 0.2504999999999999
0.06000000000000005 0.19729999999999992
0.06000000000000005 0.1595000000000001
0.72 0.719799999999999
0.72 0.721899999999999
0.42000000000000004 0.7169999999999991
0.42000000000000004 0.7118999999999991
0.42000000000000004 0.706499999999999
0.42000000000000004 0.7012999999999991
0.28 0.6904999999999991
0.28 0.6799999999999993
0.24 0.6615999999999994
0.26 0.6394999999999991
0.24 0.6181999999999995
0.18000000000000005 0.5549000000000003
0.18000000000000005 0.4805000000000001
0.16000000000000003 0.40569999999999995
0.18000000000000005 0.2995999999999999
0.09999999999999998 0.3120999999999998
0.18000000000000005 0.25350000000000017
0.18000000000000005 0.2576999999999998
0.18000000000000005 0.21409999999999996
0.07999999999999996 0.19329999999999992
0.06000000000000005 0.18529999999999983
0.06000000000000005 0.15689999999999998
0.06000000000000005 0.15910000000000005
0.06000000000000005 0.13490000000000005
0.06000000000000005 0.11970000000000006
0.06000000000000005 0.11170000000000005
0.06000000000000005 0.10180000000000003
0.06000000000000005 0.09720000000000006
0.06000000000000005 0.10030000000000008
0.06000000000000005 0.09500000000000001
0.06000000000000005 0.0889
0.06000000000000005 0.10320000000000011
0.06000000000000005 0.11810000000000016
0.06000000000000005 0.10300000000000008
0.040000000000000036 0.1373000000000001
0.040000000000000036 0.11700000000000012
0.040000000000000036 0.1326000000000001
0.040000000000000036 0.3820000000000006
0.040000000000000036 0.35000000000000037
0.06000000000000005 0.37500000000000006
0.06000000000000005 0.3118000000000003
0.06000000000000005 0.2864000000000003
0.06000000000000005 0.3813000000000003
0.040000000000000036 0.3806000000000005
0.040000000000000036 0.3090000000000001
0.040000000000000036 0.2182999999999999
0.040000000000000036 0.2078999999999999
0.040000000000000036 0.1221000000000001
0.040000000000000036 0.1
0.040000000000000036 0.08590000000000005
0.040000000000000036 0.4420999999999995
0.040000000000000036 0.29599999999999965
0.040000000000000036 0.12260000000000003
0.040000000000000036 0.11450000000000006
0.040000000000000036 0.09500000000000007
0.040000000000000036 0.11660000000000004
0.040000000000000036 0.09030000000000006
0.040000000000000036 0.07020000000000004
0.040000000000000036 0.11430000000000001
0.040000000000000036 0.09430000000000006
0.040000000000000036 0.11110000000000002
0.040000000000000036 0.16630000000000003
0.040000000000000036 0.1197000000000001
0.040000000000000036 0.15170000000000003
