0.26 0.6221000000000019
0.26 0.6014400000000025
0.26 0.5682800000000021
0.07999999999999996 0.5268400000000022
0.07999999999999996 0.5211800000000016
0.07999999999999996 0.48160000000000125
0.07999999999999996 0.4393400000000016
0.07999999999999996 0.420820000000002
0.07999999999999996 0.4049800000000014
0.07999999999999996 0.3884200000000015
0.07999999999999996 0.37708000000000186
0.07999999999999996 0.37002000000000235
0.07999999999999996 0.3447000000000022
0.07999999999999996 0.333920000000002
0.07999999999999996 0.3242600000000017
0.07999999999999996 0.31900000000000084
0.07999999999999996 0.32118000000000085
0.07999999999999996 0.31418000000000007
0.07999999999999996 0.2920400000000002
0.07999999999999996 0.27208000000000004
0.07999999999999996 0.2745799999999997
0.07999999999999996 0.2568399999999996
0.07999999999999996 0.23586000000000001
0.07999999999999996 0.2341199999999998
0.07999999999999996 0.22152000000000002
0.07999999999999996 0.21841999999999984
0.07999999999999996 0.2112399999999997
0.07999999999999996 0.20129999999999962
0.07999999999999996 0.18177999999999966
0.07999999999999996 0.1680799999999998
0.07999999999999996 0.16813999999999935
0.07999999999999996 0.15627999999999917
0.07999999999999996 0.15481999999999937
0.07999999999999996 0.16289999999999957
0.07999999999999996 0.15751999999999933
0.07999999999999996 0.15649999999999928
0.07999999999999996 0.15725999999999943
0.07999999999999996 0.16495999999999963
0.07999999999999996 0.15633999999999962
0.07999999999999996 0.16809999999999933
0.07999999999999996 0.1703999999999996
0.07999999999999996 0.17187999999999948
0.07999999999999996 0.17481999999999961
0.07999999999999996 0.17481999999999928
0.07999999999999996 0.16463999999999954
0.07999999999999996 0.17239999999999941
0.07999999999999996 0.17255999999999969
0.07999999999999996 0.17089999999999952
0.07999999999999996 0.16511999999999954
0.07999999999999996 0.15383999999999962
0.07999999999999996 0.15807999999999944
0.07999999999999996 0.1640599999999994
0.07999999999999996 0.1738399999999995
0.07999999999999996 0.17625999999999964
0.07999999999999996 0.16769999999999935
0.07999999999999996 0.16741999999999924
0.07999999999999996 0.1696799999999995
0.07999999999999996 0.16301999999999944
0.07999999999999996 0.1618399999999993
0.07999999999999996 0.1701999999999992
0.07999999999999996 0.17373999999999942
0.07999999999999996 0.15903999999999952
0.07999999999999996 0.1549199999999995
0.07999999999999996 0.15899999999999923
0.07999999999999996 0.14999999999999922
0.07999999999999996 0.15297999999999923
0.07999999999999996 0.15273999999999946
0.07999999999999996 0.1642399999999994
0.07999999999999996 0.17003999999999908
0.07999999999999996 0.1685999999999994
0.07999999999999996 0.16209999999999927
0.07999999999999996 0.16095999999999935
0.07999999999999996 0.1590199999999994
0.07999999999999996 0.14917999999999926
0.07999999999999996 0.15939999999999935
0.07999999999999996 0.1595999999999991
0.07999999999999996 0.15417999999999932
0.07999999999999996 0.1554599999999991
0.07999999999999996 0.1571999999999991
0.07999999999999996 0.15189999999999937
0.07999999999999996 0.14877999999999925
0.07999999999999996 0.14921999999999935
0.07999999999999996 0.15353999999999934
0.07999999999999996 0.14717999999999942
0.07999999999999996 0.15581999999999926
0.07999999999999996 0.14933999999999933
0.07999999999999996 0.15649999999999928
0.07999999999999996 0.15431999999999943
0.07999999999999996 0.15187999999999924
0.07999999999999996 0.14459999999999945
0.07999999999999996 0.15373999999999943
0.07999999999999996 0.1578799999999994
0.07999999999999996 0.1550399999999991
0.07999999999999996 0.15493999999999936
0.07999999999999996 0.15321999999999944
0.07999999999999996 0.1484999999999993
0.07999999999999996 0.15199999999999916
0.07999999999999996 0.15619999999999948
0.07999999999999996 0.15201999999999938
0.07999999999999996 0.15073999999999943
