0.93 0.4179000000000007
0.93 0.45884000000000225
0.93 0.4995300000000016
0.97 0.5269600000000007
0.97 0.5571300000000012
0.97 0.5867799999999982
0.97 0.619089999999999
0.97 0.638679999999999
0.97 0.644720000000001
0.97 0.6611099999999999
0.97 0.6705100000000039
0.97 0.6799400000000021
0.97 0.6852300000000079
0.97 0.6942400000000105
0.97 0.6973800000000111
0.97 0.7079600000000128
0.97 0.707020000000014
0.97 0.7050500000000136
0.97 0.7164800000000144
0.97 0.7192500000000147
0.97 0.7223900000000146
0.97 0.7345900000000151
0.97 0.7379300000000149
0.97 0.7456200000000152
0.98 0.7620600000000134
0.98 0.7674800000000122
0.98 0.7631900000000107
0.98 0.7712900000000105
0.98 0.7879100000000083
0.98 0.7813800000000084
0.98 0.7967400000000072
0.98 0.7984200000000067
0.98 0.8038400000000054
0.98 0.804950000000005
0.98 0.8143300000000054
0.98 0.8233800000000052
0.98 0.8348000000000044
0.98 0.8426400000000058
0.98 0.8497600000000053
0.98 0.8542700000000025
0.98 0.8597500000000012
0.98 0.8700000000000018
0.98 0.8694299999999994
0.98 0.8763799999999987
0.98 0.8814500000000002
0.98 0.8894500000000006
0.98 0.8908000000000023
0.98 0.8898400000000042
0.98 0.8925200000000044
0.98 0.8929500000000067
0.98 0.894180000000008
0.98 0.8911800000000081
0.98 0.8821900000000087
0.98 0.8857100000000099
0.98 0.8852300000000095
0.98 0.8848600000000096
0.98 0.8884400000000102
0.98 0.8931800000000096
0.98 0.8995400000000133
0.98 0.8947400000000129
0.98 0.8963400000000127
0.98 0.8984300000000136
0.98 0.8999900000000138
0.98 0.891070000000012
0.98 0.8906900000000118
0.98 0.8969800000000137
0.98 0.8916900000000083
0.98 0.8959300000000101
0.98 0.8871900000000078
0.98 0.88881000000001
0.98 0.8884000000000081
0.98 0.891350000000009
0.98 0.8919300000000091
0.98 0.886380000000009
0.98 0.8940300000000105
0.98 0.8924300000000142
0.98 0.8915700000000139
0.98 0.8876300000000139
0.98 0.8947000000000134
0.98 0.9022300000000145
0.98 0.906150000000014
0.98 0.8914000000000116
0.98 0.8884200000000112
0.98 0.8974400000000142
0.98 0.8986200000000151
0.98 0.8965700000000145
0.98 0.898530000000015
0.98 0.902580000000013
0.98 0.8958500000000117
0.98 0.8906600000000113
0.98 0.8900200000000112
0.98 0.8914100000000119
0.98 0.8856500000000108
0.98 0.8881200000000117
0.98 0.892310000000013
0.98 0.8929600000000107
0.98 0.8946000000000125
0.98 0.8988900000000145
0.98 0.8988000000000148
0.98 0.8927200000000135
