0.82 0.410889999999996
0.82 0.4476499999999971
0.91 0.4923899999999981
0.92 0.5385600000000006
0.92 0.5627100000000024
0.92 0.5893200000000013
0.92 0.6136700000000015
0.96 0.6312100000000035
0.96 0.6438600000000049
0.96 0.6625800000000086
0.97 0.6621200000000056
0.97 0.6768800000000067
0.97 0.6879400000000023
0.97 0.6917200000000026
0.97 0.6875400000000017
0.97 0.6953900000000001
0.97 0.7031499999999992
0.97 0.7058399999999982
0.98 0.7143799999999957
0.98 0.7128199999999968
0.98 0.7169499999999968
0.98 0.7145399999999963
0.98 0.7329799999999925
0.98 0.7268299999999943
0.98 0.7320699999999924
0.98 0.7314099999999941
0.98 0.74367999999999
0.98 0.7488199999999899
0.98 0.7503799999999891
0.98 0.7557699999999894
0.98 0.7585299999999896
0.98 0.7584799999999899
0.98 0.7696799999999918
0.98 0.7665799999999903
0.98 0.7785799999999925
0.98 0.7722899999999915
0.98 0.7804699999999926
0.98 0.7882899999999923
0.98 0.784379999999994
0.98 0.7942099999999953
0.98 0.7877899999999954
0.98 0.7934599999999931
0.98 0.7890199999999944
0.98 0.806119999999993
0.98 0.7991199999999935
0.98 0.8075799999999927
0.98 0.8085999999999921
0.98 0.7956199999999941
0.98 0.8063399999999922
0.98 0.815109999999994
0.98 0.8115599999999926
0.98 0.815429999999992
0.98 0.8299899999999962
0.98 0.8267299999999957
0.98 0.8300199999999971
0.98 0.8217199999999982
0.98 0.8180999999999975
0.98 0.8284699999999948
0.98 0.8279599999999941
0.98 0.8422999999999973
0.98 0.8350799999999969
0.98 0.8265599999999976
0.98 0.8329399999999976
0.98 0.8261899999999989
0.98 0.8359099999999967
0.98 0.835099999999997
0.98 0.8297799999999961
0.98 0.8276199999999987
0.98 0.8281899999999974
0.98 0.8199299999999973
0.98 0.8239199999999971
0.98 0.8245499999999953
0.98 0.8097699999999928
0.98 0.8154999999999929
0.98 0.8149999999999932
0.98 0.812039999999991
0.98 0.8126399999999941
0.98 0.8215099999999969
0.98 0.8141099999999947
0.98 0.8208499999999945
0.98 0.8147499999999925
0.98 0.8191299999999965
0.98 0.8170599999999937
0.98 0.8139199999999942
0.98 0.8195399999999942
0.98 0.8079299999999915
0.98 0.8075499999999923
0.98 0.8264299999999923
0.98 0.8237099999999945
0.98 0.8306999999999933
0.98 0.8319699999999949
0.98 0.8280899999999948
0.98 0.8330899999999977
0.98 0.8294599999999964
0.98 0.8321299999999958
0.98 0.830889999999997
0.98 0.8360999999999951
0.98 0.8249599999999959
0.98 0.8074499999999964
0.98 0.8227099999999943
