0.89 0.43854999999999744
0.89 0.47586000000000017
0.95 0.5095499999999991
0.95 0.5530199999999988
0.95 0.5763099999999984
0.95 0.6071899999999999
0.95 0.6308199999999997
0.95 0.6482900000000004
0.96 0.6623299999999998
0.96 0.6709999999999975
0.96 0.6827599999999917
0.96 0.6940599999999923
0.98 0.7080099999999951
0.98 0.7133599999999981
0.98 0.7280300000000014
0.98 0.7267000000000023
0.98 0.7266899999999994
0.98 0.7460000000000039
0.98 0.754350000000002
0.98 0.7606100000000063
0.98 0.7554900000000052
0.98 0.7508100000000032
0.98 0.7687400000000064
0.98 0.7664100000000073
0.98 0.7753000000000084
0.98 0.7679100000000063
0.98 0.7727800000000086
0.98 0.7827700000000082
0.98 0.7903500000000058
0.98 0.7961000000000055
0.98 0.7943300000000051
0.98 0.8034300000000072
0.98 0.8111700000000066
0.98 0.802620000000005
0.98 0.8168800000000032
0.98 0.832010000000004
0.98 0.8375500000000029
0.98 0.8329100000000031
0.98 0.8501300000000026
0.98 0.8529500000000019
0.98 0.8613599999999995
0.98 0.8590000000000009
0.98 0.8522100000000015
0.98 0.8517900000000003
0.98 0.8636599999999961
0.98 0.8690699999999947
0.98 0.8729399999999954
0.98 0.8716999999999953
0.98 0.8699499999999966
0.98 0.8739899999999948
0.98 0.8744599999999938
0.98 0.8844800000000002
0.98 0.8807399999999982
0.98 0.8878999999999988
0.98 0.8860599999999998
0.98 0.8777800000000002
0.98 0.8855899999999997
0.98 0.8813199999999963
0.98 0.8885399999999993
0.98 0.885689999999999
0.98 0.8913700000000001
0.98 0.887730000000002
0.98 0.8846099999999992
0.98 0.8876800000000004
0.98 0.8887700000000006
0.98 0.89042
0.98 0.8890699999999983
0.98 0.8762699999999972
0.98 0.8809199999999977
0.98 0.8765299999999947
0.98 0.8829199999999955
0.98 0.8887299999999998
0.98 0.8844500000000001
0.98 0.8808099999999974
0.98 0.8814099999999964
0.98 0.8843299999999995
0.98 0.8823299999999981
0.98 0.8873299999999985
0.98 0.882349999999997
0.98 0.8797599999999971
0.98 0.8825799999999976
0.98 0.8889999999999972
0.98 0.8859299999999966
0.98 0.8791299999999989
0.98 0.8787099999999956
0.98 0.8774099999999976
0.98 0.8735099999999978
0.98 0.8708699999999985
0.98 0.8722099999999989
0.98 0.8791999999999995
0.98 0.8882600000000004
0.98 0.8887799999999979
0.98 0.8943499999999995
0.98 0.8915300000000004
0.98 0.8855699999999999
0.98 0.8884700000000021
0.98 0.8779799999999987
0.98 0.8823000000000002
0.98 0.8854900000000006
0.98 0.8802999999999984
