0.8 0.38174999999999953
0.73 0.41824999999999896
0.73 0.45130000000000076
0.73 0.4429500000000005
0.73 0.41879999999999984
0.73 0.4112499999999998
0.72 0.4261500000000003
0.74 0.4041499999999993
0.75 0.4125499999999996
0.73 0.4024499999999992
0.73 0.43700000000000017
0.73 0.42645000000000016
0.69 0.41845000000000004
0.73 0.44355000000000067
0.73 0.4644000000000011
0.79 0.4491000000000011
0.73 0.49880000000000146
0.84 0.5216000000000015
0.73 0.5246000000000007
0.82 0.4935500000000004
0.72 0.4929000000000007
0.73 0.5191000000000007
0.77 0.5293500000000004
0.8 0.5639000000000002
0.8 0.5606000000000001
0.8 0.5698500000000004
0.8 0.5996000000000007
0.78 0.5907499999999996
0.71 0.5413000000000011
0.73 0.61225
0.73 0.5999000000000001
0.73 0.6422499999999997
0.82 0.5326499999999997
0.87 0.6007999999999992
0.73 0.56295
0.72 0.5708499999999999
0.74 0.5774999999999995
0.74 0.6248499999999995
0.83 0.6588500000000002
0.85 0.6518999999999999
0.87 0.677949999999999
0.87 0.6190499999999998
0.96 0.6647499999999984
0.8 0.6503500000000001
0.85 0.6828000000000003
0.82 0.6797499999999999
0.81 0.6748500000000003
0.81 0.6519000000000006
0.87 0.6246499999999995
0.87 0.6789500000000004
0.87 0.6656500000000003
0.97 0.6885500000000002
0.97 0.7102500000000006
0.93 0.6963999999999997
0.75 0.6439500000000001
0.92 0.6929
0.92 0.7081999999999989
0.93 0.7061999999999994
0.93 0.7158999999999999
0.93 0.7340999999999995
0.97 0.7232499999999996
0.96 0.7123999999999998
0.8 0.7011999999999996
0.8 0.7234499999999997
0.9 0.7381000000000012
0.84 0.7360500000000008
0.97 0.7312000000000002
0.82 0.7067
0.84 0.7372500000000004
0.78 0.6690500000000013
0.81 0.7290500000000008
0.81 0.7292000000000004
0.97 0.5943500000000013
0.98 0.6222000000000006
0.79 0.6112000000000012
0.89 0.6404500000000009
0.89 0.6608000000000004
0.78 0.6157500000000001
0.73 0.38684999999999986
0.75 0.40305000000000013
0.76 0.42870000000000064
0.81 0.44245000000000095
0.37 0.36999999999999966
0.81 0.5349000000000013
0.93 0.6471499999999996
0.37 0.36999999999999966
0.93 0.6663499999999989
0.76 0.6675999999999993
0.93 0.7032499999999996
0.93 0.6901999999999998
0.93 0.6675
0.93 0.6268500000000004
0.73 0.6396000000000004
0.73 0.6476500000000003
0.9 0.6783499999999997
0.8 0.6380500000000003
0.9 0.6893500000000005
0.73 0.5758500000000013
0.64 0.39615
0.37 0.36999999999999966
0.64 0.39239999999999997
0.73 0.43805000000000044
0.73 0.4793000000000016
0.37 0.36999999999999966
0.37 0.36999999999999966
0.37 0.36999999999999966
0.37 0.36999999999999966
0.37 0.36999999999999966
0.73 0.3846499999999998
0.73 0.4022000000000001
0.82 0.67715
0.82 0.6529500000000009
0.83 0.707799999999999
0.73 0.7185999999999997
0.83 0.6921500000000006
0.73 0.6973500000000006
0.83 0.7258499999999993
0.83 0.7269500000000012
0.83 0.7524000000000001
0.83 0.7534500000000004
0.83 0.6574500000000002
0.78 0.6208000000000016
0.73 0.6910500000000013
0.83 0.6934500000000007
0.83 0.740050000000001
0.73 0.7203000000000007
0.74 0.7288500000000007
0.73 0.7273000000000003
0.73 0.6760500000000014
0.73 0.7273500000000007
0.73 0.7245000000000006
0.73 0.6048000000000012
0.73 0.6521500000000005
0.73 0.7112500000000007
0.73 0.7144500000000013
0.73 0.7272000000000004
0.77 0.72705
0.8 0.6962000000000014
0.83 0.7259500000000007
0.83 0.7047500000000013
0.8 0.7276000000000004
0.8 0.7238000000000007
0.8 0.7341999999999999
0.73 0.7205000000000004
0.73 0.72895
0.73 0.7291500000000002
0.81 0.6667500000000013
0.8 0.6851000000000007
0.73 0.6739000000000022
0.83 0.6788000000000014
0.81 0.6447500000000013
0.76 0.692200000000001
0.82 0.7443500000000011
0.78 0.7147000000000014
0.81 0.7462500000000003
0.78 0.7314500000000004
0.82 0.7518000000000005
0.8 0.7339500000000001
0.81 0.7346999999999998
0.73 0.7289999999999999
0.81 0.7431499999999996
0.82 0.7457999999999998
0.73 0.72785
0.73 0.7255000000000003
0.73 0.7256500000000001
0.73 0.7279499999999999
0.73 0.7299
0.73 0.7280500000000001
0.73 0.7294000000000002
0.73 0.72625
0.73 0.7298
0.8 0.7302
0.8 0.7298000000000002
0.8 0.7292500000000003
0.8 0.7290500000000014
0.8 0.724050000000001
0.82 0.7359000000000008
0.82 0.7419500000000003
0.82 0.7494000000000008
0.83 0.7576500000000002
0.83 0.772999999999999
0.83 0.7813499999999991
0.83 0.7911999999999988
0.82 0.7934999999999997
0.82 0.8018000000000001
0.83 0.8058499999999991
0.83 0.7978999999999994
0.83 0.8022499999999984
0.83 0.7981999999999997
0.83 0.7957999999999988
0.83 0.804749999999999
0.83 0.7950499999999995
0.83 0.780299999999998
0.83 0.7241499999999976
0.83 0.7968999999999982
0.83 0.7677999999999977
0.83 0.8208499999999984
0.83 0.8242999999999998
0.83 0.7942499999999972
0.83 0.8192999999999983
0.83 0.8249999999999998
0.83 0.8280500000000005
0.83 0.8227500000000001
0.83 0.8173499999999997
0.83 0.780899999999998
0.83 0.7731999999999976
0.83 0.7848999999999978
0.83 0.8173999999999992
0.83 0.6148499999999978
0.83 0.7067999999999977
0.85 0.8067999999999972
0.85 0.8108999999999971
0.85 0.8116499999999967
0.85 0.8176999999999964
0.85 0.8222499999999974
0.89 0.8285499999999977
0.89 0.7955999999999978
0.89 0.8211499999999975
0.89 0.8264499999999994
0.89 0.8264499999999991
0.89 0.8149999999999981
0.89 0.8245999999999982
0.89 0.8203999999999988
0.89 0.8071499999999984
0.9 0.8228499999999985
0.9 0.8277499999999992
0.91 0.835049999999999
0.91 0.8403499999999994
0.91 0.8533500000000016
0.93 0.8626999999999996
0.95 0.8743999999999998
0.93 0.7850999999999975
0.95 0.8636000000000004
0.93 0.8449500000000003
0.93 0.8419500000000003
0.89 0.7548499999999981
0.9 0.7529999999999977
0.94 0.8677000000000011
0.94 0.8757500000000015
0.94 0.8795000000000018
0.95 0.8797000000000021
0.95 0.8892999999999996
0.95 0.9049499999999978
0.95 0.9092999999999989
0.95 0.9054499999999994
0.95 0.9162999999999998
0.95 0.9165499999999989
0.95 0.9194999999999977
0.95 0.921299999999998
0.95 0.7748499999999998
0.95 0.8131499999999993
0.95 0.891499999999998
0.95 0.8457499999999979
0.95 0.7202499999999991
0.95 0.7841500000000003
0.95 0.8124999999999983
0.95 0.8711499999999988
0.95 0.8655999999999979
0.95 0.8676499999999995
0.95 0.8053499999999993
0.95 0.8475499999999973
0.95 0.8135999999999988
0.95 0.8572999999999971
0.95 0.8851499999999981
0.95 0.9106499999999977
0.95 0.8784999999999988
0.95 0.8981499999999996
0.95 0.9291999999999985
0.95 0.9337499999999995
0.95 0.9393999999999996
0.95 0.8012499999999996
0.95 0.9453499999999984
0.95 0.9478999999999984
0.95 0.9467499999999983
0.95 0.948099999999998
0.95 0.9154499999999989
0.95 0.9466999999999982
0.95 0.9421499999999982
0.95 0.9424499999999982
0.95 0.8587000000000005
0.95 0.9183999999999994
0.95 0.9199499999999994
0.95 0.8073499999999992
0.95 0.8444500000000006
0.95 0.8458500000000008
0.95 0.8109999999999995
0.95 0.8451499999999997
0.95 0.9150000000000001
0.95 0.9012499999999999
0.95 0.9193000000000005
0.8 0.7417999999999999
0.83 0.7451999999999999
0.83 0.7623999999999995
0.83 0.7730500000000013
0.83 0.7772000000000011
0.83 0.7857000000000017
0.94 0.7940000000000019
0.83 0.6603500000000021
0.95 0.7365000000000006
0.94 0.6801000000000017
0.83 0.7001500000000018
0.83 0.7495500000000007
0.83 0.659600000000002
0.89 0.7045000000000017
0.89 0.7691
0.89 0.790499999999998
0.89 0.8056999999999974
0.89 0.8212999999999971
0.89 0.7989499999999969
0.89 0.8274499999999974
0.89 0.8131499999999968
0.83 0.8090999999999972
0.89 0.8187499999999983
0.89 0.8260999999999998
0.89 0.8317999999999999
0.89 0.8379500000000007
0.92 0.8422500000000008
0.92 0.8550000000000014
0.93 0.8721500000000026
0.93 0.8871999999999991
0.98 0.898449999999997
0.98 0.9037999999999964
0.98 0.9060999999999975
0.98 0.9183999999999988
0.98 0.9277500000000001
0.98 0.9232500000000005
0.98 0.9172000000000001
0.98 0.7873999999999975
0.98 0.832599999999998
0.98 0.7369499999999983
0.98 0.8432499999999977
0.98 0.8609499999999971
0.98 0.8787499999999988
0.82 0.6913499999999996
0.83 0.7139999999999987
0.98 0.7471999999999994
0.98 0.7672499999999995
0.98 0.8602999999999992
0.98 0.9191000000000004
0.98 0.9010499999999999
0.98 0.9211499999999989
0.98 0.9534999999999992
0.98 0.9436499999999985
0.98 0.888849999999999
0.98 0.8502999999999998
0.98 0.8521999999999987
0.98 0.9144999999999961
0.98 0.8785499999999965
0.76 0.6476500000000004
0.98 0.8823499999999983
0.98 0.9387499999999999
0.98 0.8244499999999959
0.98 0.9441000000000005
0.98 0.7358000000000011
0.98 0.7617499999999986
0.98 0.7969999999999972
0.98 0.7966999999999983
0.98 0.8642999999999978
0.98 0.8064999999999972
0.98 0.7338999999999989
0.98 0.748699999999999
0.96 0.7082999999999988
0.95 0.8529999999999984
0.95 0.6996499999999992
0.98 0.716949999999999
0.72 0.6252500000000009
0.72 0.6538500000000004
0.74 0.6328500000000006
0.72 0.6431000000000003
0.93 0.6689000000000002
0.94 0.6868499999999998
0.96 0.6870999999999989
0.97 0.7069499999999992
0.97 0.7200999999999992
0.97 0.7663999999999973
0.98 0.7785499999999976
0.97 0.7402999999999993
0.97 0.7978999999999979
0.97 0.7066499999999999
0.82 0.6739999999999995
0.72 0.6358499999999996
0.72 0.6384500000000002
0.72 0.6438000000000005
0.72 0.6465000000000003
0.72 0.6524000000000001
0.83 0.681049999999999
0.83 0.6972999999999988
0.9 0.7224499999999984
0.9 0.741349999999999
0.94 0.7484999999999994
0.95 0.7766999999999993
0.95 0.7898999999999998
0.83 0.7095499999999986
0.95 0.7173499999999996
0.95 0.7969999999999989
0.95 0.8246999999999993
0.95 0.8458500000000007
0.95 0.8703500000000016
0.95 0.884200000000002
0.95 0.9045000000000017
0.95 0.9232500000000008
0.95 0.9297999999999997
0.95 0.9388499999999995
0.95 0.9293499999999998
0.95 0.9146000000000001
0.95 0.9332499999999988
0.95 0.9364499999999985
0.95 0.9440999999999979
0.95 0.9305499999999987
0.95 0.9323999999999983
0.95 0.9444499999999982
0.95 0.9385499999999983
0.95 0.9351999999999984
0.95 0.9449499999999981
0.95 0.9124499999999991
0.95 0.942649999999998
0.95 0.9405499999999981
0.95 0.9269499999999989
0.95 0.9209999999999995
0.95 0.9289499999999985
0.95 0.9318499999999983
0.95 0.9324999999999983
0.95 0.9427499999999981
0.95 0.9244499999999989
0.95 0.9322499999999988
0.95 0.9490999999999978
0.95 0.857650000000002
0.95 0.899050000000001
0.95 0.9161499999999996
0.95 0.9186499999999991
0.95 0.918399999999999
0.95 0.9024500000000001
0.95 0.9207499999999997
0.95 0.924499999999999
0.95 0.9294499999999988
0.95 0.9448999999999983
0.95 0.9448999999999979
0.95 0.9169999999999991
0.95 0.9281499999999986
0.95 0.9440999999999982
0.95 0.945449999999998
0.95 0.943899999999998
0.95 0.9458999999999979
0.95 0.944849999999998
0.95 0.9475999999999978
0.95 0.9410499999999985
0.95 0.9082499999999998
0.95 0.9053500000000005
0.95 0.9302999999999987
0.95 0.9405499999999979
0.95 0.9190999999999991
0.95 0.9454499999999981
0.95 0.9445999999999981
0.95 0.86075
0.95 0.9422999999999984
0.95 0.9265499999999985
0.95 0.8951000000000015
0.95 0.9278999999999986
0.95 0.938049999999998
0.95 0.9473499999999977
0.95 0.9394499999999978
0.95 0.9486999999999977
0.95 0.9488499999999978
0.95 0.7940499999999989
0.95 0.8338000000000008
0.95 0.9058500000000008
0.95 0.8980500000000002
0.95 0.9354499999999986
0.95 0.9144499999999993
0.95 0.9406499999999985
0.95 0.9451999999999982
0.95 0.9423999999999981
0.95 0.9447999999999983
0.95 0.9480499999999978
0.95 0.9469499999999978
0.95 0.9380499999999984
0.95 0.9271999999999992
0.95 0.8899500000000008
0.95 0.9420499999999983
0.95 0.946449999999998
0.95 0.9475999999999979
0.95 0.9495499999999976
0.95 0.9485999999999977
0.95 0.9490499999999977
0.95 0.9478499999999979
0.95 0.9481999999999978
0.95 0.9457499999999978
0.95 0.9464999999999978
0.95 0.9405499999999983
0.95 0.9494499999999977
0.95 0.9440999999999978
0.95 0.9445999999999978
0.95 0.9476499999999978
0.95 0.9487499999999978
0.95 0.9418499999999977
0.95 0.8184499999999996
0.95 0.7770000000000005
0.95 0.7580499999999992
0.95 0.816600000000001
0.95 0.7406499999999993
