0.9 0.4152500000000022
0.9 0.45513000000000253
0.9 0.4906100000000031
0.91 0.5208800000000023
0.95 0.5485400000000015
0.95 0.5825299999999999
0.95 0.5918400000000016
0.95 0.6185700000000037
0.96 0.6444500000000044
0.96 0.6529000000000044
0.96 0.6748000000000018
0.97 0.6915899999999989
0.97 0.707039999999997
0.97 0.7211799999999939
0.98 0.7264399999999921
0.98 0.7325299999999907
0.99 0.7440699999999892
0.99 0.7499799999999873
0.99 0.7547499999999878
0.99 0.7588199999999861
0.99 0.7625599999999854
0.99 0.7769599999999877
0.99 0.7803799999999875
0.99 0.7843899999999889
0.99 0.78681999999999
0.99 0.786599999999991
0.99 0.7955599999999894
0.99 0.7974999999999902
0.99 0.7988499999999906
0.99 0.8030399999999918
0.99 0.8040899999999913
0.99 0.8122799999999911
0.99 0.8041299999999912
0.99 0.8105599999999922
0.99 0.8197899999999919
0.99 0.8094099999999913
0.99 0.8132399999999915
0.99 0.8172599999999929
0.99 0.8228899999999945
0.99 0.8259699999999949
0.99 0.8336999999999941
0.99 0.8445599999999951
0.99 0.8406999999999943
0.99 0.8328999999999951
0.99 0.8369399999999945
0.99 0.8401399999999963
0.99 0.8441899999999956
0.99 0.8528899999999929
0.99 0.8658799999999912
0.99 0.8626999999999917
0.99 0.8650799999999911
0.99 0.8704199999999913
0.99 0.8672499999999908
0.99 0.8642299999999881
0.99 0.8701599999999886
0.99 0.8707199999999898
0.99 0.8715299999999899
0.99 0.8791999999999915
0.99 0.873909999999991
0.99 0.8708699999999893
0.99 0.8758299999999913
0.99 0.8785899999999952
0.99 0.8783499999999962
0.99 0.8788899999999972
0.99 0.8808699999999994
0.99 0.8812300000000023
0.99 0.8830500000000014
0.99 0.8757799999999998
0.99 0.8774000000000011
0.99 0.8758099999999993
0.99 0.877160000000001
0.99 0.8814400000000017
0.99 0.8776899999999984
0.99 0.8737699999999984
0.99 0.87244
0.99 0.8780200000000009
0.99 0.8765199999999989
0.99 0.8719900000000017
0.99 0.8746400000000013
0.99 0.880600000000001
0.99 0.8853200000000023
0.99 0.8837000000000035
0.99 0.8835300000000026
0.99 0.8807800000000015
0.99 0.8929200000000068
0.99 0.8954300000000073
0.99 0.8939300000000061
0.99 0.8854400000000044
0.99 0.893150000000004
0.99 0.8927500000000078
0.99 0.8819000000000048
0.99 0.8870400000000087
0.99 0.8921900000000064
0.99 0.903330000000009
0.99 0.8938100000000068
0.99 0.8893600000000058
0.99 0.8809700000000016
0.99 0.882960000000001
0.99 0.8728000000000001
0.99 0.8730899999999981
