0.19999999999999996 0.6196200000000062
0.14 0.5766000000000069
0.14 0.5500800000000066
0.12 0.5182800000000048
0.14 0.5047000000000054
0.07999999999999996 0.47442000000000306
0.07999999999999996 0.4573600000000027
0.07999999999999996 0.4371000000000028
0.07999999999999996 0.4158400000000024
0.06000000000000005 0.41398000000000146
0.06000000000000005 0.3952600000000001
0.06000000000000005 0.39141999999999927
0.06000000000000005 0.389479999999999
0.06000000000000005 0.3765399999999983
0.06000000000000005 0.3758599999999977
0.06000000000000005 0.37071999999999783
0.06000000000000005 0.3770999999999974
0.06000000000000005 0.3631399999999981
0.06000000000000005 0.34657999999999756
0.06000000000000005 0.3484599999999974
0.06000000000000005 0.3421799999999978
0.06000000000000005 0.3587999999999979
0.06000000000000005 0.3473999999999972
0.06000000000000005 0.3342799999999974
0.06000000000000005 0.3285599999999975
0.06000000000000005 0.32641999999999805
0.06000000000000005 0.3220399999999973
0.06000000000000005 0.3248199999999974
0.06000000000000005 0.3175799999999975
0.06000000000000005 0.30883999999999806
0.06000000000000005 0.31243999999999816
0.06000000000000005 0.29835999999999807
0.06000000000000005 0.2844199999999989
0.06000000000000005 0.28651999999999855
0.06000000000000005 0.293159999999999
0.06000000000000005 0.290179999999999
0.06000000000000005 0.28497999999999923
0.06000000000000005 0.28663999999999906
0.06000000000000005 0.2952799999999992
0.06000000000000005 0.29023999999999894
0.06000000000000005 0.29403999999999875
0.06000000000000005 0.28581999999999935
0.06000000000000005 0.26901999999999887
0.06000000000000005 0.2633599999999985
0.06000000000000005 0.25009999999999916
0.06000000000000005 0.24183999999999936
0.06000000000000005 0.24511999999999928
0.06000000000000005 0.24105999999999975
0.06000000000000005 0.23641999999999988
0.06000000000000005 0.24310000000000015
0.06000000000000005 0.23148000000000024
0.06000000000000005 0.22207999999999994
0.06000000000000005 0.21680000000000005
0.06000000000000005 0.22352000000000022
0.06000000000000005 0.2260400000000003
0.06000000000000005 0.23396000000000025
0.06000000000000005 0.23602000000000029
0.06000000000000005 0.21388000000000046
0.06000000000000005 0.2042000000000001
0.06000000000000005 0.20714000000000052
0.06000000000000005 0.19850000000000048
0.06000000000000005 0.1953600000000004
0.06000000000000005 0.19764000000000015
0.06000000000000005 0.19640000000000024
0.06000000000000005 0.18454000000000004
0.06000000000000005 0.1880000000000002
0.06000000000000005 0.19154000000000013
0.06000000000000005 0.18020000000000005
0.06000000000000005 0.18150000000000022
0.06000000000000005 0.19460000000000044
0.06000000000000005 0.19880000000000053
0.06000000000000005 0.18890000000000018
0.06000000000000005 0.18640000000000015
0.06000000000000005 0.18122000000000008
0.06000000000000005 0.17466
0.06000000000000005 0.17328000000000002
0.06000000000000005 0.1784600000000001
0.06000000000000005 0.18764000000000006
0.06000000000000005 0.17869999999999975
0.06000000000000005 0.18225999999999978
0.06000000000000005 0.17751999999999973
0.06000000000000005 0.17701999999999965
0.06000000000000005 0.16856000000000002
0.06000000000000005 0.16803999999999994
0.06000000000000005 0.17667999999999992
0.06000000000000005 0.17129999999999973
0.06000000000000005 0.1640999999999999
0.06000000000000005 0.1788200000000001
0.06000000000000005 0.16582000000000005
0.06000000000000005 0.15893999999999978
0.06000000000000005 0.17359999999999973
0.06000000000000005 0.1716599999999999
0.06000000000000005 0.16737999999999978
0.06000000000000005 0.16593999999999973
0.06000000000000005 0.1800399999999998
0.06000000000000005 0.18030000000000018
0.06000000000000005 0.17173999999999992
0.06000000000000005 0.16541999999999973
0.06000000000000005 0.17233999999999974
0.06000000000000005 0.16463999999999998
