0.89 0.40228000000000086
0.89 0.44006000000000073
0.89 0.47087000000000073
0.9 0.49935000000000074
0.94 0.5250599999999966
0.94 0.5530500000000009
0.95 0.5708300000000001
0.96 0.5886199999999983
0.96 0.6082599999999951
0.96 0.6248599999999995
0.96 0.644050000000002
0.96 0.6534700000000039
0.96 0.652350000000002
0.97 0.6777800000000042
0.97 0.6921000000000047
0.97 0.6967900000000044
0.97 0.703320000000002
0.98 0.7112099999999992
0.98 0.7114999999999992
0.98 0.7141899999999997
0.98 0.7270499999999975
0.98 0.7260699999999979
0.98 0.7222299999999974
0.98 0.7377199999999955
0.98 0.749559999999992
0.98 0.7493099999999943
0.98 0.7492999999999943
0.98 0.7551099999999915
0.99 0.7606199999999912
0.99 0.7660999999999916
0.99 0.7601499999999912
0.99 0.7507999999999936
0.99 0.7686899999999937
0.99 0.7731699999999945
0.99 0.7753799999999935
0.99 0.7689399999999942
0.99 0.7719699999999967
0.99 0.778389999999995
0.99 0.7788199999999957
0.99 0.7853399999999969
0.99 0.7695699999999958
0.99 0.7747199999999956
0.99 0.7997699999999935
0.99 0.7938099999999942
0.99 0.7957899999999964
0.99 0.7999899999999955
0.99 0.7934199999999958
0.99 0.8134999999999978
0.99 0.794479999999997
0.99 0.8009799999999949
0.99 0.7908899999999967
0.99 0.8000399999999982
0.99 0.8011299999999957
0.99 0.8044899999999972
0.99 0.8082699999999968
0.99 0.8133900000000002
0.99 0.8274900000000006
0.99 0.8206599999999982
0.99 0.8212199999999977
0.99 0.8155999999999956
0.99 0.8282299999999967
0.99 0.8278399999999978
0.99 0.8367599999999961
0.99 0.8393999999999949
0.99 0.8427799999999933
0.99 0.8473899999999944
0.99 0.8463499999999948
0.99 0.8466599999999959
0.99 0.8435499999999927
0.99 0.8550899999999905
0.99 0.8543899999999899
0.99 0.8637599999999908
0.99 0.8672999999999925
0.99 0.8731899999999938
0.99 0.8543599999999916
0.99 0.8597899999999913
0.99 0.8714899999999937
0.99 0.8569199999999922
0.99 0.8644999999999906
0.99 0.8702399999999916
0.99 0.8657399999999924
0.99 0.8612999999999904
0.99 0.8716299999999925
0.99 0.8680599999999904
0.99 0.8562499999999926
0.99 0.8579899999999923
0.99 0.8606099999999905
0.99 0.8607399999999897
0.99 0.8607199999999909
0.99 0.853049999999993
0.99 0.8528199999999919
0.99 0.8450799999999924
0.99 0.8508799999999913
0.99 0.8444699999999925
0.99 0.8491299999999912
0.99 0.8528699999999917
0.99 0.8626699999999898
0.99 0.8550499999999919
0.99 0.8580599999999914
0.99 0.8583699999999929
