0.67 0.40220000000000056
0.67 0.4092500000000001
0.67 0.3989499999999996
0.67 0.4272999999999996
0.67 0.4049499999999997
0.67 0.4371499999999995
0.65 0.40244999999999953
0.67 0.4400999999999993
0.77 0.4140499999999996
0.76 0.49310000000000026
0.96 0.5041000000000002
0.97 0.4674999999999996
0.81 0.46974999999999995
0.93 0.5203500000000002
0.67 0.4491999999999998
0.96 0.4640000000000001
0.89 0.5418500000000003
0.87 0.5242500000000007
0.9 0.5051499999999999
0.96 0.5091500000000001
0.9 0.5251500000000001
0.85 0.4858000000000001
0.89 0.5764499999999998
0.85 0.5796500000000002
0.65 0.42819999999999914
0.86 0.4893000000000001
0.72 0.48790000000000006
0.86 0.4911999999999999
0.85 0.47180000000000016
0.85 0.5135999999999995
0.85 0.5500000000000004
0.85 0.56875
0.85 0.6033499999999994
0.72 0.4497
0.75 0.36495000000000055
0.85 0.3581000000000005
0.81 0.41589999999999977
0.82 0.4313499999999997
0.78 0.4495999999999998
0.86 0.5138000000000003
0.8 0.4985000000000001
0.74 0.5090500000000004
0.86 0.5835999999999997
0.87 0.5676999999999998
0.92 0.5885499999999998
0.92 0.591
0.94 0.6544500000000005
0.94 0.6684999999999998
0.94 0.6462
0.96 0.6881999999999999
0.94 0.6704000000000004
0.9 0.6696000000000006
0.89 0.6788000000000005
0.93 0.6873000000000001
0.94 0.7427999999999995
0.93 0.6698
0.94 0.71295
0.95 0.7478000000000002
0.96 0.76075
0.95 0.7208500000000007
0.96 0.7197500000000008
0.96 0.7405500000000012
0.96 0.8155999999999979
0.97 0.7835999999999982
0.97 0.8173499999999981
0.99 0.7790999999999987
0.99 0.7854499999999972
0.99 0.8251999999999989
0.99 0.8755000000000007
0.99 0.8993500000000004
0.99 0.9314000000000006
0.99 0.9386500000000005
0.99 0.9358000000000001
0.99 0.9015999999999983
0.99 0.9015499999999977
0.99 0.8784999999999984
0.99 0.936949999999999
0.99 0.9216499999999983
0.99 0.9398499999999995
0.99 0.9316499999999992
0.99 0.9037499999999992
0.99 0.8560999999999989
0.99 0.8561999999999981
0.99 0.860549999999999
0.99 0.9111999999999989
0.99 0.9522499999999993
0.99 0.8957999999999992
0.99 0.961349999999999
0.99 0.9716999999999981
0.99 0.8972999999999983
0.99 0.9729500000000002
0.99 0.9117999999999974
0.99 0.7487999999999996
0.99 0.5808000000000009
0.97 0.5277500000000005
0.98 0.6145500000000006
0.98 0.48955000000000076
0.98 0.6041000000000006
0.97 0.7162500000000002
0.98 0.7019000000000004
0.98 0.5435999999999998
0.66 0.4163000000000013
0.86 0.6455000000000006
0.83 0.6627000000000004
0.66 0.333200000000001
0.83 0.4017000000000015
0.67 0.41245000000000087
0.67 0.4664000000000002
0.92 0.5569500000000014
0.94 0.6366500000000004
0.7 0.6135999999999996
0.97 0.6818999999999985
0.97 0.6864999999999992
0.97 0.7791999999999996
0.97 0.7366999999999994
0.94 0.6513999999999995
0.99 0.6800999999999998
0.97 0.6573499999999999
0.97 0.6684500000000001
0.97 0.8267499999999995
0.97 0.8742000000000019
0.98 0.9177
0.99 0.9375499999999988
0.99 0.9259000000000002
0.99 0.946599999999998
0.97 0.9034499999999993
0.99 0.9424499999999989
0.99 0.6509000000000001
0.99 0.733300000000001
0.99 0.8260999999999986
0.99 0.8502999999999986
0.99 0.8864999999999982
0.99 0.9288999999999991
0.99 0.9456499999999997
0.98 0.9073999999999977
0.99 0.933249999999999
0.99 0.9485999999999991
0.97 0.8004999999999979
0.97 0.8165999999999976
0.97 0.7160499999999993
0.98 0.7334999999999999
0.99 0.7504499999999992
0.74 0.6240499999999998
0.75 0.6454000000000003
0.81 0.6690999999999994
0.97 0.798749999999999
0.97 0.8486999999999988
0.97 0.7999499999999979
0.97 0.7448499999999995
0.9 0.7239999999999986
0.91 0.7304999999999989
0.91 0.7282999999999993
0.93 0.7597999999999994
0.93 0.7653499999999986
0.93 0.7250999999999997
0.93 0.7264499999999998
0.91 0.7122499999999988
0.88 0.7211999999999991
0.89 0.7500499999999998
0.9 0.7668999999999992
0.97 0.7034999999999988
0.94 0.7785999999999994
0.93 0.7689499999999984
0.94 0.7485999999999993
0.9 0.7754499999999992
0.9 0.7430499999999989
0.82 0.7397499999999981
0.91 0.7580499999999999
0.91 0.7743499999999993
0.91 0.7952999999999995
0.91 0.7994000000000008
0.91 0.8068500000000012
0.91 0.8220000000000003
0.97 0.8469499999999988
0.95 0.8614500000000009
0.98 0.8696000000000003
0.99 0.8926500000000008
0.95 0.8915500000000002
0.99 0.9310499999999997
0.95 0.8406999999999996
0.95 0.8728000000000011
0.95 0.8640500000000009
0.9 0.74605
0.94 0.781549999999999
0.94 0.8179999999999988
0.91 0.7533499999999982
0.93 0.8546500000000014
0.93 0.8184999999999996
0.95 0.8363000000000004
0.95 0.8663500000000016
0.95 0.8694000000000015
0.95 0.8817500000000018
0.95 0.8493999999999993
0.94 0.7558000000000007
0.95 0.8710000000000006
0.95 0.902499999999999
0.95 0.9082500000000008
0.96 0.9201000000000004
0.96 0.9310999999999997
0.96 0.9118
0.96 0.9228000000000004
0.96 0.9321000000000013
0.96 0.9396000000000007
0.96 0.8774500000000027
0.96 0.9120500000000004
0.96 0.9382999999999986
0.96 0.9153999999999992
0.96 0.9536999999999963
0.96 0.9527499999999951
0.96 0.9529499999999974
0.96 0.9528999999999983
0.96 0.9537999999999985
0.96 0.9548499999999998
0.96 0.9544500000000004
0.96 0.9555500000000001
0.96 0.9526000000000004
0.96 0.9551000000000005
0.96 0.9574500000000005
0.96 0.9564000000000002
0.97 0.9466499999999995
0.96 0.9464999999999997
0.97 0.9491499999999998
0.96 0.9547500000000003
0.97 0.9542500000000004
0.97 0.9543000000000005
0.97 0.9270499999999977
0.96 0.8378499999999992
0.96 0.8890500000000032
0.96 0.9127000000000024
0.96 0.9317999999999991
0.96 0.9420999999999975
0.96 0.9448499999999987
0.96 0.949349999999999
0.96 0.9544999999999995
0.96 0.9510499999999996
0.97 0.9458999999999996
0.96 0.9563000000000001
0.98 0.9309499999999994
0.98 0.9595999999999997
0.98 0.9594000000000006
0.98 0.9589500000000002
0.98 0.9592499999999995
0.98 0.9681000000000014
0.98 0.9675000000000008
0.98 0.9664000000000003
0.98 0.9615500000000027
0.98 0.9707000000000018
0.98 0.9576499999999999
0.98 0.8886499999999969
0.98 0.9554499999999994
0.98 0.8850499999999982
0.98 0.9234999999999991
0.98 0.9507999999999973
0.98 0.955599999999999
0.98 0.8960999999999976
0.98 0.9163499999999977
0.96 0.8963999999999988
0.98 0.9212999999999981
0.98 0.9483499999999975
0.98 0.948899999999998
0.98 0.9465499999999988
0.98 0.9527999999999994
0.98 0.9574000000000001
0.98 0.9593
0.98 0.9508499999999992
0.98 0.9533499999999997
0.98 0.9511999999999997
0.98 0.9601500000000002
0.98 0.9632
0.98 0.9617000000000008
0.98 0.9669000000000025
0.98 0.9723500000000023
0.98 0.9215999999999966
0.98 0.8122499999999974
0.98 0.7945499999999969
0.98 0.8562999999999974
0.98 0.894649999999997
0.98 0.9354499999999988
0.98 0.9213999999999974
0.98 0.8925999999999977
0.98 0.9010499999999979
0.98 0.9268499999999977
0.98 0.9114999999999986
0.98 0.8828499999999992
0.98 0.9154999999999999
0.98 0.9384499999999986
0.98 0.9346499999999991
0.97 0.7588500000000019
0.96 0.7173000000000015
0.96 0.7792500000000007
0.96 0.8568000000000002
0.98 0.9057999999999978
0.98 0.9295999999999982
0.98 0.8592999999999996
0.96 0.9273499999999976
0.98 0.9356999999999965
0.98 0.9468499999999976
0.98 0.9528499999999981
0.98 0.946549999999998
0.96 0.9566499999999994
0.98 0.9314999999999994
0.96 0.9404999999999994
0.96 0.8328999999999998
0.96 0.8628499999999987
0.96 0.9132999999999997
0.96 0.9210999999999995
0.96 0.8751499999999985
0.96 0.913349999999998
0.96 0.9174499999999981
0.96 0.8774499999999981
0.96 0.9399499999999995
0.96 0.9431499999999996
0.96 0.9425000000000003
0.96 0.6616500000000007
0.96 0.9158
0.96 0.9459500000000005
0.96 0.7969499999999976
0.96 0.8890499999999996
0.96 0.7277000000000021
0.96 0.8710499999999997
0.96 0.8432999999999996
0.96 0.9081499999999991
0.96 0.6749500000000012
0.96 0.7015000000000005
0.96 0.7423499999999993
0.96 0.7839999999999996
0.96 0.741499999999999
0.96 0.7915000000000013
0.85 0.7629500000000004
0.96 0.829849999999999
0.85 0.7814000000000008
0.85 0.7034500000000012
0.85 0.7785500000000005
0.85 0.8075999999999997
0.86 0.8147999999999995
0.9 0.8233499999999998
0.9 0.8279999999999998
0.92 0.8376000000000016
0.92 0.842450000000002
0.92 0.8523500000000017
0.92 0.8626000000000001
0.94 0.8380999999999998
0.94 0.8721000000000001
0.94 0.8791500000000008
0.95 0.8179999999999998
0.96 0.853500000000001
0.96 0.8867500000000019
0.96 0.897950000000001
0.96 0.8386000000000016
0.96 0.8754500000000021
0.96 0.8841000000000014
0.96 0.8791500000000014
0.96 0.9041000000000001
0.96 0.9154000000000013
0.96 0.9232500000000009
0.96 0.9328000000000007
0.96 0.9422000000000001
0.96 0.9454499999999995
0.96 0.9507999999999979
0.96 0.9521999999999992
0.96 0.9557499999999993
0.96 0.9547499999999997
0.96 0.950099999999999
0.96 0.9532499999999985
0.96 0.9528
0.96 0.7764500000000024
0.96 0.7512000000000028
0.96 0.7632000000000028
0.96 0.7602000000000005
0.96 0.8194000000000004
0.96 0.8425999999999999
0.96 0.8986999999999994
0.96 0.9372999999999978
0.96 0.9410999999999987
0.96 0.9273999999999986
0.96 0.95305
0.96 0.9567500000000005
0.96 0.9336500000000002
0.96 0.9280499999999994
0.96 0.8994499999999994
0.96 0.8965999999999983
0.96 0.8696500000000006
0.96 0.8360500000000015
0.92 0.7086000000000028
0.93 0.7513500000000021
0.93 0.7998000000000018
0.93 0.8185500000000009
0.93 0.8147499999999998
0.95 0.8663000000000008
0.95 0.8950000000000009
0.95 0.9089999999999999
0.96 0.9176000000000012
0.96 0.9268500000000028
0.96 0.9277500000000033
0.96 0.9235500000000033
0.96 0.9290000000000035
0.96 0.9317000000000033
0.96 0.9400500000000029
0.96 0.9301000000000037
0.96 0.934150000000003
0.95 0.9338000000000026
0.95 0.9278500000000021
0.95 0.9362500000000017
0.95 0.9425500000000017
0.95 0.9162000000000016
0.96 0.8661500000000024
0.96 0.9269499999999996
0.96 0.9387999999999989
0.96 0.8950500000000017
0.96 0.9202999999999999
0.96 0.7642500000000004
0.96 0.7941500000000002
0.83 0.7556499999999996
0.96 0.7691000000000002
0.83 0.7746000000000001
0.83 0.7863499999999999
0.83 0.7998000000000001
0.85 0.8037999999999996
0.85 0.8099499999999993
0.95 0.8638000000000009
0.95 0.8240000000000001
0.95 0.8716500000000021
0.95 0.8935500000000008
0.95 0.8763500000000026
0.95 0.8865500000000024
0.95 0.9018000000000008
0.95 0.9002000000000012
0.95 0.9079000000000002
0.95 0.9127500000000005
0.95 0.924999999999999
0.95 0.9254499999999988
0.96 0.9310999999999987
0.96 0.9311499999999993
0.95 0.6905000000000011
0.96 0.7467999999999989
0.95 0.7957999999999988
0.96 0.8367999999999967
0.96 0.9004999999999999
0.96 0.9076000000000012
0.96 0.9297499999999999
0.96 0.9446499999999979
0.96 0.9520499999999958
0.96 0.9501999999999958
0.96 0.9554499999999986
0.96 0.95795
0.96 0.9331499999999991
0.96 0.9537499999999994
0.96 0.9530000000000001
0.96 0.9233999999999982
0.96 0.9455999999999993
0.96 0.9488500000000001
0.96 0.9548000000000003
0.96 0.9491999999999998
0.96 0.9493500000000001
0.96 0.9545500000000002
0.96 0.932699999999999
0.96 0.9576500000000007
0.96 0.9210999999999983
0.96 0.9296999999999989
0.96 0.8670999999999961
0.96 0.906049999999997
0.96 0.9332999999999971
0.96 0.9391999999999989
0.96 0.9501499999999992
0.96 0.9556499999999999
0.96 0.9578500000000002
0.96 0.9440499999999996
0.96 0.9185999999999992
0.96 0.9369999999999995
0.96 0.9422499999999994
0.96 0.9422999999999988
0.96 0.9345499999999983
0.96 0.9523499999999998
0.96 0.8395999999999983
0.96 0.8554
0.96 0.9063999999999998
0.96 0.9296999999999975
0.96 0.9299999999999984
0.96 0.8387500000000013
0.96 0.8627500000000003
0.96 0.9358999999999981
0.96 0.9062500000000003
0.96 0.9085500000000001
0.96 0.9487999999999986
0.96 0.9322999999999979
0.96 0.9503499999999987
0.96 0.9475499999999988
0.96 0.9345999999999983
0.96 0.9324499999999987
0.96 0.8882999999999993
0.96 0.943599999999999
0.96 0.9498499999999999
0.96 0.9290999999999988
0.96 0.9460999999999999
0.96 0.9512499999999998
0.96 0.9560000000000002
0.96 0.9551000000000005
0.96 0.9061499999999978
0.96 0.8795999999999964
0.96 0.9323999999999992
