0.91 0.39323000000000025
0.91 0.43239
0.96 0.4789100000000018
0.96 0.5044100000000004
0.96 0.5434900000000017
0.96 0.5638800000000003
0.96 0.5792399999999983
0.96 0.5914099999999962
0.96 0.6129699999999942
0.97 0.6292199999999986
0.97 0.6389399999999993
0.97 0.649150000000001
0.97 0.6722800000000021
0.97 0.6752600000000022
0.97 0.6772700000000029
0.97 0.6766700000000041
0.97 0.6865100000000034
0.97 0.7041700000000009
0.97 0.696520000000002
0.98 0.709630000000001
0.98 0.7157399999999972
0.98 0.7193799999999976
0.98 0.7159199999999978
0.98 0.727009999999994
0.98 0.7460899999999916
0.98 0.7397699999999912
0.98 0.7331399999999939
0.98 0.7461799999999909
0.98 0.740839999999993
0.98 0.7386299999999932
0.98 0.7513899999999896
0.98 0.7570399999999883
0.98 0.7615199999999878
0.98 0.7628499999999894
0.98 0.7676399999999881
0.98 0.7643899999999898
0.98 0.7624199999999915
0.98 0.7681899999999925
0.98 0.7862699999999923
0.98 0.7821199999999924
0.98 0.7850399999999919
0.98 0.7877999999999912
0.98 0.7893499999999919
0.98 0.7959199999999929
0.98 0.7894799999999943
0.98 0.7916399999999941
0.98 0.7940499999999943
0.98 0.7905099999999925
0.98 0.7838999999999917
0.98 0.7811799999999933
0.98 0.7872799999999899
0.98 0.7787199999999889
0.98 0.7942899999999911
0.98 0.7973299999999928
0.98 0.8021899999999919
0.98 0.8059599999999912
0.98 0.8002299999999913
0.98 0.7987199999999894
0.98 0.7897499999999907
0.98 0.7952799999999929
0.98 0.8003299999999932
0.98 0.8095999999999952
0.98 0.8096199999999952
0.98 0.8111899999999946
0.98 0.8072799999999943
0.98 0.8143499999999956
0.98 0.8062299999999932
0.98 0.819919999999997
0.98 0.8146099999999948
0.98 0.8054099999999945
0.98 0.8122499999999956
0.98 0.8087599999999926
0.98 0.8093199999999933
0.98 0.7985099999999931
0.98 0.8009899999999927
0.98 0.8088499999999939
0.98 0.8192899999999973
0.98 0.8193499999999958
0.98 0.8226199999999961
0.98 0.819109999999994
0.98 0.8277499999999957
0.98 0.8306699999999966
0.98 0.8254199999999959
0.98 0.8271199999999955
0.98 0.8206799999999956
0.98 0.8141999999999938
0.98 0.8143799999999936
0.98 0.8078799999999958
0.98 0.8095299999999924
0.98 0.8114699999999934
0.98 0.7939899999999934
0.98 0.8018199999999935
0.98 0.8196099999999946
0.98 0.8264499999999941
0.98 0.8161799999999971
0.98 0.8135199999999944
0.98 0.8260399999999982
0.98 0.8258299999999978
0.98 0.8304399999999981
0.98 0.8223399999999973
