0.36 0.6286999999999989
0.36 0.6048999999999988
0.30000000000000004 0.6160999999999991
0.30000000000000004 0.5955999999999996
0.30000000000000004 0.5921
0.36 0.6254000000000002
0.33999999999999997 0.6150000000000007
0.33999999999999997 0.6389000000000009
0.33999999999999997 0.631600000000001
0.33999999999999997 0.6200000000000015
0.33999999999999997 0.5927000000000006
0.33999999999999997 0.5846000000000011
0.33999999999999997 0.6322000000000023
0.36 0.6287000000000019
0.30000000000000004 0.6310000000000023
0.33999999999999997 0.6066000000000024
0.31999999999999995 0.6346000000000025
0.31999999999999995 0.584200000000002
0.33999999999999997 0.6355000000000018
0.4 0.6591000000000024
0.4 0.6449000000000028
0.33999999999999997 0.654600000000003
0.33999999999999997 0.6517000000000027
0.33999999999999997 0.6527000000000026
0.33999999999999997 0.6473000000000028
0.33999999999999997 0.6376000000000018
0.33999999999999997 0.6488000000000027
0.33999999999999997 0.6460000000000028
0.43999999999999995 0.663900000000003
0.33999999999999997 0.6370000000000028
0.33999999999999997 0.6197000000000027
0.33999999999999997 0.5991000000000026
0.33999999999999997 0.6181000000000028
0.33999999999999997 0.5704000000000022
0.33999999999999997 0.5323000000000018
0.24 0.5397000000000016
0.33999999999999997 0.558200000000002
0.16000000000000003 0.506400000000001
0.16000000000000003 0.5172000000000011
0.33999999999999997 0.5040000000000002
0.33999999999999997 0.5655000000000012
0.33999999999999997 0.5719000000000016
0.33999999999999997 0.5927000000000023
0.33999999999999997 0.5439000000000018
0.33999999999999997 0.5112000000000013
0.33999999999999997 0.5452000000000017
0.33999999999999997 0.5971000000000019
0.33999999999999997 0.5303000000000019
0.33999999999999997 0.5104000000000013
0.33999999999999997 0.5238000000000009
0.33999999999999997 0.4737000000000011
0.33999999999999997 0.480000000000001
0.33999999999999997 0.46710000000000085
0.36 0.47670000000000107
0.36 0.4434999999999999
0.36 0.44050000000000056
0.36 0.4574000000000008
0.36 0.42060000000000036
0.33999999999999997 0.4312000000000007
0.33999999999999997 0.3799000000000008
0.36 0.43180000000000085
0.36 0.5563000000000013
0.36 0.46870000000000034
0.36 0.4723000000000013
0.33999999999999997 0.5397000000000018
0.33999999999999997 0.5508000000000021
0.33999999999999997 0.5597000000000022
0.33999999999999997 0.5298000000000019
0.33999999999999997 0.449700000000001
0.33999999999999997 0.5181000000000019
0.33999999999999997 0.550400000000002
0.6799999999999999 0.6800000000000034
0.33999999999999997 0.6529000000000031
0.33999999999999997 0.49970000000000164
0.33999999999999997 0.5102000000000019
0.33999999999999997 0.45490000000000114
0.33999999999999997 0.4876000000000015
0.33999999999999997 0.434700000000001
0.33999999999999997 0.42480000000000123
0.33999999999999997 0.3898000000000012
0.33999999999999997 0.38240000000000135
0.33999999999999997 0.41650000000000126
0.33999999999999997 0.3967000000000015
0.33999999999999997 0.40360000000000157
0.33999999999999997 0.3987000000000016
0.33999999999999997 0.4032000000000015
0.33999999999999997 0.3916000000000016
0.33999999999999997 0.3880000000000014
0.33999999999999997 0.35130000000000144
0.33999999999999997 0.35950000000000143
0.33999999999999997 0.3553000000000013
0.33999999999999997 0.3530000000000016
0.33999999999999997 0.36480000000000173
0.33999999999999997 0.34930000000000155
0.33999999999999997 0.3541000000000016
0.33999999999999997 0.35110000000000174
0.33999999999999997 0.35360000000000164
0.33999999999999997 0.35700000000000165
0.33999999999999997 0.4047000000000016
0.33999999999999997 0.3737000000000015
0.33999999999999997 0.3753000000000015
0.33999999999999997 0.3550000000000017
0.33999999999999997 0.3655000000000014
0.33999999999999997 0.35150000000000153
0.33999999999999997 0.37420000000000136
0.33999999999999997 0.3696000000000015
0.33999999999999997 0.35150000000000164
0.33999999999999997 0.3592000000000016
0.33999999999999997 0.37780000000000163
0.33999999999999997 0.36860000000000165
0.33999999999999997 0.3729000000000014
0.33999999999999997 0.36010000000000153
0.33999999999999997 0.36760000000000154
0.33999999999999997 0.35980000000000145
0.33999999999999997 0.3600000000000015
0.33999999999999997 0.3493000000000016
0.33999999999999997 0.3487000000000017
0.33999999999999997 0.3585000000000015
0.33999999999999997 0.3618000000000014
0.33999999999999997 0.3596000000000016
0.33999999999999997 0.35150000000000153
0.33999999999999997 0.35500000000000154
0.33999999999999997 0.3663000000000018
0.33999999999999997 0.3639000000000017
0.33999999999999997 0.3582000000000016
0.33999999999999997 0.48020000000000174
0.33999999999999997 0.6000000000000028
0.33999999999999997 0.5358000000000019
0.33999999999999997 0.4420000000000014
0.6799999999999999 0.6800000000000034
0.6799999999999999 0.6800000000000034
0.33999999999999997 0.517500000000002
0.33999999999999997 0.40480000000000066
0.33999999999999997 0.5677000000000024
0.33999999999999997 0.40340000000000104
0.33999999999999997 0.6515000000000032
0.33999999999999997 0.39740000000000075
0.33999999999999997 0.3671000000000012
0.33999999999999997 0.41200000000000125
0.33999999999999997 0.37500000000000133
0.33999999999999997 0.36830000000000146
0.33999999999999997 0.6372000000000031
0.33999999999999997 0.5288000000000019
0.33999999999999997 0.4995999999999997
0.33999999999999997 0.4619000000000003
0.33999999999999997 0.6081000000000027
0.33999999999999997 0.6664000000000033
0.33999999999999997 0.6714000000000033
0.33999999999999997 0.6664000000000033
0.33999999999999997 0.6206000000000029
0.33999999999999997 0.6718000000000033
0.33999999999999997 0.6566000000000032
0.33999999999999997 0.6783000000000033
0.33999999999999997 0.6684000000000032
0.33999999999999997 0.6530000000000031
0.33999999999999997 0.6428000000000031
0.33999999999999997 0.621200000000003
0.33999999999999997 0.6316000000000028
0.33999999999999997 0.6628000000000033
0.33999999999999997 0.6766000000000034
0.6799999999999999 0.6800000000000034
0.33999999999999997 0.6732000000000034
0.33999999999999997 0.6693000000000033
0.33999999999999997 0.6747000000000034
0.33999999999999997 0.6766000000000034
0.6799999999999999 0.6798000000000033
0.6799999999999999 0.6800000000000034
0.6799999999999999 0.6800000000000034
0.6799999999999999 0.6800000000000034
0.6799999999999999 0.6800000000000034
0.6799999999999999 0.6800000000000034
0.33999999999999997 0.6749000000000034
0.33999999999999997 0.6766000000000034
0.6799999999999999 0.6800000000000034
0.6799999999999999 0.6800000000000034
0.6799999999999999 0.6800000000000034
0.6799999999999999 0.6799000000000034
0.33999999999999997 0.6666000000000032
0.6799999999999999 0.6800000000000034
0.6799999999999999 0.6800000000000034
0.6799999999999999 0.6800000000000034
0.6799999999999999 0.6800000000000034
0.6799999999999999 0.6800000000000034
0.6799999999999999 0.6800000000000034
0.6799999999999999 0.6800000000000034
0.6799999999999999 0.6800000000000034
0.6799999999999999 0.6800000000000034
0.6799999999999999 0.6800000000000034
0.6799999999999999 0.6800000000000034
0.6799999999999999 0.6800000000000034
0.6799999999999999 0.6800000000000034
0.6799999999999999 0.6800000000000034
0.6799999999999999 0.6800000000000034
0.6799999999999999 0.6800000000000034
0.6799999999999999 0.6800000000000034
0.6799999999999999 0.6800000000000034
0.6799999999999999 0.6800000000000034
0.6799999999999999 0.6800000000000034
0.6799999999999999 0.6800000000000034
0.6799999999999999 0.6800000000000034
0.6799999999999999 0.6800000000000034
0.6799999999999999 0.6800000000000034
0.6799999999999999 0.6800000000000034
0.6799999999999999 0.6800000000000034
0.6799999999999999 0.6800000000000034
0.6799999999999999 0.6800000000000034
0.6799999999999999 0.6800000000000034
0.6799999999999999 0.6800000000000034
0.6799999999999999 0.6800000000000034
0.6799999999999999 0.6800000000000034
0.6799999999999999 0.6800000000000034
0.6799999999999999 0.6800000000000034
0.6799999999999999 0.6800000000000034
0.6799999999999999 0.6800000000000034
0.6799999999999999 0.6800000000000034
0.6799999999999999 0.6800000000000034
0.6799999999999999 0.6800000000000034
0.6799999999999999 0.6800000000000034
0.6799999999999999 0.6800000000000034
0.6799999999999999 0.6800000000000034
0.6799999999999999 0.6800000000000034
0.6799999999999999 0.6800000000000034
0.6799999999999999 0.6800000000000034
0.6799999999999999 0.6800000000000034
0.6799999999999999 0.6800000000000034
0.6799999999999999 0.6800000000000034
0.6799999999999999 0.6800000000000034
0.6799999999999999 0.6800000000000034
0.6799999999999999 0.6800000000000034
0.6799999999999999 0.6800000000000034
0.6799999999999999 0.6800000000000034
0.6799999999999999 0.6800000000000034
0.6799999999999999 0.6800000000000034
0.6799999999999999 0.6800000000000034
0.6799999999999999 0.6800000000000034
0.6799999999999999 0.6800000000000034
0.6799999999999999 0.6800000000000034
0.6799999999999999 0.6800000000000034
0.6799999999999999 0.6800000000000034
0.6799999999999999 0.6800000000000034
0.6799999999999999 0.6800000000000034
0.6799999999999999 0.6800000000000034
0.6799999999999999 0.6800000000000034
0.6799999999999999 0.6800000000000034
0.6799999999999999 0.6800000000000034
0.6799999999999999 0.6800000000000034
0.6799999999999999 0.6800000000000034
0.6799999999999999 0.6800000000000034
0.6799999999999999 0.6800000000000034
0.6799999999999999 0.6800000000000034
0.6799999999999999 0.6800000000000034
0.6799999999999999 0.6800000000000034
0.6799999999999999 0.6800000000000034
0.6799999999999999 0.6800000000000034
0.6799999999999999 0.6800000000000034
0.6799999999999999 0.6800000000000034
0.6799999999999999 0.6800000000000034
0.6799999999999999 0.6800000000000034
0.6799999999999999 0.6800000000000034
0.6799999999999999 0.6800000000000034
0.6799999999999999 0.6800000000000034
0.6799999999999999 0.6800000000000034
0.6799999999999999 0.6800000000000034
0.6799999999999999 0.6800000000000034
0.6799999999999999 0.6800000000000034
0.6799999999999999 0.6800000000000034
0.6799999999999999 0.6800000000000034
0.6799999999999999 0.6800000000000034
0.6799999999999999 0.6800000000000034
0.6799999999999999 0.6800000000000034
0.6799999999999999 0.6800000000000034
0.6799999999999999 0.6800000000000034
0.6799999999999999 0.6800000000000034
0.6799999999999999 0.6800000000000034
0.6799999999999999 0.6800000000000034
0.6799999999999999 0.6800000000000034
0.6799999999999999 0.6800000000000034
0.6799999999999999 0.6800000000000034
0.6799999999999999 0.6800000000000034
0.6799999999999999 0.6800000000000034
0.6799999999999999 0.6800000000000034
0.6799999999999999 0.6800000000000034
0.6799999999999999 0.6800000000000034
0.6799999999999999 0.6800000000000034
0.6799999999999999 0.6800000000000034
0.6799999999999999 0.6800000000000034
0.6799999999999999 0.6800000000000034
0.6799999999999999 0.6800000000000034
0.6799999999999999 0.6800000000000034
0.6799999999999999 0.6800000000000034
0.6799999999999999 0.6800000000000034
0.6799999999999999 0.6800000000000034
0.6799999999999999 0.6800000000000034
0.6799999999999999 0.6800000000000034
0.6799999999999999 0.6800000000000034
0.6799999999999999 0.6800000000000034
0.6799999999999999 0.6800000000000034
0.6799999999999999 0.6800000000000034
0.6799999999999999 0.6800000000000034
0.6799999999999999 0.6800000000000034
0.6799999999999999 0.6800000000000034
0.6799999999999999 0.6800000000000034
0.6799999999999999 0.6800000000000034
0.6799999999999999 0.6800000000000034
0.6799999999999999 0.6800000000000034
0.6799999999999999 0.6800000000000034
0.6799999999999999 0.6800000000000034
0.6799999999999999 0.6800000000000034
0.6799999999999999 0.6800000000000034
0.6799999999999999 0.6800000000000034
0.6799999999999999 0.6800000000000034
0.6799999999999999 0.6800000000000034
0.6799999999999999 0.6800000000000034
0.6799999999999999 0.6800000000000034
0.6799999999999999 0.6800000000000034
0.6799999999999999 0.6800000000000034
0.6799999999999999 0.6800000000000034
0.6799999999999999 0.6800000000000034
0.6799999999999999 0.6800000000000034
0.6799999999999999 0.6800000000000034
0.6799999999999999 0.6800000000000034
0.6799999999999999 0.6800000000000034
0.6799999999999999 0.6800000000000034
0.6799999999999999 0.6800000000000034
0.6799999999999999 0.6800000000000034
0.6799999999999999 0.6800000000000034
0.6799999999999999 0.6800000000000034
0.6799999999999999 0.6800000000000034
0.6799999999999999 0.6800000000000034
0.6799999999999999 0.6800000000000034
0.6799999999999999 0.6800000000000034
0.6799999999999999 0.6800000000000034
0.6799999999999999 0.6800000000000034
0.6799999999999999 0.6800000000000034
0.6799999999999999 0.6800000000000034
0.6799999999999999 0.6800000000000034
0.6799999999999999 0.6800000000000034
0.6799999999999999 0.6800000000000034
0.6799999999999999 0.6800000000000034
0.6799999999999999 0.6800000000000034
0.6799999999999999 0.6800000000000034
0.6799999999999999 0.6800000000000034
0.6799999999999999 0.6800000000000034
0.6799999999999999 0.6800000000000034
0.6799999999999999 0.6800000000000034
0.6799999999999999 0.6800000000000034
0.6799999999999999 0.6800000000000034
0.6799999999999999 0.6800000000000034
0.6799999999999999 0.6800000000000034
0.6799999999999999 0.6800000000000034
0.6799999999999999 0.6800000000000034
0.6799999999999999 0.6800000000000034
0.6799999999999999 0.6800000000000034
0.6799999999999999 0.6800000000000034
0.6799999999999999 0.6800000000000034
0.6799999999999999 0.6800000000000034
0.6799999999999999 0.6800000000000034
0.6799999999999999 0.6800000000000034
0.6799999999999999 0.6800000000000034
0.6799999999999999 0.6800000000000034
0.6799999999999999 0.6800000000000034
0.6799999999999999 0.6800000000000034
0.6799999999999999 0.6800000000000034
0.6799999999999999 0.6800000000000034
0.6799999999999999 0.6800000000000034
0.6799999999999999 0.6800000000000034
0.6799999999999999 0.6800000000000034
0.6799999999999999 0.6800000000000034
0.6799999999999999 0.6800000000000034
0.6799999999999999 0.6800000000000034
0.6799999999999999 0.6800000000000034
0.6799999999999999 0.6800000000000034
0.6799999999999999 0.6800000000000034
0.6799999999999999 0.6800000000000034
0.6799999999999999 0.6800000000000034
0.6799999999999999 0.6800000000000034
0.6799999999999999 0.6800000000000034
0.6799999999999999 0.6800000000000034
0.6799999999999999 0.6800000000000034
0.6799999999999999 0.6800000000000034
0.6799999999999999 0.6800000000000034
0.6799999999999999 0.6800000000000034
0.6799999999999999 0.6800000000000034
0.6799999999999999 0.6800000000000034
0.6799999999999999 0.6800000000000034
0.6799999999999999 0.6800000000000034
0.6799999999999999 0.6800000000000034
0.6799999999999999 0.6800000000000034
0.6799999999999999 0.6800000000000034
0.6799999999999999 0.6800000000000034
0.6799999999999999 0.6800000000000034
0.6799999999999999 0.6800000000000034
0.6799999999999999 0.6800000000000034
0.6799999999999999 0.6800000000000034
0.6799999999999999 0.6800000000000034
0.6799999999999999 0.6800000000000034
0.6799999999999999 0.6800000000000034
0.6799999999999999 0.6800000000000034
0.6799999999999999 0.6800000000000034
0.6799999999999999 0.6800000000000034
0.6799999999999999 0.6800000000000034
0.6799999999999999 0.6800000000000034
0.6799999999999999 0.6800000000000034
0.6799999999999999 0.6800000000000034
0.6799999999999999 0.6800000000000034
0.6799999999999999 0.6800000000000034
0.6799999999999999 0.6800000000000034
0.6799999999999999 0.6800000000000034
0.6799999999999999 0.6800000000000034
0.6799999999999999 0.6800000000000034
0.6799999999999999 0.6800000000000034
0.6799999999999999 0.6800000000000034
0.6799999999999999 0.6800000000000034
0.6799999999999999 0.6800000000000034
0.6799999999999999 0.6800000000000034
0.6799999999999999 0.6800000000000034
0.6799999999999999 0.6800000000000034
0.6799999999999999 0.6800000000000034
0.6799999999999999 0.6800000000000034
0.6799999999999999 0.6800000000000034
0.6799999999999999 0.6800000000000034
0.6799999999999999 0.6800000000000034
0.6799999999999999 0.6800000000000034
0.6799999999999999 0.6800000000000034
0.6799999999999999 0.6800000000000034
0.6799999999999999 0.6800000000000034
0.6799999999999999 0.6800000000000034
0.6799999999999999 0.6800000000000034
0.6799999999999999 0.6800000000000034
0.6799999999999999 0.6800000000000034
0.6799999999999999 0.6800000000000034
0.6799999999999999 0.6800000000000034
0.6799999999999999 0.6800000000000034
0.6799999999999999 0.6800000000000034
0.6799999999999999 0.6800000000000034
0.6799999999999999 0.6800000000000034
0.6799999999999999 0.6800000000000034
0.6799999999999999 0.6800000000000034
0.6799999999999999 0.6800000000000034
0.6799999999999999 0.6800000000000034
0.6799999999999999 0.6800000000000034
0.6799999999999999 0.6800000000000034
0.6799999999999999 0.6800000000000034
0.6799999999999999 0.6800000000000034
0.6799999999999999 0.6800000000000034
0.6799999999999999 0.6800000000000034
0.6799999999999999 0.6800000000000034
0.6799999999999999 0.6800000000000034
0.6799999999999999 0.6800000000000034
0.6799999999999999 0.6800000000000034
0.6799999999999999 0.6800000000000034
0.6799999999999999 0.6800000000000034
0.6799999999999999 0.6800000000000034
0.6799999999999999 0.6800000000000034
0.6799999999999999 0.6800000000000034
0.6799999999999999 0.6800000000000034
0.6799999999999999 0.6800000000000034
0.6799999999999999 0.6800000000000034
0.6799999999999999 0.6800000000000034
0.6799999999999999 0.6800000000000034
0.6799999999999999 0.6800000000000034
0.6799999999999999 0.6800000000000034
0.6799999999999999 0.6800000000000034
0.6799999999999999 0.6800000000000034
0.6799999999999999 0.6800000000000034
0.6799999999999999 0.6800000000000034
0.6799999999999999 0.6800000000000034
0.6799999999999999 0.6800000000000034
0.6799999999999999 0.6800000000000034
0.6799999999999999 0.6800000000000034
0.6799999999999999 0.6800000000000034
0.6799999999999999 0.6800000000000034
0.6799999999999999 0.6800000000000034
0.6799999999999999 0.6800000000000034
0.6799999999999999 0.6800000000000034
0.6799999999999999 0.6800000000000034
0.6799999999999999 0.6800000000000034
0.6799999999999999 0.6800000000000034
0.6799999999999999 0.6800000000000034
0.6799999999999999 0.6800000000000034
0.6799999999999999 0.6800000000000034
0.6799999999999999 0.6800000000000034
0.6799999999999999 0.6800000000000034
0.6799999999999999 0.6800000000000034
0.6799999999999999 0.6800000000000034
0.6799999999999999 0.6800000000000034
0.6799999999999999 0.6800000000000034
0.6799999999999999 0.6800000000000034
0.6799999999999999 0.6800000000000034
0.6799999999999999 0.6800000000000034
0.6799999999999999 0.6800000000000034
0.6799999999999999 0.6800000000000034
0.6799999999999999 0.6800000000000034
0.6799999999999999 0.6800000000000034
0.6799999999999999 0.6800000000000034
0.6799999999999999 0.6800000000000034
0.6799999999999999 0.6800000000000034
0.6799999999999999 0.6800000000000034
0.6799999999999999 0.6800000000000034
0.6799999999999999 0.6800000000000034
