0.12 0.6058399999999984
0.12 0.5761399999999988
0.14 0.5440999999999991
0.18000000000000005 0.5059199999999986
0.07999999999999996 0.4816199999999989
0.07999999999999996 0.4470199999999987
0.07999999999999996 0.4226799999999991
0.07999999999999996 0.39611999999999875
0.07999999999999996 0.38239999999999896
0.07999999999999996 0.3760999999999986
0.07999999999999996 0.3699399999999986
0.09999999999999998 0.3582999999999983
0.09999999999999998 0.3462399999999988
0.09999999999999998 0.3410799999999986
0.09999999999999998 0.32569999999999866
0.09999999999999998 0.3163799999999987
0.040000000000000036 0.3131599999999987
0.040000000000000036 0.3110799999999988
0.040000000000000036 0.30493999999999893
0.040000000000000036 0.29865999999999937
0.040000000000000036 0.2937999999999993
0.040000000000000036 0.29117999999999905
0.040000000000000036 0.2884799999999993
0.040000000000000036 0.2739999999999989
0.040000000000000036 0.26629999999999926
0.040000000000000036 0.25303999999999927
0.040000000000000036 0.2488199999999995
0.040000000000000036 0.24243999999999938
0.040000000000000036 0.23271999999999932
0.040000000000000036 0.2264799999999993
0.040000000000000036 0.2336799999999995
0.040000000000000036 0.21435999999999936
0.040000000000000036 0.21679999999999938
0.040000000000000036 0.20885999999999932
0.040000000000000036 0.2129999999999993
0.040000000000000036 0.20083999999999944
0.040000000000000036 0.19887999999999956
0.040000000000000036 0.19335999999999973
0.040000000000000036 0.20387999999999992
0.040000000000000036 0.2025799999999996
0.040000000000000036 0.2050199999999999
0.040000000000000036 0.20957999999999977
0.040000000000000036 0.20643999999999935
0.040000000000000036 0.20073999999999956
0.040000000000000036 0.20707999999999943
0.040000000000000036 0.20401999999999948
0.040000000000000036 0.2055199999999993
0.040000000000000036 0.2013599999999995
0.040000000000000036 0.20065999999999945
0.040000000000000036 0.1879199999999995
0.040000000000000036 0.18937999999999974
0.040000000000000036 0.19305999999999934
0.040000000000000036 0.1928199999999993
0.040000000000000036 0.1889399999999997
0.040000000000000036 0.18923999999999958
0.040000000000000036 0.19475999999999996
0.040000000000000036 0.19179999999999967
0.040000000000000036 0.1933999999999997
0.040000000000000036 0.19159999999999963
0.040000000000000036 0.19659999999999972
0.040000000000000036 0.19047999999999968
0.040000000000000036 0.18531999999999949
0.040000000000000036 0.1774399999999996
0.040000000000000036 0.1754799999999999
0.040000000000000036 0.18299999999999975
0.040000000000000036 0.17111999999999977
0.040000000000000036 0.16701999999999947
0.040000000000000036 0.16547999999999952
0.040000000000000036 0.16103999999999968
0.040000000000000036 0.16351999999999967
0.040000000000000036 0.1636199999999995
0.040000000000000036 0.1702199999999994
0.040000000000000036 0.17473999999999934
0.040000000000000036 0.16275999999999935
0.040000000000000036 0.16463999999999931
0.040000000000000036 0.16957999999999937
0.040000000000000036 0.1713199999999996
0.040000000000000036 0.16337999999999953
0.040000000000000036 0.15781999999999957
0.040000000000000036 0.16287999999999966
0.040000000000000036 0.1496799999999995
0.040000000000000036 0.15733999999999945
0.040000000000000036 0.16209999999999955
0.040000000000000036 0.16595999999999939
0.040000000000000036 0.16181999999999958
0.040000000000000036 0.1629799999999994
0.040000000000000036 0.1687399999999997
0.040000000000000036 0.16689999999999952
0.040000000000000036 0.16909999999999958
0.040000000000000036 0.16337999999999955
0.040000000000000036 0.1638999999999995
0.040000000000000036 0.15779999999999952
0.040000000000000036 0.15933999999999948
0.040000000000000036 0.1671199999999995
0.040000000000000036 0.1682799999999998
0.040000000000000036 0.16201999999999966
0.040000000000000036 0.15491999999999964
0.040000000000000036 0.16055999999999962
0.040000000000000036 0.17471999999999954
0.040000000000000036 0.17207999999999937
