0.91 0.41678999999999977
0.91 0.4614700000000013
0.95 0.49370000000000197
0.95 0.5190900000000003
0.95 0.5403899999999983
0.95 0.5703799999999996
0.95 0.5914499999999991
0.95 0.602609999999999
0.95 0.6247799999999967
0.95 0.6406299999999978
0.95 0.6418599999999984
0.96 0.6685100000000018
0.96 0.6817700000000019
0.96 0.6978200000000023
0.96 0.7123700000000084
0.96 0.7190400000000101
0.96 0.7244900000000106
0.96 0.7379900000000086
0.97 0.7324100000000096
0.97 0.7414700000000086
0.97 0.7456300000000072
0.97 0.7490500000000071
0.97 0.7626900000000058
0.97 0.7640700000000052
0.97 0.7667500000000061
0.97 0.7850400000000045
0.97 0.7886200000000032
0.97 0.7778700000000026
0.97 0.7758500000000036
0.97 0.7852100000000036
0.97 0.7928300000000014
0.97 0.8023899999999997
0.97 0.8070399999999995
0.97 0.81428
0.97 0.8215600000000014
0.97 0.8150300000000011
0.97 0.8205800000000008
0.97 0.8333000000000004
0.97 0.8389700000000019
0.97 0.8283500000000023
0.97 0.8213100000000029
0.97 0.8357600000000017
0.97 0.8413200000000006
0.97 0.8446100000000007
0.97 0.8446000000000025
0.97 0.8308700000000023
0.97 0.8344400000000015
0.97 0.8328800000000017
0.97 0.8211000000000026
0.97 0.8314700000000003
0.97 0.8304500000000005
0.97 0.8373600000000017
0.97 0.8378100000000005
0.97 0.8450000000000024
0.97 0.8490300000000015
0.97 0.8408200000000012
0.97 0.8223500000000017
0.97 0.8312900000000005
0.97 0.8378900000000012
0.97 0.8274000000000015
0.97 0.8371700000000006
0.97 0.83964
0.97 0.8304600000000013
0.97 0.8308700000000014
0.97 0.8416400000000015
0.97 0.847990000000002
0.97 0.8507599999999989
0.97 0.8505599999999994
0.97 0.8515900000000001
0.97 0.8542099999999985
0.97 0.8604999999999959
0.97 0.8635599999999991
0.97 0.8468500000000004
0.97 0.85041
0.97 0.8472700000000003
0.97 0.8458500000000011
0.97 0.8498199999999992
0.97 0.8516699999999995
0.97 0.8505100000000002
0.97 0.8436199999999999
0.97 0.8482699999999997
0.97 0.8463399999999984
0.97 0.8453099999999985
0.97 0.8461899999999984
0.97 0.8377099999999998
0.97 0.8458499999999999
0.97 0.8404500000000007
0.97 0.8558499999999974
0.97 0.8506799999999998
0.97 0.8419199999999997
0.97 0.8420400000000011
0.97 0.8362600000000023
0.97 0.840779999999999
0.97 0.8499699999999992
0.97 0.8504299999999999
0.97 0.8484999999999988
0.97 0.8559799999999984
0.97 0.8565399999999976
0.97 0.8525599999999971
0.97 0.8505799999999976
