0.71 0.40425000000000116
0.79 0.46019999999999955
0.72 0.4404499999999999
0.72 0.4283999999999997
0.77 0.44274999999999953
0.77 0.4438499999999992
0.77 0.4181000000000001
0.77 0.4314999999999998
0.77 0.4143000000000003
0.69 0.40905000000000014
0.69 0.4051500000000001
0.69 0.4182499999999998
0.69 0.4277999999999998
0.7 0.4674999999999989
0.87 0.46469999999999856
0.88 0.4680999999999991
0.87 0.47319999999999807
0.87 0.4952499999999989
0.87 0.4937999999999987
0.87 0.45239999999999975
0.74 0.43569999999999964
0.87 0.4718999999999982
0.87 0.4856499999999992
0.87 0.5290999999999998
0.9 0.5714999999999992
0.9 0.5474499999999989
0.9 0.611249999999999
0.9 0.6600499999999992
0.9 0.6009999999999992
0.96 0.6494499999999996
0.69 0.5811999999999995
0.96 0.5957000000000005
0.96 0.5509500000000003
0.94 0.6807000000000001
0.96 0.7390999999999992
0.96 0.6872999999999995
0.86 0.543499999999999
0.92 0.6011999999999994
0.96 0.598349999999999
0.96 0.58145
0.88 0.5773000000000011
0.96 0.6324500000000003
0.94 0.6054000000000019
0.94 0.6094500000000017
0.94 0.6578000000000008
0.94 0.6603
0.86 0.4756000000000003
0.85 0.5073000000000003
0.89 0.5588500000000004
0.85 0.5913000000000007
0.92 0.5986000000000004
0.92 0.6268999999999999
0.92 0.6514
0.92 0.6784499999999997
0.94 0.5820999999999984
0.94 0.6983500000000007
0.94 0.6533999999999994
0.96 0.6474999999999992
0.95 0.6864499999999991
0.97 0.7624999999999994
0.95 0.6733499999999987
0.95 0.7028999999999983
0.97 0.7652999999999995
0.97 0.6200999999999979
0.95 0.6611499999999988
0.97 0.6538999999999983
0.97 0.7402499999999983
0.97 0.804349999999999
0.96 0.847
0.96 0.8747499999999999
0.97 0.9115000000000002
0.97 0.9326999999999985
0.98 0.9307999999999984
0.97 0.938599999999998
0.96 0.9460999999999984
0.98 0.918149999999997
0.98 0.8965499999999987
0.98 0.9
0.98 0.9424999999999985
0.98 0.814200000000001
0.98 0.86855
0.98 0.8978999999999999
0.98 0.8740499999999999
0.96 0.35600000000000004
0.98 0.7343499999999991
0.98 0.6998500000000003
0.98 0.4179500000000004
0.98 0.5963499999999999
0.97 0.6955999999999999
0.93 0.6958999999999983
0.93 0.6731499999999991
0.93 0.7362499999999986
0.96 0.7276499999999987
0.96 0.7766
0.96 0.9155500000000003
0.96 0.8906500000000002
0.96 0.8509
0.96 0.8915000000000005
0.96 0.8693000000000012
0.96 0.8880500000000005
0.96 0.8517500000000016
0.97 0.8834999999999998
0.98 0.8603000000000002
0.97 0.7030999999999995
0.98 0.8649499999999997
0.97 0.8035499999999994
0.98 0.8931999999999995
0.98 0.9280999999999977
0.98 0.9521999999999992
0.98 0.9493999999999997
0.98 0.9436499999999995
0.98 0.9556000000000004
0.98 0.9303999999999998
0.98 0.8682999999999975
0.96 0.8016499999999978
0.96 0.6807499999999993
0.96 0.7977499999999997
0.96 0.4960499999999983
0.96 0.5729499999999996
0.96 0.8015499999999999
0.96 0.9025500000000019
0.96 0.8793999999999995
0.96 0.5555499999999997
0.96 0.5559499999999997
0.96 0.6958999999999995
0.96 0.8238500000000005
0.83 0.5254500000000005
0.73 0.5094500000000004
0.84 0.5425000000000006
0.92 0.6373999999999997
0.96 0.6631499999999995
0.96 0.768499999999999
0.96 0.6405500000000005
0.96 0.6356500000000004
0.69 0.6304500000000006
0.86 0.669599999999999
0.7 0.6776499999999989
0.69 0.6850999999999985
0.8 0.6872999999999986
0.88 0.6972999999999985
0.98 0.7076999999999984
0.69 0.6873999999999986
0.98 0.7337999999999987
0.98 0.7684499999999993
0.98 0.7839999999999999
0.98 0.7901499999999991
0.98 0.8286999999999993
0.98 0.8618500000000006
0.98 0.9103500000000017
0.69 0.6858999999999985
0.69 0.6826999999999985
0.69 0.6515999999999991
0.97 0.6271499999999988
0.98 0.6567999999999995
0.98 0.706199999999999
0.95 0.6804499999999989
0.9 0.644599999999999
0.98 0.6500999999999983
0.96 0.5352499999999987
0.98 0.6781999999999984
0.98 0.6547999999999995
0.98 0.6844999999999992
0.95 0.5229999999999992
0.98 0.6374499999999992
0.96 0.6120499999999991
0.97 0.6616499999999997
0.98 0.7701999999999998
0.98 0.7544999999999995
0.97 0.7919499999999996
0.96 0.8245999999999999
0.97 0.8257000000000005
0.98 0.7285
0.95 0.6382499999999999
0.98 0.7837499999999996
0.98 0.7031999999999994
0.98 0.76965
0.95 0.722799999999999
0.98 0.7171999999999987
0.98 0.5328999999999993
0.97 0.6053999999999985
0.77 0.4673499999999986
0.97 0.5426999999999986
0.97 0.5277999999999984
0.69 0.5582999999999986
0.69 0.4478499999999977
0.98 0.6255000000000002
0.98 0.7386999999999996
0.97 0.6211999999999996
0.98 0.7649500000000005
0.69 0.43700000000000067
0.69 0.5508000000000001
0.69 0.6179000000000013
0.97 0.6193500000000004
0.96 0.6472500000000005
0.91 0.6151499999999992
0.98 0.6266499999999986
0.98 0.7494499999999995
0.98 0.8476999999999997
0.98 0.8833000000000004
0.98 0.885
0.98 0.8927000000000004
0.98 0.8300999999999984
0.98 0.8889000000000001
0.98 0.8935000000000002
0.69 0.6853999999999991
0.98 0.7009499999999985
0.98 0.8603999999999995
0.98 0.7993500000000001
0.98 0.8529500000000014
0.98 0.8634000000000005
0.98 0.5743500000000007
0.98 0.6814499999999996
0.98 0.7461999999999992
0.98 0.8336499999999986
0.98 0.7905499999999992
0.98 0.7966499999999992
0.98 0.7985999999999991
0.93 0.6727999999999996
0.98 0.8362000000000002
0.98 0.8546999999999998
0.98 0.7672499999999981
0.97 0.7087999999999988
0.97 0.7721999999999994
0.97 0.7973499999999989
0.97 0.7992999999999991
0.97 0.8452000000000001
0.96 0.7932499999999988
0.97 0.7252999999999991
0.97 0.7830499999999985
0.97 0.7595999999999988
0.97 0.8161999999999991
0.97 0.7960499999999988
0.97 0.8127500000000001
0.97 0.8612500000000015
0.97 0.8014500000000004
0.98 0.6877499999999983
0.93 0.6073499999999986
0.93 0.6544499999999986
0.98 0.7399999999999983
0.98 0.749249999999999
0.98 0.7602499999999991
0.97 0.658299999999999
0.98 0.8159999999999998
0.96 0.6677499999999984
0.69 0.6465999999999988
0.69 0.6497499999999988
0.96 0.8227000000000001
0.73 0.6777499999999986
0.82 0.6828499999999983
0.73 0.6810499999999987
0.73 0.6864999999999987
0.86 0.6862499999999985
0.73 0.6878499999999984
0.73 0.6827499999999991
0.73 0.6955999999999988
0.73 0.6924499999999987
0.74 0.6821999999999987
0.74 0.6934499999999986
0.76 0.7025999999999984
0.77 0.7065999999999982
0.77 0.7067999999999988
0.77 0.7045499999999985
0.79 0.7134499999999986
0.79 0.72155
0.92 0.7304500000000013
0.92 0.7408000000000012
0.79 0.7454000000000001
0.79 0.7550000000000003
0.91 0.7581500000000002
0.79 0.7647500000000013
0.79 0.7552500000000018
0.8 0.747550000000001
0.84 0.7001999999999987
0.94 0.7437500000000002
0.94 0.7508500000000012
0.94 0.7684000000000014
0.79 0.7356000000000011
0.79 0.7515500000000013
0.82 0.7585500000000015
0.83 0.7678500000000014
0.83 0.7752000000000012
0.83 0.7603500000000014
0.84 0.7604000000000022
0.92 0.7367000000000011
0.9 0.7094999999999995
0.95 0.7476499999999991
0.96 0.7707000000000014
0.96 0.7790000000000004
0.79 0.6343499999999992
0.96 0.8127500000000007
0.79 0.6890000000000001
0.84 0.7414500000000009
0.96 0.7691500000000012
0.87 0.7573500000000011
0.96 0.7938500000000012
0.79 0.7017999999999995
0.86 0.7137499999999988
0.79 0.7085499999999992
0.96 0.7815500000000024
0.96 0.7865000000000019
0.96 0.8085000000000009
0.96 0.8284500000000008
0.96 0.8443500000000002
0.96 0.8477999999999994
0.96 0.8855000000000007
0.87 0.7061499999999999
0.96 0.6333499999999986
0.96 0.7154999999999991
0.87 0.4914499999999983
0.96 0.7292499999999998
0.96 0.6377999999999989
0.96 0.6447499999999993
0.96 0.7099999999999995
0.79 0.5967499999999994
0.79 0.6803999999999999
0.96 0.7515999999999997
0.96 0.7310500000000003
0.96 0.7605999999999997
0.96 0.7213500000000006
0.96 0.8135500000000003
0.96 0.8372500000000006
0.79 0.7166000000000007
0.79 0.7410500000000003
0.38 0.3800000000000002
0.59 0.3841000000000001
0.71 0.3872000000000002
0.38 0.3800000000000002
0.38 0.3800000000000002
0.38 0.3800000000000002
0.38 0.3800000000000002
0.38 0.3800000000000002
0.79 0.44794999999999946
0.96 0.4776499999999986
0.79 0.4882499999999982
0.79 0.5904999999999992
0.79 0.6501500000000001
0.79 0.70545
0.79 0.7309999999999992
0.96 0.7722000000000002
0.96 0.7952500000000016
0.96 0.8087000000000011
0.96 0.8226000000000008
0.96 0.8323000000000009
0.79 0.7662000000000008
0.96 0.8324500000000015
0.96 0.8633000000000007
0.96 0.8858999999999976
0.96 0.9172499999999976
0.96 0.9237999999999984
0.96 0.9351499999999986
0.96 0.934199999999999
0.96 0.9467
0.96 0.9280499999999994
0.96 0.7412500000000002
0.96 0.9276999999999991
0.96 0.9363499999999992
0.96 0.9390999999999994
0.96 0.9266999999999987
0.96 0.9441999999999997
0.96 0.94235
0.96 0.94215
0.96 0.9348499999999997
0.96 0.9287000000000001
0.96 0.925449999999999
0.96 0.9172499999999986
0.96 0.8672499999999971
0.96 0.9258999999999987
0.96 0.9305499999999989
0.96 0.9385999999999995
0.96 0.9490500000000003
0.96 0.9362499999999992
0.96 0.9368499999999989
0.96 0.9310999999999986
0.96 0.9366999999999994
0.96 0.922149999999999
0.73 0.6884499999999986
0.96 0.906799999999998
0.96 0.9096999999999973
0.96 0.9388999999999992
0.96 0.9351999999999988
0.96 0.9292499999999994
0.96 0.9297499999999996
0.96 0.9413999999999995
0.96 0.9407999999999997
0.96 0.94505
0.96 0.9496500000000002
0.96 0.9482499999999999
0.96 0.9499500000000002
0.96 0.9376999999999992
0.96 0.9413499999999994
0.96 0.9440999999999998
0.96 0.9313999999999991
0.96 0.9348999999999996
0.96 0.9260499999999992
0.96 0.9305999999999996
0.96 0.919499999999999
0.96 0.8491499999999977
0.96 0.9234999999999993
0.96 0.9397499999999994
0.96 0.9311999999999994
0.96 0.9435499999999997
0.96 0.9476500000000004
0.96 0.9488500000000003
0.96 0.9449999999999998
0.76 0.6927499999999983
0.82 0.6899499999999983
0.96 0.8587999999999982
0.96 0.893749999999998
0.96 0.9143999999999984
0.96 0.9100499999999986
0.91 0.6754000000000002
0.76 0.576699999999998
0.73 0.6190499999999988
0.96 0.5753499999999986
0.96 0.7874499999999989
0.96 0.7811499999999993
0.96 0.7849499999999994
0.96 0.691699999999999
0.96 0.8455499999999979
0.96 0.8828999999999985
0.96 0.8950999999999979
0.96 0.9266499999999982
0.96 0.8880499999999987
0.96 0.9091499999999985
0.96 0.9150499999999991
0.96 0.9144999999999988
0.96 0.9311499999999995
0.96 0.9149999999999996
0.96 0.9290999999999996
0.96 0.9223499999999997
0.96 0.9214999999999997
0.96 0.909149999999999
0.96 0.9071999999999992
0.96 0.9036999999999992
0.96 0.9154499999999994
0.96 0.8634499999999982
0.96 0.8945999999999985
0.96 0.9116999999999993
0.96 0.9215499999999995
0.96 0.9179999999999996
0.96 0.9458500000000005
0.38 0.3800000000000002
0.96 0.523549999999998
0.96 0.5910499999999977
0.96 0.8967499999999982
0.96 0.9180999999999985
0.96 0.9270999999999987
0.96 0.9142499999999987
0.96 0.9244999999999992
0.96 0.9129999999999986
0.96 0.910549999999998
0.96 0.9179499999999985
0.96 0.9260499999999985
0.96 0.9377499999999992
0.96 0.9356999999999992
0.96 0.9370999999999994
0.96 0.9462499999999997
0.96 0.9384000000000001
0.96 0.9410000000000001
0.96 0.9385999999999999
0.96 0.935249999999999
0.96 0.9449999999999998
0.96 0.9471499999999996
0.96 0.9397
0.96 0.9166499999999992
0.96 0.913849999999998
0.97 0.6958999999999983
0.97 0.9095499999999973
0.97 0.7023499999999988
0.97 0.7164999999999994
0.97 0.7417000000000005
0.97 0.7544999999999992
0.97 0.7868999999999977
0.96 0.8364999999999985
0.96 0.8879500000000007
0.98 0.9087499999999986
0.98 0.9223499999999976
0.98 0.9297499999999996
0.96 0.9441499999999989
0.96 0.9500999999999995
0.96 0.9520500000000002
0.96 0.9488500000000003
0.97 0.9420499999999999
0.97 0.9515500000000003
0.97 0.9583000000000004
0.97 0.9596499999999983
0.97 0.9410499999999975
0.97 0.95255
0.97 0.9539499999999996
0.97 0.9523000000000001
0.97 0.9544499999999997
0.97 0.9584000000000007
0.97 0.9618000000000013
0.97 0.9566499999999993
0.97 0.9269499999999995
0.97 0.9566499999999992
0.97 0.9287999999999998
0.97 0.9612999999999992
0.97 0.9577499999999993
0.97 0.9434999999999989
