0.26 0.5574800000000002
0.26 0.51716
0.040000000000000036 0.4899000000000005
0.040000000000000036 0.4516799999999998
0.040000000000000036 0.41742000000000024
0.040000000000000036 0.40055999999999975
0.040000000000000036 0.3931399999999998
0.040000000000000036 0.3574399999999999
0.040000000000000036 0.35126
0.040000000000000036 0.3452600000000003
0.040000000000000036 0.3370600000000012
0.040000000000000036 0.3137600000000003
0.040000000000000036 0.29504
0.040000000000000036 0.28715999999999986
0.020000000000000018 0.28423999999999966
0.020000000000000018 0.28441999999999895
0.020000000000000018 0.2754399999999991
0.020000000000000018 0.283179999999999
0.0 0.2711799999999992
