0.12 0.5691400000000014
0.12 0.5284200000000008
0.12 0.49522000000000044
0.12 0.47308
0.12 0.44243999999999917
0.040000000000000036 0.42805999999999905
0.040000000000000036 0.4073199999999991
0.06000000000000005 0.3852999999999991
0.06000000000000005 0.36849999999999955
0.06000000000000005 0.3403199999999994
0.06000000000000005 0.3213199999999991
0.06000000000000005 0.31355999999999873
0.06000000000000005 0.3062799999999989
0.06000000000000005 0.304779999999999
0.06000000000000005 0.2890999999999991
0.06000000000000005 0.2839999999999992
0.06000000000000005 0.28561999999999926
0.06000000000000005 0.28039999999999937
0.06000000000000005 0.27157999999999927
0.06000000000000005 0.26523999999999953
0.06000000000000005 0.27033999999999947
0.06000000000000005 0.2575599999999998
0.06000000000000005 0.2599799999999996
0.06000000000000005 0.2500999999999996
0.06000000000000005 0.2554399999999992
0.06000000000000005 0.2517999999999992
0.06000000000000005 0.23827999999999916
0.06000000000000005 0.23725999999999917
0.06000000000000005 0.2327399999999993
0.06000000000000005 0.2204199999999994
0.06000000000000005 0.20997999999999944
0.06000000000000005 0.21259999999999957
0.06000000000000005 0.20441999999999963
0.06000000000000005 0.2023199999999993
0.06000000000000005 0.19611999999999977
0.06000000000000005 0.1916799999999997
0.06000000000000005 0.18723999999999963
0.06000000000000005 0.18675999999999962
0.06000000000000005 0.19101999999999916
0.06000000000000005 0.18349999999999966
0.06000000000000005 0.18689999999999934
0.06000000000000005 0.1902199999999994
0.06000000000000005 0.1716599999999996
0.06000000000000005 0.16781999999999941
0.06000000000000005 0.15709999999999938
0.06000000000000005 0.16419999999999937
0.06000000000000005 0.16247999999999943
0.06000000000000005 0.1625599999999993
0.06000000000000005 0.16827999999999924
0.06000000000000005 0.1708799999999992
0.06000000000000005 0.17693999999999926
0.06000000000000005 0.16517999999999933
0.06000000000000005 0.17195999999999936
0.06000000000000005 0.16879999999999945
0.06000000000000005 0.16573999999999947
0.06000000000000005 0.16235999999999945
0.06000000000000005 0.16645999999999922
0.06000000000000005 0.1768999999999994
0.06000000000000005 0.16807999999999917
0.06000000000000005 0.16593999999999923
0.06000000000000005 0.17175999999999939
0.06000000000000005 0.17585999999999938
0.06000000000000005 0.1678799999999996
0.06000000000000005 0.16321999999999953
0.06000000000000005 0.16241999999999904
0.06000000000000005 0.15897999999999926
0.06000000000000005 0.1654799999999993
0.06000000000000005 0.15305999999999928
0.06000000000000005 0.15703999999999937
0.06000000000000005 0.1555599999999994
0.06000000000000005 0.1562199999999994
0.06000000000000005 0.16225999999999965
0.06000000000000005 0.16807999999999929
0.06000000000000005 0.16187999999999933
0.06000000000000005 0.16301999999999925
0.06000000000000005 0.15089999999999928
0.06000000000000005 0.15177999999999925
0.06000000000000005 0.15091999999999955
0.06000000000000005 0.1606399999999995
0.06000000000000005 0.15215999999999963
0.06000000000000005 0.15045999999999968
0.06000000000000005 0.15605999999999948
0.06000000000000005 0.1670799999999994
0.06000000000000005 0.15499999999999942
0.06000000000000005 0.15461999999999945
0.06000000000000005 0.15335999999999939
0.06000000000000005 0.1516599999999995
0.06000000000000005 0.15031999999999943
0.06000000000000005 0.1567999999999991
0.06000000000000005 0.1526399999999993
0.06000000000000005 0.1619799999999993
0.06000000000000005 0.14893999999999952
0.06000000000000005 0.1477199999999994
0.06000000000000005 0.14161999999999964
0.06000000000000005 0.14549999999999952
0.06000000000000005 0.14295999999999942
0.06000000000000005 0.1531199999999992
0.06000000000000005 0.15635999999999936
0.06000000000000005 0.1527399999999993
0.06000000000000005 0.1554799999999994
