0.18000000000000005 0.6463799999999921
0.18000000000000005 0.6186399999999931
0.07999999999999996 0.5880999999999944
0.07999999999999996 0.5536599999999958
0.07999999999999996 0.5289599999999972
0.07999999999999996 0.5094999999999974
0.07999999999999996 0.48539999999999744
0.07999999999999996 0.47539999999999794
0.07999999999999996 0.45099999999999923
0.07999999999999996 0.42318
0.07999999999999996 0.3989999999999999
0.07999999999999996 0.37968000000000035
0.07999999999999996 0.37482000000000065
0.040000000000000036 0.36104000000000097
0.040000000000000036 0.3572600000000003
0.040000000000000036 0.3439800000000005
0.040000000000000036 0.33357999999999993
0.040000000000000036 0.3342600000000008
0.040000000000000036 0.329820000000001
0.040000000000000036 0.33364000000000055
0.040000000000000036 0.3265400000000012
0.040000000000000036 0.3203400000000012
0.040000000000000036 0.3039800000000007
0.040000000000000036 0.2980400000000006
0.040000000000000036 0.30486000000000085
0.040000000000000036 0.2883000000000008
0.040000000000000036 0.28548000000000084
0.040000000000000036 0.2801800000000005
0.040000000000000036 0.27302000000000054
0.040000000000000036 0.25796000000000086
0.040000000000000036 0.25052000000000063
0.040000000000000036 0.25474000000000047
0.040000000000000036 0.25028000000000045
0.040000000000000036 0.2456600000000004
0.040000000000000036 0.24772000000000044
0.040000000000000036 0.24260000000000057
0.040000000000000036 0.23630000000000062
0.040000000000000036 0.2385800000000004
0.040000000000000036 0.2386600000000002
0.040000000000000036 0.23524000000000034
0.040000000000000036 0.22434000000000046
0.040000000000000036 0.21834000000000015
0.040000000000000036 0.22472000000000014
0.040000000000000036 0.21049999999999988
0.040000000000000036 0.21745999999999974
0.040000000000000036 0.21976
0.040000000000000036 0.21418000000000006
0.040000000000000036 0.21392
0.040000000000000036 0.20720000000000005
0.040000000000000036 0.20372000000000007
0.040000000000000036 0.2087800000000002
0.040000000000000036 0.20438000000000028
0.040000000000000036 0.20830000000000015
0.040000000000000036 0.20770000000000025
0.040000000000000036 0.2059799999999998
0.040000000000000036 0.19224000000000005
0.040000000000000036 0.19153999999999996
0.040000000000000036 0.18576000000000006
0.040000000000000036 0.18009999999999976
0.040000000000000036 0.18400000000000002
0.040000000000000036 0.18575999999999987
0.040000000000000036 0.19466000000000006
0.040000000000000036 0.21884000000000023
0.040000000000000036 0.21760000000000004
0.040000000000000036 0.21342000000000014
0.040000000000000036 0.20496
0.040000000000000036 0.20584000000000005
0.040000000000000036 0.21116000000000026
0.040000000000000036 0.20494000000000012
0.040000000000000036 0.21314000000000005
0.040000000000000036 0.19314000000000003
0.040000000000000036 0.1909400000000002
0.040000000000000036 0.1883600000000003
0.040000000000000036 0.1922599999999999
0.040000000000000036 0.20564000000000024
0.040000000000000036 0.2071000000000001
0.040000000000000036 0.19159999999999994
0.040000000000000036 0.19132000000000024
0.040000000000000036 0.17888000000000026
0.040000000000000036 0.1714199999999998
0.040000000000000036 0.16733999999999993
0.040000000000000036 0.16647999999999982
0.040000000000000036 0.17948000000000003
0.040000000000000036 0.18249999999999988
0.040000000000000036 0.20014000000000026
0.040000000000000036 0.19592
0.040000000000000036 0.19793999999999973
0.040000000000000036 0.19982000000000022
0.040000000000000036 0.2070200000000003
0.040000000000000036 0.20698000000000025
0.040000000000000036 0.20124000000000003
0.040000000000000036 0.19968000000000027
0.040000000000000036 0.2033800000000002
0.040000000000000036 0.2127200000000004
0.040000000000000036 0.20342000000000007
0.040000000000000036 0.20046000000000003
0.040000000000000036 0.20866000000000023
0.040000000000000036 0.19187999999999997
0.040000000000000036 0.18535999999999997
0.040000000000000036 0.20193999999999995
