0.8 0.40601999999999466
0.85 0.4429499999999963
0.92 0.4718699999999979
0.93 0.5094499999999981
0.94 0.5321099999999984
0.94 0.5506100000000035
0.94 0.5804399999999998
0.94 0.604090000000003
0.95 0.625980000000005
0.95 0.6366700000000045
0.96 0.6556300000000055
0.96 0.6681200000000064
0.96 0.6778700000000044
0.96 0.6856900000000028
0.96 0.6829600000000017
0.96 0.6966600000000006
0.97 0.7002000000000015
0.97 0.6958900000000013
0.97 0.7102399999999984
0.97 0.7057699999999995
0.98 0.7183999999999965
0.98 0.7247799999999961
0.98 0.7342599999999928
0.98 0.7432999999999895
0.98 0.7525099999999886
0.98 0.7597699999999897
0.98 0.7674599999999877
0.98 0.7674299999999898
0.98 0.766679999999991
0.98 0.7747199999999925
0.98 0.787119999999994
0.98 0.7969799999999956
0.98 0.7974899999999956
0.98 0.8057899999999925
0.98 0.797329999999993
0.98 0.8016199999999938
0.98 0.8198099999999942
0.98 0.8224399999999952
0.98 0.8231899999999956
0.98 0.8296999999999961
0.98 0.8393999999999955
0.98 0.8474899999999969
0.98 0.8434799999999951
0.98 0.8521499999999961
0.98 0.8580199999999941
0.98 0.8596099999999951
0.98 0.8599599999999951
0.98 0.8576199999999965
0.98 0.8613099999999941
0.98 0.8595399999999941
0.98 0.8640699999999949
0.98 0.8693299999999927
0.98 0.8727799999999937
0.98 0.8735099999999929
0.98 0.8701199999999942
0.98 0.8718899999999924
0.98 0.8604699999999925
0.98 0.8657599999999914
0.98 0.8679899999999924
0.98 0.8779299999999942
0.98 0.8864299999999955
0.98 0.8768699999999948
0.98 0.8755299999999961
0.98 0.8750299999999954
0.98 0.8856899999999974
0.98 0.8878999999999965
0.98 0.883739999999997
0.98 0.8879999999999975
0.98 0.8848699999999984
0.98 0.8813499999999955
0.98 0.8851199999999981
0.98 0.8888699999999989
0.98 0.8855799999999961
0.98 0.8921499999999987
0.98 0.8794799999999947
0.98 0.8761899999999937
0.98 0.8757099999999953
0.98 0.857439999999993
0.98 0.8687399999999943
0.98 0.8705599999999925
0.98 0.8811699999999942
0.98 0.8774099999999943
0.98 0.8807199999999968
0.98 0.8747899999999939
0.98 0.8725699999999943
0.98 0.8748099999999949
0.98 0.8848099999999977
0.98 0.8907899999999996
0.98 0.8926000000000002
0.98 0.8890099999999995
0.98 0.8849800000000008
0.98 0.8795199999999982
0.98 0.8672799999999927
0.98 0.8729999999999947
0.98 0.8801999999999961
0.98 0.8734699999999943
0.98 0.8831799999999955
0.98 0.8814599999999974
0.98 0.8815199999999948
0.98 0.8815099999999976
