0.9 0.41102999999999495
0.9 0.46690999999999677
0.94 0.4997099999999974
0.94 0.5346300000000007
0.94 0.5680000000000013
0.94 0.5990100000000032
0.95 0.63256
0.95 0.6590800000000032
0.95 0.665310000000004
0.95 0.6832200000000017
0.95 0.6801100000000013
0.95 0.6937000000000055
0.95 0.6936400000000078
0.96 0.6913000000000097
0.96 0.6989200000000128
0.96 0.7027800000000142
0.96 0.7115800000000134
0.96 0.7200100000000151
0.96 0.7215500000000159
0.96 0.7223800000000143
0.96 0.722130000000016
0.96 0.7303800000000158
0.97 0.7257300000000161
0.97 0.7307800000000161
0.97 0.725100000000015
0.97 0.7307500000000161
0.97 0.7332100000000149
0.97 0.7497500000000149
0.97 0.7484700000000145
0.97 0.7496000000000135
0.98 0.7535800000000126
0.98 0.748490000000012
0.98 0.7581600000000107
0.98 0.7603700000000098
0.98 0.7623100000000098
0.98 0.7666300000000092
0.98 0.7667300000000078
0.98 0.7711100000000068
0.98 0.7737400000000072
0.98 0.7875700000000079
0.98 0.7977800000000073
0.98 0.7941800000000064
0.98 0.7964000000000054
0.98 0.7951700000000068
0.98 0.800670000000006
0.98 0.8060600000000024
0.98 0.8089200000000033
0.98 0.810970000000001
0.98 0.822690000000001
0.98 0.8171099999999994
0.98 0.8282700000000022
0.98 0.8198700000000022
0.98 0.8195000000000029
0.98 0.8141500000000004
0.98 0.8080099999999989
0.98 0.8232500000000038
0.98 0.823140000000006
0.98 0.8347400000000039
0.98 0.834080000000004
0.98 0.8271500000000063
0.98 0.8368600000000044
0.98 0.8386300000000042
0.98 0.836850000000004
0.98 0.8453500000000036
0.98 0.8516300000000049
0.98 0.8518600000000034
0.98 0.8470300000000028
0.98 0.8519600000000042
0.98 0.8547600000000037
0.98 0.8494400000000049
0.98 0.8490900000000046
0.98 0.8465300000000048
0.98 0.8489900000000021
0.98 0.8524200000000037
0.98 0.848320000000002
0.98 0.843530000000003
0.98 0.8485300000000027
0.98 0.8511500000000038
0.99 0.853030000000005
0.99 0.8549100000000041
0.99 0.8543200000000025
0.99 0.850800000000004
0.99 0.8499100000000048
0.99 0.8423300000000048
0.99 0.8477800000000028
0.99 0.8429000000000035
0.99 0.8476300000000044
0.99 0.840590000000004
0.99 0.8465000000000028
0.99 0.8513900000000035
0.99 0.8429200000000023
0.99 0.8432900000000036
0.99 0.8450100000000031
0.99 0.8424700000000046
0.99 0.8453600000000036
0.99 0.8478100000000051
0.99 0.8494600000000041
0.99 0.8478500000000035
0.99 0.8527700000000032
0.99 0.8597500000000038
