0.28 0.5907999999999994
0.31999999999999995 0.5722999999999994
0.48 0.5806999999999991
0.38 0.6042999999999987
0.38 0.5917999999999988
0.31999999999999995 0.625599999999999
0.31999999999999995 0.6061999999999987
0.18000000000000005 0.5934999999999989
0.33999999999999997 0.6069999999999982
0.28 0.6286999999999988
0.09999999999999998 0.5958999999999988
0.30000000000000004 0.6196999999999985
0.33999999999999997 0.6207999999999985
0.36 0.6102999999999981
0.36 0.5994999999999985
0.45999999999999996 0.6423999999999982
0.45999999999999996 0.6512999999999982
0.45999999999999996 0.6236999999999986
0.45999999999999996 0.6007999999999989
0.33999999999999997 0.6514999999999985
0.33999999999999997 0.6494999999999986
0.33999999999999997 0.6332999999999985
0.26 0.6110999999999988
0.48 0.6743999999999984
0.16000000000000003 0.6151999999999984
0.16000000000000003 0.5334999999999988
0.07999999999999996 0.47229999999999955
0.07999999999999996 0.4621999999999993
0.06000000000000005 0.4299999999999997
0.07999999999999996 0.46839999999999954
0.07999999999999996 0.40019999999999983
0.16000000000000003 0.40379999999999944
0.19999999999999996 0.37879999999999986
0.07999999999999996 0.3766000000000006
0.30000000000000004 0.5753999999999992
0.26 0.6346999999999994
0.12 0.5007999999999996
0.19999999999999996 0.4131999999999996
0.12 0.43429999999999985
0.09999999999999998 0.42169999999999946
0.06000000000000005 0.4372999999999995
0.06000000000000005 0.4499999999999998
0.06000000000000005 0.41929999999999956
0.12 0.4497999999999994
0.06000000000000005 0.4733999999999993
0.06000000000000005 0.39799999999999947
0.07999999999999996 0.41159999999999997
0.24 0.4247999999999996
0.16000000000000003 0.3864
0.06000000000000005 0.34400000000000047
0.06000000000000005 0.32930000000000076
0.16000000000000003 0.39349999999999985
0.06000000000000005 0.46889999999999893
0.33999999999999997 0.5536999999999987
0.24 0.4151
0.36 0.5638999999999981
0.36 0.4351999999999995
0.36 0.4448999999999993
0.36 0.43339999999999923
0.36 0.39360000000000034
0.36 0.37350000000000066
0.36 0.43659999999999966
0.36 0.3690000000000009
0.36 0.37070000000000086
0.33999999999999997 0.36500000000000105
0.26 0.36650000000000077
0.26 0.39739999999999986
0.19999999999999996 0.4151999999999996
0.33999999999999997 0.48849999999999916
0.24 0.46889999999999915
0.24 0.43129999999999974
0.24 0.4045
0.19999999999999996 0.41449999999999965
0.18000000000000005 0.3853999999999999
0.24 0.42569999999999986
0.26 0.3904000000000003
0.26 0.3531000000000005
0.26 0.30230000000000073
0.26 0.3165000000000005
0.26 0.26589999999999997
0.21999999999999997 0.26739999999999986
0.26 0.22460000000000008
0.26 0.24139999999999995
0.26 0.23949999999999985
0.26 0.4342999999999993
0.26 0.40910000000000013
0.26 0.34430000000000005
0.26 0.28970000000000035
0.24 0.2595000000000004
0.19999999999999996 0.26570000000000094
0.19999999999999996 0.25200000000000067
0.19999999999999996 0.322200000000001
0.09999999999999998 0.29060000000000114
0.07999999999999996 0.22250000000000028
0.09999999999999998 0.45509999999999917
0.07999999999999996 0.33330000000000026
0.18000000000000005 0.28410000000000096
0.26 0.29490000000000083
0.26 0.3221000000000009
0.26 0.31920000000000054
0.33999999999999997 0.34059999999999957
0.07999999999999996 0.4255999999999996
0.07999999999999996 0.5506999999999992
0.19999999999999996 0.47229999999999916
0.12 0.3605
0.12 0.3976999999999996
0.09999999999999998 0.5598999999999981
0.33999999999999997 0.6545999999999982
0.45999999999999996 0.6024999999999986
0.36 0.6528999999999984
0.33999999999999997 0.5213999999999988
0.36 0.630699999999998
0.33999999999999997 0.6965999999999987
0.33999999999999997 0.6453999999999982
0.33999999999999997 0.6786999999999987
0.33999999999999997 0.4356000000000001
0.33999999999999997 0.5830999999999997
0.33999999999999997 0.45959999999999995
0.30000000000000004 0.3738000000000005
0.33999999999999997 0.358800000000001
0.26 0.3398000000000005
0.33999999999999997 0.40859999999999985
0.38 0.5983999999999989
0.30000000000000004 0.4086000000000002
0.33999999999999997 0.43329999999999963
0.33999999999999997 0.5524999999999991
0.33999999999999997 0.517299999999999
0.33999999999999997 0.49119999999999936
0.33999999999999997 0.44689999999999974
0.33999999999999997 0.4284999999999997
0.33999999999999997 0.3828000000000007
0.33999999999999997 0.4080000000000005
0.33999999999999997 0.3781000000000007
0.33999999999999997 0.3490000000000013
0.33999999999999997 0.35100000000000153
0.33999999999999997 0.3590000000000012
0.33999999999999997 0.34760000000000146
0.33999999999999997 0.4146000000000004
0.33999999999999997 0.3649000000000008
0.33999999999999997 0.3506000000000013
0.33999999999999997 0.3672000000000011
0.33999999999999997 0.5061999999999998
0.33999999999999997 0.40260000000000085
0.33999999999999997 0.3684000000000009
0.33999999999999997 0.37660000000000066
0.33999999999999997 0.35370000000000135
0.33999999999999997 0.3462000000000011
0.33999999999999997 0.34560000000000135
0.33999999999999997 0.34640000000000143
0.33999999999999997 0.34630000000000144
0.33999999999999997 0.3445000000000015
0.33999999999999997 0.34310000000000157
0.33999999999999997 0.3465000000000014
0.33999999999999997 0.34560000000000135
0.33999999999999997 0.34420000000000145
0.33999999999999997 0.3434000000000016
0.33999999999999997 0.34260000000000157
0.33999999999999997 0.3440000000000017
0.33999999999999997 0.34760000000000146
0.33999999999999997 0.3412000000000016
0.33999999999999997 0.34950000000000137
0.33999999999999997 0.3478000000000014
0.33999999999999997 0.361100000000001
0.33999999999999997 0.3458000000000014
0.33999999999999997 0.362700000000001
0.33999999999999997 0.34890000000000126
0.33999999999999997 0.3420000000000015
0.33999999999999997 0.37270000000000075
0.33999999999999997 0.3477000000000013
0.33999999999999997 0.34090000000000165
0.33999999999999997 0.3575000000000012
0.33999999999999997 0.3499000000000013
0.33999999999999997 0.35090000000000116
0.33999999999999997 0.3433000000000014
0.33999999999999997 0.3405000000000017
0.33999999999999997 0.3420000000000016
0.33999999999999997 0.3408000000000017
0.33999999999999997 0.34430000000000155
0.33999999999999997 0.34360000000000157
0.33999999999999997 0.3877000000000008
0.33999999999999997 0.35510000000000114
0.33999999999999997 0.34490000000000137
0.33999999999999997 0.3441000000000015
0.33999999999999997 0.34520000000000123
0.36 0.35950000000000104
0.36 0.3505000000000011
0.36 0.34810000000000096
0.36 0.3479000000000012
0.36 0.35430000000000084
0.36 0.34950000000000125
0.36 0.34520000000000123
0.36 0.3654000000000011
0.33999999999999997 0.3739000000000006
0.33999999999999997 0.38750000000000057
0.33999999999999997 0.37680000000000063
0.33999999999999997 0.36500000000000077
0.36 0.38030000000000086
0.36 0.37660000000000077
0.36 0.36530000000000096
0.36 0.3665000000000012
0.36 0.36500000000000116
0.36 0.4108000000000002
0.36 0.3740000000000009
0.36 0.36500000000000077
0.36 0.36000000000000076
0.36 0.3683000000000009
0.36 0.3766000000000006
0.36 0.362800000000001
0.36 0.35340000000000127
0.36 0.35690000000000116
0.36 0.3519000000000011
0.36 0.3516000000000012
0.36 0.38500000000000034
0.36 0.354600000000001
0.36 0.3505000000000013
0.36 0.3462000000000014
0.36 0.3465000000000014
0.36 0.34320000000000156
0.36 0.34460000000000124
0.36 0.3454000000000013
0.36 0.34580000000000133
0.36 0.3406000000000017
0.36 0.34170000000000167
0.36 0.35360000000000125
0.36 0.3671000000000009
0.36 0.3471000000000014
0.36 0.3467000000000015
0.36 0.3557000000000011
0.36 0.3498000000000014
0.36 0.34570000000000145
0.36 0.34960000000000135
0.36 0.3489000000000012
0.36 0.3936000000000002
0.36 0.3789000000000008
0.36 0.3721000000000002
0.36 0.3554000000000007
0.36 0.3596000000000006
0.36 0.3605000000000003
0.36 0.35950000000000026
0.36 0.35920000000000035
0.36 0.35240000000000093
0.36 0.3611000000000009
0.36 0.36090000000000055
0.36 0.3595000000000006
0.36 0.3571000000000007
0.36 0.36080000000000045
0.36 0.35960000000000086
0.36 0.35850000000000065
0.36 0.3667000000000006
0.36 0.3564000000000005
0.36 0.3804000000000001
0.36 0.3614000000000005
0.36 0.3570000000000004
0.36 0.3556000000000003
0.36 0.3617000000000003
0.36 0.35970000000000013
0.36 0.3603000000000002
0.36 0.35360000000000064
0.36 0.3569000000000003
0.36 0.349700000000001
0.36 0.3509000000000008
0.36 0.36610000000000076
0.36 0.36000000000000076
0.36 0.3652000000000002
0.36 0.3622000000000001
0.36 0.3604999999999998
0.36 0.35830000000000034
0.36 0.36790000000000006
0.36 0.3566000000000004
0.36 0.3619000000000001
0.36 0.3547000000000006
0.36 0.3506000000000007
0.36 0.3934000000000007
0.36 0.36000000000000104
0.36 0.35640000000000066
0.36 0.3539000000000007
0.36 0.3485000000000008
0.36 0.36490000000000067
0.36 0.3899000000000003
0.36 0.4016999999999997
0.36 0.4181999999999995
0.36 0.35990000000000094
0.36 0.36100000000000093
0.36 0.35710000000000086
0.36 0.3582000000000013
0.36 0.36110000000000114
0.36 0.36540000000000106
0.36 0.3594000000000013
0.36 0.34280000000000144
0.36 0.38400000000000056
0.36 0.44839999999999997
0.36 0.35950000000000093
0.36 0.3459000000000013
0.36 0.34930000000000133
0.36 0.34810000000000135
0.36 0.3706000000000009
0.33999999999999997 0.40050000000000024
0.33999999999999997 0.3657000000000011
0.33999999999999997 0.3769000000000009
0.33999999999999997 0.45959999999999945
0.33999999999999997 0.45759999999999956
0.33999999999999997 0.4390999999999998
0.33999999999999997 0.3531000000000011
0.33999999999999997 0.351400000000001
0.33999999999999997 0.349100000000001
0.33999999999999997 0.34620000000000123
0.33999999999999997 0.3476000000000012
0.33999999999999997 0.364200000000001
0.33999999999999997 0.34630000000000144
0.33999999999999997 0.3483000000000014
0.33999999999999997 0.34430000000000144
0.33999999999999997 0.3578000000000012
0.33999999999999997 0.34950000000000114
0.33999999999999997 0.40520000000000017
0.33999999999999997 0.3824000000000002
0.33999999999999997 0.370200000000001
0.33999999999999997 0.35770000000000124
0.33999999999999997 0.3648000000000011
0.33999999999999997 0.355600000000001
0.33999999999999997 0.3563000000000012
0.33999999999999997 0.3533000000000011
0.33999999999999997 0.4216
0.33999999999999997 0.40680000000000016
0.33999999999999997 0.3689000000000012
0.33999999999999997 0.38060000000000066
0.33999999999999997 0.3475000000000015
0.33999999999999997 0.35270000000000146
0.33999999999999997 0.3497000000000014
0.33999999999999997 0.34970000000000134
0.33999999999999997 0.3464000000000014
0.33999999999999997 0.34240000000000165
0.33999999999999997 0.3420000000000016
0.33999999999999997 0.3453000000000015
0.33999999999999997 0.3443000000000015
0.33999999999999997 0.36400000000000093
0.33999999999999997 0.34320000000000156
0.33999999999999997 0.34230000000000166
0.33999999999999997 0.34870000000000156
0.33999999999999997 0.3432000000000016
0.33999999999999997 0.34150000000000164
0.33999999999999997 0.34230000000000166
0.33999999999999997 0.3406000000000017
0.33999999999999997 0.34130000000000166
0.33999999999999997 0.34050000000000175
0.33999999999999997 0.3428000000000015
0.33999999999999997 0.34330000000000155
0.33999999999999997 0.3401000000000017
0.33999999999999997 0.34020000000000167
0.33999999999999997 0.34040000000000165
0.33999999999999997 0.3401000000000017
0.33999999999999997 0.3411000000000017
0.33999999999999997 0.3415000000000017
0.33999999999999997 0.3412000000000017
0.33999999999999997 0.3404000000000017
0.33999999999999997 0.34010000000000173
0.33999999999999997 0.34010000000000173
0.33999999999999997 0.3414000000000017
0.33999999999999997 0.3406000000000017
0.33999999999999997 0.3441000000000016
0.33999999999999997 0.3411000000000017
0.33999999999999997 0.3405000000000017
0.33999999999999997 0.3406000000000017
0.33999999999999997 0.3406000000000017
0.33999999999999997 0.3400000000000017
0.33999999999999997 0.3411000000000017
0.33999999999999997 0.34020000000000167
0.33999999999999997 0.3400000000000017
0.33999999999999997 0.34280000000000166
0.33999999999999997 0.3431000000000017
0.33999999999999997 0.34490000000000154
0.33999999999999997 0.34270000000000145
0.33999999999999997 0.3403000000000017
0.33999999999999997 0.3413000000000016
0.33999999999999997 0.3407000000000016
0.33999999999999997 0.3404000000000017
0.33999999999999997 0.3411000000000017
0.33999999999999997 0.3441000000000015
0.33999999999999997 0.3409000000000016
0.33999999999999997 0.3405000000000017
0.33999999999999997 0.34090000000000165
0.33999999999999997 0.3446000000000016
0.33999999999999997 0.3415000000000017
0.33999999999999997 0.3437000000000016
0.33999999999999997 0.34130000000000166
0.33999999999999997 0.3429000000000017
0.33999999999999997 0.34100000000000164
0.33999999999999997 0.34100000000000164
0.33999999999999997 0.3405000000000017
0.33999999999999997 0.3411000000000016
0.33999999999999997 0.3424000000000017
0.33999999999999997 0.3417000000000017
0.33999999999999997 0.3414000000000017
0.33999999999999997 0.34220000000000167
0.33999999999999997 0.3423000000000016
0.33999999999999997 0.3406000000000017
0.33999999999999997 0.3405000000000017
0.33999999999999997 0.3402000000000017
0.33999999999999997 0.34030000000000166
0.33999999999999997 0.3403000000000017
0.33999999999999997 0.3411000000000018
0.33999999999999997 0.3413000000000017
0.33999999999999997 0.3411000000000017
0.33999999999999997 0.34280000000000155
0.33999999999999997 0.3633000000000009
0.33999999999999997 0.3563000000000011
0.33999999999999997 0.3810000000000008
0.33999999999999997 0.3849000000000007
0.33999999999999997 0.36750000000000094
0.33999999999999997 0.34070000000000156
0.33999999999999997 0.3404000000000017
0.28 0.3387000000000018
0.31999999999999995 0.3336000000000016
0.12 0.3246000000000015
0.12 0.30250000000000143
0.06000000000000005 0.2816000000000009
0.06000000000000005 0.2618000000000004
0.06000000000000005 0.2346999999999996
0.06000000000000005 0.22990000000000013
0.07999999999999996 0.20799999999999963
0.07999999999999996 0.18499999999999986
0.12 0.21420000000000036
0.07999999999999996 0.16439999999999982
0.07999999999999996 0.14219999999999997
0.07999999999999996 0.12710000000000007
0.07999999999999996 0.09820000000000008
0.07999999999999996 0.08730000000000011
0.07999999999999996 0.08150000000000014
0.07999999999999996 0.07990000000000012
0.07999999999999996 0.0863000000000001
0.07999999999999996 0.07870000000000013
0.07999999999999996 0.08310000000000008
0.07999999999999996 0.08600000000000006
0.07999999999999996 0.08360000000000001
0.07999999999999996 0.08969999999999997
0.07999999999999996 0.091
0.07999999999999996 0.08770000000000001
0.07999999999999996 0.0855
0.07999999999999996 0.08430000000000003
0.07999999999999996 0.0934
0.07999999999999996 0.08480000000000004
0.07999999999999996 0.0891
0.07999999999999996 0.08670000000000004
0.07999999999999996 0.08510000000000005
0.07999999999999996 0.08570000000000005
0.07999999999999996 0.08320000000000005
0.07999999999999996 0.08140000000000006
0.07999999999999996 0.08170000000000005
0.07999999999999996 0.08330000000000005
0.07999999999999996 0.08620000000000004
0.07999999999999996 0.08710000000000004
0.07999999999999996 0.08120000000000005
0.07999999999999996 0.08380000000000004
0.07999999999999996 0.08200000000000006
0.07999999999999996 0.08330000000000004
0.07999999999999996 0.0855
0.07999999999999996 0.09110000000000003
0.07999999999999996 0.08930000000000002
0.07999999999999996 0.0986
0.07999999999999996 0.09380000000000001
0.07999999999999996 0.11389999999999988
0.07999999999999996 0.10259999999999998
0.07999999999999996 0.08690000000000002
0.07999999999999996 0.09490000000000003
0.07999999999999996 0.0886
0.07999999999999996 0.08170000000000002
0.07999999999999996 0.08370000000000002
0.07999999999999996 0.08600000000000002
0.07999999999999996 0.08570000000000003
0.07999999999999996 0.08290000000000003
0.07999999999999996 0.08830000000000003
0.07999999999999996 0.08790000000000005
0.07999999999999996 0.08670000000000005
0.07999999999999996 0.09180000000000005
0.07999999999999996 0.09890000000000006
0.07999999999999996 0.09030000000000003
0.07999999999999996 0.10250000000000004
0.07999999999999996 0.09670000000000005
0.07999999999999996 0.08790000000000003
0.07999999999999996 0.08980000000000006
0.07999999999999996 0.08750000000000009
0.07999999999999996 0.08970000000000006
0.07999999999999996 0.08690000000000005
0.07999999999999996 0.08370000000000005
0.07999999999999996 0.08560000000000006
0.07999999999999996 0.08760000000000004
0.07999999999999996 0.08220000000000006
0.07999999999999996 0.09560000000000006
0.07999999999999996 0.11350000000000007
0.07999999999999996 0.08280000000000004
0.07999999999999996 0.08350000000000005
0.07999999999999996 0.08280000000000004
0.07999999999999996 0.0912
0.07999999999999996 0.08789999999999998
0.07999999999999996 0.08530000000000001
0.07999999999999996 0.08730000000000004
0.07999999999999996 0.09620000000000005
0.07999999999999996 0.09810000000000002
0.07999999999999996 0.08560000000000002
0.07999999999999996 0.09710000000000002
0.07999999999999996 0.08579999999999999
