0.81 0.42362000000000155
0.88 0.4722100000000031
0.94 0.4996300000000029
0.94 0.5222500000000027
0.94 0.5469400000000034
0.94 0.5672000000000027
0.96 0.5959400000000041
0.96 0.6155000000000022
0.96 0.6383800000000054
0.96 0.6501200000000045
0.97 0.6580300000000042
0.98 0.6734700000000026
0.98 0.6883300000000002
0.98 0.6925499999999984
0.98 0.7055899999999948
0.98 0.702889999999997
0.99 0.7078399999999944
0.99 0.7177599999999932
0.99 0.7205299999999925
0.99 0.7386699999999904
0.99 0.7307099999999933
0.99 0.7463499999999894
0.99 0.7443099999999887
0.99 0.7378799999999908
0.99 0.7419199999999895
0.99 0.7478099999999885
0.99 0.7559099999999865
0.99 0.7574999999999869
0.99 0.7529199999999869
0.99 0.7638899999999907
0.99 0.7698399999999916
0.99 0.7765999999999912
0.99 0.7737699999999905
0.99 0.7738899999999911
0.99 0.7729899999999917
0.99 0.7783199999999926
0.99 0.7932599999999936
0.99 0.7984099999999916
0.99 0.7785999999999917
0.99 0.7894799999999901
0.99 0.7899299999999913
0.99 0.7856599999999921
0.99 0.797499999999993
0.99 0.8014199999999928
0.99 0.7967799999999945
0.99 0.8094199999999936
0.99 0.8163699999999958
0.99 0.8140199999999964
0.99 0.816459999999996
0.99 0.8241899999999964
0.99 0.8231299999999966
0.99 0.8255399999999964
0.99 0.8165599999999962
0.99 0.8267999999999971
0.99 0.821269999999996
0.99 0.8391599999999958
0.99 0.8257699999999953
0.99 0.8342599999999951
0.99 0.8382999999999958
0.99 0.8439399999999948
0.99 0.8577199999999925
0.99 0.8515999999999908
0.99 0.8533199999999956
0.99 0.8404799999999973
0.99 0.8446799999999961
0.99 0.8478099999999953
0.99 0.8492499999999952
0.99 0.8542999999999948
0.99 0.8501999999999941
0.99 0.8479799999999932
0.99 0.8479999999999948
0.99 0.8455599999999951
0.99 0.847549999999995
0.99 0.8454999999999948
0.99 0.8506599999999933
0.99 0.8502699999999941
0.99 0.8473899999999939
0.99 0.8668199999999918
0.99 0.8604299999999921
0.99 0.8468899999999919
0.99 0.8580099999999923
0.99 0.8545099999999948
0.99 0.851149999999995
0.99 0.8575799999999897
0.99 0.8524199999999926
0.99 0.8533099999999926
0.99 0.8541799999999926
0.99 0.8656399999999953
0.99 0.861799999999996
0.99 0.8596599999999954
0.99 0.8608799999999933
0.99 0.858299999999994
0.99 0.8627199999999943
0.99 0.858829999999994
0.99 0.8558299999999956
0.99 0.854439999999998
0.99 0.8492799999999984
0.99 0.8533499999999979
0.99 0.8580499999999963
0.99 0.8558599999999972
