0.5800000000000001 0.5784999999999993
0.5800000000000001 0.5648999999999991
0.26 0.6142999999999993
0.26 0.629699999999999
0.56 0.6472999999999989
0.28 0.6194999999999984
0.24 0.6370999999999983
0.30000000000000004 0.6605999999999986
0.52 0.6581999999999987
0.30000000000000004 0.6014999999999986
0.54 0.5971999999999986
0.28 0.6202999999999986
0.18000000000000005 0.5664999999999989
0.26 0.5563999999999987
0.38 0.602999999999999
0.4 0.542899999999999
0.5800000000000001 0.6314999999999992
0.21999999999999997 0.577399999999999
0.24 0.5993999999999989
0.16000000000000003 0.570899999999999
0.07999999999999996 0.556599999999999
0.07999999999999996 0.5438999999999989
0.16000000000000003 0.47049999999999925
0.12 0.4764999999999995
0.12 0.5182999999999995
0.19999999999999996 0.43569999999999964
0.12 0.5150999999999992
0.19999999999999996 0.39510000000000006
0.12 0.46179999999999943
0.18000000000000005 0.5320999999999989
0.12 0.4674999999999993
0.5800000000000001 0.5073999999999999
0.26 0.4108999999999996
0.26 0.43290000000000006
0.26 0.5111000000000002
0.26 0.4810000000000001
0.26 0.45859999999999956
0.26 0.4597999999999994
0.26 0.37529999999999997
0.26 0.308500000000001
0.26 0.3495000000000003
0.26 0.44119999999999954
0.26 0.3843000000000004
0.26 0.3253000000000002
0.26 0.3010000000000004
0.26 0.31350000000000006
0.26 0.29050000000000037
0.26 0.3115000000000001
0.26 0.3060000000000001
0.26 0.3133000000000002
0.26 0.2922000000000002
0.26 0.29259999999999997
0.26 0.3258000000000003
0.26 0.32050000000000023
0.26 0.3021000000000001
0.26 0.2899999999999999
0.26 0.40720000000000023
0.26 0.36320000000000036
0.26 0.31750000000000034
0.26 0.31290000000000007
0.26 0.30100000000000005
0.26 0.30810000000000004
0.26 0.3199000000000001
0.26 0.31379999999999997
0.26 0.3191999999999999
0.26 0.33209999999999984
0.26 0.3030999999999999
0.26 0.3270000000000001
0.26 0.5472000000000005
0.26 0.3919000000000004
0.26 0.4689000000000006
0.26 0.46740000000000026
0.54 0.4091000000000005
0.26 0.40130000000000016
0.28 0.35230000000000045
0.28 0.32230000000000025
0.24 0.30190000000000017
0.21999999999999997 0.29239999999999994
0.12 0.2962
0.21999999999999997 0.29249999999999987
0.07999999999999996 0.28449999999999986
0.21999999999999997 0.2816999999999997
0.21999999999999997 0.2794999999999999
0.21999999999999997 0.2597999999999998
0.07999999999999996 0.2835999999999999
0.56 0.4995999999999992
0.07999999999999996 0.3089000000000002
0.56 0.4345999999999998
0.07999999999999996 0.3154000000000002
0.07999999999999996 0.3109
0.07999999999999996 0.3195000000000001
0.56 0.45689999999999953
0.56 0.42399999999999993
0.54 0.3797999999999997
0.07999999999999996 0.32909999999999984
0.07999999999999996 0.32499999999999996
0.07999999999999996 0.31410000000000016
0.07999999999999996 0.38510000000000005
0.07999999999999996 0.3436000000000004
0.07999999999999996 0.3106000000000002
0.07999999999999996 0.2866000000000002
0.07999999999999996 0.2718000000000001
0.07999999999999996 0.25800000000000023
0.07999999999999996 0.2355000000000003
0.07999999999999996 0.19360000000000038
0.07999999999999996 0.15190000000000026
0.07999999999999996 0.1587000000000001
0.07999999999999996 0.13280000000000006
0.54 0.2892999999999997
0.54 0.3186999999999997
0.54 0.3377999999999998
0.26 0.34010000000000035
0.54 0.3230000000000002
0.54 0.32220000000000026
0.56 0.35040000000000043
0.56 0.40230000000000016
0.56 0.40740000000000004
0.52 0.37300000000000044
0.28 0.38010000000000027
0.62 0.35540000000000027
0.62 0.34210000000000024
0.62 0.3069000000000002
0.62 0.2916
0.62 0.2809999999999999
0.62 0.28349999999999986
0.52 0.27819999999999984
0.52 0.2827999999999999
0.52 0.29510000000000003
0.52 0.34160000000000035
0.52 0.3379000000000005
0.52 0.3202000000000003
0.52 0.31710000000000016
0.52 0.3051999999999999
0.52 0.2862999999999999
0.52 0.28099999999999975
0.52 0.2889999999999998
0.52 0.30369999999999986
0.52 0.31389999999999973
0.52 0.32159999999999983
0.52 0.33149999999999996
0.52 0.3448999999999998
0.30000000000000004 0.3553999999999997
0.24 0.3747999999999995
0.06000000000000005 0.36459999999999987
0.07999999999999996 0.34179999999999955
0.19999999999999996 0.34699999999999936
0.16000000000000003 0.3822999999999998
0.16000000000000003 0.40760000000000013
0.14 0.35090000000000016
0.09999999999999998 0.34299999999999997
0.14 0.2701000000000001
0.19999999999999996 0.3111999999999999
0.14 0.30550000000000016
0.07999999999999996 0.2730999999999998
0.040000000000000036 0.2639999999999998
0.040000000000000036 0.2658999999999999
0.16000000000000003 0.3051999999999996
0.52 0.3431999999999997
0.12 0.3224999999999996
0.52 0.3344999999999998
0.52 0.3362999999999999
0.56 0.3422999999999999
0.56 0.35849999999999943
0.56 0.37579999999999963
0.56 0.3946999999999992
0.56 0.3764999999999992
0.56 0.36729999999999924
0.56 0.38779999999999937
0.56 0.4180999999999993
0.56 0.41789999999999944
0.56 0.4138999999999994
0.56 0.44109999999999994
0.56 0.43370000000000025
0.56 0.4575000000000014
0.56 0.47500000000000125
0.16000000000000003 0.46250000000000135
0.16000000000000003 0.45310000000000095
0.07999999999999996 0.43560000000000065
0.07999999999999996 0.4233000000000007
0.07999999999999996 0.3574000000000005
0.07999999999999996 0.43220000000000175
0.56 0.471400000000002
0.26 0.43620000000000125
0.26 0.45020000000000104
0.56 0.5546000000000015
0.56 0.4851999999999989
0.56 0.5656000000000014
0.56 0.5523000000000003
0.56 0.5728000000000011
0.5 0.5610000000000002
0.56 0.5357000000000014
0.19999999999999996 0.5349000000000013
0.19999999999999996 0.5293000000000011
0.19999999999999996 0.5007000000000013
0.19999999999999996 0.497200000000002
0.56 0.5287000000000017
0.19999999999999996 0.4999000000000012
0.19999999999999996 0.5186000000000012
0.19999999999999996 0.4838000000000014
0.19999999999999996 0.4872000000000012
0.19999999999999996 0.28959999999999914
0.26 0.41640000000000144
0.28 0.4429999999999996
0.56 0.3329000000000006
0.26 0.4647999999999985
0.56 0.3380999999999999
0.56 0.35129999999999934
0.56 0.35779999999999895
0.56 0.40659999999999863
0.56 0.42030000000000056
0.56 0.4306000000000013
0.56 0.4715000000000019
0.56 0.5163000000000014
0.56 0.5392000000000011
0.56 0.562000000000001
0.56 0.5592000000000013
0.56 0.5654000000000011
0.56 0.5680000000000011
0.54 0.7232999999999989
0.54 0.715999999999999
0.54 0.7069999999999989
0.54 0.7026999999999988
0.62 0.7238999999999991
0.62 0.716699999999999
0.56 0.7053999999999987
0.54 0.6246000000000009
0.28 0.5517
0.28 0.5447999999999998
0.28 0.5793999999999988
0.56 0.5569000000000011
0.56 0.5559000000000013
0.56 0.5705000000000006
0.56 0.5686000000000004
0.28 0.5367000000000011
0.56 0.5588000000000014
0.19999999999999996 0.5347000000000012
0.21999999999999997 0.5331000000000014
0.56 0.5592000000000014
0.28 0.5339000000000008
0.56 0.5605000000000016
0.56 0.5672000000000008
0.56 0.5778000000000003
0.56 0.5711000000000008
0.56 0.5627000000000015
0.56 0.5621000000000015
0.56 0.5612000000000015
0.56 0.5614000000000015
0.56 0.5621000000000013
0.56 0.5614000000000015
0.56 0.5624000000000016
0.56 0.5607000000000015
0.56 0.5623000000000015
0.56 0.6151999999999993
0.56 0.6520999999999983
0.56 0.5753000000000007
0.56 0.6064999999999994
0.56 0.6082999999999994
0.56 0.570200000000001
0.56 0.5633000000000014
0.54 0.5598000000000014
0.54 0.5614000000000015
0.54 0.5606000000000015
0.54 0.5588000000000015
0.54 0.569600000000001
0.54 0.6410999999999983
0.54 0.6814999999999987
0.54 0.5848000000000007
0.54 0.5636000000000013
0.54 0.6082999999999994
0.5 0.5628000000000012
0.5 0.5754000000000007
0.28 0.5638000000000007
0.28 0.6830999999999986
0.43999999999999995 0.6402999999999982
0.18000000000000005 0.5844999999999995
0.14 0.5005000000000007
0.14 0.4665000000000004
0.14 0.42650000000000027
0.14 0.40469999999999984
0.07999999999999996 0.32730000000000004
0.07999999999999996 0.34059999999999996
0.07999999999999996 0.2348
0.07999999999999996 0.17510000000000014
0.07999999999999996 0.1401000000000002
0.07999999999999996 0.1128000000000001
0.07999999999999996 0.11379999999999998
0.07999999999999996 0.10040000000000003
0.07999999999999996 0.10110000000000002
0.07999999999999996 0.12659999999999996
0.07999999999999996 0.16280000000000006
0.07999999999999996 0.12470000000000005
0.07999999999999996 0.12920000000000018
0.07999999999999996 0.11470000000000007
0.07999999999999996 0.13859999999999995
0.07999999999999996 0.10829999999999995
0.07999999999999996 0.10429999999999998
0.07999999999999996 0.11119999999999998
0.07999999999999996 0.12240000000000001
0.07999999999999996 0.3258000000000002
0.12 0.34759999999999974
0.07999999999999996 0.13149999999999998
0.07999999999999996 0.26760000000000006
0.07999999999999996 0.41299999999999926
0.07999999999999996 0.3644999999999998
0.07999999999999996 0.22500000000000026
0.07999999999999996 0.2044000000000002
0.07999999999999996 0.14329999999999996
0.07999999999999996 0.22800000000000012
0.07999999999999996 0.15649999999999994
0.07999999999999996 0.17300000000000015
0.07999999999999996 0.44799999999999934
0.07999999999999996 0.3679
0.72 0.7393999999999993
0.56 0.7240999999999991
0.64 0.7180999999999994
0.14 0.6814999999999987
0.09999999999999998 0.15350000000000003
0.09999999999999998 0.12890000000000007
0.07999999999999996 0.09870000000000001
0.07999999999999996 0.1052
0.09999999999999998 0.12230000000000006
0.09999999999999998 0.09320000000000006
0.09999999999999998 0.15869999999999987
0.09999999999999998 0.0998
0.09999999999999998 0.09530000000000002
0.09999999999999998 0.09059999999999999
0.09999999999999998 0.08949999999999997
0.09999999999999998 0.10489999999999998
0.09999999999999998 0.1322000000000002
0.09999999999999998 0.10980000000000015
0.09999999999999998 0.11420000000000007
0.07999999999999996 0.17069999999999994
0.07999999999999996 0.09789999999999999
0.07999999999999996 0.08849999999999997
0.07999999999999996 0.08809999999999996
0.07999999999999996 0.08819999999999997
0.07999999999999996 0.08709999999999994
0.07999999999999996 0.08769999999999993
0.07999999999999996 0.08569999999999992
0.07999999999999996 0.0980999999999999
0.07999999999999996 0.09509999999999992
0.07999999999999996 0.08759999999999996
0.07999999999999996 0.08779999999999999
0.07999999999999996 0.08659999999999993
0.07999999999999996 0.10289999999999994
0.07999999999999996 0.09289999999999993
0.07999999999999996 0.09809999999999997
0.07999999999999996 0.10519999999999992
0.07999999999999996 0.13769999999999988
0.07999999999999996 0.12599999999999992
0.07999999999999996 0.10399999999999993
0.07999999999999996 0.11279999999999993
0.07999999999999996 0.2173
0.07999999999999996 0.17389999999999986
0.07999999999999996 0.13899999999999993
0.07999999999999996 0.17549999999999988
0.07999999999999996 0.2727000000000002
0.07999999999999996 0.13439999999999994
0.07999999999999996 0.11019999999999994
0.07999999999999996 0.10969999999999994
0.07999999999999996 0.10999999999999995
0.07999999999999996 0.10319999999999992
0.07999999999999996 0.1091999999999999
0.07999999999999996 0.10369999999999994
0.07999999999999996 0.10669999999999993
0.07999999999999996 0.2052
0.07999999999999996 0.11669999999999994
0.07999999999999996 0.13549999999999993
0.07999999999999996 0.1482999999999999
0.07999999999999996 0.15169999999999992
0.07999999999999996 0.11919999999999994
0.07999999999999996 0.10809999999999999
0.07999999999999996 0.106
0.07999999999999996 0.1081
0.07999999999999996 0.1096
0.07999999999999996 0.10510000000000001
0.07999999999999996 0.10659999999999999
0.07999999999999996 0.1084
0.07999999999999996 0.11310000000000002
0.07999999999999996 0.11309999999999996
0.07999999999999996 0.1143
0.07999999999999996 0.11779999999999999
0.07999999999999996 0.11019999999999998
0.07999999999999996 0.09510000000000005
0.07999999999999996 0.1109
0.07999999999999996 0.09400000000000004
0.07999999999999996 0.09260000000000006
0.07999999999999996 0.09230000000000003
0.07999999999999996 0.10180000000000002
0.07999999999999996 0.10100000000000002
0.07999999999999996 0.14820000000000028
0.07999999999999996 0.23619999999999955
0.07999999999999996 0.20719999999999966
0.07999999999999996 0.2418999999999998
0.07999999999999996 0.19219999999999993
0.07999999999999996 0.2012999999999998
0.07999999999999996 0.14579999999999996
0.07999999999999996 0.1519999999999999
0.07999999999999996 0.14359999999999992
0.07999999999999996 0.12419999999999996
0.07999999999999996 0.12109999999999997
0.07999999999999996 0.10340000000000002
0.07999999999999996 0.24679999999999974
0.07999999999999996 0.13419999999999999
0.07999999999999996 0.14759999999999995
0.07999999999999996 0.18569999999999975
0.07999999999999996 0.1745
0.07999999999999996 0.1042
0.07999999999999996 0.11590000000000002
0.07999999999999996 0.12789999999999999
0.07999999999999996 0.17650000000000016
0.07999999999999996 0.25059999999999943
0.07999999999999996 0.31059999999999943
0.040000000000000036 0.3612
0.040000000000000036 0.3163000000000001
0.040000000000000036 0.3152999999999994
0.07999999999999996 0.343399999999999
0.07999999999999996 0.1605999999999999
0.07999999999999996 0.157
0.07999999999999996 0.14989999999999992
0.07999999999999996 0.1186000000000001
0.07999999999999996 0.12639999999999996
0.07999999999999996 0.11959999999999997
0.07999999999999996 0.14409999999999992
0.07999999999999996 0.26089999999999963
0.07999999999999996 0.19709999999999997
0.07999999999999996 0.10529999999999998
0.07999999999999996 0.1697000000000004
0.07999999999999996 0.1364000000000003
0.07999999999999996 0.1036000000000001
0.07999999999999996 0.36000000000000015
0.07999999999999996 0.3167000000000001
0.07999999999999996 0.2550999999999999
0.07999999999999996 0.15540000000000045
0.07999999999999996 0.08870000000000011
0.07999999999999996 0.08490000000000003
0.07999999999999996 0.08440000000000002
0.07999999999999996 0.1177000000000002
0.07999999999999996 0.08610000000000001
0.07999999999999996 0.09080000000000003
0.07999999999999996 0.08230000000000004
0.07999999999999996 0.07950000000000007
0.07999999999999996 0.08010000000000003
0.07999999999999996 0.08770000000000003
0.07999999999999996 0.09799999999999995
0.07999999999999996 0.0861
0.07999999999999996 0.08509999999999998
0.07999999999999996 0.09779999999999997
0.07999999999999996 0.31440000000000046
0.07999999999999996 0.428800000000001
0.07999999999999996 0.29220000000000035
0.07999999999999996 0.17999999999999985
0.07999999999999996 0.11689999999999989
0.07999999999999996 0.10499999999999993
0.07999999999999996 0.08729999999999989
0.07999999999999996 0.08889999999999992
0.07999999999999996 0.09189999999999995
0.07999999999999996 0.08909999999999993
0.07999999999999996 0.08749999999999993
0.07999999999999996 0.08689999999999996
0.07999999999999996 0.08769999999999994
0.07999999999999996 0.08449999999999994
0.07999999999999996 0.09279999999999995
0.07999999999999996 0.08679999999999997
0.07999999999999996 0.08600000000000002
0.07999999999999996 0.15730000000000036
0.07999999999999996 0.13329999999999997
0.07999999999999996 0.11130000000000008
0.07999999999999996 0.07980000000000007
0.07999999999999996 0.16589999999999985
0.07999999999999996 0.19679999999999992
0.07999999999999996 0.15849999999999986
0.07999999999999996 0.5348000000000009
0.56 0.6069000000000002
0.07999999999999996 0.5919000000000002
0.56 0.633999999999999
0.56 0.6180999999999999
0.56 0.6598999999999985
0.56 0.5991000000000009
0.56 0.5855000000000012
0.56 0.6176999999999997
0.56 0.5906000000000009
0.56 0.5987000000000005
0.56 0.5794000000000012
0.56 0.5978000000000006
0.56 0.5750000000000011
0.56 0.582900000000001
0.56 0.5747000000000012
0.56 0.5707000000000013
0.56 0.5684000000000015
0.56 0.5691000000000013
0.56 0.5644000000000013
0.56 0.5621000000000014
0.56 0.5709000000000013
0.56 0.5721000000000014
0.56 0.5612000000000015
0.07999999999999996 0.49900000000000105
0.07999999999999996 0.4195000000000004
0.07999999999999996 0.3277000000000004
0.07999999999999996 0.3456
