0.78 0.3943500000000006
0.78 0.4077999999999998
0.76 0.4314999999999991
0.69 0.41124999999999934
0.69 0.40969999999999956
0.89 0.4471499999999983
0.79 0.44139999999999857
0.79 0.43954999999999833
0.69 0.4405499999999987
0.74 0.4463499999999987
0.79 0.41919999999999996
0.79 0.45279999999999854
0.78 0.4418499999999987
0.73 0.42204999999999904
0.77 0.4329499999999987
0.88 0.43729999999999913
0.66 0.4083499999999992
0.74 0.42554999999999965
0.65 0.40349999999999964
0.65 0.4074999999999992
0.7 0.44289999999999835
0.66 0.4538999999999985
0.7 0.44154999999999867
0.76 0.4774999999999985
0.66 0.4066999999999998
0.81 0.4505499999999987
0.64 0.4112999999999996
0.66 0.4269499999999988
0.66 0.42379999999999884
0.84 0.4445999999999987
0.69 0.3855500000000006
0.66 0.4209999999999987
0.76 0.4345499999999988
0.82 0.40965000000000046
0.82 0.4670499999999982
0.87 0.45189999999999897
0.87 0.4612499999999982
0.67 0.4553499999999984
0.66 0.46034999999999876
0.69 0.48484999999999845
0.69 0.4840999999999993
0.69 0.46599999999999897
0.66 0.5129500000000004
0.71 0.5429999999999996
0.66 0.4589999999999983
0.73 0.38995000000000013
0.66 0.4032499999999992
0.69 0.3996999999999992
0.66 0.44229999999999836
0.66 0.45234999999999803
0.66 0.43999999999999845
0.73 0.49679999999999863
0.66 0.5260499999999998
0.66 0.5475499999999998
0.7 0.5585000000000001
0.66 0.5942499999999996
0.97 0.59815
0.97 0.6060499999999993
0.93 0.6157999999999998
0.85 0.639449999999999
0.97 0.6460499999999988
0.87 0.5667999999999992
0.85 0.4950499999999996
0.8 0.4708999999999992
0.77 0.47639999999999927
0.85 0.5579499999999998
0.71 0.43079999999999896
0.85 0.49579999999999946
0.66 0.40495000000000003
0.84 0.538699999999999
0.78 0.43219999999999925
0.72 0.4752
0.64 0.4665500000000008
0.66 0.5020500000000006
0.66 0.5566499999999994
0.66 0.5741499999999999
0.79 0.5959499999999999
0.66 0.5233999999999996
0.66 0.5975
0.66 0.604749999999999
0.66 0.6234500000000002
0.65 0.6159499999999988
0.66 0.6244500000000005
0.66 0.6380999999999993
0.66 0.6307999999999994
0.66 0.6194999999999997
0.66 0.6343999999999999
0.8 0.6528999999999995
0.8 0.6575999999999982
0.66 0.6414499999999983
0.66 0.6516499999999987
0.66 0.6420999999999993
0.66 0.6326999999999996
0.66 0.6340999999999996
0.66 0.6295999999999988
0.66 0.6409499999999986
0.66 0.6411499999999986
0.66 0.650299999999998
0.66 0.6492499999999977
0.66 0.6380999999999978
0.66 0.639049999999998
0.66 0.636149999999998
0.66 0.6423499999999978
0.66 0.6429499999999979
0.66 0.6402499999999977
0.66 0.6411999999999974
0.66 0.6420499999999976
0.66 0.6442999999999978
0.66 0.6219499999999977
0.66 0.6427999999999976
0.66 0.6413499999999976
0.66 0.6434999999999975
0.66 0.6390999999999978
0.66 0.6418499999999976
0.66 0.6437999999999978
0.66 0.6452499999999982
0.66 0.6483499999999982
0.66 0.6495499999999977
0.66 0.6509499999999978
0.66 0.6517999999999979
0.66 0.6550499999999978
0.66 0.645299999999998
0.66 0.6418499999999976
0.66 0.6498499999999976
0.66 0.6537499999999976
0.66 0.3834500000000017
0.66 0.4080000000000011
0.66 0.5963999999999987
0.66 0.6114499999999979
0.66 0.6292499999999983
0.66 0.6283499999999983
0.66 0.6413499999999981
0.66 0.6398999999999981
0.66 0.6519999999999978
0.66 0.6432999999999975
0.66 0.6530499999999977
0.66 0.6451999999999978
0.66 0.6489499999999974
0.66 0.6548999999999977
0.66 0.6464499999999976
0.66 0.6528999999999976
0.66 0.6479499999999976
0.66 0.6488499999999975
0.66 0.6520999999999977
0.66 0.6413999999999979
0.66 0.6413499999999978
0.66 0.641699999999998
0.66 0.6443499999999976
0.66 0.6506499999999975
0.66 0.6464499999999976
0.66 0.6476499999999982
0.66 0.6437499999999977
0.66 0.6381499999999978
0.66 0.6408499999999975
0.66 0.6425499999999975
0.66 0.6524999999999976
0.66 0.6532999999999977
0.66 0.6459999999999977
0.66 0.6519999999999975
0.66 0.6530499999999975
0.66 0.6529499999999975
0.66 0.6498999999999977
0.66 0.6541499999999979
0.66 0.6468999999999981
0.66 0.6481499999999979
0.66 0.6433999999999982
0.66 0.6471999999999977
0.66 0.6522999999999978
0.66 0.6550499999999974
0.66 0.6550999999999975
0.66 0.6417999999999977
0.66 0.6459499999999976
0.66 0.6439499999999981
0.66 0.6505999999999981
0.66 0.646049999999998
0.66 0.6539499999999976
0.66 0.6450499999999976
0.66 0.6466999999999976
0.66 0.6496999999999977
0.66 0.6516999999999977
0.66 0.6534499999999979
0.66 0.6516999999999976
0.66 0.6481999999999977
0.66 0.6529999999999977
0.66 0.6500999999999978
0.66 0.6544499999999976
0.66 0.6513499999999973
0.66 0.6505499999999975
0.66 0.6540999999999975
0.66 0.6512999999999977
0.66 0.6508999999999978
0.66 0.6507999999999976
0.66 0.6526999999999975
0.66 0.6460999999999976
0.66 0.6474999999999974
0.66 0.6515499999999976
0.66 0.6506499999999975
0.66 0.6520999999999976
0.66 0.6510499999999976
0.66 0.6430499999999977
0.66 0.6472499999999977
0.66 0.6515999999999977
0.66 0.6432499999999978
0.66 0.6502999999999978
0.66 0.6483499999999975
0.66 0.6441999999999978
0.66 0.6543999999999974
0.66 0.6567999999999975
0.66 0.6568499999999975
0.66 0.6568999999999976
0.66 0.6536999999999976
0.66 0.6552499999999974
0.66 0.6593999999999974
0.66 0.6528999999999976
0.66 0.6567499999999977
0.66 0.6538499999999978
0.66 0.6473499999999978
0.66 0.6545999999999976
0.66 0.6557999999999974
0.66 0.6167999999999975
0.66 0.6417999999999977
0.66 0.6520499999999976
0.66 0.6505999999999976
0.66 0.6557499999999976
0.66 0.6545999999999976
0.66 0.6556999999999978
0.66 0.657499999999998
0.66 0.6524499999999978
0.66 0.6578499999999976
0.66 0.6458499999999977
0.66 0.6283999999999978
0.66 0.6514999999999976
0.66 0.5367999999999992
0.66 0.6225999999999979
0.66 0.6150999999999981
0.66 0.6455999999999977
0.66 0.6434999999999976
0.66 0.6519499999999978
0.66 0.6576999999999974
0.66 0.6581999999999976
0.66 0.6538999999999976
0.66 0.6597999999999975
0.66 0.6593499999999974
0.66 0.6409999999999978
0.66 0.6357499999999984
0.66 0.6466999999999982
0.66 0.6437499999999982
0.66 0.6449999999999979
0.66 0.546449999999999
0.66 0.6042999999999976
0.66 0.6300499999999978
0.66 0.5718499999999995
0.66 0.6056999999999976
0.66 0.6168999999999975
0.66 0.6025999999999982
0.66 0.6011999999999983
0.66 0.6252499999999975
0.66 0.6347499999999984
0.66 0.6401499999999993
0.66 0.6474999999999986
0.66 0.6505999999999978
0.66 0.6530999999999976
0.66 0.6506499999999973
0.66 0.6530499999999975
0.66 0.6460499999999978
0.66 0.6452499999999981
0.66 0.6180499999999991
0.66 0.6305499999999995
0.66 0.6429999999999988
0.66 0.6425999999999985
0.66 0.6474999999999989
0.66 0.6467999999999985
0.66 0.6492999999999983
0.66 0.6463999999999979
0.66 0.6518499999999977
0.66 0.6511499999999976
0.66 0.40289999999999937
0.66 0.4537499999999981
0.66 0.5078999999999979
0.66 0.514449999999998
0.66 0.5876499999999991
0.66 0.5985499999999999
0.66 0.5149000000000001
0.66 0.5473999999999998
0.66 0.6306499999999993
0.66 0.5831499999999992
0.66 0.6088499999999989
0.66 0.6466000000000004
0.66 0.6537499999999993
0.66 0.6542999999999987
0.66 0.6264999999999992
0.66 0.6556499999999987
0.66 0.6535499999999981
0.66 0.6553499999999981
0.66 0.6445999999999978
0.66 0.6468499999999984
0.66 0.6581999999999982
0.66 0.6567499999999982
0.66 0.6411999999999974
0.66 0.6599499999999975
0.66 0.6599499999999975
0.66 0.6596999999999976
0.66 0.6599499999999975
0.66 0.6594999999999976
0.66 0.6441499999999976
0.66 0.6581499999999976
0.66 0.6483999999999976
0.66 0.6290999999999978
0.66 0.6490999999999978
0.66 0.6550999999999975
0.66 0.6581499999999977
0.66 0.6589499999999974
0.66 0.6597499999999974
0.66 0.6565499999999974
0.66 0.6592499999999977
0.66 0.6418999999999976
0.66 0.6562499999999976
0.66 0.6594999999999974
0.66 0.6598999999999975
0.66 0.6563499999999977
0.66 0.6598499999999974
0.66 0.6582499999999978
0.66 0.6589999999999974
0.66 0.6589499999999974
0.66 0.6595999999999975
0.66 0.6414499999999976
0.66 0.6538999999999976
0.66 0.6596999999999976
0.66 0.6562499999999978
0.66 0.6590999999999974
0.66 0.6580999999999975
0.66 0.6593499999999974
0.66 0.6579999999999974
0.66 0.6582499999999974
0.66 0.6552499999999979
0.66 0.6014999999999983
0.66 0.37270000000000153
0.66 0.45219999999999966
0.66 0.5315999999999987
0.66 0.4489499999999989
0.66 0.5837999999999991
0.66 0.6387499999999986
0.66 0.6158999999999983
0.66 0.6535499999999983
0.66 0.649549999999998
0.66 0.657399999999998
0.66 0.6588499999999978
0.66 0.6584499999999975
0.66 0.6582499999999976
0.66 0.6598999999999975
0.66 0.6595499999999979
0.66 0.6596999999999976
0.66 0.6595999999999976
0.66 0.6590999999999977
0.66 0.6599499999999975
0.66 0.6595999999999975
0.66 0.6595999999999975
0.66 0.6598499999999974
0.66 0.6588499999999975
0.66 0.6598999999999975
0.66 0.6592499999999977
0.66 0.6596499999999975
0.66 0.6590499999999977
0.66 0.6599999999999975
0.66 0.6576999999999974
0.66 0.6597999999999976
0.66 0.6599499999999975
0.66 0.6599499999999975
0.66 0.6599499999999975
0.66 0.6598999999999974
0.66 0.6597499999999975
0.66 0.6590999999999976
0.66 0.6599999999999975
0.66 0.6598499999999976
0.66 0.6597499999999975
0.66 0.6597499999999975
0.66 0.6586499999999976
0.66 0.6591999999999976
0.66 0.6596499999999975
0.66 0.6599499999999975
0.66 0.6596999999999974
0.66 0.6440499999999975
0.66 0.6517499999999974
0.66 0.6567999999999975
0.66 0.6583999999999974
0.66 0.6598499999999976
0.66 0.6599999999999975
0.66 0.6598499999999974
0.66 0.6599999999999975
0.66 0.6599499999999975
0.66 0.6567499999999974
0.66 0.6598999999999975
0.66 0.6596999999999974
0.66 0.5775999999999971
0.66 0.6406499999999974
0.66 0.6396499999999974
0.66 0.6470499999999976
0.66 0.6489999999999975
0.66 0.6478499999999976
0.66 0.651399999999998
0.66 0.6572999999999978
0.66 0.6598999999999975
0.66 0.6599499999999975
0.66 0.6596999999999976
0.66 0.6597999999999975
0.66 0.6597499999999975
0.66 0.6578499999999976
0.66 0.6598499999999974
0.66 0.6595999999999974
0.66 0.6599999999999975
0.66 0.6585999999999976
0.66 0.6599999999999975
0.66 0.6293499999999973
0.66 0.6597999999999974
0.66 0.6599999999999975
0.66 0.6473999999999975
0.66 0.6444999999999977
0.66 0.6595499999999975
0.66 0.6597499999999975
0.66 0.6569999999999976
0.66 0.647999999999998
0.66 0.6599499999999975
0.66 0.6595999999999974
0.66 0.6598499999999974
0.66 0.6599499999999975
0.66 0.6599499999999975
0.66 0.6599999999999975
0.66 0.6598999999999974
0.66 0.6579999999999974
0.66 0.6598499999999974
0.66 0.6595999999999975
0.66 0.629299999999998
0.66 0.6578999999999975
0.66 0.6592499999999976
0.66 0.6599499999999975
0.66 0.6328999999999974
0.66 0.6564999999999973
0.66 0.6425499999999974
0.66 0.6566499999999975
0.66 0.6599499999999975
0.66 0.6598499999999974
0.66 0.6582999999999974
0.66 0.6178999999999985
0.66 0.6597999999999974
0.66 0.6486999999999975
0.66 0.5858499999999972
0.66 0.6288499999999972
0.66 0.6553499999999974
0.66 0.6599999999999975
0.66 0.6553499999999974
0.66 0.6596499999999976
0.66 0.6596499999999975
0.66 0.6581999999999976
0.66 0.6493499999999978
0.66 0.6599999999999975
0.66 0.6590999999999976
0.66 0.6105499999999985
0.66 0.5914499999999989
0.66 0.6583999999999977
0.66 0.6595499999999975
0.66 0.6597999999999975
0.66 0.6596999999999974
0.66 0.6597999999999974
0.66 0.6497499999999983
0.66 0.647499999999998
0.66 0.6395999999999983
0.66 0.6285499999999987
0.66 0.647599999999999
0.66 0.5501499999999977
0.66 0.4438999999999986
0.66 0.4899499999999971
0.66 0.4357499999999985
0.66 0.556199999999998
0.66 0.5692999999999984
0.66 0.5162499999999968
0.66 0.3989499999999995
0.66 0.3604000000000003
0.66 0.495599999999997
0.66 0.524599999999997
0.66 0.6049999999999977
0.66 0.5276499999999971
0.66 0.6479499999999981
0.66 0.6553499999999977
0.66 0.5195999999999993
0.66 0.6285999999999978
0.66 0.38779999999999987
0.66 0.4347999999999985
0.66 0.6191999999999986
0.66 0.4121499999999992
0.66 0.38770000000000004
0.37 0.34855000000000047
0.35 0.3500000000000004
0.35 0.3500000000000004
0.36 0.3481000000000006
0.36 0.3464500000000006
0.36 0.34640000000000065
0.66 0.40745
0.66 0.3674500000000004
0.35 0.28760000000000085
0.57 0.34185000000000115
