0.7 0.3823999999999995
0.7 0.4221499999999995
0.7 0.44139999999999985
0.7 0.4130499999999998
0.7 0.4313499999999998
0.7 0.4203999999999997
0.9 0.4407000000000001
0.85 0.45119999999999977
0.7 0.4147999999999996
0.7 0.4390499999999997
0.8 0.43979999999999964
0.78 0.43654999999999966
0.86 0.4758499999999995
0.7 0.4887
0.88 0.48564999999999964
0.82 0.5037499999999997
0.88 0.5225999999999997
0.77 0.48655000000000015
0.78 0.4588499999999998
0.78 0.49500000000000005
0.78 0.5375999999999999
0.7 0.48085
0.7 0.4689499999999998
0.71 0.47479999999999933
0.91 0.5087499999999996
0.7 0.4666499999999994
0.71 0.47599999999999976
0.77 0.5351500000000001
0.9 0.5690999999999992
0.7 0.52085
0.7 0.580049999999999
0.69 0.579749999999999
0.79 0.5654499999999997
0.75 0.5745999999999996
0.75 0.5905499999999995
0.77 0.5854999999999994
0.75 0.5879999999999994
0.75 0.6122499999999993
0.75 0.47519999999999996
0.75 0.44834999999999975
0.75 0.48479999999999984
0.7 0.46754999999999997
0.76 0.5550499999999995
0.78 0.5681999999999988
0.8 0.5987499999999993
0.82 0.6110999999999999
0.82 0.5981499999999992
0.86 0.5924999999999995
0.79 0.5720999999999989
0.94 0.6275999999999994
0.94 0.6675999999999996
0.94 0.5862999999999994
0.84 0.6378499999999994
0.74 0.6132000000000001
0.7 0.5731499999999993
0.79 0.5290499999999995
0.7 0.5309499999999991
0.82 0.6003499999999989
0.7 0.6058499999999989
0.7 0.6183999999999994
0.7 0.6189999999999991
0.7 0.5940499999999989
0.8 0.608299999999999
0.87 0.569999999999999
0.84 0.5554499999999996
0.8 0.5543499999999995
0.7 0.6286499999999989
0.73 0.6594999999999999
0.85 0.6855000000000006
0.7 0.6690500000000006
0.7 0.6506499999999997
0.84 0.6142499999999991
0.92 0.6285999999999992
0.7 0.6336000000000008
0.7 0.5333999999999991
0.7 0.6034999999999997
0.7 0.5667499999999993
0.7 0.6436000000000003
0.7 0.5276000000000007
0.7 0.5553500000000003
0.7 0.647350000000001
0.7 0.5937499999999998
0.7 0.681350000000001
0.9 0.6848000000000009
0.97 0.6631500000000018
0.97 0.7164500000000017
0.92 0.6624500000000013
0.7 0.6337000000000014
0.7 0.6700000000000014
0.7 0.6857000000000011
0.76 0.689650000000001
0.7 0.6227500000000016
0.7 0.6989000000000012
0.7 0.6964000000000011
0.7 0.679750000000002
0.7 0.6899500000000015
0.72 0.6887000000000019
0.7 0.6928000000000017
0.71 0.6788000000000015
0.73 0.6934500000000015
0.7 0.698400000000001
0.7 0.6975000000000011
0.7 0.6455000000000016
0.7 0.6546500000000017
0.73 0.6646000000000017
0.76 0.6599000000000018
0.85 0.6986500000000012
0.7 0.6927500000000013
0.7 0.6972500000000013
0.7 0.6941500000000018
0.7 0.6872000000000013
0.7 0.697300000000001
0.7 0.6964500000000011
0.7 0.6957000000000012
0.7 0.6930500000000015
0.7 0.6938500000000013
0.7 0.6962000000000014
0.82 0.676550000000002
0.82 0.681900000000002
0.82 0.672350000000002
0.82 0.6962500000000016
0.85 0.7027000000000015
0.76 0.6703500000000018
0.9 0.6654500000000018
0.82 0.6846000000000017
0.84 0.6619500000000023
0.85 0.6876500000000024
0.76 0.5857000000000007
0.7 0.5432000000000001
0.76 0.6414000000000012
0.76 0.6694000000000017
0.7 0.6800000000000023
0.7 0.6895500000000012
0.7 0.6966000000000012
0.7 0.6902500000000016
0.7 0.6992500000000013
0.82 0.684950000000002
0.82 0.674550000000003
0.82 0.6508500000000023
0.82 0.615600000000001
0.83 0.5237000000000004
0.83 0.6040000000000006
0.74 0.6080500000000009
0.89 0.6727000000000022
0.9 0.6055000000000009
0.91 0.557950000000001
0.97 0.627900000000001
0.97 0.6776000000000019
0.97 0.7006000000000019
0.97 0.6641500000000018
0.97 0.6832500000000011
0.97 0.7622500000000001
0.97 0.7929999999999982
0.97 0.823449999999998
0.97 0.8667
0.97 0.7563000000000022
0.97 0.8261500000000015
0.97 0.8624000000000016
0.97 0.9018499999999992
0.97 0.7837999999999987
0.97 0.8130000000000002
0.97 0.8335499999999989
0.97 0.8508999999999979
0.97 0.9011499999999983
0.97 0.9371499999999986
0.97 0.9509999999999992
0.97 0.8232999999999998
0.97 0.7238000000000016
0.97 0.7614500000000004
0.97 0.7133000000000007
0.97 0.744050000000001
0.97 0.8384000000000014
0.97 0.7656000000000016
0.97 0.8703000000000007
0.97 0.8538500000000004
0.97 0.694300000000002
0.97 0.8461999999999996
0.97 0.8854500000000008
0.97 0.8014499999999996
0.97 0.8403999999999989
0.97 0.8600000000000003
0.97 0.7553500000000019
0.97 0.6810000000000014
0.97 0.7324500000000009
0.97 0.5716999999999993
0.97 0.7250000000000011
0.97 0.8343999999999994
0.97 0.8711999999999992
0.97 0.9233499999999987
0.97 0.940349999999999
0.97 0.9462499999999991
0.97 0.7890499999999985
0.97 0.883149999999998
0.97 0.8398499999999962
0.97 0.892799999999998
0.97 0.9055499999999985
0.97 0.9213499999999999
0.97 0.9536999999999991
0.97 0.9475999999999988
0.97 0.9553999999999992
0.97 0.9553999999999988
0.97 0.8724499999999993
0.97 0.8985999999999994
0.97 0.9259499999999996
0.97 0.9417499999999995
0.97 0.8564
0.97 0.948549999999999
0.97 0.9329999999999992
0.97 0.9491499999999994
0.97 0.9339999999999994
0.97 0.9554999999999986
0.97 0.956049999999999
0.97 0.965299999999999
0.97 0.962499999999999
0.97 0.9597999999999991
0.97 0.9548999999999991
0.97 0.9584499999999986
0.97 0.9671499999999988
0.97 0.967799999999999
0.97 0.960249999999999
0.97 0.9654999999999988
0.97 0.9631999999999991
0.97 0.9631999999999991
0.97 0.9685999999999991
0.97 0.965749999999999
0.97 0.964999999999999
0.97 0.9585999999999991
0.97 0.9533499999999989
0.97 0.9566999999999989
0.97 0.9594499999999989
0.97 0.9514999999999995
0.97 0.9445999999999986
0.97 0.9589499999999989
0.97 0.9574499999999992
0.97 0.9483499999999988
0.97 0.9405499999999993
0.97 0.957349999999999
0.97 0.9405499999999996
0.97 0.9546499999999993
0.97 0.9670999999999991
0.97 0.961349999999999
0.97 0.9469999999999983
0.97 0.9569499999999986
0.97 0.9582999999999988
0.97 0.9643499999999989
0.97 0.9606999999999989
0.97 0.9608499999999991
0.97 0.9582999999999984
0.97 0.9592999999999989
0.97 0.9621499999999987
0.97 0.9606999999999989
0.97 0.9656999999999988
0.97 0.963049999999999
0.97 0.9572499999999988
0.97 0.9524999999999989
0.97 0.9613999999999989
0.97 0.965399999999999
0.97 0.9606499999999991
0.97 0.9648999999999991
0.97 0.9603999999999989
0.97 0.954099999999999
0.97 0.957049999999999
0.97 0.9522499999999988
0.97 0.9626499999999991
0.97 0.954399999999999
0.97 0.9562999999999989
0.97 0.9515499999999993
0.97 0.9354999999999992
0.97 0.9620499999999987
0.97 0.9618499999999988
0.97 0.9547499999999995
0.97 0.9673999999999991
0.97 0.9569999999999991
0.97 0.9535999999999989
0.97 0.9566999999999992
0.97 0.9629999999999989
0.97 0.9641499999999991
0.97 0.9599499999999989
0.97 0.960299999999999
0.97 0.9605999999999986
0.97 0.962649999999999
0.97 0.9558999999999989
0.97 0.9093499999999983
0.97 0.8360499999999963
0.97 0.9004000000000001
0.97 0.9520999999999988
0.97 0.9595499999999991
0.97 0.9622499999999989
0.97 0.9465999999999996
0.97 0.9648999999999991
0.97 0.953749999999999
0.97 0.964349999999999
0.97 0.9632499999999992
0.97 0.9595999999999987
0.97 0.9607499999999992
0.97 0.9602999999999992
0.97 0.9500499999999994
0.97 0.963249999999999
0.97 0.965749999999999
0.97 0.9590499999999988
0.97 0.9512999999999991
0.97 0.967599999999999
0.97 0.9563499999999996
0.97 0.953299999999999
0.97 0.9552499999999992
0.97 0.9591499999999991
0.97 0.9579499999999989
0.97 0.9203999999999989
0.97 0.9434999999999992
0.97 0.9101499999999987
0.97 0.9369999999999991
0.97 0.9406999999999995
0.97 0.8004999999999994
0.97 0.9060500000000005
0.97 0.8697499999999997
0.97 0.9296999999999995
0.97 0.8354
0.97 0.7839499999999988
0.97 0.84125
0.97 0.7739999999999987
0.97 0.8133000000000001
0.97 0.7517
0.97 0.8076000000000002
0.97 0.8770500000000009
0.97 0.9078499999999995
0.97 0.9438999999999994
0.97 0.95125
0.97 0.9351499999999987
0.97 0.9512999999999988
0.97 0.8761999999999988
0.97 0.7397500000000009
0.97 0.8480499999999968
0.97 0.8994499999999995
0.97 0.9218499999999992
0.97 0.9573999999999991
0.97 0.9585499999999993
0.97 0.9680999999999991
0.97 0.9666499999999992
0.97 0.9596999999999991
0.97 0.9536999999999991
0.97 0.9254999999999992
0.95 0.8139500000000031
0.97 0.8431000000000034
0.97 0.8094000000000036
0.97 0.9054000000000031
0.97 0.938299999999999
0.97 0.9580499999999984
0.97 0.9242999999999988
0.97 0.9592499999999988
0.97 0.960749999999999
0.97 0.960499999999999
0.97 0.9682499999999987
0.97 0.9622499999999989
0.97 0.9561499999999993
0.97 0.9415999999999992
0.97 0.9565499999999979
0.97 0.8750500000000001
0.97 0.9564999999999989
0.97 0.9356999999999984
0.97 0.9480499999999975
0.97 0.9521499999999962
0.97 0.9586499999999962
0.97 0.9576499999999974
0.97 0.9615499999999985
0.97 0.962249999999999
0.97 0.9621999999999988
0.97 0.9651499999999993
0.97 0.9636499999999993
0.97 0.960799999999999
0.97 0.964849999999999
0.97 0.9212999999999992
0.97 0.9391999999999995
0.97 0.9610499999999991
0.97 0.9551999999999987
0.97 0.9658499999999992
0.97 0.9636499999999991
0.97 0.963549999999999
0.97 0.9574999999999992
0.97 0.9633999999999991
0.97 0.9621499999999992
0.97 0.8842
0.97 0.960099999999999
0.97 0.9617999999999991
0.97 0.9647999999999989
0.97 0.9699499999999991
0.97 0.9623999999999991
0.97 0.9662999999999989
0.97 0.965299999999999
0.97 0.958949999999999
0.97 0.941349999999999
0.97 0.941149999999999
0.97 0.9511999999999985
0.97 0.962099999999999
0.97 0.9606999999999988
0.97 0.9602999999999988
0.97 0.9642499999999989
0.97 0.9588999999999992
0.97 0.9505499999999992
0.97 0.9686499999999992
0.97 0.959349999999999
0.97 0.9625999999999989
0.97 0.967049999999999
0.97 0.9668499999999989
0.97 0.968199999999999
0.97 0.964699999999999
0.97 0.9597499999999991
0.97 0.964999999999999
0.97 0.9613999999999987
0.97 0.9624999999999991
0.97 0.9411999999999984
0.97 0.9529999999999988
0.97 0.9613999999999991
0.97 0.9650999999999991
0.97 0.9648499999999989
0.97 0.9573999999999988
0.97 0.9639999999999987
0.97 0.966349999999999
0.97 0.9676499999999989
0.97 0.9675499999999989
0.97 0.9666499999999991
0.97 0.9697999999999989
0.97 0.9637499999999991
0.97 0.964399999999999
0.97 0.966949999999999
0.97 0.9668999999999989
0.97 0.967699999999999
0.97 0.9637999999999992
0.97 0.9645999999999991
0.97 0.9531499999999994
0.97 0.9640499999999992
0.97 0.955599999999999
0.97 0.966149999999999
0.97 0.968549999999999
0.97 0.965249999999999
0.97 0.969349999999999
0.97 0.968799999999999
0.97 0.9629999999999993
0.97 0.9498999999999994
0.97 0.9498499999999992
0.97 0.9584999999999994
0.97 0.9582999999999992
0.97 0.9602999999999992
0.97 0.9623499999999993
0.97 0.9624499999999991
0.97 0.959549999999999
0.97 0.9632499999999989
0.97 0.9652999999999992
0.97 0.966499999999999
0.97 0.9630499999999991
0.97 0.9606999999999989
0.97 0.964549999999999
0.97 0.9478999999999991
0.97 0.961899999999999
0.97 0.9582999999999988
0.97 0.9669999999999991
0.97 0.9646999999999991
0.97 0.9651999999999988
0.97 0.967349999999999
0.97 0.9682499999999991
0.97 0.9698999999999991
0.97 0.9339500000000003
0.97 0.9356500000000001
0.97 0.956849999999999
0.97 0.9618499999999992
0.97 0.962799999999999
0.97 0.966549999999999
0.97 0.9659999999999989
0.97 0.966199999999999
0.97 0.9505499999999992
0.97 0.9680999999999992
0.97 0.9684999999999991
0.97 0.9640999999999988
0.97 0.9642499999999989
0.97 0.9497499999999988
0.97 0.9614499999999988
0.97 0.9644499999999989
0.97 0.9567499999999989
0.97 0.966199999999999
0.97 0.9585999999999992
0.97 0.6335999999999983
0.97 0.6465999999999987
0.97 0.5524499999999982
0.97 0.8293500000000011
0.97 0.9505499999999992
0.97 0.9602999999999988
0.97 0.9352999999999997
0.97 0.9687999999999988
0.97 0.9688499999999989
0.97 0.9648999999999991
0.97 0.9520999999999994
0.97 0.9652999999999992
0.97 0.966549999999999
0.97 0.9615499999999991
0.97 0.9631999999999991
0.97 0.9661499999999991
0.97 0.9658499999999992
0.97 0.9645499999999992
0.97 0.9124999999999993
0.97 0.9397499999999992
0.97 0.9569999999999989
