0.12 0.6233000000000045
0.07999999999999996 0.5905400000000054
0.09999999999999998 0.5664200000000054
0.09999999999999998 0.5333200000000047
0.09999999999999998 0.5182200000000039
0.09999999999999998 0.4812000000000032
0.14 0.46148000000000244
0.14 0.4377600000000014
0.14 0.41954000000000263
0.14 0.3985600000000025
0.14 0.38942000000000204
0.14 0.38808000000000326
0.14 0.36522000000000276
0.14 0.35718000000000305
0.14 0.35030000000000266
0.14 0.3366000000000027
0.14 0.3347600000000031
0.14 0.34250000000000275
0.14 0.34016000000000346
0.14 0.33092000000000305
0.14 0.3255000000000026
0.14 0.30440000000000267
0.14 0.29602000000000256
0.14 0.2980400000000028
0.14 0.29812000000000266
0.14 0.2849800000000024
0.14 0.28612000000000226
0.14 0.2768600000000021
0.14 0.2787400000000021
0.14 0.2688200000000019
0.14 0.26736000000000154
0.14 0.26590000000000147
0.14 0.26122000000000123
0.14 0.25622000000000134
0.14 0.25682000000000077
0.09999999999999998 0.24674000000000115
0.09999999999999998 0.24788000000000118
0.09999999999999998 0.24818000000000096
0.09999999999999998 0.24692000000000094
0.09999999999999998 0.2502200000000006
0.09999999999999998 0.23832000000000084
0.09999999999999998 0.23602000000000087
0.09999999999999998 0.23734000000000097
0.09999999999999998 0.2503200000000008
0.09999999999999998 0.24356000000000055
0.09999999999999998 0.2416800000000005
0.09999999999999998 0.23988000000000045
0.09999999999999998 0.2384400000000008
0.09999999999999998 0.23770000000000058
0.09999999999999998 0.22656000000000087
0.09999999999999998 0.22662000000000074
0.09999999999999998 0.22978000000000048
0.09999999999999998 0.23290000000000075
0.09999999999999998 0.225540000000001
0.09999999999999998 0.2231200000000009
0.09999999999999998 0.22428000000000076
0.09999999999999998 0.23118000000000047
0.09999999999999998 0.23280000000000087
0.09999999999999998 0.23262000000000063
0.09999999999999998 0.22774000000000053
0.09999999999999998 0.23490000000000072
0.09999999999999998 0.23002000000000045
0.09999999999999998 0.22554000000000077
0.09999999999999998 0.2331200000000008
0.09999999999999998 0.23108000000000095
0.09999999999999998 0.22500000000000103
0.09999999999999998 0.23522000000000085
0.09999999999999998 0.22448000000000046
0.09999999999999998 0.21396000000000093
0.09999999999999998 0.21356000000000078
0.09999999999999998 0.21804000000000065
0.09999999999999998 0.2209000000000004
0.09999999999999998 0.22358000000000058
0.09999999999999998 0.22260000000000055
0.09999999999999998 0.21416000000000057
0.09999999999999998 0.22102000000000077
0.09999999999999998 0.21760000000000096
0.09999999999999998 0.20910000000000106
0.09999999999999998 0.21838000000000063
0.09999999999999998 0.21264000000000088
0.09999999999999998 0.21200000000000083
0.09999999999999998 0.20526000000000058
0.09999999999999998 0.20854000000000036
0.09999999999999998 0.20820000000000038
0.09999999999999998 0.20672000000000046
0.09999999999999998 0.2094200000000004
0.09999999999999998 0.21994000000000094
0.09999999999999998 0.21268000000000073
0.09999999999999998 0.20344000000000048
0.09999999999999998 0.2005200000000004
0.09999999999999998 0.20714000000000043
0.09999999999999998 0.21350000000000086
0.09999999999999998 0.2114000000000008
0.09999999999999998 0.21606000000000045
0.09999999999999998 0.20702000000000065
0.09999999999999998 0.20938000000000057
0.09999999999999998 0.21700000000000058
0.09999999999999998 0.21934000000000053
0.09999999999999998 0.20758000000000065
0.09999999999999998 0.20996000000000045
