0.16000000000000003 0.5911600000000048
0.07999999999999996 0.5542600000000037
0.07999999999999996 0.5192200000000032
0.09999999999999998 0.49014000000000213
0.040000000000000036 0.46322000000000224
0.040000000000000036 0.435300000000002
0.040000000000000036 0.41150000000000164
0.020000000000000018 0.3891400000000015
0.020000000000000018 0.3656400000000021
0.020000000000000018 0.362440000000002
0.020000000000000018 0.3412600000000022
0.020000000000000018 0.3271800000000023
0.020000000000000018 0.32090000000000235
0.020000000000000018 0.2995600000000027
0.040000000000000036 0.29494000000000264
0.040000000000000036 0.30492000000000247
0.040000000000000036 0.2953400000000022
0.040000000000000036 0.28876000000000235
0.040000000000000036 0.2830800000000021
0.040000000000000036 0.275960000000002
0.040000000000000036 0.2698400000000023
0.040000000000000036 0.26318000000000175
0.040000000000000036 0.2510600000000018
0.040000000000000036 0.2552400000000016
0.040000000000000036 0.2470800000000009
0.040000000000000036 0.23800000000000107
0.040000000000000036 0.2385400000000012
0.040000000000000036 0.23660000000000092
0.040000000000000036 0.24276000000000095
0.040000000000000036 0.24118000000000078
0.040000000000000036 0.24166000000000118
0.040000000000000036 0.2334200000000011
0.040000000000000036 0.2354000000000006
0.040000000000000036 0.23414000000000043
0.040000000000000036 0.2237000000000003
0.040000000000000036 0.21552000000000043
0.040000000000000036 0.2087600000000005
0.040000000000000036 0.22708000000000092
0.040000000000000036 0.23282000000000114
0.040000000000000036 0.22206000000000045
0.040000000000000036 0.2155000000000007
0.040000000000000036 0.22862000000000066
0.040000000000000036 0.21802000000000063
0.040000000000000036 0.21556000000000103
0.040000000000000036 0.213180000000001
0.040000000000000036 0.20490000000000072
0.040000000000000036 0.23338000000000045
0.040000000000000036 0.22286000000000084
0.040000000000000036 0.2187600000000006
0.040000000000000036 0.20848000000000064
0.040000000000000036 0.20404000000000017
0.040000000000000036 0.2105599999999999
0.040000000000000036 0.21074
0.040000000000000036 0.20300000000000018
0.040000000000000036 0.20472000000000046
0.040000000000000036 0.20479999999999998
0.040000000000000036 0.2025800000000004
0.040000000000000036 0.20228000000000015
0.040000000000000036 0.18694000000000024
0.040000000000000036 0.18306000000000003
0.040000000000000036 0.18622000000000016
0.040000000000000036 0.1867000000000004
0.040000000000000036 0.1860400000000001
0.040000000000000036 0.18282000000000048
0.040000000000000036 0.18212000000000025
0.040000000000000036 0.17637999999999956
0.040000000000000036 0.1763599999999997
0.040000000000000036 0.18229999999999977
0.040000000000000036 0.16259999999999966
0.040000000000000036 0.15907999999999936
0.040000000000000036 0.16007999999999944
0.040000000000000036 0.15689999999999926
0.040000000000000036 0.14765999999999935
0.040000000000000036 0.14499999999999932
0.040000000000000036 0.15333999999999923
0.040000000000000036 0.1500399999999994
0.040000000000000036 0.1449799999999994
0.040000000000000036 0.1600999999999994
0.040000000000000036 0.1616599999999994
0.040000000000000036 0.15421999999999958
0.040000000000000036 0.1478199999999993
0.040000000000000036 0.15171999999999944
0.040000000000000036 0.14841999999999944
0.040000000000000036 0.14881999999999934
0.040000000000000036 0.1499599999999994
0.040000000000000036 0.1500599999999993
0.040000000000000036 0.14833999999999956
0.040000000000000036 0.14073999999999934
0.040000000000000036 0.14177999999999932
0.040000000000000036 0.14791999999999927
0.040000000000000036 0.14457999999999935
0.040000000000000036 0.14959999999999934
0.040000000000000036 0.15311999999999945
0.040000000000000036 0.15517999999999937
0.040000000000000036 0.1581799999999994
0.040000000000000036 0.15797999999999945
0.040000000000000036 0.1670999999999996
0.040000000000000036 0.15203999999999954
0.040000000000000036 0.14891999999999955
0.040000000000000036 0.14853999999999956
