0.7 0.3731999999999999
0.7 0.4046999999999994
0.7 0.4199499999999997
0.9 0.4260999999999999
0.75 0.41529999999999967
0.68 0.4023000000000003
0.81 0.4031500000000004
0.83 0.44160000000000027
0.77 0.42820000000000014
0.64 0.41105000000000025
0.66 0.42120000000000024
0.81 0.4425000000000001
0.75 0.41105000000000025
0.75 0.42510000000000003
0.77 0.42969999999999964
0.78 0.44719999999999976
0.66 0.44044999999999945
0.71 0.47309999999999985
0.76 0.46094999999999997
0.92 0.5042000000000002
0.89 0.46929999999999966
0.82 0.4968000000000005
0.79 0.5433999999999998
0.84 0.5684500000000001
0.82 0.5506500000000007
0.9 0.5682000000000003
0.9 0.6134499999999998
0.88 0.5767500000000003
0.96 0.6015499999999997
0.96 0.5816000000000004
0.85 0.6601500000000005
0.86 0.5557999999999992
0.85 0.5520499999999999
0.88 0.6592999999999998
0.87 0.6110499999999993
0.87 0.6188999999999996
0.93 0.7292000000000004
0.94 0.7286000000000008
0.91 0.67065
0.95 0.6535500000000007
0.98 0.6499000000000003
0.9 0.6396999999999992
0.95 0.6564999999999999
0.88 0.6677500000000002
0.91 0.6603500000000002
0.95 0.7152999999999998
0.94 0.7399999999999995
0.89 0.6727999999999998
0.92 0.7307000000000001
0.91 0.7100999999999996
0.97 0.7145500000000001
0.92 0.7290500000000008
0.9 0.7244500000000009
0.92 0.7193000000000005
0.88 0.5999999999999991
0.94 0.623799999999999
0.91 0.6457999999999994
0.91 0.65605
0.95 0.7127000000000007
0.78 0.5834999999999997
0.9 0.6502500000000008
0.95 0.6567000000000006
0.91 0.5907999999999999
0.96 0.665650000000001
0.92 0.6942499999999996
0.97 0.6998000000000008
0.97 0.7128500000000005
0.97 0.8034499999999984
0.97 0.7992499999999996
0.97 0.8796000000000016
0.97 0.6919000000000003
0.96 0.8212000000000014
0.97 0.7535999999999992
0.93 0.6829499999999996
0.97 0.7815000000000002
0.96 0.7056500000000001
0.9 0.6573999999999997
0.83 0.6447999999999995
0.81 0.5860000000000002
0.76 0.5945999999999989
0.95 0.6064499999999989
0.96 0.6738499999999991
0.88 0.5392500000000002
0.68 0.5675000000000001
0.68 0.5498000000000003
0.66 0.5172000000000007
0.68 0.5802999999999999
0.76 0.5928499999999997
0.68 0.5170000000000001
0.68 0.5423000000000002
0.68 0.55025
0.62 0.3751999999999995
0.68 0.5405000000000002
0.69 0.5765999999999999
0.76 0.5762999999999998
0.68 0.5696000000000003
0.72 0.4579500000000011
0.71 0.4517000000000004
0.75 0.5498999999999997
0.7 0.5473999999999992
0.83 0.5710499999999992
0.69 0.5799499999999997
0.74 0.612249999999999
0.74 0.6320999999999996
0.74 0.6248999999999999
0.74 0.6279999999999999
0.74 0.6556000000000003
0.8 0.6515000000000003
0.75 0.6558000000000007
0.78 0.6564500000000006
0.78 0.6416999999999995
0.82 0.6660499999999999
0.83 0.6715000000000011
0.83 0.66985
0.76 0.6828000000000007
0.76 0.5843
0.76 0.6465
0.76 0.6631499999999998
0.76 0.6836500000000006
0.81 0.683900000000001
0.81 0.6943000000000006
0.81 0.7213999999999992
0.83 0.6795999999999998
0.82 0.5609000000000006
0.88 0.6762999999999999
0.82 0.5111500000000003
0.85 0.5760500000000005
0.76 0.4630500000000003
0.87 0.5442999999999999
0.94 0.6259999999999994
0.94 0.6868999999999995
0.89 0.5864999999999997
0.87 0.6331499999999985
0.94 0.6796499999999994
0.92 0.6770999999999997
0.86 0.6451499999999994
0.91 0.6898999999999991
0.91 0.7011999999999995
0.93 0.7087500000000005
0.87 0.7036500000000003
0.92 0.67145
0.87 0.5666499999999991
0.95 0.7423999999999996
0.95 0.7289500000000002
0.95 0.7466499999999999
0.93 0.6262499999999998
0.76 0.6351999999999992
0.77 0.651599999999999
0.83 0.6667500000000003
0.83 0.6713500000000008
0.84 0.6775
0.82 0.6704499999999998
0.92 0.7198999999999998
0.83 0.6635500000000003
0.82 0.5667499999999996
0.84 0.6586000000000012
0.94 0.6449000000000011
0.94 0.6505500000000001
0.98 0.6484000000000002
0.98 0.7052000000000008
0.95 0.6288499999999997
0.98 0.6944500000000008
0.96 0.7449500000000003
0.96 0.6005
0.95 0.6095
0.74 0.48104999999999953
0.83 0.4939
0.75 0.49825000000000036
0.88 0.5660500000000002
0.89 0.5969500000000001
0.94 0.7529499999999998
0.95 0.805850000000001
0.95 0.6518999999999999
0.95 0.6800499999999993
0.91 0.6558999999999995
0.93 0.6541499999999998
0.93 0.6555000000000003
0.93 0.5757499999999995
0.83 0.5228999999999998
0.79 0.6108999999999992
0.8 0.6292999999999997
0.8 0.6673000000000003
0.89 0.6708999999999992
0.9 0.7284
0.92 0.7223000000000009
0.91 0.7700500000000006
0.92 0.7438499999999999
0.83 0.671199999999999
0.84 0.7096000000000007
0.84 0.7580500000000003
0.84 0.7655000000000001
0.86 0.7901499999999989
0.91 0.7895999999999995
0.91 0.7273499999999984
0.92 0.7448499999999997
0.85 0.8032000000000002
0.91 0.8086000000000004
0.81 0.7738000000000024
0.85 0.8208500000000015
0.88 0.7843500000000019
0.96 0.7747500000000009
0.85 0.7929000000000009
0.85 0.7685500000000013
0.83 0.7481500000000009
0.85 0.6081999999999972
0.85 0.6347999999999968
0.85 0.6852999999999975
0.93 0.6930999999999977
0.93 0.6644499999999993
0.8 0.5954499999999985
0.85 0.5780499999999988
0.85 0.6226000000000005
0.85 0.6559500000000004
0.85 0.5448499999999994
0.85 0.5769499999999991
0.86 0.6808000000000005
0.85 0.7108500000000003
0.85 0.7261000000000013
0.85 0.7414999999999999
0.85 0.7900499999999984
0.85 0.8133499999999981
0.85 0.8082499999999985
0.85 0.8025499999999979
0.85 0.8214999999999979
0.85 0.8246999999999974
0.93 0.8394999999999976
0.93 0.8494999999999979
0.87 0.8134499999999982
0.93 0.825799999999998
0.89 0.7987999999999984
0.89 0.8294999999999978
0.93 0.8383999999999969
0.94 0.8585999999999986
0.93 0.738499999999999
0.95 0.76215
0.95 0.7947999999999993
0.95 0.7801499999999991
0.97 0.7501999999999996
0.95 0.7577500000000004
0.95 0.7859999999999988
0.95 0.8044499999999992
0.95 0.8092500000000001
0.96 0.8827500000000009
0.97 0.894550000000001
0.97 0.9168500000000015
0.97 0.9296500000000016
0.97 0.940850000000002
0.97 0.8874000000000022
0.97 0.9350000000000017
0.97 0.8614500000000014
0.97 0.6599
0.97 0.832800000000001
0.97 0.6901999999999995
0.97 0.8039000000000012
0.97 0.8307500000000009
0.97 0.8684500000000006
0.97 0.8948000000000005
0.79 0.5420500000000001
0.97 0.6314999999999997
0.81 0.5703000000000018
0.81 0.5705500000000016
0.81 0.5985
0.84 0.6278000000000002
0.87 0.6685000000000002
0.87 0.6820000000000008
0.87 0.7235500000000006
0.91 0.7006000000000009
0.91 0.6368000000000004
0.9 0.5516499999999995
0.66 0.5127999999999993
0.65 0.5700999999999994
0.65 0.6004999999999997
0.65 0.4904499999999995
0.66 0.5376499999999994
0.66 0.6080999999999985
0.66 0.6310999999999996
0.93 0.6891499999999999
0.66 0.6400000000000009
0.66 0.6404999999999998
0.66 0.6430499999999995
0.66 0.642649999999999
0.66 0.6284499999999992
0.66 0.6480499999999992
0.66 0.6545999999999982
0.73 0.653249999999998
0.73 0.6582499999999976
0.73 0.6601999999999976
0.74 0.6623999999999975
0.74 0.6659499999999982
0.78 0.6761499999999977
0.78 0.6795999999999985
0.78 0.699849999999998
0.81 0.7128499999999985
0.85 0.7158000000000001
0.85 0.6810499999999995
0.88 0.7303499999999992
0.95 0.7509999999999992
0.95 0.7569499999999992
0.98 0.7901999999999997
0.98 0.8017500000000006
0.98 0.8442999999999994
0.98 0.8579999999999997
0.98 0.7883500000000003
0.98 0.808650000000002
0.92 0.7951500000000016
0.95 0.8064500000000016
0.95 0.8339499999999995
0.95 0.8469499999999996
0.95 0.8627999999999991
0.96 0.8785000000000016
0.96 0.8763000000000014
0.94 0.8835500000000013
0.94 0.8983500000000001
0.95 0.885950000000002
0.95 0.8883500000000011
0.95 0.9002000000000007
0.95 0.8835500000000018
0.94 0.8382000000000012
0.94 0.885150000000001
0.94 0.89625
0.94 0.8941499999999998
0.94 0.90765
0.94 0.9174999999999991
0.95 0.9207999999999976
0.95 0.9314999999999982
0.96 0.9235999999999993
0.96 0.9364499999999998
0.96 0.9387000000000003
0.96 0.927900000000001
0.96 0.9420000000000001
0.96 0.941899999999999
0.96 0.9319999999999989
0.96 0.8824999999999998
0.96 0.9270499999999994
0.96 0.9356499999999993
0.96 0.9416999999999974
0.96 0.9369499999999966
0.96 0.940499999999996
0.96 0.9316499999999968
0.96 0.9484499999999957
0.96 0.948399999999997
0.96 0.9280499999999973
0.96 0.893249999999997
0.96 0.7360500000000022
0.96 0.6532499999999992
0.96 0.7150000000000002
0.96 0.7786999999999992
0.96 0.7777499999999986
0.74 0.6413999999999992
0.78 0.6621499999999995
0.79 0.6734499999999995
0.8 0.6894999999999994
0.8 0.6961999999999994
0.8 0.7176999999999996
0.83 0.734799999999999
0.83 0.7487500000000001
0.83 0.7519999999999994
0.89 0.7707500000000009
0.89 0.7836000000000012
0.91 0.7996500000000023
0.93 0.799700000000001
0.85 0.7777000000000013
0.93 0.8138999999999984
0.86 0.8059999999999987
0.86 0.8010999999999993
0.86 0.8176999999999991
0.93 0.8419000000000015
0.86 0.8276500000000013
0.91 0.8371500000000017
0.87 0.8257000000000017
0.92 0.8281000000000012
0.93 0.6962999999999999
0.92 0.7069499999999995
0.85 0.6206500000000006
0.84 0.6485500000000005
0.86 0.7024499999999995
0.84 0.69145
0.86 0.6481500000000001
0.78 0.6258500000000001
0.76 0.6199499999999992
0.85 0.6910000000000001
0.85 0.7205500000000007
0.85 0.7226500000000006
0.83 0.7414000000000001
0.86 0.7687999999999993
0.86 0.7741999999999988
0.84 0.7822499999999988
0.9 0.79895
0.88 0.7978999999999996
0.9 0.7977999999999998
0.9 0.80985
0.91 0.8336000000000002
0.91 0.8465499999999995
0.91 0.8575999999999995
0.91 0.861299999999999
0.91 0.8676499999999989
0.91 0.872649999999999
0.91 0.8793500000000003
0.92 0.8888000000000004
0.91 0.7254000000000025
0.92 0.8820000000000003
0.92 0.887449999999999
0.92 0.8905499999999988
0.94 0.8854999999999983
0.92 0.8770499999999994
0.86 0.7013000000000015
0.92 0.8793499999999982
0.86 0.7460000000000002
0.86 0.8007499999999982
0.86 0.822799999999998
0.88 0.7700499999999999
0.87 0.7742999999999973
0.86 0.7245999999999987
0.86 0.7781999999999992
0.89 0.8286999999999993
0.86 0.8054999999999992
0.92 0.8016499999999986
0.82 0.6297500000000034
0.8 0.6870500000000004
0.8 0.7181999999999988
0.83 0.7297999999999992
0.83 0.7663499999999989
0.83 0.765949999999999
0.83 0.7441499999999999
0.84 0.7707999999999987
0.85 0.8013499999999995
0.89 0.800599999999999
0.89 0.7980999999999989
0.86 0.7937499999999994
0.89 0.8342500000000004
0.9 0.8485000000000007
0.87 0.8142499999999991
0.87 0.8312999999999994
0.87 0.8376000000000003
0.86 0.8042999999999997
0.88 0.7526499999999986
0.86 0.7898000000000002
0.83 0.7777499999999984
0.84 0.782749999999999
0.81 0.7189499999999982
0.82 0.6819000000000003
0.84 0.7026999999999988
0.86 0.7782999999999987
0.86 0.7804499999999989
0.86 0.7289999999999989
0.88 0.7798499999999994
0.84 0.6986499999999988
0.86 0.7088000000000008
0.86 0.6136000000000003
0.83 0.6049499999999998
0.83 0.6982999999999997
0.83 0.6918499999999991
0.83 0.7475500000000008
0.83 0.7788000000000004
0.84 0.7949500000000005
0.84 0.7980499999999988
0.84 0.807799999999999
0.86 0.8140999999999993
0.86 0.8071999999999991
0.83 0.8095499999999985
0.83 0.8159999999999988
0.86 0.8170999999999988
0.86 0.812699999999999
0.83 0.8186
0.83 0.8211500000000007
0.83 0.8223500000000001
0.83 0.8171000000000003
0.83 0.8191000000000004
0.84 0.8079499999999993
0.84 0.8193500000000004
0.85 0.8229500000000004
0.86 0.8250500000000011
0.86 0.8191500000000005
0.86 0.8176500000000005
0.86 0.8242500000000011
0.86 0.8260500000000011
0.88 0.822350000000001
0.88 0.8188000000000004
0.86 0.81405
0.84 0.8236999999999994
0.86 0.8209999999999994
0.85 0.8242999999999989
0.84 0.8190499999999991
0.84 0.8067499999999989
0.84 0.798749999999999
0.86 0.8168500000000009
0.86 0.7964000000000006
0.86 0.7933999999999999
0.86 0.8002999999999995
0.86 0.8280000000000018
0.85 0.8306000000000024
0.85 0.830750000000003
0.86 0.8265500000000032
0.86 0.8314000000000037
0.85 0.8315500000000036
0.91 0.8250000000000002
0.85 0.8183499999999999
0.85 0.7756999999999985
0.89 0.8210000000000011
0.85 0.807149999999998
