0.38 0.6130000000000011
0.24 0.6264000000000014
0.24 0.6324000000000012
0.38 0.6722000000000016
0.38 0.6487000000000015
0.30000000000000004 0.6953000000000016
0.38 0.6761000000000017
0.38 0.6921000000000022
0.38 0.7096000000000019
0.38 0.7110000000000015
0.24 0.6852000000000018
0.38 0.712500000000002
0.38 0.6772000000000018
0.33999999999999997 0.6818000000000017
0.36 0.7125000000000017
0.36 0.7052000000000019
0.38 0.6784000000000021
0.38 0.6618000000000019
0.09999999999999998 0.664400000000002
0.18000000000000005 0.6723000000000019
0.18000000000000005 0.6454000000000018
0.18000000000000005 0.681800000000002
0.18000000000000005 0.6889000000000016
0.26 0.6738000000000014
0.18000000000000005 0.6808000000000018
0.26 0.6642000000000017
0.26 0.7156000000000013
0.62 0.7567000000000006
0.42000000000000004 0.735900000000001
0.38 0.7216000000000011
0.38 0.7252000000000008
0.38 0.7391000000000009
0.52 0.7481000000000005
0.5800000000000001 0.7497000000000006
0.4 0.7458000000000007
0.43999999999999995 0.7459000000000006
0.38 0.7421000000000008
0.30000000000000004 0.7226000000000009
0.42000000000000004 0.6996000000000011
0.38 0.6752000000000017
0.42000000000000004 0.7052000000000013
0.42000000000000004 0.6981000000000013
0.28 0.6853000000000016
0.42000000000000004 0.6657000000000016
0.38 0.698400000000001
0.28 0.6496000000000017
0.38 0.7165000000000014
0.38 0.6990000000000012
0.38 0.7094000000000009
0.38 0.6952000000000012
0.38 0.7376000000000008
0.42000000000000004 0.7400000000000007
0.43999999999999995 0.7338000000000009
0.38 0.6948000000000014
0.38 0.6698000000000015
0.38 0.706300000000001
0.38 0.6835000000000012
0.38 0.7364000000000007
0.38 0.730600000000001
0.38 0.7170000000000007
0.6 0.7588000000000004
0.19999999999999996 0.7481000000000005
0.64 0.7588000000000004
0.76 0.7598000000000005
0.6599999999999999 0.7593000000000003
0.6799999999999999 0.7589000000000006
0.48 0.7543000000000005
0.38 0.7484000000000006
0.38 0.7562000000000004
0.38 0.7493000000000006
0.38 0.7365000000000008
0.38 0.7356000000000007
0.24 0.7061000000000012
0.4 0.722700000000001
0.38 0.7359000000000009
0.24 0.6946000000000015
0.16000000000000003 0.6628000000000017
0.16000000000000003 0.6845000000000014
0.38 0.7135000000000011
0.76 0.7624000000000005
0.4 0.7314000000000007
0.4 0.724300000000001
0.16000000000000003 0.6997000000000014
0.16000000000000003 0.658600000000002
0.14 0.6268000000000017
0.14 0.6467000000000018
0.14 0.6302000000000018
0.14 0.7268000000000009
0.38 0.7180000000000011
0.38 0.707600000000001
0.07999999999999996 0.6209000000000017
0.38 0.707600000000001
0.18000000000000005 0.6644000000000019
0.18000000000000005 0.6508000000000017
0.07999999999999996 0.6823000000000015
0.07999999999999996 0.5378000000000008
0.07999999999999996 0.6387000000000018
0.07999999999999996 0.48660000000000087
0.30000000000000004 0.6793000000000019
0.38 0.5999000000000012
0.30000000000000004 0.6210000000000018
0.38 0.6250000000000018
0.040000000000000036 0.6254000000000017
0.38 0.6347000000000016
0.38 0.6113000000000021
0.38 0.6465000000000017
0.18000000000000005 0.5886000000000018
0.42000000000000004 0.7326000000000009
0.42000000000000004 0.7402000000000006
0.4 0.7438000000000007
0.4 0.7243000000000009
0.38 0.7329000000000008
0.45999999999999996 0.7531000000000005
0.42000000000000004 0.7313000000000008
0.42000000000000004 0.7205000000000011
0.6599999999999999 0.7581000000000004
0.42000000000000004 0.7484000000000006
0.38 0.7098000000000012
0.42000000000000004 0.6890000000000014
0.38 0.6286000000000016
0.38 0.6114000000000014
0.38 0.6350000000000019
0.38 0.5862000000000014
0.38 0.5662000000000014
0.38 0.5355000000000013
0.38 0.6488000000000019
0.38 0.5956000000000017
0.33999999999999997 0.614400000000002
0.30000000000000004 0.5756000000000016
0.30000000000000004 0.545200000000001
0.26 0.49920000000000103
0.4 0.5680000000000013
0.4 0.6386000000000018
0.26 0.5599000000000014
0.12 0.5818000000000018
0.38 0.7104000000000009
0.4 0.6703000000000016
0.4 0.5950000000000015
0.4 0.6008000000000014
0.38 0.7393000000000006
0.38 0.5858000000000017
0.38 0.5209000000000008
0.38 0.454900000000001
0.38 0.5868000000000012
0.76 0.7600000000000005
0.76 0.7600000000000005
0.72 0.7596000000000005
0.76 0.7600000000000005
0.76 0.7600000000000005
0.38 0.6464000000000018
0.76 0.7600000000000005
0.76 0.7600000000000005
0.38 0.7544000000000005
0.76 0.7600000000000005
0.76 0.7600000000000005
0.76 0.7600000000000005
0.76 0.7600000000000005
0.76 0.7600000000000005
0.76 0.7600000000000005
0.76 0.7600000000000005
0.4 0.7540000000000004
0.38 0.7398000000000006
0.38 0.7438000000000007
0.38 0.729700000000001
0.38 0.7524000000000005
0.38 0.7505000000000005
0.76 0.7600000000000005
0.38 0.7581000000000004
0.38 0.7581000000000004
0.76 0.7600000000000005
0.38 0.7581000000000004
0.76 0.7600000000000005
0.38 0.7505000000000005
0.38 0.7448000000000006
0.38 0.732100000000001
0.76 0.7600000000000005
0.76 0.7600000000000005
0.5 0.7486000000000006
0.76 0.7600000000000005
0.38 0.7429000000000008
0.38 0.6986000000000012
0.38 0.6317000000000015
0.38 0.5766000000000013
0.38 0.7014000000000011
0.38 0.6279000000000017
0.76 0.7600000000000005
0.38 0.6141000000000015
0.38 0.5050000000000007
0.38 0.4767000000000005
0.38 0.5673000000000014
0.38 0.4451000000000011
0.38 0.4088000000000009
0.38 0.4148000000000011
0.38 0.408300000000001
0.38 0.4036000000000005
0.38 0.39960000000000073
0.38 0.3982000000000007
0.38 0.3876000000000005
0.38 0.3898000000000005
0.38 0.3937000000000006
0.38 0.411600000000001
0.38 0.4011000000000006
0.38 0.39450000000000074
0.38 0.3984000000000007
0.38 0.39390000000000064
0.38 0.3858000000000004
0.38 0.3824000000000003
0.38 0.4011000000000008
0.38 0.39980000000000065
0.38 0.39460000000000073
0.38 0.3981000000000008
0.38 0.40240000000000065
0.38 0.39340000000000047
0.38 0.39250000000000035
0.38 0.40150000000000063
0.38 0.38850000000000057
0.38 0.39200000000000057
0.38 0.3867000000000005
0.38 0.39230000000000054
0.38 0.39710000000000073
0.38 0.39870000000000083
0.38 0.3992000000000009
0.38 0.4011000000000006
0.38 0.39520000000000083
0.38 0.41040000000000093
0.38 0.4013000000000008
0.38 0.39030000000000054
0.38 0.38600000000000034
0.38 0.3897000000000006
0.38 0.3968000000000005
0.38 0.4011000000000008
0.38 0.39990000000000064
0.38 0.39880000000000065
0.38 0.3896000000000005
0.38 0.39200000000000074
0.38 0.3886000000000006
0.38 0.3843000000000006
0.38 0.3886000000000006
0.38 0.39350000000000074
0.38 0.38650000000000057
0.38 0.39240000000000064
0.38 0.3914000000000004
0.38 0.38580000000000025
0.38 0.38850000000000035
0.38 0.3842000000000003
0.38 0.38790000000000036
0.38 0.38810000000000044
0.38 0.38800000000000046
0.38 0.39380000000000054
0.38 0.38660000000000055
0.38 0.38770000000000054
0.38 0.38940000000000047
0.38 0.39190000000000064
0.38 0.3976000000000007
0.38 0.3977000000000007
0.38 0.3940000000000008
0.38 0.3905000000000006
0.38 0.39210000000000067
0.38 0.3918000000000006
0.38 0.3875000000000006
0.38 0.3838000000000005
0.38 0.3915000000000007
0.38 0.39900000000000074
0.38 0.3909000000000006
0.38 0.3917000000000005
0.38 0.3920000000000005
0.38 0.39380000000000076
0.38 0.3967000000000008
0.38 0.39020000000000077
0.38 0.39200000000000057
0.38 0.3976000000000006
0.38 0.3872000000000003
0.38 0.3807000000000002
0.38 0.3864000000000006
0.38 0.3925000000000005
0.38 0.3911000000000005
0.38 0.4025000000000008
0.38 0.39580000000000054
0.38 0.38980000000000053
0.38 0.3904000000000006
0.38 0.3920000000000005
0.38 0.3950000000000008
0.38 0.38860000000000045
0.38 0.3867000000000004
0.38 0.38740000000000047
0.38 0.3824000000000003
0.38 0.38660000000000044
0.38 0.39540000000000075
0.38 0.38920000000000043
0.38 0.38800000000000057
0.38 0.3859000000000004
0.38 0.3858000000000005
0.38 0.40500000000000086
0.38 0.3892000000000005
0.38 0.3857000000000004
0.38 0.3848000000000003
0.38 0.3846000000000004
0.38 0.3826000000000004
0.38 0.4054000000000009
0.38 0.3878000000000004
0.38 0.38340000000000046
0.38 0.3874000000000005
0.38 0.39210000000000067
0.38 0.39130000000000065
0.38 0.3911000000000007
0.38 0.38550000000000045
0.38 0.3899000000000005
0.38 0.3947000000000006
0.38 0.39330000000000065
0.38 0.39790000000000064
0.38 0.38990000000000047
0.38 0.39120000000000055
0.38 0.38550000000000034
0.38 0.3840000000000003
0.38 0.3933000000000003
0.38 0.3844000000000004
0.38 0.3866000000000004
0.38 0.3962000000000005
0.38 0.39940000000000053
0.38 0.3931000000000006
0.38 0.3848000000000003
0.38 0.3882000000000005
0.38 0.38250000000000034
0.38 0.3811000000000003
0.38 0.3896000000000004
0.38 0.3893000000000004
0.38 0.38730000000000053
0.38 0.39270000000000066
0.38 0.4358000000000012
0.38 0.3942000000000005
0.38 0.3977000000000004
0.24 0.5587000000000004
0.24 0.46980000000000083
0.24 0.40700000000000097
0.38 0.3901000000000006
0.38 0.39550000000000074
0.28 0.416700000000001
0.38 0.39990000000000087
0.38 0.40160000000000073
0.28 0.442300000000001
0.28 0.41310000000000113
0.24 0.39930000000000104
0.21999999999999997 0.4019000000000011
0.07999999999999996 0.395700000000001
0.07999999999999996 0.38050000000000067
0.07999999999999996 0.38150000000000106
0.07999999999999996 0.3630000000000008
0.07999999999999996 0.365200000000001
0.07999999999999996 0.3544000000000009
0.07999999999999996 0.34420000000000067
0.06000000000000005 0.32150000000000056
0.07999999999999996 0.3168000000000004
0.06000000000000005 0.30740000000000045
0.06000000000000005 0.2741000000000004
0.06000000000000005 0.25920000000000043
0.07999999999999996 0.39880000000000004
0.07999999999999996 0.29759999999999975
0.06000000000000005 0.2625999999999999
0.18000000000000005 0.5229000000000001
0.18000000000000005 0.5028000000000004
0.06000000000000005 0.4171000000000006
0.06000000000000005 0.3031999999999998
0.06000000000000005 0.26739999999999975
0.06000000000000005 0.22559999999999977
0.06000000000000005 0.18209999999999993
0.06000000000000005 0.1757
0.06000000000000005 0.1763000000000001
0.06000000000000005 0.16200000000000003
0.06000000000000005 0.15719999999999998
0.06000000000000005 0.16020000000000006
0.06000000000000005 0.14790000000000006
0.06000000000000005 0.12220000000000011
0.06000000000000005 0.12430000000000009
0.06000000000000005 0.12560000000000007
0.06000000000000005 0.15180000000000002
0.06000000000000005 0.1266000000000001
0.06000000000000005 0.12330000000000015
0.06000000000000005 0.11760000000000019
0.06000000000000005 0.09810000000000016
0.06000000000000005 0.10570000000000021
0.06000000000000005 0.12920000000000018
0.06000000000000005 0.1350000000000001
0.06000000000000005 0.16259999999999994
0.06000000000000005 0.13170000000000015
0.06000000000000005 0.1391000000000001
0.06000000000000005 0.1262000000000001
0.06000000000000005 0.35310000000000086
0.06000000000000005 0.18809999999999996
0.06000000000000005 0.37000000000000055
0.62 0.6200000000000017
0.38 0.39350000000000096
0.38 0.39090000000000075
0.38 0.3948000000000008
0.38 0.4148000000000012
0.06000000000000005 0.39800000000000124
0.31999999999999995 0.39260000000000084
0.38 0.38520000000000054
0.38 0.3837000000000004
0.38 0.3872000000000005
0.38 0.38310000000000033
0.38 0.38380000000000025
0.38 0.39950000000000085
0.38 0.44430000000000164
0.38 0.4460000000000017
0.38 0.41290000000000127
0.38 0.40180000000000077
0.38 0.4039000000000008
0.38 0.416400000000001
0.38 0.39620000000000066
0.38 0.3978000000000007
0.38 0.3952000000000006
0.38 0.40150000000000086
0.38 0.4083000000000009
0.38 0.38610000000000044
0.38 0.38910000000000045
0.38 0.39940000000000064
0.38 0.39870000000000094
0.38 0.3894000000000005
0.38 0.39230000000000076
0.38 0.39460000000000084
0.38 0.3905000000000007
0.38 0.3869000000000005
0.38 0.3962000000000008
0.38 0.40080000000000093
0.38 0.39850000000000063
0.38 0.3862000000000004
0.38 0.38430000000000036
0.38 0.3835000000000004
0.38 0.39820000000000066
0.38 0.38900000000000046
0.38 0.3837000000000004
0.38 0.38390000000000035
0.38 0.4039000000000007
0.38 0.39300000000000046
0.38 0.38710000000000044
0.38 0.38410000000000033
0.38 0.38500000000000045
0.38 0.3845000000000003
0.38 0.38500000000000034
0.38 0.3962000000000008
0.38 0.3875000000000004
0.38 0.38720000000000043
0.38 0.3895000000000005
0.38 0.38090000000000024
0.38 0.38080000000000036
0.38 0.3852000000000004
0.38 0.3903000000000006
0.38 0.3938000000000006
0.38 0.39260000000000056
0.38 0.3901000000000005
0.38 0.38920000000000043
0.38 0.39180000000000065
0.38 0.3860000000000005
0.38 0.39130000000000065
0.38 0.38880000000000053
0.38 0.3887000000000005
0.38 0.3858000000000005
0.38 0.3893000000000004
0.38 0.38120000000000026
0.38 0.3836000000000003
0.38 0.39440000000000053
0.38 0.3975000000000009
0.38 0.3917000000000006
0.38 0.38650000000000057
0.38 0.3949000000000005
0.38 0.3894000000000005
0.38 0.38820000000000054
0.38 0.39630000000000076
0.38 0.40400000000000097
0.38 0.3951000000000007
0.38 0.38780000000000064
0.38 0.3893000000000005
0.38 0.38860000000000033
0.38 0.4466000000000014
0.38 0.3946000000000008
0.38 0.39650000000000063
0.38 0.3999000000000006
0.38 0.3943000000000007
0.38 0.38940000000000047
0.38 0.3905000000000004
0.38 0.38820000000000043
0.38 0.39790000000000064
0.24 0.40210000000000096
0.24 0.39960000000000107
0.38 0.4376000000000013
0.38 0.4205000000000015
0.38 0.4175000000000011
0.38 0.3936000000000006
0.38 0.44430000000000136
0.38 0.48720000000000113
0.4 0.4979000000000009
0.4 0.4729000000000012
0.4 0.42940000000000134
0.38 0.40920000000000123
0.33999999999999997 0.39830000000000076
0.33999999999999997 0.3940000000000008
0.18000000000000005 0.40130000000000104
0.07999999999999996 0.4172000000000011
0.18000000000000005 0.387600000000001
0.07999999999999996 0.39690000000000125
