0.36 0.3599999999999996
0.36 0.3599999999999996
0.36 0.3599999999999996
0.36 0.3599999999999996
0.4 0.3621999999999996
0.43 0.36579999999999957
0.43 0.36839999999999956
0.4 0.3693499999999996
0.44 0.3604999999999995
0.7 0.41374999999999945
0.6 0.39919999999999944
0.6 0.39269999999999977
0.57 0.4276000000000002
0.64 0.3951999999999998
0.56 0.4208499999999997
0.6 0.4529000000000007
0.6 0.42840000000000017
0.76 0.5152000000000012
0.72 0.53165
0.86 0.5464500000000005
0.72 0.5616499999999996
0.82 0.5966000000000004
0.74 0.6088500000000003
0.85 0.65015
0.85 0.6568999999999998
0.85 0.6996999999999997
0.89 0.6942999999999985
0.89 0.6825999999999989
0.89 0.7192499999999983
0.64 0.5431500000000001
0.64 0.5667499999999996
0.64 0.5141500000000001
0.64 0.5191000000000004
0.92 0.6048500000000001
0.64 0.5898499999999994
0.64 0.5717999999999992
0.64 0.563199999999999
0.64 0.5706499999999999
0.64 0.5779499999999993
0.96 0.7793499999999995
0.96 0.8387000000000002
0.96 0.8742500000000001
0.96 0.909399999999999
0.64 0.6345999999999999
0.64 0.6362500000000005
0.64 0.6327500000000004
0.98 0.9235499999999991
0.98 0.9226999999999999
0.98 0.9308499999999981
0.98 0.9379499999999982
0.98 0.9458999999999986
0.98 0.9572499999999998
0.98 0.9546000000000007
0.98 0.957450000000001
0.98 0.9718500000000015
0.98 0.9748499999999993
0.98 0.9728999999999985
0.98 0.9700499999999983
0.98 0.8606999999999972
0.96 0.9477
0.96 0.9528500000000005
0.99 0.9754999999999977
0.96 0.9540500000000006
0.96 0.9559000000000004
0.96 0.9557000000000007
0.99 0.9738999999999982
0.99 0.9700499999999979
0.99 0.9656499999999977
0.99 0.972649999999998
0.99 0.9735499999999985
0.99 0.9716499999999972
0.99 0.9825499999999958
0.99 0.9793499999999965
0.99 0.9823499999999984
0.99 0.9865499999999995
0.99 0.9854500000000005
0.99 0.9730500000000006
0.99 0.972300000000001
0.99 0.9858000000000016
0.99 0.9885500000000014
0.99 0.9875500000000015
0.99 0.978150000000001
0.99 0.9819000000000012
0.99 0.9837000000000014
0.99 0.9833499999999998
0.99 0.9818500000000014
0.99 0.9801500000000012
0.99 0.9860500000000013
0.99 0.9808500000000011
0.99 0.9800000000000011
0.99 0.9778500000000008
0.91 0.6437500000000017
0.91 0.6756500000000019
0.92 0.7323499999999981
0.94 0.761149999999998
0.63 0.4197500000000003
0.63 0.4050500000000002
0.63 0.42404999999999987
0.63 0.4457000000000001
0.63 0.46705000000000024
0.63 0.49509999999999976
0.87 0.64705
0.96 0.6769499999999998
0.96 0.6981000000000003
0.96 0.7297999999999999
0.96 0.7740499999999987
0.96 0.8156999999999992
0.96 0.8610000000000005
0.96 0.8924500000000021
0.96 0.9188500000000009
0.96 0.9285499999999992
0.96 0.9455499999999967
0.96 0.9375499999999972
0.96 0.953749999999999
0.96 0.9579499999999999
0.96 0.9588000000000002
0.96 0.9538000000000005
0.96 0.9537500000000004
0.96 0.9548000000000006
0.96 0.9483500000000005
0.96 0.9407499999999999
0.96 0.9487000000000002
0.96 0.9513000000000004
0.96 0.9466500000000001
0.96 0.9557500000000004
0.96 0.9565500000000006
0.96 0.9540500000000004
0.96 0.9503500000000004
0.96 0.9485500000000004
0.96 0.9557000000000007
0.96 0.9589500000000004
0.96 0.9584000000000001
0.96 0.9543000000000004
0.96 0.9528000000000005
0.96 0.9506000000000001
0.96 0.9521000000000002
0.96 0.9515500000000003
0.96 0.9493500000000004
0.96 0.9484000000000004
0.96 0.9537000000000003
0.96 0.9517500000000002
0.96 0.9518500000000003
0.96 0.9540500000000006
0.97 0.9548500000000003
0.97 0.9549000000000005
0.97 0.9559000000000004
0.97 0.9490500000000003
0.97 0.9550500000000001
0.95 0.8974000000000036
0.97 0.9532999999999998
0.95 0.8917000000000028
0.95 0.9058500000000026
0.95 0.9136500000000027
0.95 0.9177000000000018
0.96 0.9204500000000011
0.66 0.6060999999999992
0.66 0.6174999999999995
0.7 0.6238
0.73 0.6229000000000012
0.68 0.6243500000000008
0.7 0.6302500000000002
0.7 0.639399999999999
0.7 0.6500499999999992
0.7 0.6524499999999991
0.7 0.6612499999999994
0.7 0.6721
0.71 0.6762500000000011
0.71 0.6824500000000003
0.93 0.8187499999999984
0.71 0.6823999999999998
0.71 0.6917500000000003
0.74 0.6952000000000005
0.74 0.6975000000000011
0.74 0.6926000000000013
0.74 0.7053999999999996
0.74 0.7100999999999984
0.88 0.8554499999999987
0.94 0.855599999999999
0.94 0.8579999999999997
0.94 0.8678000000000006
0.74 0.7218999999999997
0.95 0.8820499999999984
0.52 0.3817499999999994
0.52 0.3997499999999996
0.95 0.8742999999999992
0.95 0.9041499999999985
0.95 0.9082999999999991
0.95 0.9083499999999992
0.6 0.4362500000000006
0.6 0.4603000000000012
0.6 0.45194999999999863
0.74 0.6201999999999996
0.49 0.42310000000000075
0.95 0.9218500000000008
0.71 0.5464500000000021
0.77 0.6458999999999995
0.77 0.6539999999999994
0.96 0.9312500000000005
0.96 0.941899999999999
0.96 0.9371999999999987
0.96 0.937899999999999
0.96 0.9437999999999986
0.96 0.9426499999999985
0.96 0.9460499999999982
0.96 0.9441499999999969
0.96 0.9419999999999966
0.96 0.9489499999999955
0.96 0.951999999999996
0.96 0.9529999999999977
0.96 0.950649999999998
0.96 0.9524499999999984
0.96 0.89985
0.96 0.9221500000000006
0.96 0.9342499999999987
0.96 0.9428499999999983
0.96 0.9479999999999984
0.96 0.9518499999999994
0.96 0.9161500000000032
0.96 0.9179000000000037
0.96 0.9529499999999994
0.96 0.9562500000000002
0.96 0.9251000000000045
0.96 0.9185500000000042
0.96 0.9228500000000041
0.96 0.9505499999999997
0.96 0.9489
0.96 0.9529000000000001
0.96 0.9301000000000035
0.96 0.9410000000000014
0.96 0.9475499999999997
0.96 0.9479500000000002
0.41 0.3675999999999995
0.41 0.37179999999999924
0.96 0.9464
0.53 0.38189999999999913
0.54 0.38799999999999973
0.58 0.40065000000000034
0.53 0.3591500000000001
0.62 0.4246500000000007
0.62 0.45050000000000084
0.62 0.3908499999999998
0.64 0.4301
0.74 0.46794999999999976
0.62 0.45539999999999997
0.62 0.4934500000000002
0.74 0.5550500000000003
0.74 0.5679999999999995
0.74 0.5929000000000003
0.74 0.6033000000000003
0.83 0.6180500000000008
0.63 0.6058500000000009
0.93 0.624500000000001
0.63 0.6127000000000009
0.94 0.617450000000001
0.94 0.6160500000000011
0.63 0.6112000000000014
0.63 0.6098500000000011
0.63 0.6157000000000012
0.4 0.3622499999999995
0.62 0.4934999999999999
0.62 0.5264500000000004
0.62 0.5514000000000012
0.62 0.5738500000000009
0.62 0.5822000000000006
0.62 0.5854500000000002
0.62 0.5935999999999992
0.62 0.6076499999999997
0.62 0.6090000000000007
0.62 0.6131000000000012
0.62 0.6148000000000013
0.62 0.6132000000000012
0.62 0.6145000000000014
0.62 0.6128000000000015
0.62 0.6149500000000016
0.62 0.6178500000000016
0.62 0.6153500000000014
0.62 0.6122500000000014
0.62 0.6094000000000014
0.61 0.3817999999999996
0.61 0.39774999999999994
0.61 0.42750000000000016
0.61 0.4654500000000014
0.61 0.5006500000000008
0.62 0.5380000000000005
0.62 0.5710500000000001
0.62 0.5846999999999997
0.62 0.6000999999999995
0.62 0.6044999999999997
0.62 0.6085499999999996
0.62 0.6073999999999995
0.62 0.6048999999999994
0.62 0.6062499999999996
0.63 0.6094499999999994
0.63 0.6047999999999994
0.63 0.6113499999999994
0.63 0.6138499999999997
0.63 0.6169000000000004
0.78 0.6041000000000001
0.88 0.613399999999999
0.88 0.6261499999999979
0.63 0.6071500000000001
0.88 0.629349999999998
0.88 0.6512999999999975
0.63 0.60555
0.63 0.6116500000000008
0.92 0.6485999999999977
0.92 0.6839499999999995
0.92 0.7232500000000008
0.96 0.7898000000000002
0.96 0.8281000000000003
0.96 0.8755500000000019
0.96 0.9021999999999996
0.96 0.9201999999999996
0.96 0.9277999999999984
0.96 0.9355499999999982
0.96 0.9487499999999978
0.96 0.9558499999999986
0.96 0.9569500000000004
0.96 0.9460500000000001
0.96 0.9494000000000002
0.96 0.9538500000000005
0.96 0.9546000000000003
0.96 0.9491000000000003
0.96 0.9176999999999957
0.96 0.9341999999999945
0.96 0.9446999999999979
0.96 0.9504499999999996
0.96 0.9506000000000001
0.96 0.9533500000000008
0.96 0.9539500000000009
0.96 0.9519500000000001
0.96 0.9550500000000005
0.96 0.9585500000000003
0.96 0.9536000000000006
0.96 0.9569500000000005
0.96 0.9490500000000004
0.96 0.9532500000000006
0.96 0.9527000000000007
0.96 0.9497500000000002
0.96 0.9514500000000002
0.96 0.9566500000000003
0.96 0.9570500000000007
0.95 0.9042499999999977
0.95 0.9195499999999973
0.96 0.9531500000000002
0.96 0.9550500000000006
0.96 0.9535500000000005
0.96 0.9574000000000005
0.96 0.9503500000000006
0.96 0.9559000000000006
0.96 0.9165999999999976
0.96 0.9182999999999976
0.96 0.9137999999999978
0.96 0.9139999999999975
0.96 0.9209999999999975
0.96 0.9385999999999959
0.96 0.9401999999999953
0.96 0.9503999999999972
0.96 0.9505999999999994
0.96 0.9393
0.96 0.9445000000000005
0.96 0.9549000000000004
0.96 0.9527000000000004
0.96 0.9408999999999986
0.96 0.9496499999999994
0.96 0.9571500000000001
0.96 0.9580000000000006
0.96 0.9488000000000004
0.96 0.9500500000000005
0.96 0.9594000000000008
0.96 0.9467500000000005
0.96 0.9484500000000005
0.96 0.9527000000000005
0.96 0.9450500000000004
0.96 0.9470500000000007
0.96 0.9502500000000008
0.96 0.9581000000000008
0.96 0.9416500000000002
0.96 0.9581000000000004
0.6 0.5951499999999981
0.96 0.9529000000000005
0.6 0.5940999999999981
0.6 0.595449999999998
0.6 0.5976999999999979
0.6 0.5960499999999981
0.6 0.595649999999998
0.6 0.5993999999999979
0.6 0.5923999999999982
0.6 0.595349999999998
0.6 0.5969499999999981
0.6 0.5914499999999981
0.6 0.5909499999999983
0.6 0.5923999999999983
0.6 0.5867499999999984
0.6 0.5881999999999985
0.61 0.5957999999999981
0.62 0.5969499999999981
0.62 0.597449999999998
0.96 0.9125999999999981
0.96 0.9321499999999974
0.96 0.9376999999999989
0.96 0.9401999999999989
0.96 0.9385999999999997
0.96 0.9474000000000001
0.96 0.9551500000000003
0.96 0.9518000000000008
0.96 0.9412000000000005
0.96 0.9416000000000002
0.96 0.9502500000000002
0.96 0.9494500000000005
0.96 0.9472000000000004
0.96 0.9503500000000004
0.96 0.9550000000000005
0.96 0.9509000000000007
0.96 0.9505000000000007
0.96 0.9573500000000008
0.96 0.9595000000000007
0.98 0.9581000000000006
0.98 0.9553000000000006
0.98 0.9525500000000007
0.98 0.9529000000000005
0.98 0.9435500000000002
0.98 0.9375999999999999
0.98 0.9536999999999997
0.98 0.9540499999999998
0.98 0.9585000000000004
0.98 0.9558000000000003
0.96 0.9118500000000022
0.98 0.9450999999999994
0.96 0.9205000000000014
0.96 0.9331000000000012
0.98 0.9526499999999999
0.96 0.9350000000000002
0.98 0.9470500000000002
0.98 0.9482499999999997
0.98 0.9589499999999996
0.98 0.9563000000000001
0.98 0.9567000000000005
0.98 0.9682500000000022
0.98 0.957850000000002
0.96 0.8777500000000029
0.96 0.8992000000000029
0.96 0.9210999999999996
0.96 0.9361999999999985
0.96 0.9444999999999998
0.96 0.9496999999999999
0.96 0.9540500000000001
0.96 0.9580000000000004
0.96 0.9532000000000008
0.96 0.9586000000000007
0.96 0.9549000000000006
0.96 0.9517000000000005
0.96 0.9408000000000007
0.96 0.9599500000000007
0.96 0.9498500000000005
0.96 0.9576000000000008
0.96 0.9572000000000007
0.96 0.9529500000000007
0.96 0.9529500000000006
0.96 0.9538000000000005
0.96 0.9544000000000007
0.96 0.9382499999999999
0.96 0.9526000000000007
0.96 0.9533000000000006
0.96 0.9556500000000008
0.96 0.9511000000000006
0.96 0.9532500000000006
0.96 0.9483500000000005
0.96 0.9486000000000006
0.96 0.9509500000000007
0.96 0.9456500000000005
0.96 0.9442000000000006
0.96 0.9421000000000005
0.96 0.9486500000000002
0.96 0.9453000000000001
0.96 0.9442500000000004
0.96 0.9514000000000005
0.96 0.9494500000000003
0.96 0.9425500000000006
0.96 0.9498000000000004
0.96 0.9560000000000008
0.96 0.9554500000000009
0.96 0.9541500000000007
0.96 0.9572500000000006
0.96 0.9577000000000006
0.96 0.9568000000000006
0.96 0.9544500000000005
0.96 0.9541500000000007
0.96 0.9476000000000007
0.96 0.9429500000000006
0.96 0.9443000000000003
0.96 0.9416000000000002
0.96 0.9524000000000008
0.96 0.9545500000000007
0.96 0.9509500000000005
0.96 0.9486500000000003
0.96 0.9545000000000005
0.96 0.9504500000000007
0.96 0.9532500000000006
0.96 0.9495500000000006
