0.74 0.3962499999999994
0.74 0.4534999999999997
0.69 0.4236999999999997
0.69 0.39264999999999967
0.81 0.3979999999999995
0.68 0.3942999999999995
0.69 0.4148999999999996
0.68 0.39474999999999943
0.69 0.4161999999999991
0.69 0.42064999999999925
0.69 0.44749999999999984
0.69 0.40349999999999947
0.69 0.4432499999999996
0.69 0.4790999999999997
0.69 0.49425000000000063
0.73 0.5041000000000004
0.73 0.5056000000000003
0.69 0.5276999999999998
0.69 0.5748500000000003
0.69 0.59545
0.69 0.5249999999999998
0.75 0.52605
0.69 0.4693500000000001
0.7 0.5161000000000007
0.82 0.5580000000000003
0.76 0.48690000000000033
0.72 0.4564499999999996
0.69 0.44649999999999956
0.82 0.48450000000000015
0.86 0.4900000000000004
0.86 0.5139999999999999
0.86 0.5167499999999998
0.69 0.49335000000000007
0.78 0.5130000000000002
0.69 0.5438500000000003
0.69 0.5523000000000002
0.92 0.5513500000000006
0.69 0.494
0.69 0.5640499999999996
0.69 0.5967000000000001
0.69 0.5933500000000003
0.69 0.59365
0.81 0.5579499999999996
0.7 0.5163000000000001
0.79 0.5560499999999994
0.73 0.5571
0.69 0.5291
0.69 0.5374499999999999
0.69 0.5419499999999998
0.69 0.5395
0.69 0.5742000000000003
0.69 0.5925499999999997
0.69 0.5432500000000001
0.69 0.5457500000000001
0.69 0.5600499999999998
0.69 0.49444999999999995
0.69 0.5211000000000002
0.69 0.5582499999999997
0.69 0.6110000000000002
0.69 0.57
0.69 0.5954000000000009
0.69 0.6283500000000013
0.69 0.6427500000000009
0.69 0.6583500000000021
0.69 0.6617000000000004
0.69 0.6382500000000002
0.69 0.6347000000000004
0.69 0.6151500000000001
0.69 0.5860999999999995
0.69 0.5365500000000003
0.69 0.5721999999999998
0.69 0.5034999999999991
0.69 0.5652499999999997
0.69 0.6013000000000003
0.69 0.658700000000001
0.69 0.6810499999999997
0.69 0.6802499999999995
0.69 0.6697499999999996
0.69 0.6494999999999993
0.69 0.5973499999999998
0.69 0.6551000000000005
0.69 0.6620999999999999
0.69 0.6746999999999993
0.69 0.6645999999999995
0.69 0.6526499999999996
0.69 0.6523499999999995
0.69 0.6763999999999994
0.69 0.6133999999999995
0.69 0.629399999999999
0.69 0.6634999999999991
0.69 0.6738999999999992
0.69 0.646049999999999
0.69 0.6191499999999993
0.69 0.5864
0.69 0.6486999999999997
0.69 0.6759999999999993
0.69 0.6791999999999986
0.69 0.678649999999999
0.69 0.6496999999999993
0.69 0.6496999999999999
0.69 0.6116500000000005
0.69 0.6645999999999991
0.69 0.6756999999999992
0.69 0.6729999999999993
0.69 0.6753999999999992
0.69 0.6566999999999993
0.69 0.6664999999999988
0.69 0.677949999999999
0.69 0.41439999999999905
0.69 0.5916499999999992
0.69 0.5806999999999991
0.69 0.5998499999999993
0.69 0.6384999999999993
0.69 0.6264999999999997
0.69 0.49480000000000013
0.69 0.49180000000000035
0.69 0.5589500000000004
0.69 0.6135000000000004
0.69 0.6072500000000006
0.69 0.6550000000000001
0.69 0.6646499999999997
0.69 0.6561000000000001
0.69 0.6386000000000004
0.69 0.6739499999999994
0.69 0.6698999999999995
0.69 0.6754999999999992
0.69 0.6781499999999986
0.69 0.6846499999999984
0.69 0.6732499999999989
0.69 0.6276000000000017
0.69 0.6529500000000011
0.69 0.659000000000001
0.69 0.6772499999999998
0.69 0.6849999999999988
0.69 0.685799999999999
0.69 0.6829999999999993
0.69 0.687549999999999
0.69 0.6854499999999988
0.69 0.6893499999999984
0.69 0.6864499999999986
0.69 0.6625999999999995
0.69 0.6875999999999984
0.69 0.6893499999999985
0.69 0.6876999999999986
0.69 0.6794999999999988
0.69 0.6294499999999996
0.69 0.6674999999999994
0.69 0.6736999999999992
0.69 0.6728499999999991
0.69 0.6865499999999988
0.69 0.6768999999999985
0.69 0.6798999999999986
0.69 0.6824499999999983
0.69 0.6374999999999991
0.69 0.6600499999999994
0.69 0.6170999999999995
0.69 0.5036499999999999
0.69 0.5279999999999996
0.69 0.6253499999999989
0.69 0.6718499999999997
0.69 0.6836999999999989
0.69 0.6770999999999989
0.69 0.6874999999999986
0.69 0.6876999999999985
0.69 0.6860499999999986
0.69 0.6714999999999992
0.69 0.6862999999999987
0.69 0.6860999999999984
0.69 0.6790499999999988
0.69 0.6675999999999993
0.69 0.6283999999999993
0.69 0.58975
0.69 0.6146999999999998
0.69 0.6636999999999996
0.69 0.6701
0.69 0.5824499999999997
0.69 0.5988999999999995
0.69 0.6487499999999997
0.69 0.6737499999999992
0.69 0.667199999999999
0.69 0.6683499999999986
0.69 0.6788999999999987
0.69 0.6616499999999991
0.69 0.6612499999999994
0.69 0.6707999999999985
0.69 0.6741499999999987
0.69 0.6817999999999982
0.69 0.6861499999999985
0.69 0.6816999999999986
0.69 0.6831499999999986
0.69 0.6803499999999988
0.69 0.6846999999999988
0.69 0.6891499999999984
0.69 0.6640499999999995
0.69 0.670649999999999
0.69 0.6824999999999988
0.69 0.6819499999999986
0.69 0.6835499999999987
0.69 0.6883499999999985
0.69 0.6834499999999984
0.69 0.6806499999999989
0.69 0.6845499999999989
0.69 0.677499999999999
0.69 0.6726499999999987
0.69 0.6817499999999987
0.69 0.6870999999999987
0.69 0.6874499999999987
0.69 0.6853499999999986
0.69 0.6890999999999985
0.69 0.6732999999999987
0.69 0.6838499999999985
0.69 0.6856499999999985
0.69 0.6858499999999984
0.69 0.6889999999999986
0.69 0.6855499999999987
0.69 0.6532499999999992
0.69 0.6597499999999991
0.69 0.6626999999999988
0.69 0.6696499999999991
0.69 0.6770499999999986
0.69 0.6676499999999989
0.69 0.6838999999999987
0.69 0.6883999999999988
0.69 0.6797999999999986
0.69 0.6886999999999985
0.69 0.6899499999999985
0.69 0.6877499999999986
0.69 0.6665999999999993
0.69 0.6880499999999985
0.69 0.6891999999999986
0.69 0.6775499999999985
0.69 0.6774499999999987
0.69 0.6871499999999984
0.69 0.6580499999999995
0.69 0.673249999999999
0.69 0.6846999999999989
0.69 0.6670499999999996
0.69 0.5768999999999992
0.69 0.5910999999999993
0.69 0.6366499999999994
0.69 0.6642999999999997
0.69 0.6758999999999991
0.69 0.6828499999999987
0.69 0.6879999999999984
0.69 0.6877499999999985
0.69 0.6881499999999984
0.69 0.6772999999999998
0.69 0.6690999999999996
0.69 0.6402000000000007
0.69 0.6341500000000005
0.69 0.6441999999999999
0.69 0.6672499999999993
0.69 0.65605
0.69 0.6581999999999992
0.69 0.6661999999999992
0.69 0.6804499999999988
0.69 0.6854999999999989
0.69 0.6792999999999987
0.69 0.6790999999999987
0.69 0.6671499999999989
0.69 0.6066999999999999
0.69 0.6116999999999997
0.69 0.5395499999999992
0.69 0.613849999999999
0.69 0.6330499999999993
0.69 0.6586999999999995
0.69 0.638199999999999
0.69 0.5686999999999994
0.69 0.6078999999999992
0.69 0.6348999999999994
0.69 0.6566499999999997
0.69 0.6518499999999996
0.69 0.670349999999999
0.69 0.6725999999999989
0.69 0.6703499999999994
0.69 0.5685999999999996
0.69 0.6141999999999986
0.69 0.6506499999999993
0.69 0.6697999999999993
0.69 0.5851000000000006
0.69 0.6278499999999998
0.69 0.6872499999999985
0.69 0.6888499999999982
0.69 0.6885999999999984
0.69 0.6888999999999984
0.69 0.6890499999999986
0.69 0.6853999999999987
0.69 0.6896999999999983
0.69 0.6826999999999986
0.69 0.6791499999999988
0.69 0.6730499999999998
0.69 0.6774999999999995
0.69 0.6790499999999988
0.69 0.6875999999999984
0.69 0.6825499999999984
0.69 0.6827499999999992
0.69 0.6843499999999988
0.69 0.6572499999999999
0.69 0.673049999999999
0.69 0.6846499999999988
0.69 0.681549999999999
0.69 0.6731499999999994
0.69 0.6444999999999996
0.69 0.6271500000000002
0.69 0.6778999999999988
0.69 0.6812499999999987
0.69 0.6852499999999985
0.69 0.6518499999999997
0.69 0.6163500000000002
0.69 0.5898000000000005
0.69 0.6501499999999999
0.69 0.6809499999999984
0.69 0.6860499999999985
0.69 0.6881499999999984
0.69 0.6888499999999983
0.69 0.6896999999999985
0.69 0.6896499999999983
0.69 0.6895499999999984
0.69 0.6894999999999984
0.69 0.6897999999999983
0.69 0.6899999999999984
0.69 0.6761999999999988
0.69 0.6751999999999988
0.69 0.6748999999999991
0.69 0.6621999999999995
0.69 0.46469999999999984
0.69 0.4787000000000001
0.69 0.5175500000000017
0.69 0.652300000000001
0.69 0.6658999999999996
0.69 0.6769499999999988
0.69 0.6874999999999986
0.69 0.6880999999999983
0.69 0.6163500000000003
0.69 0.6844499999999986
0.69 0.6708999999999987
0.69 0.6838999999999987
0.69 0.6884499999999986
0.69 0.6884499999999982
0.69 0.6897999999999983
0.69 0.6827999999999983
0.69 0.6879999999999985
0.69 0.6897499999999984
0.69 0.6898499999999984
0.69 0.6899999999999984
0.69 0.6895999999999985
0.69 0.6877499999999983
0.69 0.6798499999999992
0.69 0.6888499999999983
0.69 0.6571999999999992
0.69 0.6890999999999984
0.69 0.6731999999999985
0.69 0.6853499999999982
0.69 0.6894499999999982
0.69 0.6895999999999983
0.69 0.6897499999999984
0.69 0.6767999999999986
0.69 0.6857499999999983
0.69 0.6876499999999985
0.69 0.6452999999999992
0.69 0.6727499999999992
0.69 0.6789499999999989
0.69 0.6855999999999988
0.69 0.6870999999999984
0.69 0.6843999999999987
0.69 0.6885499999999984
0.69 0.6874999999999986
0.69 0.6899999999999984
0.69 0.6616499999999987
0.69 0.6683999999999989
0.69 0.675849999999999
0.69 0.6857999999999987
0.69 0.6796499999999984
0.69 0.6570499999999996
0.69 0.6836499999999986
0.69 0.6841499999999986
0.69 0.6875999999999987
0.69 0.6841499999999986
0.69 0.675549999999999
0.69 0.6886999999999983
0.69 0.6861499999999987
0.69 0.6888999999999986
0.69 0.6893999999999986
0.69 0.6873499999999987
0.69 0.678499999999999
0.69 0.6867499999999986
0.69 0.681649999999999
0.69 0.6711499999999988
0.69 0.6819499999999988
0.69 0.6752499999999988
0.69 0.6863999999999987
0.69 0.6828999999999987
0.69 0.6862499999999986
0.69 0.6837499999999985
0.69 0.6870499999999986
0.69 0.6870499999999986
0.69 0.6884999999999986
0.69 0.6897999999999983
0.69 0.6887999999999985
0.69 0.6829999999999985
0.69 0.6899499999999985
0.69 0.6896499999999984
0.69 0.6887499999999985
0.69 0.6864499999999986
0.69 0.6792499999999987
0.69 0.6854999999999986
0.69 0.6873999999999986
0.69 0.6844999999999984
0.69 0.6860499999999985
0.69 0.6897999999999983
0.69 0.6857499999999984
0.69 0.6897999999999985
0.69 0.6859499999999987
0.69 0.6893999999999986
0.69 0.6875499999999987
0.69 0.6861499999999987
0.69 0.6844499999999987
0.69 0.6870499999999987
0.69 0.6897499999999984
0.69 0.6896999999999984
0.69 0.6896999999999984
0.69 0.6886499999999984
0.69 0.6888999999999986
0.69 0.6887999999999985
0.69 0.6879999999999985
0.69 0.6862999999999986
0.69 0.6877999999999986
0.69 0.6861999999999984
0.69 0.6880499999999985
0.69 0.6891499999999985
0.69 0.6881999999999985
0.69 0.6879999999999984
0.69 0.6817999999999982
0.69 0.6871999999999985
0.69 0.6880999999999985
0.69 0.6894999999999984
0.69 0.6898999999999984
0.69 0.6898999999999984
0.69 0.6890999999999984
0.69 0.6884499999999981
0.69 0.6884499999999985
0.69 0.6895999999999982
0.69 0.6892499999999984
0.69 0.6880499999999985
0.69 0.6885999999999983
0.69 0.6886999999999983
0.69 0.6894999999999984
0.69 0.6872499999999984
0.69 0.6899999999999984
0.69 0.6853999999999985
0.69 0.6888499999999985
0.69 0.6894499999999983
0.69 0.6853499999999982
0.69 0.6888999999999984
0.69 0.6877499999999985
0.69 0.6896999999999984
0.69 0.6874999999999983
0.69 0.6860999999999984
0.69 0.6850499999999985
0.69 0.6889999999999985
0.69 0.6899499999999985
0.69 0.6860499999999986
0.69 0.6846499999999986
0.69 0.6898499999999984
0.69 0.6899999999999984
0.69 0.6874999999999986
0.69 0.6891499999999986
0.69 0.6880999999999985
0.69 0.6859999999999986
0.69 0.6868999999999985
0.69 0.6878999999999985
0.69 0.6862499999999986
0.69 0.6889999999999986
0.69 0.6897499999999985
0.69 0.6885499999999984
0.69 0.6889999999999985
0.69 0.6884999999999986
0.69 0.6825999999999987
0.69 0.6850499999999985
0.69 0.6871999999999985
0.69 0.6876999999999985
0.69 0.6889499999999984
0.69 0.6896499999999983
0.69 0.6898499999999984
0.69 0.6898499999999985
0.69 0.6893999999999985
0.69 0.6870999999999985
0.69 0.6889999999999985
0.69 0.6898999999999984
0.69 0.6896499999999983
0.69 0.6898999999999985
0.69 0.6896499999999984
0.69 0.6891499999999985
0.69 0.6849999999999987
0.69 0.6876999999999984
0.69 0.6882499999999985
0.69 0.6897499999999985
0.69 0.6873499999999985
0.69 0.6893999999999985
0.69 0.6891499999999984
