0.76 0.38664999999999994
0.76 0.39114999999999966
0.72 0.40184999999999926
0.7 0.4095499999999991
0.7 0.38089999999999946
0.75 0.39874999999999955
0.78 0.422499999999999
0.76 0.3963999999999993
0.7 0.40929999999999916
0.74 0.4420999999999986
0.74 0.4432999999999989
0.8 0.4536999999999986
0.7 0.4423999999999988
0.7 0.4215999999999991
0.79 0.4553499999999984
0.75 0.42874999999999935
0.67 0.42579999999999907
0.82 0.4577499999999985
0.7 0.43024999999999936
0.73 0.4557499999999989
0.7 0.440249999999999
0.9 0.45544999999999847
0.7 0.43954999999999883
0.72 0.47804999999999864
0.72 0.4799499999999985
0.7 0.4885999999999984
0.7 0.5287999999999996
0.76 0.5271499999999991
0.77 0.561249999999999
0.73 0.5016999999999996
0.83 0.5678999999999994
0.78 0.5671499999999996
0.78 0.5595499999999994
0.73 0.5704999999999991
0.83 0.6335499999999996
0.7 0.6148999999999998
0.7 0.6050999999999997
0.7 0.6253000000000005
0.7 0.6466000000000007
0.7 0.6449000000000005
0.7 0.5969499999999998
0.7 0.5431499999999992
0.7 0.5999499999999988
0.68 0.5212499999999999
0.69 0.5317999999999996
0.7 0.5275999999999995
0.7 0.5661999999999984
0.7 0.5919499999999983
0.7 0.6227999999999991
0.7 0.6326500000000004
0.7 0.588649999999999
0.7 0.5793999999999991
0.94 0.6323500000000002
0.94 0.6600500000000012
0.94 0.6736500000000016
0.89 0.47964999999999863
0.89 0.5314499999999974
0.89 0.5733499999999977
0.93 0.5552499999999988
0.94 0.6096499999999999
0.89 0.6074499999999999
0.94 0.7054000000000012
0.7 0.5505999999999993
0.7 0.5034999999999987
0.95 0.5483499999999992
0.94 0.563649999999999
0.94 0.6309999999999998
0.94 0.6599000000000004
0.96 0.7416999999999994
0.97 0.7971999999999995
0.97 0.7320499999999995
0.97 0.7599500000000006
0.97 0.7656499999999993
0.92 0.6988500000000009
0.94 0.6666000000000006
0.97 0.7094499999999998
0.89 0.5663000000000004
0.87 0.5976000000000004
0.89 0.6305499999999995
0.92 0.6659
0.92 0.6565000000000003
0.93 0.6204500000000002
0.93 0.6178500000000002
0.94 0.6724
0.88 0.6017000000000003
0.85 0.6353500000000005
0.94 0.6795999999999998
0.88 0.6601
0.88 0.6520999999999998
0.87 0.6452500000000004
0.89 0.6284500000000002
0.91 0.549049999999999
0.85 0.6135499999999997
0.7 0.6058499999999994
0.7 0.5506999999999984
0.79 0.5509999999999997
0.7 0.5200499999999991
0.77 0.46014999999999895
0.78 0.4302999999999974
0.84 0.598749999999999
0.88 0.6438499999999991
0.88 0.649599999999999
0.7 0.5733499999999994
0.7 0.5951999999999987
0.94 0.7163500000000006
0.92 0.6343499999999982
0.94 0.7525500000000016
0.7 0.6505500000000007
0.7 0.660650000000001
0.7 0.655250000000001
0.7 0.6504000000000011
0.7 0.664400000000001
0.76 0.591799999999999
0.7 0.6665500000000005
0.7 0.6559500000000013
0.88 0.6674500000000018
0.7 0.6721000000000017
0.7 0.6788500000000012
0.88 0.6623000000000013
0.9 0.6330500000000009
0.95 0.6897500000000008
0.95 0.7537500000000007
0.95 0.6868000000000016
0.7 0.6129000000000016
0.93 0.6785500000000014
0.94 0.7503000000000012
0.94 0.6409499999999996
0.7 0.5197999999999976
0.7 0.4892999999999981
0.7 0.5698999999999989
0.7 0.5777999999999989
0.7 0.6307500000000009
0.7 0.5228999999999983
0.7 0.6043500000000006
0.7 0.5710499999999993
0.7 0.5170499999999977
0.7 0.5711499999999995
0.7 0.6639500000000014
0.7 0.6914000000000015
0.7 0.6869000000000014
0.7 0.6975500000000012
0.7 0.6988500000000012
0.72 0.6961500000000014
0.72 0.6927500000000013
0.72 0.6979000000000013
0.74 0.6996000000000011
0.74 0.698900000000001
0.74 0.6834500000000012
0.74 0.7014000000000016
0.74 0.6620500000000016
0.74 0.5943499999999999
0.82 0.7073000000000005
0.82 0.7100500000000001
0.82 0.7060500000000005
0.79 0.7094500000000004
0.84 0.7181499999999998
0.86 0.7284499999999996
0.97 0.7404499999999985
0.97 0.7340499999999988
0.88 0.7382999999999977
0.91 0.7578999999999987
0.91 0.7599499999999986
0.94 0.6588999999999996
0.94 0.6380000000000005
0.94 0.7100999999999997
0.95 0.7604999999999995
0.89 0.5185000000000006
0.89 0.5868000000000009
0.97 0.6626999999999995
0.87 0.53755
0.65 0.5236000000000006
0.65 0.5074500000000001
0.65 0.5437999999999991
0.65 0.5759999999999994
0.97 0.6725500000000004
0.97 0.7419000000000002
0.98 0.8550000000000014
0.98 0.871400000000001
0.98 0.898350000000001
0.98 0.9211499999999998
0.98 0.9251499999999999
0.98 0.8869000000000002
0.98 0.9001499999999991
0.97 0.8466499999999989
0.97 0.882200000000001
0.96 0.8539999999999992
0.98 0.9111499999999997
0.98 0.8964499999999985
0.98 0.9184499999999989
0.98 0.9387499999999979
0.98 0.9051499999999989
0.98 0.8808999999999995
0.98 0.9141499999999998
0.98 0.7225000000000016
0.98 0.8707500000000007
0.97 0.8015999999999973
0.98 0.8755499999999994
0.91 0.8095999999999985
0.97 0.8341999999999997
0.97 0.699550000000001
0.97 0.8195500000000017
0.91 0.6315499999999996
0.97 0.7669500000000022
0.97 0.8872499999999972
0.97 0.8983499999999972
0.97 0.8762999999999995
0.97 0.8990500000000006
0.97 0.9034000000000008
0.97 0.9145499999999998
0.97 0.8499500000000002
0.96 0.8538000000000002
0.98 0.899949999999999
0.98 0.9095999999999989
0.98 0.9334999999999981
0.98 0.938299999999997
0.98 0.9598999999999992
0.98 0.8151500000000017
0.98 0.8810999999999996
0.98 0.8031000000000011
0.98 0.7757499999999993
0.98 0.72445
0.98 0.7661499999999993
0.98 0.9153999999999987
0.98 0.8377499999999989
0.98 0.7167499999999997
