0.8 0.3892499999999993
0.8 0.43259999999999926
0.75 0.4319999999999997
0.75 0.45819999999999955
0.79 0.4411999999999999
0.74 0.4272999999999996
0.78 0.44454999999999983
0.78 0.46990000000000004
0.78 0.45824999999999966
0.89 0.48160000000000003
0.72 0.4854999999999999
0.86 0.47169999999999956
0.72 0.5057500000000004
0.73 0.46699999999999997
0.73 0.4617499999999993
0.75 0.54085
0.71 0.48510000000000025
0.75 0.46004999999999974
0.69 0.4510499999999994
0.69 0.4903999999999997
0.69 0.45354999999999973
0.69 0.5112499999999999
0.88 0.5200999999999992
0.95 0.5539000000000004
0.69 0.50545
0.87 0.5689500000000001
0.92 0.5846000000000001
0.87 0.6106000000000007
0.95 0.6318500000000009
0.84 0.5491000000000001
0.82 0.655000000000001
0.95 0.6670500000000006
0.85 0.5851499999999996
0.85 0.5910499999999996
0.85 0.6447499999999998
0.75 0.6141499999999995
0.75 0.6701999999999994
0.83 0.6764499999999992
0.75 0.6663499999999993
0.71 0.6492999999999997
0.69 0.6037999999999996
0.69 0.5554499999999997
0.69 0.50245
0.75 0.5592499999999998
0.69 0.47019999999999984
0.69 0.38719999999999966
0.76 0.38254999999999917
0.76 0.4163499999999995
0.69 0.3650499999999996
0.69 0.3648999999999995
0.76 0.4603000000000001
0.89 0.5246999999999991
0.89 0.6182499999999996
0.91 0.5596499999999993
0.87 0.6333999999999991
0.91 0.6389499999999988
0.85 0.6363499999999995
0.76 0.5230999999999993
0.69 0.3702499999999988
0.72 0.37534999999999924
0.79 0.5595000000000003
0.95 0.5886499999999999
0.95 0.6341500000000003
0.76 0.45924999999999977
0.89 0.5512499999999995
0.92 0.58015
0.94 0.6065000000000003
0.55 0.3600999999999994
0.57 0.36999999999999944
0.46 0.36154999999999954
0.44 0.3604499999999995
0.46 0.3617499999999996
0.47 0.3646499999999995
0.47 0.36554999999999943
0.47 0.3674499999999995
0.79 0.4807500000000002
0.67 0.38785000000000047
0.67 0.43200000000000005
0.77 0.4608000000000002
0.82 0.43330000000000024
0.89 0.45244999999999974
0.9 0.5142500000000003
0.9 0.5695499999999994
0.92 0.6466999999999998
0.94 0.6417499999999999
0.89 0.55485
0.78 0.3801499999999996
0.92 0.5576499999999993
0.92 0.6249999999999998
0.92 0.6762000000000004
0.92 0.7042000000000007
0.93 0.7207999999999994
0.59 0.3841499999999995
0.95 0.7675000000000004
0.67 0.3726999999999995
0.67 0.3785999999999995
0.95 0.7304000000000009
0.69 0.48619999999999974
0.95 0.6959000000000017
0.93 0.7349499999999999
0.96 0.7592500000000002
0.95 0.7363500000000016
0.95 0.7666499999999998
0.96 0.8303499999999994
0.96 0.80495
