0.67 0.3724499999999996
0.68 0.4037499999999982
0.68 0.42039999999999816
0.67 0.407249999999998
0.68 0.42884999999999807
0.66 0.43989999999999846
0.67 0.4120999999999986
0.93 0.4297999999999989
0.83 0.46049999999999947
0.68 0.4089499999999988
0.78 0.43084999999999857
0.88 0.4340999999999984
0.68 0.4038499999999985
0.9 0.4610999999999994
0.73 0.4614499999999996
0.96 0.5079499999999992
0.96 0.5085499999999995
0.83 0.4914499999999996
0.83 0.4794499999999991
0.83 0.4739499999999993
0.83 0.4731499999999991
0.86 0.5115
0.7 0.444599999999999
0.76 0.49739999999999923
0.76 0.4417499999999995
0.87 0.5094000000000002
0.68 0.4753999999999992
0.68 0.4313499999999988
0.68 0.44754999999999934
0.68 0.4276499999999991
0.68 0.4246999999999992
0.68 0.4212999999999995
0.68 0.48314999999999964
0.68 0.4810499999999992
0.74 0.4951000000000003
0.74 0.50875
0.7 0.4941000000000001
0.68 0.49249999999999994
0.7 0.5363500000000002
0.77 0.5565499999999998
0.81 0.49864999999999965
0.81 0.5264
0.82 0.5359999999999999
0.82 0.5560999999999998
0.82 0.5501999999999996
0.93 0.4927499999999997
0.94 0.48590000000000005
0.94 0.5780500000000004
0.96 0.6026999999999992
0.96 0.6177999999999993
0.96 0.6036999999999996
0.96 0.6854999999999998
0.96 0.6652500000000003
0.96 0.6569500000000008
0.96 0.7033000000000007
0.96 0.7149
0.92 0.6640999999999997
0.96 0.6054999999999985
0.96 0.5814999999999985
0.96 0.6447499999999994
0.96 0.7290500000000009
0.96 0.7384000000000017
0.96 0.8499000000000015
0.93 0.6817000000000025
0.78 0.5957000000000007
0.92 0.6937000000000032
0.86 0.5508999999999998
0.96 0.5893000000000002
0.96 0.7373000000000015
0.96 0.8021999999999991
0.96 0.8519500000000015
0.96 0.8770000000000004
0.96 0.8860000000000011
0.96 0.7690000000000015
0.96 0.665299999999998
0.96 0.7364499999999994
0.85 0.47964999999999736
0.96 0.7466000000000002
0.96 0.6627500000000015
0.96 0.8168500000000007
0.96 0.8277499999999997
0.96 0.8305500000000002
0.96 0.9048999999999995
0.96 0.878950000000001
0.96 0.798050000000003
0.96 0.829800000000002
0.96 0.6793000000000015
0.96 0.7992000000000006
0.96 0.7881500000000004
0.96 0.7396499999999997
0.96 0.721500000000003
0.95 0.680750000000003
0.96 0.6586000000000031
0.96 0.6968000000000035
0.96 0.609000000000001
0.95 0.6314499999999998
0.96 0.6827500000000029
0.68 0.4862999999999997
0.68 0.4622
0.68 0.5329000000000002
0.68 0.599550000000001
0.68 0.4686999999999999
0.68 0.5266500000000002
0.68 0.5246999999999997
0.84 0.5339999999999996
0.88 0.5555500000000003
0.88 0.6230999999999995
0.96 0.7027000000000012
0.96 0.7608000000000014
0.96 0.7452500000000022
0.96 0.7868000000000012
0.93 0.7021000000000029
0.93 0.8191500000000004
0.95 0.8519500000000015
0.95 0.8587000000000009
0.95 0.8977000000000005
0.96 0.8974500000000002
0.95 0.7996500000000003
0.95 0.8913500000000005
0.95 0.9032000000000007
0.95 0.9056000000000014
0.95 0.8679500000000016
0.95 0.47480000000000033
0.95 0.5630500000000002
0.96 0.5580500000000013
0.95 0.5362000000000003
0.95 0.49015000000000053
0.96 0.8242999999999999
0.96 0.900900000000001
0.96 0.9366500000000011
0.96 0.9309000000000013
0.96 0.9377000000000005
0.96 0.7016499999999999
0.96 0.7108000000000005
0.95 0.7170999999999998
0.96 0.9355000000000012
0.96 0.91175
0.96 0.8865000000000012
0.96 0.910450000000001
0.96 0.9423499999999961
0.96 0.8363999999999957
0.96 0.8105999999999973
0.96 0.8859499999999966
0.96 0.9238499999999961
0.96 0.9451499999999983
0.96 0.8720499999999977
0.96 0.7069000000000014
0.96 0.8436500000000008
0.96 0.9299499999999975
0.96 0.9286499999999989
0.96 0.9471000000000003
0.96 0.9523500000000003
0.96 0.8547000000000001
0.96 0.9145999999999986
0.96 0.9553999999999999
0.96 0.9560000000000002
0.96 0.9428
0.96 0.9406499999999999
0.96 0.7247999999999999
0.96 0.7377000000000007
0.96 0.8367999999999983
0.96 0.8471499999999977
0.96 0.7915999999999991
0.96 0.8769999999999996
0.96 0.9156999999999991
0.96 0.8473000000000007
0.96 0.8648500000000005
0.96 0.696900000000002
0.68 0.6747000000000023
0.96 0.7873000000000024
0.96 0.7771000000000037
0.96 0.9043500000000002
0.96 0.6322999999999993
0.96 0.6459500000000002
0.96 0.8711000000000013
0.96 0.7497000000000011
0.96 0.8060500000000005
0.96 0.8201000000000004
0.68 0.6728500000000021
0.9 0.6679500000000012
0.95 0.7730500000000009
0.96 0.806550000000001
0.96 0.7913000000000019
0.95 0.7375500000000008
0.95 0.7951999999999991
0.77 0.6313999999999993
0.96 0.8740500000000011
0.95 0.7397499999999997
0.95 0.7100000000000009
0.95 0.5414999999999993
0.82 0.5461499999999998
0.96 0.6220999999999998
0.68 0.5593999999999998
0.68 0.5915499999999998
0.94 0.66035
0.96 0.77195
0.96 0.8280999999999996
0.96 0.7603499999999989
0.96 0.5116999999999958
0.96 0.8082999999999997
0.96 0.7656500000000004
0.96 0.7023
0.96 0.879750000000001
0.96 0.8717000000000009
0.96 0.8642000000000007
0.96 0.8402000000000005
0.96 0.7994999999999998
0.95 0.7560499999999993
0.9 0.6448499999999987
0.91 0.6524499999999989
0.92 0.7170500000000009
0.95 0.6280999999999997
0.94 0.5774999999999973
0.9 0.5635999999999999
0.68 0.5621999999999998
0.68 0.6095499999999997
0.68 0.6385000000000001
0.95 0.6410499999999995
0.84 0.6068999999999998
0.95 0.6214499999999997
0.92 0.5253999999999978
0.91 0.48819999999999625
0.85 0.4299999999999979
0.96 0.7142999999999989
0.85 0.7304000000000006
0.92 0.7727500000000005
0.92 0.7434000000000007
0.68 0.5900999999999993
0.68 0.6419500000000007
0.67 0.5459500000000002
0.66 0.5402999999999998
0.68 0.6052999999999996
0.68 0.4780999999999976
0.68 0.46579999999999744
0.67 0.38279999999999864
0.68 0.4615999999999979
0.68 0.6013500000000002
0.68 0.6215000000000006
0.68 0.61695
0.68 0.5745499999999997
0.68 0.6455500000000007
0.68 0.6226999999999998
0.68 0.6553500000000004
0.68 0.5895999999999995
0.68 0.6158000000000005
0.68 0.658100000000002
0.68 0.6149000000000003
0.68 0.4523999999999986
0.68 0.4304499999999987
0.68 0.48129999999999895
0.68 0.5122000000000001
0.68 0.4219499999999992
0.58 0.4080500000000002
0.67 0.44529999999999975
0.66 0.43884999999999996
0.68 0.48475000000000024
0.68 0.5004000000000002
0.79 0.5244999999999994
0.9 0.6314499999999994
0.83 0.6045499999999991
0.79 0.5324499999999982
0.59 0.3535499999999997
0.68 0.5405999999999993
0.68 0.6136999999999994
0.68 0.46329999999999755
0.68 0.5207499999999989
0.68 0.5741999999999989
0.68 0.561249999999998
0.68 0.5606499999999975
0.68 0.4705999999999991
0.86 0.4854999999999993
0.82 0.5454999999999993
0.92 0.5876499999999986
0.9 0.6076999999999996
0.88 0.5573499999999996
0.88 0.5819999999999996
0.88 0.6299999999999997
0.81 0.5957999999999992
0.89 0.681450000000001
0.85 0.6229999999999979
0.68 0.5495999999999992
0.67 0.588949999999999
0.68 0.6283499999999991
0.68 0.6253499999999981
0.68 0.620049999999999
0.68 0.626249999999999
0.68 0.6092999999999987
0.68 0.6507000000000009
0.68 0.655750000000001
0.68 0.6605000000000006
0.68 0.616949999999999
0.68 0.6119999999999993
0.68 0.6337999999999991
0.68 0.647199999999999
0.68 0.6251499999999991
0.6 0.5087999999999983
0.66 0.5441499999999988
0.67 0.604999999999999
0.68 0.6315499999999985
0.68 0.631049999999999
0.68 0.6231999999999995
0.68 0.6124999999999995
0.68 0.6345999999999986
0.68 0.649849999999999
0.68 0.6505499999999994
0.68 0.6554499999999998
0.68 0.6587
0.68 0.6515499999999997
0.68 0.6589
0.68 0.6450999999999999
0.68 0.6564000000000011
0.66 0.5644999999999992
0.66 0.5979499999999998
0.68 0.6140499999999992
0.68 0.631999999999999
0.68 0.6446999999999998
0.68 0.64325
0.68 0.6411499999999997
0.68 0.6441499999999999
0.68 0.6553
0.68 0.6670000000000003
0.68 0.6677500000000006
0.68 0.6651000000000002
0.68 0.5803499999999995
0.68 0.5749500000000007
0.68 0.5619000000000002
0.68 0.6170499999999992
0.68 0.49179999999999807
0.66 0.51545
0.68 0.5623999999999996
0.66 0.5670499999999996
0.68 0.6219499999999988
0.68 0.558099999999999
0.68 0.59275
0.68 0.5791000000000001
0.68 0.6088999999999998
0.68 0.6258999999999996
0.68 0.6423499999999994
0.68 0.64595
0.68 0.6497000000000002
0.68 0.6521499999999995
0.68 0.6208499999999995
0.68 0.5910999999999996
0.68 0.6224499999999996
0.68 0.6026999999999992
0.68 0.6239499999999996
0.68 0.6257999999999995
0.68 0.6339499999999987
0.68 0.5919499999999995
0.66 0.5497999999999985
0.68 0.6296499999999994
0.68 0.6514999999999981
0.68 0.6559999999999981
0.68 0.6467999999999986
0.68 0.6670499999999988
0.68 0.6692499999999991
0.68 0.6728000000000006
0.68 0.6752000000000019
0.68 0.6769500000000028
0.68 0.6780500000000029
0.68 0.6797000000000031
0.68 0.6795500000000031
0.68 0.6784000000000031
0.68 0.6785500000000033
0.68 0.6790500000000032
0.68 0.6709000000000009
0.68 0.6785000000000023
0.68 0.6791000000000025
0.68 0.6786000000000033
0.68 0.6767000000000029
0.68 0.6792500000000029
0.68 0.6789500000000033
0.68 0.6774500000000028
0.68 0.6731000000000031
0.68 0.6755000000000034
0.68 0.678250000000003
0.68 0.6797500000000032
0.68 0.6723500000000026
0.68 0.6737000000000031
0.68 0.6042000000000004
0.68 0.5993499999999989
0.68 0.5377999999999977
0.68 0.6291999999999998
0.68 0.648250000000001
0.68 0.6595500000000014
0.68 0.668200000000002
0.68 0.5989999999999993
0.68 0.6261000000000004
0.68 0.6494500000000013
0.68 0.6540000000000019
0.68 0.6569500000000023
0.68 0.6572000000000024
0.68 0.6657000000000025
0.68 0.6705500000000026
0.68 0.6732500000000027
0.68 0.6708500000000026
0.68 0.6109500000000002
0.68 0.4102499999999982
0.68 0.5014999999999968
0.68 0.5703499999999988
0.68 0.6560500000000019
0.68 0.5845499999999993
0.68 0.6413000000000016
0.68 0.6687000000000027
0.68 0.6701000000000026
0.94 0.6829000000000026
0.68 0.6480000000000019
0.68 0.6716000000000029
0.68 0.6559500000000024
0.68 0.6240000000000012
0.68 0.521799999999997
0.68 0.5619999999999987
0.68 0.6039000000000004
0.68 0.5980000000000002
0.68 0.6403500000000019
0.68 0.6480000000000021
0.68 0.6681500000000029
0.68 0.6623500000000025
0.68 0.5030499999999963
0.68 0.5665999999999984
0.68 0.6492000000000014
0.93 0.6746500000000022
0.32 0.32000000000000023
0.32 0.32000000000000023
0.32 0.32000000000000023
0.96 0.4503499999999972
0.96 0.48204999999999637
0.96 0.608199999999999
0.32 0.32000000000000023
0.32 0.32000000000000023
0.34 0.3199000000000003
0.34 0.32020000000000026
0.34 0.32050000000000023
0.34 0.3211000000000003
0.34 0.3218500000000002
0.48 0.3268
0.68 0.35234999999999944
0.68 0.37549999999999956
0.68 0.4568999999999995
0.68 0.488
0.85 0.5440000000000007
0.87 0.5905499999999999
0.87 0.6306000000000005
0.87 0.6504000000000011
0.95 0.6577500000000016
0.95 0.6926500000000029
0.95 0.7039000000000023
0.95 0.7471500000000034
0.96 0.7738000000000028
0.96 0.795850000000003
0.96 0.779700000000001
0.96 0.825200000000001
0.96 0.862600000000002
0.96 0.8717000000000017
0.96 0.8873000000000011
0.96 0.8331000000000006
0.32 0.31985000000000025
0.68 0.5943499999999989
0.68 0.6229499999999996
0.39 0.32065000000000027
0.68 0.6154999999999995
0.68 0.6437000000000005
0.68 0.6520000000000009
0.68 0.651100000000001
0.68 0.6596000000000017
0.68 0.6499000000000019
0.68 0.5854500000000001
0.68 0.6188000000000011
0.68 0.6133500000000012
0.68 0.631500000000002
0.68 0.6117000000000011
0.68 0.6541000000000026
0.68 0.6582000000000027
0.68 0.6400000000000019
0.68 0.47454999999999875
0.32 0.32000000000000023
0.32 0.32000000000000023
0.32 0.32000000000000023
0.32 0.32000000000000023
0.32 0.32000000000000023
0.32 0.32000000000000023
0.32 0.32000000000000023
0.32 0.32000000000000023
0.32 0.32000000000000023
0.32 0.32000000000000023
0.32 0.32000000000000023
0.4 0.3208000000000002
0.4 0.3220000000000002
0.42 0.3234000000000002
0.51 0.3273000000000001
0.55 0.33664999999999984
0.55 0.34334999999999966
0.55 0.360049999999999
0.55 0.3841499999999982
0.55 0.40604999999999847
0.55 0.4341000000000003
0.68 0.4636500000000014
0.68 0.49845000000000056
0.68 0.5296500000000006
0.68 0.5541500000000008
