0.68 0.3804499999999997
0.68 0.4108999999999983
0.7 0.4359499999999985
0.78 0.4131999999999985
0.7 0.42669999999999886
0.68 0.45829999999999904
0.7 0.44474999999999915
0.87 0.45744999999999936
0.85 0.4963499999999997
0.68 0.4184999999999996
0.68 0.4410499999999994
0.68 0.43419999999999964
0.75 0.5112499999999999
0.68 0.43924999999999925
0.68 0.4095499999999992
0.79 0.43699999999999967
0.68 0.4452499999999997
0.78 0.4447999999999997
0.78 0.4672999999999996
0.76 0.4564499999999996
0.77 0.4602999999999998
0.68 0.41744999999999904
0.69 0.4394499999999992
0.68 0.44579999999999925
0.76 0.4632499999999996
0.68 0.4721999999999984
0.73 0.5350499999999996
0.68 0.42464999999999864
0.87 0.4762999999999991
0.68 0.5003999999999995
0.96 0.5788500000000001
0.85 0.5742999999999998
0.92 0.5898999999999998
0.95 0.5238999999999999
0.95 0.5323
0.84 0.4737999999999986
0.94 0.4384499999999993
0.95 0.5110499999999993
0.69 0.5731999999999996
0.94 0.6185000000000006
0.87 0.6272500000000004
0.93 0.5101999999999991
0.95 0.6874000000000011
0.95 0.6875500000000018
0.95 0.7191500000000022
0.95 0.6829500000000022
0.88 0.6383000000000004
0.95 0.6228000000000007
0.95 0.5878
0.95 0.6288499999999998
0.95 0.6684000000000005
0.95 0.6683000000000017
0.95 0.6835000000000023
0.87 0.6713000000000016
0.74 0.6365499999999997
0.79 0.5920999999999992
0.79 0.424749999999999
0.86 0.5249999999999997
0.74 0.4373999999999992
0.75 0.44639999999999924
0.75 0.4515499999999989
0.68 0.44129999999999925
0.55 0.4534499999999993
0.54 0.4565999999999989
0.54 0.4536499999999991
0.55 0.47929999999999845
0.55 0.5068499999999992
0.69 0.5174500000000003
0.55 0.4919499999999992
0.55 0.5180000000000006
0.55 0.5305000000000015
0.55 0.38589999999999924
0.55 0.39694999999999925
0.68 0.49770000000000003
0.55 0.4388499999999993
0.55 0.4633999999999996
0.55 0.4851999999999994
0.55 0.5009499999999999
0.55 0.5182000000000007
0.55 0.5261000000000003
0.55 0.5229999999999996
0.55 0.5180499999999992
0.55 0.5337999999999995
0.55 0.5360499999999991
0.55 0.5388999999999988
0.55 0.5238999999999987
0.55 0.5285999999999987
0.55 0.5259499999999986
0.55 0.5276499999999985
0.55 0.5244499999999984
0.55 0.5284499999999985
0.55 0.5243999999999985
0.55 0.5268999999999984
0.55 0.5246499999999984
0.55 0.5303499999999983
0.55 0.5220499999999985
0.55 0.5271999999999984
0.55 0.49814999999999865
0.55 0.4805999999999988
0.55 0.4895999999999988
0.55 0.5012999999999985
0.55 0.5060499999999988
0.55 0.5147499999999988
0.55 0.3381
0.55 0.512499999999999
0.32 0.30985000000000024
0.32 0.3094500000000002
0.32 0.30190000000000017
0.32 0.3101000000000002
0.32 0.3054500000000002
0.32 0.3096500000000002
0.32 0.3106000000000002
0.32 0.3069500000000002
0.32 0.30795000000000017
0.32 0.3116000000000002
0.34 0.3096000000000002
0.34 0.3086500000000002
0.56 0.3172500000000002
0.65 0.3578999999999995
0.56 0.3193500000000002
0.65 0.34924999999999945
0.43 0.3001500000000001
0.43 0.3103999999999997
0.43 0.3314499999999995
0.68 0.4538999999999985
0.67 0.5001499999999993
0.66 0.35094999999999976
0.68 0.3971000000000003
0.68 0.46249999999999925
0.68 0.41519999999999935
0.68 0.5124499999999994
0.68 0.587800000000001
0.68 0.6026500000000002
0.68 0.6438000000000008
0.68 0.6647500000000016
0.68 0.6726000000000026
0.68 0.6773500000000026
0.68 0.5411499999999981
0.68 0.6182000000000012
0.68 0.41829999999999806
0.68 0.44099999999999745
0.68 0.44794999999999857
0.68 0.43794999999999945
0.68 0.5028499999999991
0.68 0.6273000000000021
0.68 0.6472000000000026
0.68 0.557299999999999
0.68 0.6592500000000028
0.68 0.6190000000000011
0.68 0.553849999999999
0.68 0.6511500000000023
0.68 0.6354000000000007
0.68 0.563799999999999
0.68 0.6493000000000018
0.68 0.6689500000000028
0.78 0.5662499999999997
0.73 0.6109500000000009
0.68 0.6592500000000021
0.68 0.6648500000000028
0.68 0.35769999999999946
0.68 0.44259999999999744
0.68 0.6027000000000011
0.68 0.566149999999999
0.68 0.6182000000000004
0.68 0.6548000000000023
0.68 0.6277500000000011
0.68 0.5720000000000008
0.68 0.5884500000000006
0.68 0.6460500000000025
0.68 0.4266499999999988
0.65 0.42045
0.68 0.4685000000000003
0.68 0.4310500000000001
0.68 0.47940000000000005
0.68 0.5114999999999997
0.68 0.6168000000000017
0.68 0.6327500000000021
0.68 0.6533500000000031
0.68 0.6123000000000017
0.68 0.611400000000001
0.68 0.6643500000000033
0.68 0.6511500000000029
0.68 0.6643500000000034
0.68 0.6696500000000033
0.68 0.6467500000000028
0.68 0.6667500000000034
0.68 0.6686500000000035
0.68 0.6640000000000037
0.68 0.6545500000000034
0.68 0.6716000000000032
0.68 0.6700500000000033
0.68 0.6748500000000033
0.68 0.6789000000000033
0.68 0.6800000000000034
0.68 0.6760500000000031
0.68 0.6773500000000032
0.68 0.6354500000000024
0.68 0.6777500000000031
0.68 0.6706000000000034
0.68 0.6666000000000035
0.68 0.6766500000000035
0.68 0.6800000000000034
0.68 0.6799500000000033
0.68 0.6787000000000033
0.68 0.6673500000000029
0.68 0.6759500000000029
0.68 0.6781000000000033
0.68 0.6772500000000033
0.68 0.6783500000000031
0.68 0.6698500000000033
0.68 0.6447000000000028
0.68 0.6761000000000033
0.68 0.6538500000000035
0.68 0.616600000000002
0.68 0.6618500000000038
0.68 0.6800000000000034
0.68 0.6761000000000033
0.68 0.6776500000000033
0.68 0.6800000000000034
0.68 0.6782000000000034
0.68 0.6784000000000034
0.68 0.6762000000000031
0.68 0.6749500000000033
0.68 0.6741500000000034
0.68 0.6762500000000031
0.68 0.6778500000000033
0.68 0.6769500000000034
0.68 0.6765500000000034
0.68 0.6765000000000033
0.68 0.6800000000000034
0.68 0.6798500000000033
0.68 0.6770500000000033
0.68 0.6784000000000034
0.68 0.6760500000000035
0.68 0.6784000000000034
0.68 0.6796500000000033
0.68 0.6725500000000035
0.68 0.6781000000000035
0.68 0.6796500000000033
0.68 0.6783500000000033
0.68 0.6768000000000035
0.68 0.6532500000000033
0.68 0.5676500000000008
0.68 0.6737500000000033
0.68 0.6774500000000034
0.68 0.6704000000000032
0.68 0.6758000000000031
0.68 0.6790000000000032
0.68 0.4895999999999996
0.68 0.6405500000000025
0.68 0.6776000000000034
0.68 0.6773000000000033
0.68 0.6786500000000033
0.68 0.6770500000000034
0.68 0.6779000000000033
0.68 0.6786000000000034
0.68 0.6800000000000034
0.68 0.6799000000000034
0.68 0.6779500000000033
0.68 0.6792000000000035
0.68 0.6690000000000034
0.68 0.6719500000000034
0.68 0.6504000000000032
0.68 0.6774500000000034
0.68 0.6771000000000035
0.68 0.6745500000000034
0.68 0.6799000000000032
0.68 0.6791500000000029
0.68 0.6752000000000031
0.68 0.6790000000000034
0.68 0.6800000000000034
0.68 0.6800000000000034
0.68 0.6767500000000034
0.68 0.6752000000000034
0.68 0.6763000000000031
0.68 0.6774000000000032
0.68 0.6777500000000031
0.68 0.6751500000000028
0.68 0.671950000000003
0.68 0.6685500000000034
0.68 0.6737000000000034
0.68 0.6800000000000034
0.68 0.6771500000000032
0.68 0.6770000000000035
0.68 0.6769500000000034
0.68 0.6796500000000034
0.68 0.6787500000000034
0.68 0.6259500000000021
0.68 0.6628500000000034
0.68 0.6742000000000031
0.68 0.6772500000000033
0.68 0.6778500000000033
0.68 0.6789500000000033
0.68 0.6800000000000034
0.68 0.6798500000000034
0.68 0.6795500000000034
0.68 0.6798500000000034
0.68 0.6776000000000033
0.68 0.6778500000000033
0.68 0.6783500000000032
0.68 0.6792000000000032
0.68 0.6800000000000034
0.68 0.6784000000000034
0.68 0.6788500000000033
0.68 0.6800000000000034
0.68 0.677800000000003
0.68 0.6783500000000033
0.68 0.6764000000000031
0.68 0.6770500000000034
0.68 0.6768000000000035
0.68 0.6780500000000034
0.68 0.6784000000000034
0.68 0.6799000000000034
0.68 0.6772000000000032
0.68 0.6706500000000035
0.68 0.6795500000000034
0.68 0.6736000000000033
0.68 0.6766500000000035
0.68 0.6765500000000034
0.68 0.6799500000000033
0.68 0.6761500000000032
0.68 0.6775500000000033
0.68 0.6778500000000033
0.68 0.6795500000000031
0.68 0.6800000000000034
0.68 0.6800000000000034
0.68 0.6772500000000033
0.68 0.6096500000000017
0.68 0.6615500000000037
0.68 0.6710000000000034
0.68 0.649900000000003
0.68 0.4654499999999996
0.68 0.5964000000000015
0.68 0.6780000000000029
0.68 0.6781000000000033
0.68 0.6784000000000034
0.68 0.6775500000000033
0.68 0.6783000000000032
0.68 0.6646000000000035
0.68 0.6776000000000033
0.68 0.677900000000003
0.68 0.6755500000000033
0.68 0.6749500000000032
0.68 0.6759000000000032
0.68 0.6777000000000032
0.68 0.6785000000000032
0.68 0.6785000000000033
0.68 0.6786500000000033
0.68 0.6785000000000033
0.68 0.6797500000000034
0.68 0.6793500000000035
0.68 0.6787500000000034
0.68 0.6768500000000032
0.68 0.6766000000000031
0.68 0.6770000000000035
0.68 0.6762000000000034
0.68 0.6797000000000033
0.68 0.6797500000000034
0.68 0.6800000000000034
0.68 0.6786000000000034
0.68 0.6030000000000016
0.68 0.6766500000000035
0.68 0.6562000000000034
0.68 0.6300000000000022
0.68 0.6730000000000033
0.68 0.6760500000000031
0.68 0.6800000000000034
0.68 0.6786000000000033
0.68 0.6799000000000032
0.68 0.6797000000000033
0.68 0.6699000000000035
0.68 0.6765500000000034
0.68 0.6713000000000033
0.68 0.6800000000000034
0.68 0.6784000000000033
0.68 0.6798500000000033
0.68 0.6796500000000033
0.68 0.6775500000000032
0.68 0.6758500000000032
0.68 0.6792500000000032
0.68 0.6800000000000034
0.68 0.6795500000000034
0.68 0.6796000000000033
0.68 0.6791000000000034
0.68 0.6770000000000033
0.68 0.6724500000000033
0.68 0.6756000000000034
0.68 0.6780500000000034
0.68 0.6783500000000033
0.68 0.6704000000000032
0.68 0.6753000000000031
0.68 0.6785000000000033
0.68 0.6759000000000033
0.68 0.6760500000000033
0.68 0.6782000000000034
0.68 0.6784000000000031
0.68 0.6790500000000034
0.68 0.6784000000000034
0.68 0.6779500000000033
0.68 0.6754000000000032
0.68 0.6767500000000034
0.68 0.6681500000000029
0.68 0.6509000000000031
0.68 0.6631500000000038
0.68 0.6768000000000031
0.68 0.6587000000000025
0.68 0.6705500000000028
0.68 0.6467500000000023
0.68 0.6212500000000015
0.68 0.6470000000000025
0.68 0.5809000000000009
0.68 0.6773000000000033
0.68 0.6412000000000024
0.68 0.6010500000000016
0.68 0.6404000000000025
0.68 0.6777000000000032
0.68 0.6800000000000034
0.68 0.6770000000000033
0.68 0.6739500000000034
0.68 0.6769500000000034
0.68 0.675750000000003
0.68 0.6451500000000027
0.68 0.6759500000000032
0.68 0.6768000000000032
0.68 0.6745000000000032
0.68 0.6761500000000032
0.68 0.6729500000000032
0.68 0.5566500000000004
0.68 0.6072500000000015
0.68 0.6706000000000033
0.68 0.6550500000000034
0.68 0.5120999999999998
0.68 0.36479999999999957
0.68 0.4367999999999996
0.68 0.6254000000000021
0.68 0.5698000000000009
0.68 0.6099500000000018
0.68 0.6748000000000032
0.68 0.6709500000000029
0.68 0.673300000000003
0.68 0.6304000000000016
0.68 0.6636000000000027
0.68 0.6755500000000032
0.68 0.6783500000000033
0.68 0.6757500000000032
0.68 0.6768000000000035
0.68 0.6516000000000033
0.68 0.6760500000000031
0.68 0.6750500000000033
0.68 0.6773500000000032
0.68 0.6755000000000034
0.68 0.6738000000000035
0.68 0.6750500000000035
0.68 0.6799000000000034
0.68 0.6770000000000033
0.68 0.6683500000000032
0.68 0.6786500000000033
0.68 0.6795000000000033
0.68 0.6770000000000033
0.68 0.6730500000000034
0.68 0.6733500000000034
0.68 0.6463500000000029
0.68 0.6665000000000031
0.68 0.6759000000000033
0.68 0.6683000000000031
0.68 0.6766000000000034
0.68 0.6575000000000034
0.68 0.6784000000000033
0.68 0.6768500000000033
0.68 0.6737500000000033
0.68 0.6762000000000035
0.68 0.6768500000000033
0.68 0.6734500000000034
0.68 0.6731500000000031
0.68 0.6751000000000029
0.68 0.6772000000000032
0.68 0.6727000000000032
0.68 0.6774500000000033
0.68 0.6800000000000034
0.68 0.6784500000000034
0.68 0.6731500000000031
0.68 0.6747500000000032
0.68 0.6748000000000033
0.68 0.6701500000000032
0.68 0.6725000000000034
0.68 0.6785000000000032
0.68 0.6790000000000032
0.68 0.6743500000000034
0.68 0.6741500000000035
0.68 0.6780000000000034
0.68 0.6798000000000032
0.68 0.6798500000000034
0.68 0.6789000000000033
0.68 0.6782000000000034
0.68 0.6783000000000032
0.68 0.6759000000000033
0.68 0.6722500000000033
0.68 0.5860000000000014
0.68 0.5224
0.68 0.5198999999999997
