0.68 0.3807999999999987
0.68 0.37689999999999846
0.68 0.3907999999999987
0.68 0.39204999999999907
0.68 0.3860999999999992
0.68 0.3742999999999992
0.65 0.36259999999999926
0.68 0.38274999999999937
0.67 0.3779499999999993
0.67 0.37644999999999945
0.68 0.38734999999999964
0.77 0.38429999999999936
0.77 0.3859999999999995
0.77 0.3823499999999995
0.67 0.3826499999999994
0.77 0.41849999999999965
0.66 0.3864999999999995
0.68 0.4043499999999996
0.68 0.39614999999999945
0.68 0.4091999999999994
0.68 0.3809499999999994
0.68 0.3788499999999994
0.68 0.38414999999999944
0.68 0.3689999999999993
0.68 0.3879999999999994
0.68 0.39004999999999934
0.68 0.38949999999999946
0.68 0.3706499999999993
0.67 0.3642499999999994
0.64 0.3645499999999995
0.66 0.37394999999999956
0.68 0.3723999999999994
0.66 0.36959999999999943
0.68 0.3736999999999995
0.68 0.3810999999999995
0.68 0.38674999999999954
0.68 0.37764999999999943
0.67 0.3785499999999995
0.68 0.37539999999999935
0.67 0.3792999999999995
0.68 0.39739999999999953
0.68 0.3905999999999995
0.68 0.3817999999999995
0.68 0.39724999999999944
0.68 0.3763999999999995
0.67 0.36709999999999954
0.68 0.3773999999999995
0.68 0.3881999999999995
0.68 0.38324999999999954
0.68 0.40209999999999957
0.68 0.4021499999999996
0.68 0.3865499999999995
0.68 0.41854999999999953
0.68 0.4311999999999995
0.68 0.4343499999999995
0.68 0.44829999999999937
0.68 0.38454999999999956
0.68 0.4263999999999995
0.68 0.4497999999999994
0.68 0.49749999999999983
0.68 0.5045499999999996
0.68 0.5162999999999995
0.68 0.5460499999999991
0.68 0.5686000000000001
0.68 0.3970999999999995
0.68 0.5417999999999998
0.68 0.5420499999999996
0.68 0.5513999999999998
0.68 0.56925
0.68 0.6201000000000014
0.68 0.6288500000000015
0.68 0.6465500000000023
0.68 0.5795499999999999
0.68 0.6003000000000008
0.68 0.5737
0.68 0.6054500000000007
0.68 0.58495
0.68 0.5680499999999991
0.68 0.6041500000000005
0.68 0.6086000000000008
0.68 0.5849500000000001
0.68 0.6144500000000008
0.68 0.6632000000000027
0.68 0.6374500000000018
0.68 0.5681999999999992
0.68 0.6413500000000021
0.68 0.5676499999999993
0.68 0.38989999999999875
0.68 0.44204999999999744
0.68 0.5034999999999985
0.68 0.495199999999999
0.68 0.5905500000000004
0.68 0.6179500000000008
0.68 0.6058500000000006
0.68 0.5890499999999996
0.68 0.6212500000000007
0.68 0.56755
0.68 0.5417999999999997
0.68 0.5826499999999999
0.68 0.4530999999999994
0.68 0.5984000000000007
0.68 0.6076000000000005
0.68 0.6221500000000009
0.68 0.6620500000000027
0.68 0.6029500000000011
0.68 0.47254999999999975
0.68 0.6635000000000028
0.68 0.6551000000000026
0.68 0.6593000000000029
0.68 0.6506000000000021
0.68 0.6711000000000028
0.68 0.6653500000000028
0.68 0.6628500000000025
0.68 0.6597000000000023
0.68 0.6640500000000028
0.68 0.6683500000000029
0.68 0.6599500000000029
0.68 0.6182000000000017
0.68 0.6625000000000035
0.68 0.6766500000000033
0.68 0.6707000000000031
0.68 0.6681000000000029
0.68 0.667800000000003
0.68 0.6770500000000031
0.68 0.666550000000003
0.68 0.6679000000000029
0.68 0.6530500000000028
0.68 0.6650500000000029
0.68 0.6701000000000031
0.68 0.6684500000000027
0.68 0.6502000000000022
0.68 0.6665000000000032
0.68 0.6562000000000026
0.68 0.6606500000000031
0.68 0.6630000000000029
0.68 0.6670000000000029
0.68 0.6723000000000028
0.68 0.6705500000000029
0.68 0.6733500000000029
0.68 0.6683000000000032
0.68 0.6050500000000013
0.68 0.6271000000000019
0.68 0.6303000000000022
0.68 0.36759999999999954
0.68 0.47129999999999966
0.68 0.5367
0.68 0.48619999999999974
0.68 0.6390500000000017
0.68 0.6665000000000028
0.68 0.6558000000000029
0.68 0.5035999999999998
0.68 0.49235000000000007
0.44 0.3661999999999995
0.68 0.51645
0.68 0.667900000000003
0.68 0.629200000000002
0.68 0.6035000000000011
0.68 0.5775500000000005
0.68 0.50975
0.68 0.6182000000000011
0.68 0.43114999999999953
0.68 0.5867000000000006
0.68 0.6283000000000016
0.68 0.6550000000000026
0.68 0.4834999999999996
0.68 0.4173499999999995
0.64 0.4223999999999995
0.64 0.44639999999999946
0.64 0.48310000000000103
0.64 0.5166500000000002
0.64 0.5533499999999999
0.64 0.5778500000000002
0.64 0.5984000000000002
0.64 0.6069999999999998
0.64 0.6220999999999994
0.64 0.6169999999999997
0.64 0.62595
0.65 0.6247
0.65 0.6184499999999998
0.65 0.618
0.65 0.6227000000000001
0.65 0.6273000000000003
0.65 0.6186500000000003
0.65 0.6181000000000002
0.65 0.6180500000000003
0.65 0.6228000000000001
0.65 0.62265
0.65 0.6133499999999998
0.65 0.6228999999999995
0.65 0.6162999999999994
0.65 0.6208499999999996
0.65 0.6341000000000004
0.65 0.6130500000000008
0.65 0.623250000000001
0.65 0.6399500000000016
0.66 0.6301500000000017
0.67 0.6108000000000008
0.68 0.6086000000000006
0.68 0.6305000000000011
0.68 0.6310000000000011
0.68 0.6335000000000016
0.68 0.6219000000000013
0.68 0.628900000000002
0.68 0.6330000000000012
0.68 0.6085500000000007
0.68 0.6410500000000021
0.68 0.6433500000000025
0.68 0.6292000000000019
0.68 0.463099999999997
0.68 0.6303000000000006
0.68 0.6492500000000011
0.68 0.6528500000000009
0.68 0.650300000000001
0.68 0.6388000000000015
0.68 0.6508000000000019
0.68 0.6536500000000026
0.68 0.645900000000002
0.68 0.6492000000000021
0.68 0.6550500000000028
0.68 0.6602500000000032
0.68 0.6499000000000024
0.68 0.6417500000000022
0.68 0.6072500000000012
0.68 0.5108999999999998
0.68 0.6077500000000009
0.68 0.6354000000000017
0.68 0.6439500000000021
0.68 0.6135000000000008
0.68 0.6179500000000009
0.68 0.6243500000000014
0.68 0.6368500000000019
0.68 0.6465000000000023
0.68 0.6306500000000017
0.68 0.6527000000000024
0.68 0.6589000000000027
0.68 0.6480500000000022
0.68 0.6483000000000025
0.68 0.6513500000000026
0.68 0.6395500000000022
0.68 0.6510000000000025
0.68 0.6483000000000024
0.68 0.6496000000000024
0.68 0.6567000000000027
0.68 0.6459500000000027
0.68 0.6465000000000025
0.68 0.6483000000000024
0.68 0.6526000000000026
0.68 0.6513000000000021
0.68 0.6571500000000029
0.68 0.6559500000000027
0.68 0.6580500000000029
0.68 0.6610000000000029
0.68 0.6517000000000024
0.68 0.6658000000000033
0.68 0.6652500000000028
0.68 0.6568500000000032
0.68 0.6601500000000032
0.68 0.6659000000000032
0.68 0.667500000000003
0.68 0.6558500000000029
0.68 0.6585500000000032
0.68 0.6600500000000029
0.68 0.6582500000000031
0.68 0.6585500000000029
0.68 0.657900000000003
0.68 0.6369000000000019
0.68 0.6619500000000035
0.68 0.6567000000000028
0.68 0.6480000000000027
0.68 0.6604000000000032
0.68 0.6561500000000032
0.68 0.6564500000000031
0.68 0.6465000000000025
0.68 0.6504500000000029
0.68 0.6622500000000029
0.68 0.656400000000003
0.68 0.6538000000000028
0.68 0.6579000000000031
0.68 0.6516500000000027
0.68 0.6409500000000022
0.68 0.5210499999999993
0.68 0.638400000000002
0.68 0.6383500000000023
0.68 0.36159999999999953
0.36 0.3599999999999996
0.36 0.3599999999999996
0.68 0.4627999999999991
0.68 0.5258499999999995
0.68 0.4052999999999995
0.68 0.611900000000001
0.68 0.5116999999999978
0.68 0.4816999999999975
0.68 0.3543499999999994
0.68 0.5698999999999996
0.68 0.5228499999999984
0.68 0.32690000000000013
0.68 0.4617499999999968
0.68 0.40244999999999836
0.68 0.4402499999999972
0.68 0.48509999999999676
0.68 0.4664499999999967
0.68 0.5717
0.68 0.5895000000000011
0.68 0.6190000000000018
0.68 0.6177500000000014
0.68 0.6483000000000027
0.68 0.6428500000000024
0.68 0.6476000000000025
0.68 0.653450000000003
0.68 0.6037500000000006
0.68 0.660850000000003
0.68 0.668600000000003
0.68 0.6507000000000022
0.68 0.6525000000000029
0.68 0.6561500000000031
0.68 0.5816499999999996
0.68 0.5769999999999991
0.68 0.6244500000000004
0.68 0.648800000000002
0.68 0.644400000000002
0.68 0.658300000000003
0.68 0.6586000000000025
0.68 0.5009999999999999
0.68 0.5689499999999996
0.68 0.5967000000000002
0.68 0.6204500000000008
0.68 0.6497500000000025
0.68 0.665850000000003
0.68 0.6307000000000016
0.68 0.6321500000000018
0.68 0.6670000000000031
0.68 0.6359500000000025
0.68 0.6260000000000019
0.68 0.6260500000000014
0.68 0.5641999999999989
0.68 0.5519999999999998
0.68 0.5815000000000005
0.68 0.5141499999999987
0.68 0.3593999999999995
0.68 0.34549999999999975
0.68 0.3220500000000003
0.68 0.32955000000000007
0.32 0.32000000000000023
0.32 0.32000000000000023
0.68 0.5088999999999976
0.68 0.5098999999999989
0.68 0.5907000000000009
0.68 0.6184000000000016
0.68 0.6223000000000015
0.68 0.6494000000000021
0.68 0.6551000000000029
0.68 0.6347000000000018
0.68 0.6516500000000023
0.68 0.6518000000000025
0.68 0.6631500000000032
0.68 0.615800000000001
0.68 0.6419000000000022
0.68 0.6616000000000031
0.68 0.5872499999999996
0.68 0.45059999999999717
0.68 0.3558999999999994
0.32 0.32000000000000023
0.68 0.32415000000000016
0.68 0.3263000000000001
0.32 0.32000000000000023
0.32 0.32000000000000023
0.32 0.32000000000000023
0.32 0.32000000000000023
0.32 0.32000000000000023
0.32 0.32000000000000023
0.32 0.32000000000000023
0.32 0.32000000000000023
0.32 0.32000000000000023
0.68 0.32710000000000006
0.68 0.32540000000000013
0.32 0.32000000000000023
0.32 0.32000000000000023
0.32 0.32000000000000023
0.32 0.32000000000000023
0.68 0.32540000000000013
0.68 0.3572999999999994
0.68 0.34604999999999964
0.68 0.3424999999999997
0.68 0.34264999999999973
0.68 0.33659999999999984
0.68 0.3307
0.68 0.33240000000000003
0.68 0.33240000000000003
0.32 0.32000000000000023
0.32 0.32000000000000023
0.32 0.32000000000000023
0.32 0.32000000000000023
0.32 0.32000000000000023
0.32 0.32000000000000023
0.32 0.32000000000000023
0.32 0.32000000000000023
0.32 0.32000000000000023
0.32 0.32000000000000023
0.32 0.32000000000000023
0.32 0.32000000000000023
0.32 0.32000000000000023
0.32 0.32000000000000023
0.32 0.32000000000000023
0.32 0.31680000000000025
0.32 0.32000000000000023
0.32 0.32000000000000023
0.32 0.32000000000000023
0.32 0.32000000000000023
0.32 0.32000000000000023
0.32 0.32000000000000023
0.32 0.32000000000000023
0.32 0.32000000000000023
0.32 0.32000000000000023
0.32 0.32000000000000023
0.32 0.32000000000000023
0.32 0.32000000000000023
0.32 0.32000000000000023
0.32 0.32000000000000023
0.32 0.32000000000000023
0.32 0.32000000000000023
0.32 0.32000000000000023
0.32 0.32000000000000023
0.32 0.32000000000000023
0.32 0.32000000000000023
0.32 0.32000000000000023
0.32 0.32000000000000023
0.32 0.32000000000000023
0.32 0.32000000000000023
0.32 0.32000000000000023
0.32 0.32000000000000023
0.68 0.32720000000000005
0.68 0.3236000000000001
0.68 0.37599999999999895
0.68 0.3455999999999997
0.68 0.33799999999999986
0.68 0.3383999999999998
0.68 0.41104999999999814
0.68 0.45114999999999716
0.68 0.5142999999999975
0.68 0.5748499999999996
0.68 0.6266500000000018
0.68 0.6540000000000028
0.68 0.6630500000000029
0.68 0.670400000000003
0.68 0.6731500000000031
0.68 0.6712000000000033
0.68 0.659350000000003
0.68 0.6729000000000032
0.68 0.6693500000000031
0.68 0.6723000000000033
0.68 0.6763500000000033
0.68 0.6613000000000029
0.68 0.6637000000000032
0.68 0.6709000000000033
0.68 0.6640000000000029
0.68 0.4443499999999974
0.68 0.3244000000000002
0.68 0.3512999999999995
0.68 0.5737499999999995
0.68 0.6509500000000024
0.68 0.666600000000003
0.68 0.674400000000003
0.68 0.6684000000000033
0.68 0.6696000000000031
0.68 0.6733500000000029
0.68 0.6644500000000029
0.68 0.374149999999999
0.68 0.4260499999999977
0.68 0.41994999999999794
0.68 0.33080000000000004
0.68 0.32540000000000013
0.68 0.32720000000000005
0.68 0.3236000000000001
0.68 0.5418499999999984
0.68 0.491299999999997
0.68 0.3421999999999998
0.68 0.41539999999999805
0.68 0.33964999999999984
0.68 0.3450499999999997
0.32 0.32000000000000023
0.32 0.32000000000000023
0.68 0.35759999999999936
0.68 0.3425999999999997
0.68 0.35999999999999927
0.68 0.36569999999999914
0.68 0.3531999999999995
0.68 0.33055000000000007
0.68 0.3347999999999999
0.32 0.32000000000000023
0.68 0.32720000000000005
0.32 0.32000000000000023
0.32 0.32000000000000023
0.32 0.32000000000000023
0.32 0.32000000000000023
0.32 0.32000000000000023
0.32 0.32000000000000023
0.68 0.33429999999999993
0.32 0.32000000000000023
0.32 0.32000000000000023
0.68 0.32720000000000005
