0.73 0.3690499999999995
0.73 0.4015999999999996
0.73 0.3972499999999995
0.73 0.3925999999999996
0.73 0.41374999999999945
0.68 0.37854999999999966
0.77 0.4010499999999995
0.77 0.43324999999999897
0.73 0.45484999999999887
0.74 0.39019999999999977
0.74 0.4099999999999996
0.76 0.47189999999999793
0.68 0.5076999999999986
0.68 0.4604999999999984
0.68 0.4722499999999984
0.68 0.4745499999999977
0.76 0.4229999999999988
0.71 0.4312999999999985
0.68 0.49124999999999813
0.75 0.4262999999999984
0.75 0.5206499999999985
0.68 0.44849999999999857
0.68 0.4119499999999993
0.68 0.4328999999999983
0.68 0.45499999999999763
0.68 0.4875999999999982
0.78 0.4598499999999979
0.74 0.5545499999999983
0.79 0.518999999999999
0.77 0.43029999999999835
0.7 0.5116499999999985
0.73 0.5498999999999995
0.86 0.5551999999999995
0.91 0.6205999999999999
0.69 0.5441499999999982
0.81 0.5737999999999994
0.71 0.5236999999999987
0.86 0.5863499999999994
0.86 0.6147999999999993
0.94 0.5641499999999997
0.87 0.6448000000000006
0.88 0.5258499999999997
0.85 0.5187499999999988
0.82 0.4716999999999989
0.87 0.48059999999999875
0.82 0.48064999999999836
0.82 0.4260499999999986
0.68 0.37970000000000015
0.88 0.44064999999999876
0.89 0.4572499999999979
0.89 0.5034999999999983
0.8 0.5256999999999992
0.89 0.6432000000000007
0.83 0.6287500000000004
0.91 0.6504500000000015
0.91 0.7256000000000014
0.91 0.6663000000000011
0.91 0.7207500000000016
0.95 0.7244000000000012
0.94 0.7283000000000031
0.94 0.6879500000000034
0.95 0.62135
0.93 0.5595499999999989
0.68 0.5402499999999981
0.68 0.5475999999999981
0.94 0.6057000000000005
0.94 0.7276500000000017
0.94 0.757250000000001
0.95 0.7909500000000004
0.95 0.8248999999999995
0.95 0.7573000000000002
0.95 0.7752500000000009
0.95 0.760550000000001
0.95 0.7971500000000007
0.95 0.8674500000000009
0.95 0.8836000000000004
0.95 0.8945499999999998
0.95 0.9179000000000004
0.95 0.9233999999999998
0.95 0.9113500000000004
0.95 0.9019000000000006
0.95 0.8542000000000014
0.93 0.6391500000000009
0.94 0.7402500000000015
0.95 0.79645
0.93 0.6548500000000002
0.94 0.6535499999999997
0.94 0.7122000000000022
0.92 0.6433500000000011
0.94 0.6107999999999997
0.95 0.5930999999999993
0.95 0.8197000000000005
0.94 0.7278000000000031
0.95 0.7380500000000033
0.95 0.5778499999999999
0.96 0.7975500000000005
0.83 0.617
0.85 0.6315500000000004
0.85 0.6562500000000014
0.85 0.6839500000000011
0.95 0.7325500000000008
0.85 0.7317500000000013
0.86 0.7729999999999992
0.86 0.7961999999999995
0.92 0.8208499999999982
0.86 0.7213999999999983
0.88 0.6576499999999997
0.85 0.6978999999999991
0.91 0.4799499999999977
0.88 0.5216499999999973
0.92 0.6490499999999987
0.92 0.626399999999999
0.85 0.6565000000000007
0.88 0.7242999999999996
0.88 0.7493499999999987
0.86 0.6803000000000009
0.88 0.7661999999999973
0.8 0.6720000000000009
0.86 0.635100000000001
0.88 0.6407000000000008
0.88 0.6976000000000009
0.88 0.73745
0.83 0.5530000000000008
0.75 0.5534500000000004
0.84 0.5547999999999988
0.87 0.4131499999999996
0.84 0.4148999999999993
0.86 0.4878499999999974
0.68 0.582149999999999
0.68 0.6159499999999993
0.69 0.6530500000000007
0.73 0.6013500000000016
0.85 0.6140000000000011
0.89 0.6780000000000023
0.87 0.6519000000000017
0.87 0.6343000000000006
0.75 0.6600000000000007
0.68 0.571949999999999
0.68 0.6401000000000007
0.85 0.6597500000000004
0.68 0.6613500000000012
0.68 0.6591500000000009
0.68 0.6523000000000008
0.68 0.6685500000000022
0.68 0.6629000000000024
0.68 0.47954999999999876
0.68 0.5046499999999988
0.71 0.6230000000000011
0.73 0.6232000000000013
0.7 0.6355000000000016
0.68 0.6781500000000019
0.75 0.6549500000000027
0.94 0.6779500000000024
0.88 0.5641000000000003
0.72 0.4728000000000001
0.72 0.5182499999999999
0.72 0.5693499999999999
0.75 0.6640500000000005
0.79 0.6610500000000006
0.89 0.6934000000000011
0.79 0.5794500000000002
0.8 0.7133500000000008
0.8 0.7251000000000002
0.8 0.7371499999999992
0.89 0.5886500000000001
0.77 0.45339999999999925
0.93 0.5202499999999991
0.93 0.6118999999999997
0.79 0.5218999999999993
0.85 0.5998499999999996
0.83 0.6676500000000007
0.8 0.6889500000000011
0.8 0.686600000000001
0.8 0.7190500000000003
0.8 0.7518499999999996
0.81 0.6137999999999991
0.8 0.7291000000000003
0.8 0.6900500000000004
0.64 0.4106499999999997
0.48 0.3969000000000002
0.83 0.6418000000000014
0.77 0.6006000000000008
0.77 0.6540000000000008
0.8 0.6788500000000013
0.76 0.6996000000000011
0.82 0.6642500000000022
0.82 0.6816500000000028
0.67 0.42184999999999795
0.8 0.683600000000002
0.8 0.7003000000000011
0.8 0.7077000000000018
0.69 0.3457999999999986
0.69 0.3716999999999988
0.77 0.5421999999999998
0.68 0.5902499999999997
0.61 0.3450499999999988
0.68 0.35869999999999913
0.67 0.3531999999999998
0.67 0.36105000000000026
0.68 0.41704999999999953
0.67 0.36795000000000094
0.68 0.4802499999999995
0.68 0.6122500000000004
0.68 0.6441500000000004
0.68 0.6068500000000007
0.68 0.5527000000000001
0.68 0.637900000000001
0.68 0.6487000000000015
0.8 0.6692500000000022
0.76 0.5428499999999992
0.76 0.6174500000000005
0.8 0.6072
0.72 0.5820500000000007
0.76 0.5145499999999992
0.78 0.5843499999999998
0.74 0.6021000000000004
0.76 0.6502999999999999
0.76 0.6671000000000007
0.77 0.6101999999999996
0.78 0.5024499999999994
0.81 0.6595500000000003
0.81 0.6582000000000011
0.81 0.6847000000000003
0.81 0.6061499999999992
0.81 0.6976499999999998
0.85 0.6694000000000004
0.77 0.6673999999999998
0.85 0.5496999999999982
0.85 0.6130499999999993
0.85 0.581499999999999
0.52 0.31939999999999985
0.68 0.3310499999999992
0.81 0.5225499999999985
0.76 0.5222999999999998
0.86 0.6058499999999996
0.77 0.6250500000000004
0.76 0.6307999999999995
0.77 0.6296499999999995
0.77 0.6735500000000008
0.77 0.7004500000000001
0.77 0.7043500000000001
0.77 0.6943000000000006
0.8 0.7330499999999991
0.83 0.7445999999999988
0.84 0.7123000000000007
0.84 0.7597500000000007
0.84 0.7624000000000004
0.84 0.7524499999999993
0.86 0.7538000000000008
0.84 0.7331499999999987
0.86 0.7502000000000002
0.83 0.7030499999999995
0.84 0.6993999999999997
0.86 0.7553999999999994
0.87 0.7771499999999985
0.87 0.7839999999999984
0.87 0.7705999999999988
0.68 0.6548000000000013
0.68 0.6145000000000003
0.68 0.6430500000000008
0.68 0.6529000000000004
0.68 0.6255499999999999
0.68 0.6311000000000002
0.68 0.6528500000000017
0.68 0.6642000000000027
0.68 0.6537500000000016
0.68 0.6327500000000016
0.68 0.6550500000000025
0.68 0.6620000000000029
0.68 0.6730000000000028
0.68 0.6635000000000028
0.68 0.6570500000000024
0.68 0.6605000000000025
0.68 0.5536999999999987
0.68 0.6669500000000028
0.68 0.6680500000000028
0.68 0.6745000000000025
0.68 0.5855499999999991
0.68 0.5588999999999996
0.68 0.5766999999999993
0.68 0.27465000000000006
0.68 0.4040999999999992
0.68 0.44719999999999893
0.66 0.440549999999999
0.68 0.5439999999999986
0.68 0.5949999999999996
0.68 0.6197500000000005
0.68 0.6123500000000004
0.68 0.6303500000000011
0.68 0.6214500000000003
0.68 0.6273500000000007
0.68 0.6598000000000012
0.68 0.6701500000000016
0.68 0.673050000000002
0.68 0.6757000000000025
0.68 0.6761500000000028
0.68 0.6715500000000029
0.68 0.6738500000000026
0.68 0.6663000000000028
0.68 0.6779000000000031
0.68 0.678600000000003
0.68 0.6792000000000032
0.68 0.6705000000000031
0.68 0.6608000000000028
0.68 0.6391500000000022
0.68 0.620800000000002
0.68 0.6587000000000028
0.68 0.6739500000000034
0.68 0.6789500000000033
0.68 0.6796000000000032
0.68 0.6601000000000036
0.68 0.656100000000003
0.68 0.6614000000000034
0.68 0.6755000000000031
0.68 0.6781000000000031
0.68 0.5972000000000013
0.68 0.38479999999999864
0.68 0.6356500000000023
0.68 0.476449999999999
0.68 0.5495000000000003
0.68 0.6432000000000024
0.68 0.6736000000000033
0.68 0.6755000000000031
0.68 0.6766000000000032
0.68 0.6755000000000028
0.68 0.6741000000000031
0.68 0.6796000000000031
0.68 0.677250000000003
0.68 0.6783000000000032
0.68 0.6694500000000029
0.68 0.6770500000000027
0.68 0.6779000000000031
0.68 0.678100000000003
0.68 0.6798000000000032
0.68 0.6785000000000033
0.68 0.6776000000000032
0.68 0.6769500000000029
0.68 0.6783000000000032
0.68 0.6792000000000031
0.68 0.6797000000000034
0.68 0.6784500000000032
0.68 0.6784000000000033
0.68 0.6733000000000031
0.68 0.6763500000000032
0.68 0.6766500000000032
0.68 0.6767500000000034
0.68 0.6777000000000032
0.68 0.6783500000000033
0.68 0.673300000000003
0.68 0.6737000000000027
0.68 0.6796500000000028
0.68 0.6798000000000031
0.68 0.6798000000000031
0.68 0.6767000000000033
0.68 0.6743000000000033
0.68 0.6737000000000032
0.68 0.6772500000000032
0.68 0.6741000000000031
0.68 0.6772000000000032
0.68 0.6781500000000029
0.68 0.6706500000000035
0.68 0.6717500000000033
0.68 0.675400000000003
0.68 0.650950000000003
0.68 0.6730500000000034
0.68 0.6800000000000034
0.68 0.6788500000000032
0.68 0.6798500000000032
0.68 0.6719000000000029
0.68 0.6749500000000029
0.68 0.6762000000000031
0.68 0.6786500000000033
0.68 0.6799000000000032
0.68 0.6767000000000033
0.68 0.6766500000000032
0.68 0.6779500000000034
0.68 0.6783000000000033
0.68 0.6753000000000032
0.68 0.6786000000000033
0.68 0.6699500000000029
0.68 0.6782000000000034
0.68 0.6784000000000034
0.68 0.6796000000000033
0.68 0.6756500000000032
0.68 0.6787000000000033
0.68 0.674950000000003
0.68 0.676950000000003
0.68 0.6769500000000034
0.68 0.6747000000000033
0.68 0.6780500000000034
0.68 0.6783500000000033
0.68 0.6774000000000033
0.68 0.6771000000000034
0.68 0.6702500000000035
0.68 0.6392500000000024
0.68 0.6001500000000012
0.68 0.6052000000000012
0.68 0.6421500000000023
0.68 0.605800000000001
0.68 0.639000000000002
0.68 0.650850000000003
0.68 0.6575500000000034
0.68 0.6119500000000013
0.68 0.6582500000000028
0.68 0.6605000000000035
0.68 0.6635500000000032
0.68 0.6558000000000033
0.68 0.6612000000000029
0.68 0.6710500000000026
0.68 0.6507500000000028
0.68 0.671750000000003
0.68 0.676150000000003
0.68 0.6719000000000029
0.68 0.678400000000003
0.68 0.6783000000000032
0.68 0.6783000000000032
0.68 0.6755000000000028
0.68 0.679300000000003
0.68 0.6755000000000031
0.68 0.675500000000003
0.68 0.6759500000000028
0.68 0.6773500000000031
0.68 0.6786000000000031
0.68 0.6761000000000028
0.68 0.6798500000000032
0.68 0.6781500000000029
0.68 0.677800000000003
0.68 0.673550000000003
0.68 0.6780500000000034
0.68 0.6768500000000033
0.68 0.6753500000000032
0.68 0.6782000000000032
0.68 0.6769500000000032
0.68 0.6797500000000034
0.68 0.6770500000000033
0.68 0.6793000000000033
0.68 0.6799500000000033
0.68 0.6755500000000032
0.68 0.678100000000003
0.68 0.6774000000000031
0.68 0.679750000000003
0.68 0.6799500000000033
0.68 0.6786000000000033
0.68 0.6783000000000032
0.68 0.6787000000000031
0.68 0.6773000000000033
0.68 0.6800000000000034
0.68 0.6775500000000031
0.68 0.6754000000000029
0.68 0.6777500000000029
0.68 0.6793000000000032
0.68 0.6779000000000026
0.68 0.6757500000000033
0.68 0.6778500000000031
0.68 0.6646500000000027
0.68 0.6683000000000027
0.68 0.6767000000000029
0.68 0.6769000000000033
0.68 0.6781500000000033
0.68 0.6797000000000031
0.68 0.6793000000000032
0.68 0.6779500000000033
0.68 0.6762500000000028
0.68 0.6759000000000032
0.68 0.6773000000000033
0.68 0.677250000000003
0.68 0.6800000000000034
0.68 0.6749000000000032
0.68 0.6777500000000033
0.68 0.6800000000000034
0.68 0.6742000000000031
0.68 0.6788000000000032
0.68 0.6753500000000032
0.68 0.6800000000000034
0.68 0.6783000000000032
0.68 0.6794000000000031
0.68 0.6764500000000032
0.68 0.676500000000003
0.68 0.6794000000000028
0.68 0.6796000000000032
0.68 0.6800000000000034
0.68 0.6800000000000034
0.68 0.6799500000000033
0.68 0.6794500000000033
0.68 0.6795000000000034
0.68 0.6785500000000033
0.68 0.677550000000003
0.68 0.6797000000000033
0.68 0.6783000000000033
0.68 0.6794000000000033
0.68 0.6796000000000032
0.68 0.6782000000000032
0.68 0.6797500000000034
0.68 0.6776000000000033
0.68 0.6800000000000034
0.68 0.6750000000000032
0.68 0.6781500000000033
0.68 0.6779000000000031
0.68 0.6777500000000031
0.68 0.6776500000000031
