0.14 0.5839999999999991
0.12 0.5450000000000003
0.12 0.5263000000000012
0.12 0.48592000000000124
0.12 0.4653200000000008
0.07999999999999996 0.43268000000000073
0.07999999999999996 0.41450000000000053
0.07999999999999996 0.39726000000000045
0.07999999999999996 0.38154000000000055
0.07999999999999996 0.36972000000000177
0.07999999999999996 0.3612800000000021
0.07999999999999996 0.34720000000000256
0.07999999999999996 0.34302000000000316
0.07999999999999996 0.3354400000000033
0.07999999999999996 0.33230000000000365
0.07999999999999996 0.3258600000000036
0.07999999999999996 0.3166400000000039
0.07999999999999996 0.30728000000000416
0.07999999999999996 0.32012000000000373
0.07999999999999996 0.30950000000000316
0.07999999999999996 0.3040400000000029
0.07999999999999996 0.3009200000000037
0.07999999999999996 0.2964200000000037
0.07999999999999996 0.2835600000000032
0.07999999999999996 0.2833200000000029
0.07999999999999996 0.28200000000000336
0.07999999999999996 0.2836400000000031
0.07999999999999996 0.28216000000000324
0.07999999999999996 0.2763400000000033
0.07999999999999996 0.287080000000003
0.07999999999999996 0.2692800000000025
0.07999999999999996 0.2617400000000027
0.07999999999999996 0.24880000000000227
0.07999999999999996 0.24162000000000178
0.07999999999999996 0.23086000000000148
0.07999999999999996 0.22184000000000126
0.07999999999999996 0.22400000000000106
0.07999999999999996 0.22410000000000072
0.07999999999999996 0.22262000000000065
0.07999999999999996 0.2070200000000006
0.07999999999999996 0.19742000000000084
0.07999999999999996 0.19222000000000083
0.07999999999999996 0.18744000000000002
0.07999999999999996 0.19820000000000057
0.07999999999999996 0.1967000000000003
0.07999999999999996 0.19067999999999996
0.07999999999999996 0.18734000000000003
0.07999999999999996 0.1814799999999999
0.07999999999999996 0.17979999999999985
0.07999999999999996 0.18755999999999984
0.07999999999999996 0.17529999999999968
0.07999999999999996 0.1746999999999996
0.07999999999999996 0.17209999999999956
0.07999999999999996 0.15523999999999952
0.07999999999999996 0.16621999999999953
0.07999999999999996 0.15999999999999945
0.07999999999999996 0.16393999999999956
0.07999999999999996 0.1581799999999995
0.07999999999999996 0.1669399999999995
0.07999999999999996 0.16265999999999953
0.07999999999999996 0.15473999999999946
0.07999999999999996 0.16471999999999962
0.07999999999999996 0.16945999999999958
0.07999999999999996 0.16115999999999953
0.07999999999999996 0.16109999999999955
0.07999999999999996 0.16115999999999978
0.07999999999999996 0.1701999999999994
0.07999999999999996 0.1603399999999994
0.07999999999999996 0.16445999999999944
0.07999999999999996 0.1712199999999994
0.07999999999999996 0.17237999999999934
0.07999999999999996 0.17579999999999935
0.07999999999999996 0.1672999999999993
0.07999999999999996 0.1660199999999997
0.07999999999999996 0.16441999999999943
0.07999999999999996 0.1543399999999995
0.07999999999999996 0.16395999999999947
0.07999999999999996 0.16453999999999952
0.07999999999999996 0.15517999999999949
0.07999999999999996 0.15295999999999946
0.07999999999999996 0.1599599999999996
0.07999999999999996 0.14987999999999962
0.07999999999999996 0.14907999999999957
0.07999999999999996 0.14615999999999957
0.07999999999999996 0.15411999999999956
0.07999999999999996 0.16135999999999973
0.07999999999999996 0.15569999999999967
0.07999999999999996 0.1634399999999996
0.07999999999999996 0.15359999999999946
0.07999999999999996 0.16009999999999946
0.07999999999999996 0.1560999999999995
0.07999999999999996 0.15585999999999942
0.07999999999999996 0.15927999999999928
0.07999999999999996 0.16001999999999952
0.07999999999999996 0.16639999999999935
0.07999999999999996 0.15809999999999938
0.07999999999999996 0.15613999999999953
0.07999999999999996 0.15943999999999953
0.07999999999999996 0.16107999999999947
0.07999999999999996 0.1608599999999995
