0.82 0.41412999999999345
0.82 0.456649999999995
0.82 0.480329999999996
0.87 0.5112099999999973
0.93 0.5185099999999961
0.95 0.5413199999999992
0.95 0.5645100000000027
0.96 0.5887700000000013
0.97 0.6134800000000008
0.97 0.6289500000000066
0.98 0.6377700000000066
0.98 0.6559100000000067
0.98 0.6783900000000044
0.98 0.6839300000000056
0.98 0.6915900000000018
0.98 0.7007799999999993
0.98 0.7072599999999977
0.99 0.7157099999999974
0.99 0.7193499999999963
0.99 0.7309399999999929
0.99 0.7381899999999919
0.99 0.751139999999988
0.99 0.7518799999999897
0.99 0.7436199999999914
0.99 0.7458399999999892
0.99 0.7567899999999882
0.99 0.7540299999999877
0.99 0.7539799999999883
0.99 0.7672499999999889
0.99 0.773319999999992
0.99 0.7689099999999869
0.99 0.7745899999999899
0.99 0.7769199999999928
0.99 0.7840599999999931
0.99 0.7886599999999936
0.99 0.7813999999999933
0.99 0.7797099999999956
0.99 0.7854199999999955
0.99 0.7935299999999975
0.99 0.798819999999996
0.99 0.7932299999999953
0.99 0.8031299999999953
0.99 0.8128899999999952
0.99 0.8061799999999948
0.99 0.8011699999999964
0.99 0.8132199999999995
0.99 0.8212999999999967
0.99 0.8244699999999959
0.99 0.8283399999999952
0.99 0.832029999999997
0.99 0.8269099999999978
0.99 0.8356099999999967
0.99 0.8251899999999971
0.99 0.8313199999999941
0.99 0.830859999999995
0.99 0.8272999999999954
0.99 0.8296299999999973
0.99 0.8270699999999961
0.99 0.8309999999999967
0.99 0.8181699999999948
0.99 0.836109999999996
0.99 0.8497699999999961
0.99 0.8342899999999968
0.99 0.8382499999999965
0.99 0.8292899999999964
0.99 0.8295099999999966
0.99 0.8455599999999964
0.99 0.8535099999999963
0.99 0.8447299999999972
0.99 0.8489699999999983
0.99 0.8498599999999992
0.99 0.8479099999999982
0.99 0.8565899999999967
0.99 0.854699999999999
0.99 0.8596399999999981
0.99 0.8578999999999983
0.99 0.8551999999999964
0.99 0.8515699999999965
0.99 0.8459599999999982
0.99 0.8609599999999972
0.99 0.8642699999999964
0.99 0.8594899999999946
0.99 0.848539999999997
0.99 0.8560999999999959
0.99 0.8452299999999964
0.99 0.8425399999999968
0.99 0.835969999999996
0.99 0.8366699999999969
0.99 0.8392899999999978
0.99 0.8360699999999991
0.99 0.8487499999999993
0.99 0.8535699999999993
0.99 0.8585499999999981
0.99 0.8641299999999971
0.99 0.8618699999999976
0.99 0.8643399999999983
0.99 0.8503599999999992
0.99 0.845249999999999
0.99 0.8379599999999997
0.99 0.8444899999999997
