0.81 0.38984999999999914
0.81 0.40519999999999917
0.81 0.4091499999999993
0.74 0.4159499999999989
0.65 0.3926999999999988
0.72 0.41589999999999816
0.7 0.40829999999999855
0.7 0.4062499999999989
0.7 0.4435000000000003
0.69 0.41689999999999955
0.63 0.40154999999999874
0.82 0.41404999999999936
0.69 0.395249999999999
0.73 0.3814999999999988
0.73 0.40274999999999905
0.67 0.38684999999999903
0.7 0.4032499999999994
0.7 0.42424999999999957
0.7 0.38574999999999904
0.7 0.43275000000000047
0.7 0.42745000000000033
0.7 0.40844999999999987
0.7 0.4175000000000002
0.7 0.46040000000000103
0.7 0.46015000000000034
0.7 0.4550000000000001
0.7 0.4969500000000003
0.7 0.4849000000000012
0.7 0.5203000000000008
0.7 0.5454500000000002
0.7 0.5152000000000005
0.7 0.5528000000000001
0.7 0.45415000000000005
0.7 0.4956500000000004
0.7 0.50265
0.7 0.5340500000000005
0.7 0.5487000000000003
0.7 0.5564500000000011
0.7 0.5726500000000004
0.7 0.5658500000000006
0.7 0.5629000000000005
0.7 0.5825000000000004
0.7 0.5898499999999994
0.7 0.5795999999999998
0.7 0.5192500000000013
0.7 0.5754999999999995
0.7 0.5717500000000002
0.7 0.5874999999999995
0.7 0.525800000000001
0.7 0.4660500000000014
0.7 0.5566499999999999
0.7 0.5204000000000014
0.7 0.5641000000000009
0.7 0.48030000000000145
0.7 0.5674000000000008
0.7 0.5458500000000004
0.7 0.6352500000000011
0.7 0.6073000000000007
0.7 0.6020000000000004
0.7 0.5946499999999996
0.7 0.5880999999999998
0.7 0.5933499999999995
0.7 0.5828999999999998
0.7 0.6106500000000008
0.7 0.6558499999999996
0.7 0.6235499999999999
0.7 0.6314000000000002
0.7 0.6464
0.7 0.6118000000000001
0.7 0.6255499999999999
0.7 0.6524500000000004
0.7 0.6587500000000004
0.7 0.6396499999999999
0.7 0.6607999999999993
0.7 0.6696500000000004
0.7 0.6801000000000009
0.7 0.6851000000000009
0.7 0.6320500000000006
0.7 0.660000000000001
0.7 0.6637500000000007
0.7 0.6668000000000002
0.7 0.6645000000000008
0.7 0.6495000000000009
0.7 0.5736999999999995
0.7 0.6059499999999995
0.7 0.6159499999999999
0.7 0.6405499999999997
0.7 0.6450500000000001
0.7 0.6824000000000009
0.7 0.6857500000000019
0.7 0.6866500000000009
0.7 0.6951500000000016
0.7 0.6974500000000018
0.7 0.6848500000000014
0.7 0.6923500000000015
0.7 0.6922000000000014
0.7 0.6711500000000021
0.7 0.6926000000000019
0.7 0.6936000000000017
0.7 0.695300000000002
0.7 0.6973500000000018
0.7 0.6982000000000009
0.7 0.6979500000000008
0.7 0.6934000000000018
0.7 0.6951500000000013
0.7 0.6926000000000014
0.7 0.6957500000000018
0.7 0.6886500000000018
0.7 0.6323000000000016
0.7 0.5333500000000013
0.7 0.5861499999999996
0.7 0.579650000000001
0.7 0.5431500000000018
0.7 0.5464000000000019
0.7 0.4745500000000015
0.7 0.639950000000001
0.7 0.6693000000000014
0.7 0.6710000000000015
0.7 0.6831500000000018
0.7 0.6422500000000018
0.7 0.6447500000000013
0.7 0.4429500000000002
0.7 0.4888499999999998
0.7 0.53695
0.7 0.603300000000001
0.7 0.5886000000000009
0.7 0.5165000000000015
0.7 0.5031000000000015
0.7 0.534600000000001
0.7 0.6023500000000009
0.7 0.6189500000000011
0.7 0.5380000000000018
0.7 0.647300000000001
0.7 0.6720500000000013
0.7 0.6750500000000015
0.7 0.6646500000000012
0.7 0.6821500000000014
0.7 0.6670500000000014
0.7 0.6302500000000011
0.7 0.571850000000001
0.7 0.4601000000000006
0.7 0.4995000000000007
0.7 0.6070500000000001
0.7 0.63545
0.7 0.6178000000000006
0.7 0.6289000000000001
0.7 0.6611000000000002
0.7 0.5794499999999998
0.7 0.6094500000000003
0.7 0.6576500000000007
0.7 0.6709000000000013
0.7 0.6859000000000017
0.7 0.6820000000000015
0.7 0.6949000000000014
0.7 0.5952000000000024
0.7 0.6668500000000018
0.7 0.6564500000000018
0.7 0.6835500000000018
0.7 0.6862000000000017
0.7 0.6962000000000014
0.7 0.679600000000002
0.7 0.6858000000000014
0.7 0.6908500000000016
0.7 0.6907500000000018
0.7 0.6979000000000011
0.7 0.6947000000000013
0.7 0.6825500000000018
0.7 0.6974000000000011
0.7 0.6910000000000014
0.7 0.6909000000000014
0.7 0.6926500000000011
0.7 0.6969000000000014
0.7 0.6928500000000014
0.7 0.6679000000000015
0.7 0.6973500000000012
0.7 0.6843000000000012
0.7 0.6865000000000018
0.7 0.6915500000000013
0.7 0.6926500000000013
0.7 0.6981500000000009
0.7 0.697950000000001
0.7 0.6970500000000012
0.7 0.7000000000000008
0.7 0.7000000000000008
0.7 0.696250000000001
0.7 0.6961500000000014
0.7 0.6937000000000013
0.7 0.6965000000000015
0.7 0.6914500000000016
0.7 0.6919000000000018
0.7 0.6966500000000014
0.7 0.6931500000000013
0.7 0.6896000000000015
0.7 0.6962500000000011
0.7 0.6908000000000014
0.7 0.6902500000000015
0.7 0.6951000000000012
0.7 0.6956000000000011
0.7 0.695400000000001
0.7 0.6944500000000012
0.7 0.6917500000000015
0.7 0.6970500000000012
0.7 0.6941000000000013
0.7 0.693600000000001
0.7 0.6920000000000013
0.7 0.6934000000000013
0.7 0.6884500000000014
0.7 0.6967000000000012
0.7 0.6923500000000012
0.7 0.6817000000000017
0.7 0.6846000000000013
0.7 0.6777000000000016
0.7 0.6792500000000019
0.7 0.6838000000000019
0.7 0.6928000000000014
0.7 0.6885500000000015
0.7 0.6935500000000013
0.7 0.6889000000000017
0.7 0.6846500000000018
0.7 0.6934000000000016
0.7 0.6878000000000017
0.7 0.6932000000000014
0.7 0.6815500000000019
0.7 0.6905000000000014
0.7 0.6831000000000016
0.7 0.6850000000000016
0.7 0.6821000000000019
0.7 0.6870000000000017
0.7 0.6578500000000019
0.7 0.6800000000000018
0.7 0.6885000000000017
0.7 0.6894500000000015
0.7 0.6958000000000013
0.7 0.6935000000000012
0.7 0.6918500000000013
0.7 0.6899500000000016
0.7 0.6957500000000012
0.7 0.6920000000000013
0.7 0.6866500000000012
0.7 0.6869000000000014
0.7 0.6909000000000014
0.7 0.6909000000000014
0.7 0.6821000000000015
0.7 0.6907500000000012
0.7 0.6926500000000011
0.7 0.6939000000000012
0.7 0.6919000000000014
0.7 0.6912000000000015
0.7 0.6838500000000016
0.7 0.6781500000000019
0.7 0.683300000000002
0.7 0.6722500000000021
0.7 0.6724000000000019
0.7 0.6957000000000011
0.7 0.6873000000000014
0.7 0.6903000000000012
0.7 0.6905000000000014
0.7 0.678850000000002
0.7 0.6900500000000014
0.7 0.6890500000000013
0.7 0.6893000000000014
0.7 0.6970000000000011
0.7 0.6900000000000014
0.7 0.6960500000000012
0.7 0.694550000000001
0.7 0.6895500000000012
0.7 0.6864500000000016
0.7 0.695100000000001
0.7 0.6830500000000016
0.7 0.6849500000000016
0.7 0.6858500000000015
0.7 0.6928500000000014
0.7 0.6963000000000011
0.7 0.6871500000000013
0.7 0.6892000000000015
0.7 0.6934500000000011
0.7 0.6977000000000011
0.7 0.698200000000001
0.7 0.6964000000000011
0.7 0.6922000000000014
0.7 0.6898500000000015
0.7 0.6921000000000013
0.7 0.6963500000000016
0.7 0.6921500000000015
0.7 0.6902000000000015
0.7 0.6944500000000013
0.7 0.6882000000000015
0.7 0.6922500000000014
0.7 0.6932500000000019
0.7 0.6961000000000016
0.7 0.6887500000000017
0.7 0.6715000000000017
0.7 0.661050000000001
0.7 0.6626000000000013
0.7 0.681800000000002
0.7 0.6733500000000021
0.7 0.6750000000000017
0.7 0.6895500000000017
0.7 0.6937500000000013
0.7 0.6929500000000016
0.7 0.6939000000000012
0.7 0.6777500000000021
0.7 0.6867500000000016
0.7 0.6896000000000013
0.7 0.6951000000000012
0.7 0.6881500000000014
0.7 0.6400500000000018
0.7 0.5928500000000022
0.7 0.6628000000000018
0.7 0.6703500000000016
0.7 0.6781500000000017
0.7 0.6742000000000017
0.7 0.6730000000000019
0.7 0.682650000000002
0.7 0.6773000000000015
0.7 0.6932500000000011
0.7 0.6991000000000009
0.7 0.6957000000000011
0.7 0.696250000000001
0.7 0.6810500000000017
0.7 0.6961500000000009
0.7 0.696200000000001
0.7 0.6914000000000015
0.7 0.6963000000000011
0.7 0.6985000000000009
0.7 0.6966500000000011
0.7 0.6997000000000009
0.7 0.6978000000000013
0.7 0.6929000000000013
0.7 0.6959000000000013
0.7 0.6903000000000012
0.7 0.6945500000000011
0.7 0.6964000000000011
0.7 0.698000000000001
0.7 0.6939000000000012
0.7 0.6977000000000011
0.7 0.696400000000001
0.7 0.6941000000000013
0.7 0.697300000000001
0.7 0.692650000000001
0.7 0.6972000000000009
0.7 0.696800000000001
0.7 0.6835500000000013
0.7 0.6911000000000012
0.7 0.697850000000001
0.7 0.6965500000000011
0.7 0.6966000000000011
0.7 0.6949500000000012
0.7 0.7000000000000008
0.7 0.697600000000001
0.7 0.699000000000001
0.7 0.6991000000000009
0.7 0.6936000000000014
0.7 0.6995000000000009
0.7 0.691050000000001
0.7 0.695400000000001
0.7 0.6883500000000015
0.7 0.6909000000000012
0.7 0.6924500000000012
0.7 0.6963000000000013
0.7 0.6913500000000015
0.7 0.6952000000000013
0.7 0.6962000000000012
0.7 0.6936500000000012
0.7 0.6956000000000011
0.7 0.6881500000000017
0.7 0.6935000000000016
0.7 0.6908000000000014
0.7 0.6962000000000014
0.7 0.6943000000000012
0.7 0.6975000000000011
0.7 0.6965500000000009
0.7 0.6917500000000012
0.7 0.6905000000000016
0.7 0.696250000000001
0.7 0.6945500000000011
0.7 0.6928000000000013
0.7 0.6904000000000015
0.7 0.6899500000000015
0.7 0.6889500000000016
0.7 0.6905000000000016
0.7 0.6927000000000015
0.7 0.6927000000000014
0.7 0.6895500000000016
0.7 0.6963000000000011
0.7 0.6849000000000018
0.7 0.6944500000000012
0.7 0.6847500000000017
0.7 0.6878000000000014
0.7 0.6840000000000019
0.7 0.680050000000002
0.7 0.6916500000000014
0.7 0.6940000000000012
0.7 0.6406500000000022
0.7 0.6003500000000023
0.7 0.6488000000000019
0.7 0.6870000000000017
0.7 0.6906500000000014
0.7 0.6993000000000009
0.7 0.696550000000001
0.7 0.6959000000000012
0.7 0.697150000000001
0.7 0.697550000000001
0.7 0.696950000000001
0.7 0.692600000000001
0.7 0.6963500000000011
0.7 0.6976000000000012
0.7 0.6896000000000013
0.7 0.6964500000000011
0.7 0.6947000000000011
0.7 0.681050000000002
0.7 0.6908500000000015
0.7 0.6971500000000012
0.7 0.697450000000001
0.7 0.6922000000000013
0.7 0.6926500000000011
0.7 0.6952000000000013
0.7 0.6997500000000011
0.7 0.6927000000000012
0.7 0.6942500000000011
0.7 0.6965500000000013
0.7 0.6919500000000015
0.7 0.6992500000000009
0.7 0.6929500000000017
0.7 0.6964500000000016
0.7 0.6899000000000016
0.7 0.6908000000000014
0.7 0.6911000000000014
0.7 0.6870500000000014
0.7 0.641700000000002
0.7 0.6583000000000016
0.7 0.6720000000000015
0.7 0.6784500000000021
0.7 0.6908500000000016
0.7 0.6910000000000015
0.7 0.6878000000000022
0.7 0.6946000000000013
0.7 0.6915500000000014
0.7 0.6940500000000013
0.7 0.6825000000000019
0.7 0.6946500000000013
0.7 0.6906000000000015
0.7 0.6862500000000018
0.7 0.6956500000000014
0.7 0.6953000000000013
0.7 0.6943000000000014
0.7 0.6860000000000018
0.7 0.6932000000000013
0.7 0.6959500000000012
0.7 0.6923500000000018
0.7 0.6979000000000013
0.7 0.6917000000000018
0.7 0.698350000000001
0.7 0.6966000000000011
0.7 0.6993000000000009
0.7 0.6999500000000008
0.7 0.6974000000000011
0.7 0.6946000000000018
0.7 0.682950000000002
0.7 0.6950500000000014
0.7 0.6926500000000015
0.7 0.6960500000000015
0.7 0.6728500000000026
0.7 0.681950000000002
0.7 0.6891500000000015
0.7 0.6867000000000018
0.7 0.6913000000000014
0.7 0.6903000000000011
0.7 0.6661000000000024
0.7 0.6943500000000011
0.7 0.6498500000000017
0.7 0.6276500000000013
0.7 0.6398000000000014
0.7 0.6838000000000015
0.7 0.6892000000000015
0.7 0.5690999999999998
0.7 0.5095999999999993
0.7 0.5715000000000007
0.7 0.6800000000000018
0.7 0.6904000000000013
0.7 0.6945500000000012
0.7 0.6949000000000012
0.7 0.6924500000000013
0.7 0.697650000000001
0.7 0.6923000000000014
0.7 0.6853000000000016
0.7 0.6922500000000013
0.7 0.6936500000000012
0.7 0.6994500000000009
0.7 0.6797000000000019
0.7 0.665600000000002
0.7 0.671950000000002
0.7 0.676800000000002
0.7 0.667300000000002
0.7 0.6289000000000025
0.7 0.6392000000000021
0.7 0.6628500000000018
0.7 0.6520500000000018
0.7 0.6655500000000019
0.7 0.6751000000000019
