0.07999999999999996 0.5785799999999994
0.06000000000000005 0.5411599999999994
0.06000000000000005 0.5129800000000007
0.12 0.4812400000000003
0.12 0.4560599999999999
0.12 0.4362999999999999
0.12 0.4017199999999998
0.12 0.3872399999999993
0.12 0.3811199999999994
0.12 0.36927999999999844
0.06000000000000005 0.354359999999998
0.06000000000000005 0.3477799999999988
0.06000000000000005 0.34031999999999873
0.06000000000000005 0.32995999999999837
0.06000000000000005 0.3102599999999978
0.06000000000000005 0.3118399999999982
0.07999999999999996 0.3082599999999983
0.07999999999999996 0.30831999999999793
0.07999999999999996 0.2943999999999983
0.07999999999999996 0.2824399999999985
0.07999999999999996 0.2753599999999986
0.07999999999999996 0.2627199999999987
0.07999999999999996 0.2622999999999983
0.07999999999999996 0.26103999999999866
0.07999999999999996 0.24787999999999852
0.07999999999999996 0.2532399999999987
0.07999999999999996 0.2544599999999989
0.07999999999999996 0.242559999999999
0.07999999999999996 0.24533999999999898
0.07999999999999996 0.24065999999999887
0.07999999999999996 0.24171999999999882
0.07999999999999996 0.22889999999999863
0.07999999999999996 0.225359999999999
0.07999999999999996 0.2296999999999989
0.07999999999999996 0.21253999999999917
0.07999999999999996 0.2133399999999989
0.07999999999999996 0.21693999999999883
0.07999999999999996 0.219239999999999
0.07999999999999996 0.22139999999999938
0.07999999999999996 0.2149599999999992
0.07999999999999996 0.21389999999999926
0.07999999999999996 0.21163999999999936
0.07999999999999996 0.2046599999999991
0.07999999999999996 0.19999999999999915
0.07999999999999996 0.19189999999999946
0.07999999999999996 0.18925999999999954
0.07999999999999996 0.1911999999999995
0.07999999999999996 0.18765999999999952
0.07999999999999996 0.17987999999999962
0.07999999999999996 0.1786199999999996
0.07999999999999996 0.1772999999999997
0.07999999999999996 0.1816799999999996
0.07999999999999996 0.18689999999999946
0.07999999999999996 0.18191999999999947
0.07999999999999996 0.18193999999999938
0.07999999999999996 0.18433999999999925
0.07999999999999996 0.1827199999999994
0.07999999999999996 0.1762799999999995
0.07999999999999996 0.17785999999999932
0.07999999999999996 0.17645999999999942
0.07999999999999996 0.1784799999999996
0.07999999999999996 0.18445999999999946
0.07999999999999996 0.1965399999999995
0.07999999999999996 0.18579999999999955
0.07999999999999996 0.1835799999999996
0.07999999999999996 0.17765999999999962
0.07999999999999996 0.18151999999999976
0.07999999999999996 0.1784999999999999
0.07999999999999996 0.1776
0.07999999999999996 0.1770799999999997
0.07999999999999996 0.18055999999999972
0.07999999999999996 0.1795
0.07999999999999996 0.1775599999999998
0.07999999999999996 0.17941999999999983
0.07999999999999996 0.1723999999999998
0.07999999999999996 0.1669799999999998
0.07999999999999996 0.16617999999999977
0.07999999999999996 0.17713999999999958
0.07999999999999996 0.17247999999999977
0.07999999999999996 0.16877999999999968
0.07999999999999996 0.16827999999999962
0.07999999999999996 0.16331999999999977
0.07999999999999996 0.16865999999999956
0.07999999999999996 0.17053999999999972
0.07999999999999996 0.1724599999999995
0.07999999999999996 0.17281999999999947
0.07999999999999996 0.16407999999999956
0.07999999999999996 0.16455999999999962
0.07999999999999996 0.1606799999999996
0.07999999999999996 0.16885999999999976
0.07999999999999996 0.16701999999999972
0.07999999999999996 0.16697999999999952
0.07999999999999996 0.1829999999999993
0.07999999999999996 0.17919999999999947
0.07999999999999996 0.18493999999999933
0.07999999999999996 0.1739399999999996
0.07999999999999996 0.16737999999999975
0.07999999999999996 0.17555999999999938
0.07999999999999996 0.17351999999999976
0.07999999999999996 0.17687999999999976
