0.89 0.3934800000000002
0.89 0.4197999999999998
0.89 0.4674800000000006
0.89 0.4939200000000015
0.94 0.5182899999999994
0.95 0.5428899999999991
0.95 0.5696199999999999
0.96 0.5900399999999989
0.97 0.6174499999999966
0.97 0.6332799999999982
0.97 0.6440200000000004
0.97 0.6677300000000014
0.97 0.6797400000000023
0.97 0.6876100000000026
0.97 0.7016300000000042
0.97 0.7052300000000031
0.97 0.7113900000000021
0.97 0.7245199999999979
0.98 0.7199399999999987
0.98 0.7391299999999938
0.98 0.7463199999999932
0.98 0.7602999999999913
0.98 0.7635399999999927
0.98 0.771359999999993
0.98 0.7638199999999957
0.98 0.7683799999999982
0.98 0.7850499999999979
0.98 0.7941299999999973
0.98 0.7988199999999976
0.98 0.8004499999999978
0.98 0.8110499999999939
0.98 0.8291899999999973
0.98 0.8233199999999978
0.98 0.8218099999999976
0.98 0.8270399999999972
0.98 0.8344099999999952
0.98 0.8289699999999967
0.98 0.8226699999999968
0.98 0.8363099999999984
0.98 0.8429199999999966
0.98 0.8429399999999972
0.98 0.8340599999999975
0.98 0.8281099999999967
0.98 0.8257099999999964
0.98 0.8235799999999968
0.98 0.8372599999999968
0.98 0.8370499999999969
0.98 0.846789999999997
0.98 0.8463999999999974
0.98 0.8496099999999959
0.98 0.850289999999999
0.98 0.8487499999999968
0.98 0.8521599999999969
0.98 0.857729999999997
0.98 0.8460499999999972
0.98 0.8521499999999986
0.98 0.8562899999999979
0.98 0.8596899999999957
0.98 0.8625799999999966
0.98 0.8665899999999952
0.98 0.8756899999999969
0.98 0.8724899999999952
0.98 0.8695499999999975
0.98 0.8718299999999961
0.98 0.8642699999999951
0.98 0.868249999999996
0.98 0.8536699999999983
0.98 0.8484099999999957
0.98 0.8564399999999955
0.98 0.8495999999999946
0.98 0.8577999999999956
0.98 0.861639999999996
0.98 0.8620599999999964
0.98 0.8581799999999966
0.98 0.8654199999999963
0.98 0.8610499999999955
0.98 0.8569899999999977
0.98 0.8559099999999972
0.98 0.8505499999999961
0.98 0.8530299999999962
0.98 0.8638499999999951
0.98 0.8612699999999964
0.98 0.8729399999999965
0.98 0.8691799999999968
0.98 0.8659099999999937
0.98 0.8658199999999933
0.98 0.8674299999999947
0.98 0.8618999999999963
0.98 0.8649699999999968
0.98 0.8631999999999973
0.98 0.8645599999999963
0.98 0.8661199999999983
0.98 0.8743699999999986
0.98 0.8611699999999952
0.98 0.8620799999999956
0.98 0.8594399999999963
0.98 0.8554299999999965
0.98 0.8723299999999992
0.98 0.8727100000000003
0.98 0.8685299999999981
