0.62 0.6200000000000017
0.62 0.6200000000000017
0.62 0.6200000000000017
0.6 0.6193000000000016
0.5 0.6124000000000016
0.52 0.6158000000000016
0.52 0.6044000000000017
0.4 0.6041000000000016
0.4 0.6013000000000011
0.33999999999999997 0.5715
0.5 0.5216000000000004
0.30000000000000004 0.5168
0.14 0.5226000000000011
0.4 0.6045000000000013
0.43999999999999995 0.6041000000000011
0.38 0.5749000000000012
0.4 0.583700000000001
0.28 0.5310000000000001
0.28 0.5035
0.38 0.4626000000000004
0.4 0.4393000000000004
0.4 0.4099000000000002
0.36 0.43000000000000055
0.36 0.4693000000000007
0.36 0.4227000000000002
0.33999999999999997 0.3912000000000003
0.33999999999999997 0.36409999999999987
0.36 0.39520000000000033
0.33999999999999997 0.3732000000000002
0.33999999999999997 0.3675
0.36 0.4549000000000005
0.36 0.4364000000000001
0.36 0.4122999999999998
0.36 0.3969000000000002
0.36 0.38590000000000024
0.36 0.3782000000000003
0.36 0.3749000000000005
0.36 0.37470000000000014
0.36 0.3662999999999999
0.36 0.3660999999999999
0.36 0.36249999999999977
0.36 0.3638999999999999
0.36 0.36289999999999983
0.36 0.36029999999999984
0.36 0.36149999999999993
0.28 0.3614
0.28 0.3623000000000004
0.28 0.36600000000000044
0.28 0.3580000000000003
0.28 0.3553000000000002
0.07999999999999996 0.3484000000000004
0.07999999999999996 0.3485000000000004
0.07999999999999996 0.3464000000000005
0.07999999999999996 0.33440000000000053
0.21999999999999997 0.3441000000000004
0.21999999999999997 0.3436000000000004
0.30000000000000004 0.3453000000000004
0.30000000000000004 0.33950000000000047
0.020000000000000018 0.2847000000000002
0.24 0.3242000000000005
0.020000000000000018 0.23950000000000032
0.24 0.3014000000000009
0.19999999999999996 0.29150000000000087
0.19999999999999996 0.27730000000000077
0.06000000000000005 0.16359999999999986
0.07999999999999996 0.2601000000000004
0.06000000000000005 0.13379999999999992
0.06000000000000005 0.13519999999999988
0.06000000000000005 0.11139999999999993
0.06000000000000005 0.09459999999999996
0.06000000000000005 0.08609999999999998
0.06000000000000005 0.06899999999999996
0.06000000000000005 0.058000000000000024
0.06000000000000005 0.20230000000000026
0.06000000000000005 0.17220000000000002
0.040000000000000036 0.14980000000000007
0.020000000000000018 0.06540000000000001
0.07999999999999996 0.1367
0.16000000000000003 0.2542999999999996
0.020000000000000018 0.07260000000000001
0.07999999999999996 0.10030000000000004
0.06000000000000005 0.08460000000000019
0.06000000000000005 0.24500000000000013
0.06000000000000005 0.17570000000000005
0.06000000000000005 0.13500000000000004
0.06000000000000005 0.10980000000000009
0.06000000000000005 0.08570000000000011
0.06000000000000005 0.08760000000000008
0.06000000000000005 0.10870000000000006
0.06000000000000005 0.0779000000000001
0.06000000000000005 0.06330000000000013
0.06000000000000005 0.05980000000000018
0.06000000000000005 0.060900000000000155
0.06000000000000005 0.060200000000000184
0.020000000000000018 0.11189999999999975
0.020000000000000018 0.05430000000000015
0.020000000000000018 0.05590000000000015
0.020000000000000018 0.05520000000000017
0.020000000000000018 0.05750000000000015
0.020000000000000018 0.055600000000000184
0.020000000000000018 0.06300000000000018
0.040000000000000036 0.1740999999999998
0.040000000000000036 0.1478999999999998
0.040000000000000036 0.12819999999999987
0.020000000000000018 0.04150000000000001
0.06000000000000005 0.0832000000000002
0.020000000000000018 0.04250000000000001
0.020000000000000018 0.047499999999999966
0.020000000000000018 0.044600000000000035
0.040000000000000036 0.05340000000000003
0.040000000000000036 0.04760000000000009
0.040000000000000036 0.11300000000000003
0.040000000000000036 0.048200000000000014
0.040000000000000036 0.09010000000000007
0.040000000000000036 0.06590000000000011
0.040000000000000036 0.05640000000000007
0.020000000000000018 0.06570000000000005
0.020000000000000018 0.054100000000000065
0.020000000000000018 0.05910000000000009
0.020000000000000018 0.04680000000000008
0.020000000000000018 0.04750000000000006
0.020000000000000018 0.04940000000000004
0.020000000000000018 0.03910000000000002
0.020000000000000018 0.04270000000000003
0.020000000000000018 0.03970000000000002
0.020000000000000018 0.0434
0.020000000000000018 0.03880000000000003
0.020000000000000018 0.04369999999999999
0.020000000000000018 0.045600000000000016
0.020000000000000018 0.041400000000000006
0.020000000000000018 0.027500000000000004
0.020000000000000018 0.0314
0.020000000000000018 0.026599999999999985
0.020000000000000018 0.05010000000000001
0.020000000000000018 0.039299999999999995
0.020000000000000018 0.028599999999999987
0.020000000000000018 0.043600000000000014
0.020000000000000018 0.04330000000000001
0.020000000000000018 0.03929999999999999
0.020000000000000018 0.04260000000000001
0.020000000000000018 0.027599999999999975
0.020000000000000018 0.03699999999999999
0.020000000000000018 0.02879999999999997
0.020000000000000018 0.03330000000000002
0.020000000000000018 0.02609999999999997
0.020000000000000018 0.03029999999999999
0.020000000000000018 0.0321
0.020000000000000018 0.029799999999999997
0.020000000000000018 0.032200000000000006
0.040000000000000036 0.029699999999999966
0.040000000000000036 0.027899999999999984
0.040000000000000036 0.03900000000000001
0.040000000000000036 0.04980000000000004
0.040000000000000036 0.034699999999999995
0.040000000000000036 0.035800000000000005
0.040000000000000036 0.03569999999999999
0.040000000000000036 0.036799999999999986
0.040000000000000036 0.03599999999999999
0.040000000000000036 0.035399999999999994
0.040000000000000036 0.034999999999999996
0.040000000000000036 0.03429999999999998
0.040000000000000036 0.03219999999999999
0.040000000000000036 0.039599999999999996
0.040000000000000036 0.03619999999999998
0.040000000000000036 0.028599999999999987
0.040000000000000036 0.031299999999999994
0.040000000000000036 0.03549999999999999
0.040000000000000036 0.0313
0.040000000000000036 0.035599999999999986
0.040000000000000036 0.034899999999999994
0.040000000000000036 0.033
0.040000000000000036 0.031199999999999985
0.040000000000000036 0.04800000000000002
0.040000000000000036 0.046800000000000015
0.040000000000000036 0.048000000000000015
0.040000000000000036 0.04150000000000001
0.040000000000000036 0.03209999999999998
0.040000000000000036 0.027500000000000004
0.040000000000000036 0.032799999999999996
0.040000000000000036 0.030899999999999973
0.040000000000000036 0.029400000000000003
0.040000000000000036 0.030399999999999986
0.040000000000000036 0.029800000000000014
0.040000000000000036 0.0375
0.040000000000000036 0.033099999999999984
0.040000000000000036 0.04229999999999998
0.040000000000000036 0.03719999999999998
0.040000000000000036 0.032199999999999986
0.040000000000000036 0.03050000000000003
0.040000000000000036 0.0383
0.040000000000000036 0.032899999999999964
0.040000000000000036 0.030999999999999975
0.040000000000000036 0.02959999999999997
0.040000000000000036 0.035199999999999974
0.040000000000000036 0.042199999999999994
0.040000000000000036 0.03350000000000001
0.040000000000000036 0.037899999999999996
0.040000000000000036 0.041899999999999986
0.040000000000000036 0.026299999999999994
0.020000000000000018 0.02270000000000001
0.020000000000000018 0.03820000000000002
0.020000000000000018 0.038100000000000016
0.020000000000000018 0.02700000000000002
0.020000000000000018 0.022700000000000005
0.020000000000000018 0.02430000000000002
0.020000000000000018 0.022400000000000017
0.020000000000000018 0.021000000000000015
0.020000000000000018 0.022400000000000017
0.020000000000000018 0.026400000000000014
0.020000000000000018 0.021200000000000014
0.020000000000000018 0.028000000000000014
0.020000000000000018 0.06600000000000024
0.020000000000000018 0.05900000000000025
0.020000000000000018 0.0540000000000002
0.020000000000000018 0.04930000000000016
0.020000000000000018 0.0424000000000001
0.020000000000000018 0.03720000000000008
0.020000000000000018 0.02629999999999999
0.020000000000000018 0.03860000000000004
0.020000000000000018 0.033600000000000026
0.020000000000000018 0.0266
0.020000000000000018 0.027799999999999988
0.020000000000000018 0.03259999999999999
0.020000000000000018 0.035599999999999986
0.020000000000000018 0.033
0.020000000000000018 0.030599999999999992
0.020000000000000018 0.031199999999999974
0.020000000000000018 0.02960000000000001
0.020000000000000018 0.03349999999999999
0.020000000000000018 0.036099999999999986
0.19999999999999996 0.36139999999999955
0.040000000000000036 0.3560999999999996
0.040000000000000036 0.34649999999999964
0.040000000000000036 0.3347000000000002
0.040000000000000036 0.3280000000000007
0.040000000000000036 0.29410000000000097
0.040000000000000036 0.2768000000000008
0.040000000000000036 0.25310000000000066
0.040000000000000036 0.21010000000000026
0.040000000000000036 0.17619999999999997
0.040000000000000036 0.14359999999999992
0.040000000000000036 0.10090000000000003
0.06000000000000005 0.2949
0.16000000000000003 0.2734000000000001
0.040000000000000036 0.1103
0.040000000000000036 0.07189999999999998
0.040000000000000036 0.067
0.06000000000000005 0.176
0.06000000000000005 0.14919999999999994
0.040000000000000036 0.05640000000000003
0.040000000000000036 0.04270000000000003
0.040000000000000036 0.036800000000000006
0.040000000000000036 0.03330000000000002
0.040000000000000036 0.11310000000000002
0.040000000000000036 0.08819999999999999
0.040000000000000036 0.07570000000000003
0.040000000000000036 0.06400000000000002
0.040000000000000036 0.05159999999999999
0.040000000000000036 0.09150000000000005
0.040000000000000036 0.07740000000000005
0.040000000000000036 0.06290000000000003
0.040000000000000036 0.054200000000000054
0.040000000000000036 0.04970000000000002
0.040000000000000036 0.052000000000000046
0.040000000000000036 0.05440000000000003
0.040000000000000036 0.05410000000000007
0.040000000000000036 0.05930000000000005
0.040000000000000036 0.05690000000000008
0.040000000000000036 0.07720000000000005
0.040000000000000036 0.06240000000000001
0.040000000000000036 0.045800000000000056
0.040000000000000036 0.045300000000000035
0.040000000000000036 0.04410000000000003
0.040000000000000036 0.045900000000000045
0.040000000000000036 0.04770000000000005
0.040000000000000036 0.05160000000000007
0.040000000000000036 0.052300000000000055
0.040000000000000036 0.04640000000000003
0.040000000000000036 0.0464
0.040000000000000036 0.046700000000000026
0.040000000000000036 0.04420000000000004
0.040000000000000036 0.047900000000000026
0.040000000000000036 0.06090000000000006
0.040000000000000036 0.055500000000000015
0.040000000000000036 0.059500000000000025
0.040000000000000036 0.04200000000000001
0.040000000000000036 0.039500000000000035
0.040000000000000036 0.04570000000000004
0.040000000000000036 0.04520000000000004
0.040000000000000036 0.050400000000000035
0.040000000000000036 0.04430000000000003
0.040000000000000036 0.04510000000000004
0.040000000000000036 0.04300000000000003
0.040000000000000036 0.04000000000000003
0.040000000000000036 0.04370000000000003
0.040000000000000036 0.04390000000000003
0.040000000000000036 0.04490000000000003
0.040000000000000036 0.040400000000000026
0.06000000000000005 0.07110000000000014
0.06000000000000005 0.06250000000000022
0.06000000000000005 0.06520000000000019
0.06000000000000005 0.0760000000000002
0.06000000000000005 0.06670000000000023
0.040000000000000036 0.04610000000000002
0.06000000000000005 0.06030000000000028
0.06000000000000005 0.060100000000000244
0.06000000000000005 0.061100000000000286
0.06000000000000005 0.06540000000000024
0.06000000000000005 0.0638000000000002
0.06000000000000005 0.06700000000000016
0.06000000000000005 0.0590000000000002
0.040000000000000036 0.04870000000000003
0.06000000000000005 0.061700000000000206
0.06000000000000005 0.06190000000000022
0.06000000000000005 0.058100000000000165
0.040000000000000036 0.045700000000000046
0.040000000000000036 0.04400000000000003
0.040000000000000036 0.04190000000000002
0.040000000000000036 0.04150000000000003
0.040000000000000036 0.04100000000000004
0.040000000000000036 0.04360000000000003
0.040000000000000036 0.04720000000000005
0.040000000000000036 0.04740000000000002
0.040000000000000036 0.04380000000000004
0.040000000000000036 0.07669999999999988
0.040000000000000036 0.046300000000000036
0.040000000000000036 0.04640000000000004
0.040000000000000036 0.04799999999999999
0.040000000000000036 0.04940000000000004
0.06000000000000005 0.06330000000000019
0.040000000000000036 0.045100000000000036
0.040000000000000036 0.04620000000000005
0.040000000000000036 0.048400000000000006
0.040000000000000036 0.04670000000000005
0.040000000000000036 0.04610000000000001
0.040000000000000036 0.052300000000000034
0.040000000000000036 0.05660000000000007
0.040000000000000036 0.053300000000000056
0.040000000000000036 0.04700000000000002
0.040000000000000036 0.04670000000000003
0.040000000000000036 0.04850000000000006
0.040000000000000036 0.05060000000000001
0.040000000000000036 0.05300000000000004
0.040000000000000036 0.04810000000000001
0.040000000000000036 0.048600000000000046
0.040000000000000036 0.055000000000000035
0.040000000000000036 0.05150000000000004
0.040000000000000036 0.048400000000000026
0.040000000000000036 0.04630000000000006
0.040000000000000036 0.04970000000000005
0.040000000000000036 0.05030000000000003
0.040000000000000036 0.049200000000000015
0.040000000000000036 0.04750000000000003
0.040000000000000036 0.04880000000000004
0.040000000000000036 0.04480000000000004
0.040000000000000036 0.04300000000000002
0.040000000000000036 0.04530000000000003
0.040000000000000036 0.04560000000000002
0.040000000000000036 0.048200000000000014
0.040000000000000036 0.048900000000000034
0.040000000000000036 0.04470000000000003
0.040000000000000036 0.04480000000000004
0.040000000000000036 0.04730000000000003
0.040000000000000036 0.047200000000000034
0.040000000000000036 0.042700000000000016
0.040000000000000036 0.04410000000000002
0.040000000000000036 0.04100000000000003
0.040000000000000036 0.04660000000000004
0.040000000000000036 0.044200000000000024
0.040000000000000036 0.039800000000000016
0.040000000000000036 0.04230000000000003
0.040000000000000036 0.042900000000000035
0.040000000000000036 0.045200000000000025
0.040000000000000036 0.04590000000000003
0.040000000000000036 0.05150000000000002
0.18000000000000005 0.22669999999999974
0.06000000000000005 0.2295999999999998
0.06000000000000005 0.21819999999999978
0.06000000000000005 0.21049999999999966
0.09999999999999998 0.2133999999999997
0.09999999999999998 0.19189999999999968
0.09999999999999998 0.1716999999999997
0.040000000000000036 0.14439999999999986
0.040000000000000036 0.12849999999999986
0.06000000000000005 0.1235999999999999
0.06000000000000005 0.10609999999999989
0.06000000000000005 0.10719999999999986
0.06000000000000005 0.09809999999999991
0.06000000000000005 0.09709999999999995
0.040000000000000036 0.07720000000000009
0.020000000000000018 0.06470000000000009
0.040000000000000036 0.06430000000000012
0.040000000000000036 0.06050000000000012
0.040000000000000036 0.05260000000000014
0.040000000000000036 0.044100000000000084
0.040000000000000036 0.044500000000000026
0.040000000000000036 0.058100000000000034
0.040000000000000036 0.055900000000000026
0.040000000000000036 0.048100000000000025
0.040000000000000036 0.04560000000000003
0.040000000000000036 0.044200000000000024
0.040000000000000036 0.04220000000000002
0.040000000000000036 0.04730000000000003
0.040000000000000036 0.04370000000000004
0.06000000000000005 0.05510000000000003
0.06000000000000005 0.05590000000000007
0.040000000000000036 0.05190000000000003
0.040000000000000036 0.04740000000000002
0.06000000000000005 0.06210000000000008
0.040000000000000036 0.04970000000000002
0.040000000000000036 0.054200000000000026
0.06000000000000005 0.06080000000000009
0.06000000000000005 0.05840000000000009
0.06000000000000005 0.05760000000000013
0.06000000000000005 0.0618000000000001
0.040000000000000036 0.044800000000000034
0.040000000000000036 0.04700000000000003
0.040000000000000036 0.04470000000000002
0.040000000000000036 0.04510000000000004
0.040000000000000036 0.03920000000000001
0.040000000000000036 0.041700000000000036
0.040000000000000036 0.044300000000000034
0.040000000000000036 0.04150000000000004
0.040000000000000036 0.04670000000000002
0.040000000000000036 0.0464
0.040000000000000036 0.04070000000000005
0.040000000000000036 0.044800000000000006
0.040000000000000036 0.03930000000000003
0.040000000000000036 0.042300000000000004
0.040000000000000036 0.045000000000000054
0.040000000000000036 0.03840000000000003
0.040000000000000036 0.043900000000000015
0.040000000000000036 0.04850000000000002
0.040000000000000036 0.04700000000000003
0.040000000000000036 0.049800000000000046
0.06000000000000005 0.07340000000000009
0.040000000000000036 0.05200000000000001
0.040000000000000036 0.04900000000000003
0.040000000000000036 0.044700000000000024
0.040000000000000036 0.053000000000000005
0.040000000000000036 0.04700000000000003
0.040000000000000036 0.04380000000000004
0.040000000000000036 0.042400000000000035
0.040000000000000036 0.04740000000000001
0.040000000000000036 0.04340000000000004
0.040000000000000036 0.03830000000000003
0.040000000000000036 0.04100000000000003
0.040000000000000036 0.04050000000000001
0.040000000000000036 0.043900000000000015
0.040000000000000036 0.04330000000000002
0.040000000000000036 0.04220000000000002
0.06000000000000005 0.0806
0.040000000000000036 0.04960000000000003
0.040000000000000036 0.0473
0.06000000000000005 0.07790000000000004
0.06000000000000005 0.07530000000000006
0.040000000000000036 0.04560000000000002
0.040000000000000036 0.06439999999999999
0.040000000000000036 0.056100000000000046
0.040000000000000036 0.05690000000000004
0.040000000000000036 0.05070000000000004
0.040000000000000036 0.05080000000000005
0.040000000000000036 0.05650000000000008
0.040000000000000036 0.06210000000000008
0.040000000000000036 0.0698000000000001
0.040000000000000036 0.06930000000000003
0.040000000000000036 0.05970000000000011
0.040000000000000036 0.0536000000000001
0.040000000000000036 0.050200000000000106
0.040000000000000036 0.054300000000000036
0.040000000000000036 0.0628000000000001
0.040000000000000036 0.05470000000000003
0.040000000000000036 0.050300000000000074
0.040000000000000036 0.05209999999999998
0.040000000000000036 0.05070000000000004
0.040000000000000036 0.048800000000000045
0.040000000000000036 0.04550000000000003
0.28 0.28340000000000054
0.040000000000000036 0.04660000000000003
0.040000000000000036 0.048500000000000015
0.040000000000000036 0.04770000000000004
0.040000000000000036 0.04240000000000003
0.040000000000000036 0.04610000000000003
0.040000000000000036 0.04780000000000004
0.040000000000000036 0.052200000000000045
0.040000000000000036 0.048300000000000044
0.040000000000000036 0.04550000000000004
0.040000000000000036 0.04580000000000003
0.040000000000000036 0.04210000000000003
0.040000000000000036 0.050000000000000044
0.040000000000000036 0.04600000000000004
0.040000000000000036 0.04320000000000003
0.040000000000000036 0.04480000000000002
0.040000000000000036 0.04580000000000004
0.040000000000000036 0.04710000000000005
0.040000000000000036 0.04610000000000002
0.040000000000000036 0.04870000000000005
0.040000000000000036 0.13699999999999998
0.040000000000000036 0.12669999999999998
0.040000000000000036 0.09340000000000007
