0.92 0.3944499999999992
0.92 0.44487999999999955
0.92 0.48683000000000143
0.96 0.5117899999999989
0.96 0.5371199999999968
0.96 0.5612599999999986
0.97 0.5852699999999973
0.97 0.6012999999999996
0.97 0.6250900000000004
0.98 0.6400000000000007
0.98 0.660940000000001
0.98 0.6711399999999986
0.98 0.6717399999999993
0.98 0.6835599999999957
0.98 0.6860999999999943
0.98 0.6960599999999928
0.98 0.708809999999996
0.98 0.7027199999999959
0.98 0.707509999999998
0.99 0.7121999999999986
0.99 0.7171900000000005
0.99 0.7264400000000033
0.99 0.7326700000000035
0.99 0.7393600000000038
0.99 0.7449900000000034
1.0 0.7571400000000043
1.0 0.7587500000000047
1.0 0.7581200000000051
1.0 0.770750000000007
1.0 0.767260000000006
1.0 0.7776600000000051
1.0 0.7865000000000073
1.0 0.7960000000000064
1.0 0.803250000000004
1.0 0.8034300000000052
1.0 0.7992400000000055
1.0 0.7981000000000025
1.0 0.8026600000000047
1.0 0.8123700000000047
1.0 0.8090200000000047
1.0 0.8046000000000041
1.0 0.8075200000000073
1.0 0.8040400000000062
1.0 0.8086800000000043
1.0 0.8146200000000059
1.0 0.8191800000000049
1.0 0.8227200000000049
1.0 0.8169800000000041
1.0 0.8273900000000055
1.0 0.8167700000000058
1.0 0.825400000000007
1.0 0.8203900000000043
1.0 0.8263900000000037
1.0 0.8303800000000049
1.0 0.8197100000000036
1.0 0.8252900000000047
1.0 0.8332400000000035
1.0 0.8312500000000058
1.0 0.8372400000000053
1.0 0.8419900000000045
1.0 0.840230000000005
1.0 0.8461600000000049
1.0 0.8327000000000031
1.0 0.8500300000000037
1.0 0.8537200000000015
1.0 0.8512500000000023
1.0 0.8450900000000021
1.0 0.8523300000000016
1.0 0.8604400000000001
1.0 0.853810000000001
1.0 0.8566100000000024
1.0 0.8697500000000006
1.0 0.8604499999999998
1.0 0.8631599999999995
1.0 0.8660600000000006
1.0 0.8690599999999994
1.0 0.8696099999999999
1.0 0.86234
1.0 0.8633699999999999
1.0 0.8508700000000013
1.0 0.8619399999999999
1.0 0.8657299999999986
1.0 0.864779999999999
1.0 0.8692399999999976
1.0 0.8565800000000015
1.0 0.8524800000000005
1.0 0.8509300000000004
1.0 0.8500600000000016
1.0 0.8501000000000003
1.0 0.8535100000000007
1.0 0.8456700000000018
1.0 0.847400000000002
1.0 0.8540700000000013
1.0 0.8520100000000006
1.0 0.8523300000000005
1.0 0.8527300000000019
1.0 0.8460200000000013
1.0 0.8489800000000008
1.0 0.861569999999999
1.0 0.8633799999999996
