0.020000000000000018 0.6272600000000079
0.020000000000000018 0.5869600000000048
0.020000000000000018 0.5606400000000058
0.020000000000000018 0.5344400000000049
0.020000000000000018 0.5240800000000059
0.020000000000000018 0.5000200000000043
0.020000000000000018 0.48332000000000386
0.020000000000000018 0.45594000000000334
0.09999999999999998 0.42288000000000253
0.09999999999999998 0.4071000000000026
0.020000000000000018 0.3955400000000026
0.020000000000000018 0.39510000000000317
0.020000000000000018 0.3741600000000024
0.020000000000000018 0.375260000000003
0.020000000000000018 0.3615000000000017
0.020000000000000018 0.36310000000000175
0.020000000000000018 0.35292000000000145
0.020000000000000018 0.3441200000000019
0.020000000000000018 0.32850000000000157
0.020000000000000018 0.31628000000000145
0.020000000000000018 0.3147600000000013
0.020000000000000018 0.3164600000000023
0.020000000000000018 0.30224000000000195
0.020000000000000018 0.29268000000000166
0.020000000000000018 0.28562000000000176
0.020000000000000018 0.27358000000000127
0.020000000000000018 0.2657000000000007
0.07999999999999996 0.25334000000000056
0.07999999999999996 0.2535600000000008
0.07999999999999996 0.24342000000000097
0.07999999999999996 0.23158000000000048
0.07999999999999996 0.22908000000000037
0.07999999999999996 0.2066200000000007
0.07999999999999996 0.19320000000000037
0.07999999999999996 0.18262000000000006
0.07999999999999996 0.1798000000000001
0.07999999999999996 0.17820000000000014
0.07999999999999996 0.17032000000000028
0.07999999999999996 0.16320000000000012
0.07999999999999996 0.16862000000000038
0.07999999999999996 0.1642800000000001
0.07999999999999996 0.17004000000000027
0.07999999999999996 0.16902000000000036
0.07999999999999996 0.1610800000000002
0.07999999999999996 0.17238
0.07999999999999996 0.1529000000000001
0.07999999999999996 0.15796000000000024
0.07999999999999996 0.16091999999999995
0.07999999999999996 0.16528000000000018
0.07999999999999996 0.16840000000000013
0.07999999999999996 0.17130000000000026
0.07999999999999996 0.16840000000000027
0.07999999999999996 0.16658000000000037
0.07999999999999996 0.1668800000000004
0.07999999999999996 0.16494000000000023
0.07999999999999996 0.17160000000000036
0.07999999999999996 0.15970000000000031
0.07999999999999996 0.15636000000000036
0.07999999999999996 0.15508000000000025
0.07999999999999996 0.15578000000000033
0.07999999999999996 0.14845999999999998
0.07999999999999996 0.1365200000000001
0.07999999999999996 0.14230000000000012
0.07999999999999996 0.14520000000000022
0.07999999999999996 0.1540600000000003
0.07999999999999996 0.15910000000000019
0.07999999999999996 0.15766000000000024
0.07999999999999996 0.16032000000000013
0.07999999999999996 0.15820000000000023
0.07999999999999996 0.16306000000000018
0.07999999999999996 0.14716000000000035
0.07999999999999996 0.14087999999999995
0.07999999999999996 0.1462399999999999
0.07999999999999996 0.14147999999999988
0.07999999999999996 0.13914000000000004
0.07999999999999996 0.14406000000000005
0.07999999999999996 0.14538000000000004
0.07999999999999996 0.13019999999999995
0.07999999999999996 0.13479999999999998
0.07999999999999996 0.14203999999999994
0.07999999999999996 0.14298000000000005
0.07999999999999996 0.15052
0.07999999999999996 0.16063999999999992
0.07999999999999996 0.15412000000000003
0.07999999999999996 0.16688000000000025
0.07999999999999996 0.16374000000000025
0.07999999999999996 0.15386000000000005
0.07999999999999996 0.15296
0.07999999999999996 0.15142000000000033
0.07999999999999996 0.15840000000000035
0.07999999999999996 0.15952000000000024
0.07999999999999996 0.14862000000000014
0.07999999999999996 0.15165999999999996
0.07999999999999996 0.1494200000000001
0.07999999999999996 0.14648000000000017
0.07999999999999996 0.1459000000000002
0.07999999999999996 0.14195999999999995
0.07999999999999996 0.15484
0.07999999999999996 0.15364000000000008
0.07999999999999996 0.14941999999999997
