0.67 0.3879000000000003
0.68 0.4351999999999997
0.8 0.4292999999999996
0.7 0.4668499999999999
0.72 0.4292499999999997
0.88 0.44139999999999985
0.67 0.4198499999999993
0.7 0.4075999999999992
0.78 0.4321499999999996
0.92 0.45289999999999986
0.75 0.45755
0.87 0.4631999999999997
0.88 0.42555
0.77 0.4040999999999997
0.67 0.3999999999999997
0.67 0.42944999999999994
0.67 0.40514999999999984
0.67 0.47334999999999966
0.67 0.4551499999999999
0.67 0.4764499999999999
0.67 0.4372000000000002
0.67 0.4560000000000002
0.67 0.4279499999999997
0.68 0.4399499999999999
0.67 0.41759999999999964
0.69 0.4973
0.75 0.5389499999999999
0.67 0.5394500000000003
0.71 0.5584499999999997
0.91 0.5983000000000005
0.8 0.5601500000000003
0.8 0.5134
0.95 0.5624999999999999
0.84 0.5946000000000009
0.86 0.6089000000000013
0.8 0.6126000000000008
0.77 0.5688499999999994
0.8 0.5696999999999999
0.86 0.5295000000000001
0.88 0.5919000000000009
0.88 0.6389500000000014
0.8 0.6408000000000009
0.93 0.6652500000000015
0.78 0.6530000000000018
0.69 0.6602500000000012
0.8 0.6587500000000012
0.8 0.656850000000001
0.68 0.6564000000000013
0.68 0.6308000000000007
0.92 0.6480000000000006
0.92 0.6502500000000004
0.93 0.678750000000001
0.86 0.6661000000000012
0.76 0.6118500000000006
0.73 0.6257000000000007
0.86 0.5933500000000002
0.69 0.5530000000000002
0.88 0.5631999999999994
0.82 0.6479000000000015
0.89 0.6544000000000015
0.92 0.7101500000000014
0.94 0.7232000000000006
0.89 0.7010500000000011
0.94 0.6594000000000011
0.77 0.6438500000000006
0.87 0.6716500000000013
0.89 0.6865500000000008
0.94 0.6897000000000006
0.88 0.6133000000000007
0.9 0.7026500000000004
0.9 0.6998000000000002
0.9 0.5976000000000011
0.9 0.6652000000000017
0.89 0.622850000000001
0.89 0.5861500000000006
0.89 0.6137500000000005
0.98 0.7205499999999999
0.9 0.6902000000000021
0.9 0.7659999999999999
0.92 0.7007500000000013
0.97 0.7298000000000003
0.98 0.8333499999999979
0.89 0.5806000000000011
0.92 0.6369000000000007
0.96 0.7131499999999994
0.96 0.7846999999999997
0.98 0.8833999999999997
0.98 0.9119499999999985
0.98 0.8194999999999998
0.98 0.8519500000000001
0.98 0.9277999999999987
0.98 0.9409999999999985
0.98 0.961599999999999
0.98 0.885149999999998
0.98 0.9245
0.98 0.9675500000000004
0.98 0.9543999999999996
0.98 0.968399999999999
0.98 0.9469499999999991
0.98 0.9603999999999994
0.98 0.9346500000000002
0.98 0.9530999999999986
0.98 0.9632499999999993
0.98 0.9495999999999989
0.98 0.9301999999999989
0.98 0.9530999999999985
0.98 0.8769499999999983
0.98 0.8818499999999995
0.98 0.8801999999999992
0.98 0.9133999999999997
0.98 0.9448999999999999
0.98 0.951249999999999
0.98 0.8740499999999983
0.98 0.6718999999999994
0.96 0.6931499999999993
0.97 0.7909999999999994
0.98 0.9207499999999998
0.98 0.7541500000000017
0.98 0.8081499999999978
0.92 0.6317499999999996
0.88 0.5816500000000009
0.92 0.6759000000000003
0.83 0.6361500000000002
0.84 0.6610499999999999
0.88 0.6720499999999997
0.83 0.6038499999999991
0.88 0.6406499999999993
0.87 0.6249499999999988
0.92 0.6068999999999992
0.91 0.6178999999999993
0.91 0.6841000000000003
0.91 0.6889500000000014
0.94 0.7369499999999998
0.97 0.7865499999999982
0.98 0.8129999999999978
0.99 0.8250999999999982
0.97 0.7977499999999982
0.99 0.8642999999999992
0.99 0.9042999999999999
0.99 0.85635
0.99 0.8797499999999998
0.96 0.6758500000000006
0.96 0.7208999999999994
0.98 0.7058000000000005
0.94 0.7012500000000008
0.99 0.7768500000000002
0.95 0.7699000000000005
0.99 0.836699999999999
0.99 0.8495499999999988
0.99 0.8703999999999996
0.99 0.8903500000000004
0.99 0.8725000000000004
0.97 0.8413499999999992
0.91 0.8232999999999998
0.95 0.8496499999999998
0.93 0.8614500000000004
0.97 0.8703500000000001
0.95 0.8761500000000001
0.97 0.8536499999999997
0.97 0.8687000000000015
0.93 0.7030000000000023
0.93 0.7301000000000012
0.91 0.6008
0.95 0.5869999999999999
0.95 0.7140000000000002
0.96 0.7133500000000016
0.94 0.7256000000000015
0.96 0.7293000000000006
0.96 0.6291000000000002
0.91 0.6054999999999996
0.91 0.6553499999999981
0.96 0.7183499999999995
0.98 0.8148999999999966
0.96 0.7376999999999988
0.96 0.7326999999999992
0.96 0.7967999999999986
0.96 0.8378999999999996
0.96 0.7608499999999998
0.99 0.8366500000000004
0.99 0.8754500000000001
0.99 0.8995500000000008
0.99 0.9086000000000003
0.99 0.8512999999999997
0.99 0.9024999999999997
0.99 0.9299499999999987
0.99 0.9229499999999973
0.99 0.9206999999999976
0.99 0.863799999999999
0.99 0.8707999999999976
0.99 0.9633999999999995
0.99 0.9360999999999984
0.99 0.841149999999998
0.99 0.797499999999999
0.99 0.8546499999999978
0.99 0.8683000000000005
0.99 0.9314999999999982
0.99 0.7011000000000002
0.99 0.9377499999999988
0.99 0.8807499999999994
0.93 0.6625999999999983
0.67 0.6411999999999998
0.67 0.6662000000000009
0.67 0.6671000000000008
0.67 0.6602499999999998
0.67 0.6600499999999997
0.67 0.6667000000000006
0.95 0.695800000000001
0.95 0.7197999999999999
0.99 0.8152499999999973
0.97 0.8365999999999981
0.99 0.8492999999999994
0.99 0.8788500000000016
0.99 0.8693999999999993
0.98 0.8388499999999988
0.99 0.848699999999999
0.99 0.9032999999999989
0.99 0.8406499999999975
0.99 0.8617999999999989
0.99 0.9127499999999995
0.99 0.9245999999999988
0.99 0.9109499999999976
0.99 0.7608499999999997
0.99 0.7987499999999997
0.99 0.7760999999999997
0.99 0.8120499999999993
0.99 0.7287499999999995
0.99 0.7811999999999998
0.99 0.8560499999999989
0.99 0.8818499999999999
0.99 0.955149999999999
0.99 0.971399999999999
0.99 0.9748499999999973
0.99 0.9574999999999971
0.99 0.8671499999999992
0.99 0.8968999999999986
0.99 0.965049999999998
0.99 0.9696999999999989
0.99 0.9761499999999966
0.99 0.9847999999999996
0.99 0.9843000000000011
0.99 0.9426999999999992
0.99 0.7999499999999982
0.99 0.6603500000000007
0.96 0.7323000000000012
0.99 0.8425999999999996
0.99 0.8183499999999991
0.99 0.9074499999999993
0.99 0.8272499999999989
0.99 0.6374999999999998
0.99 0.6678999999999998
0.99 0.6367499999999997
0.99 0.7360500000000004
0.99 0.7851000000000002
0.98 0.7104500000000007
0.99 0.9102499999999994
0.99 0.947199999999998
0.99 0.9462999999999977
0.99 0.957899999999999
0.99 0.9699500000000008
0.99 0.9806999999999987
0.99 0.9849
0.99 0.9863500000000011
0.99 0.9785000000000004
0.99 0.9844000000000008
0.99 0.9817500000000012
0.99 0.9879000000000014
0.99 0.9867000000000015
0.99 0.980350000000001
0.99 0.9764000000000008
0.99 0.981150000000001
0.99 0.9861500000000014
0.99 0.9207999999999985
0.99 0.9768500000000009
0.99 0.9725500000000005
0.99 0.9711000000000007
0.99 0.9787000000000015
0.99 0.8394999999999979
0.99 0.9098999999999985
0.99 0.9634499999999995
0.99 0.8898499999999965
0.99 0.9731999999999998
0.99 0.9628999999999993
0.99 0.8281999999999963
0.99 0.9318499999999971
0.99 0.9694999999999994
0.99 0.863949999999997
0.99 0.9151999999999983
0.99 0.9737499999999997
0.99 0.9802500000000006
0.99 0.976300000000001
0.99 0.8969499999999955
0.99 0.8581999999999949
0.99 0.932399999999997
0.99 0.9667999999999997
0.99 0.921299999999997
0.99 0.9509999999999992
0.99 0.9474499999999985
0.99 0.7004999999999997
0.99 0.8356999999999978
0.99 0.8934999999999965
0.99 0.8898999999999956
0.99 0.9390999999999976
0.99 0.8937499999999983
0.99 0.965049999999999
0.99 0.9809000000000005
0.99 0.9505499999999972
0.99 0.9778500000000001
0.99 0.9873500000000013
0.99 0.9536499999999993
0.99 0.982250000000001
0.99 0.7457999999999987
0.64 0.5885500000000007
0.99 0.7250999999999985
0.99 0.6784000000000003
0.99 0.8944999999999983
0.99 0.9416499999999987
0.99 0.8962499999999984
0.99 0.9633999999999984
0.99 0.9853000000000006
0.99 0.9875500000000008
0.99 0.9787000000000008
0.99 0.8575499999999979
0.99 0.9391499999999985
0.99 0.7054499999999975
0.99 0.9738500000000001
0.99 0.9754
0.99 0.9844500000000008
0.99 0.9843500000000011
0.99 0.6977499999999991
0.99 0.793249999999997
0.99 0.8582999999999954
0.99 0.8966499999999964
0.99 0.949399999999998
0.99 0.9773999999999993
0.99 0.915849999999998
0.99 0.9776499999999997
0.99 0.9371999999999981
0.99 0.9737999999999996
0.99 0.9788000000000006
0.99 0.9545499999999979
0.99 0.963599999999998
0.99 0.9713499999999996
0.99 0.9801499999999994
0.99 0.9714999999999975
0.99 0.9754499999999973
0.99 0.9706999999999993
0.99 0.9615499999999986
0.99 0.9623999999999987
0.99 0.9782499999999978
0.99 0.977349999999997
0.99 0.9790999999999985
0.99 0.979449999999998
0.99 0.9727999999999968
0.99 0.9776499999999967
0.99 0.9858000000000006
0.99 0.9762500000000007
0.99 0.9816000000000009
0.99 0.9857500000000011
0.99 0.982500000000001
0.99 0.9823500000000013
0.99 0.9795500000000013
0.99 0.9834000000000012
0.99 0.9733500000000004
0.99 0.9789999999999996
0.99 0.9873000000000007
0.99 0.981400000000001
0.99 0.980950000000001
0.99 0.9873500000000015
0.99 0.9847000000000015
0.99 0.9803500000000008
0.99 0.9842500000000013
0.99 0.9847000000000015
0.99 0.9797000000000007
0.99 0.9835500000000011
0.99 0.9773500000000009
0.99 0.9778000000000007
0.99 0.9695500000000001
0.99 0.9731500000000004
0.99 0.980800000000001
0.99 0.986700000000001
0.99 0.985450000000001
0.99 0.9845500000000008
0.99 0.9808000000000011
0.99 0.9866500000000014
0.99 0.9847500000000013
0.99 0.9801000000000012
0.99 0.9751000000000009
0.99 0.9864000000000014
0.99 0.944749999999998
0.99 0.9445999999999986
0.99 0.886299999999998
0.99 0.9041999999999984
0.99 0.9593499999999979
0.99 0.9777000000000006
0.99 0.9844000000000014
0.99 0.9855500000000015
0.99 0.9863000000000014
0.99 0.9840000000000012
0.99 0.9856000000000013
0.99 0.9869500000000013
0.99 0.9865500000000011
0.99 0.9474000000000012
0.99 0.9733500000000009
0.99 0.9727000000000006
0.99 0.9880500000000013
0.99 0.9814000000000012
0.99 0.9817500000000012
0.99 0.9829500000000005
0.99 0.9880000000000009
0.99 0.986300000000001
0.99 0.9848500000000011
0.99 0.9844000000000014
0.99 0.9825000000000012
0.99 0.9810000000000012
0.99 0.9799500000000009
0.99 0.982850000000001
0.99 0.986450000000001
0.99 0.9837000000000014
0.99 0.9880500000000015
0.99 0.9829500000000013
0.99 0.9878500000000016
0.99 0.8941000000000048
0.99 0.9654500000000007
0.99 0.9813500000000007
0.99 0.9755500000000006
0.99 0.9859000000000009
0.99 0.9765500000000005
0.99 0.9738500000000009
0.99 0.9720500000000005
0.99 0.9588999999999993
0.99 0.9824500000000007
0.99 0.9373000000000015
0.99 0.9382999999999978
0.99 0.8521999999999985
0.91 0.8337999999999991
0.95 0.8608000000000021
0.99 0.969049999999999
0.99 0.9321000000000003
0.99 0.9186000000000017
0.99 0.9437000000000004
0.99 0.9737499999999986
0.99 0.973949999999999
0.99 0.9781500000000004
0.99 0.9811500000000006
0.99 0.9695500000000007
0.99 0.9336500000000008
0.96 0.8548000000000016
0.96 0.8536000000000016
0.96 0.871500000000003
0.96 0.8410999999999992
0.99 0.8949500000000021
0.99 0.8380499999999985
0.99 0.9193999999999976
0.99 0.9483499999999987
0.99 0.8649499999999978
0.99 0.8021499999999968
0.98 0.6771500000000001
0.99 0.7145000000000004
0.99 0.8827999999999993
0.96 0.8122499999999971
0.96 0.851499999999997
0.97 0.7868499999999985
0.99 0.9049499999999994
0.99 0.9358999999999995
0.96 0.9292499999999998
0.96 0.9343999999999982
0.97 0.946049999999998
0.97 0.9490999999999987
0.96 0.9484499999999987
0.96 0.9194999999999978
0.96 0.9371499999999987
0.96 0.9281499999999986
0.96 0.9365999999999991
0.96 0.9275999999999982
0.96 0.9480499999999995
0.96 0.9521999999999998
0.96 0.9484999999999983
0.96 0.9497499999999994
0.96 0.953949999999999
0.96 0.9508499999999994
0.96 0.9572500000000004
0.96 0.9585000000000005
0.96 0.9555500000000003
0.96 0.9537000000000008
0.96 0.9565500000000009
0.96 0.9551000000000003
0.96 0.9428999999999996
0.96 0.8337999999999954
0.96 0.7154999999999996
0.96 0.7116000000000011
0.96 0.8016499999999976
0.96 0.8507499999999958
0.96 0.9199499999999982
0.96 0.9362499999999997
0.96 0.8313499999999958
0.96 0.8486999999999995
0.96 0.9135999999999979
0.96 0.9233499999999986
0.96 0.9405999999999994
0.96 0.9547000000000003
