0.87 0.41847000000000223
0.88 0.450160000000003
0.93 0.4851300000000038
0.93 0.5121600000000022
0.94 0.5523900000000005
0.95 0.5783600000000003
0.95 0.6089099999999998
0.96 0.6268499999999974
0.96 0.6434399999999995
0.97 0.6678000000000006
0.97 0.6802600000000023
0.97 0.6936900000000026
0.98 0.7033700000000039
0.98 0.701580000000005
0.98 0.71802000000001
0.98 0.7382100000000087
0.98 0.7409700000000069
0.98 0.7551800000000078
0.98 0.7518100000000087
0.98 0.7613100000000094
0.98 0.7674500000000087
0.98 0.7680900000000068
0.98 0.7723500000000062
0.98 0.781360000000005
0.98 0.7843100000000053
0.98 0.7855100000000061
0.98 0.7965600000000035
0.98 0.7967700000000042
0.98 0.7887000000000038
0.98 0.7887500000000033
0.98 0.8036400000000021
0.98 0.8090300000000004
0.98 0.8202400000000046
0.98 0.8181600000000054
0.98 0.822720000000003
0.98 0.8303900000000022
0.98 0.8324600000000023
0.98 0.8287600000000053
0.98 0.8412800000000046
0.98 0.8482100000000041
0.98 0.8413100000000031
0.98 0.8438500000000044
0.98 0.8465800000000014
0.98 0.8450100000000041
0.98 0.8507000000000046
0.98 0.8456700000000044
0.98 0.857910000000001
0.98 0.8488000000000022
0.98 0.8413100000000012
0.98 0.846050000000002
0.98 0.8499700000000033
0.98 0.8539700000000015
0.98 0.8472100000000022
0.98 0.8377500000000011
0.98 0.8418200000000012
0.98 0.8417800000000024
0.98 0.8363600000000033
0.98 0.8441100000000019
0.98 0.8576599999999995
0.98 0.8547800000000016
0.98 0.846980000000002
0.98 0.8431200000000021
0.98 0.8538000000000023
0.98 0.857920000000001
0.98 0.8603099999999988
0.98 0.8717499999999971
0.98 0.8547700000000004
0.98 0.8535999999999984
0.98 0.8535299999999981
0.98 0.8463899999999999
0.98 0.8450400000000001
0.98 0.8514099999999996
0.98 0.8438700000000002
0.98 0.84218
0.98 0.8538900000000007
0.98 0.864169999999997
0.98 0.8571699999999978
0.98 0.8561100000000004
0.98 0.8477200000000011
0.98 0.8436900000000025
0.98 0.8351899999999998
0.98 0.8405500000000012
0.98 0.8467900000000012
0.98 0.8434400000000007
0.98 0.8480400000000007
0.98 0.8616100000000009
0.98 0.8667399999999984
0.98 0.8582999999999987
0.98 0.8660599999999967
0.98 0.8637799999999978
0.98 0.8621499999999983
0.98 0.8703199999999975
0.98 0.8715399999999981
0.98 0.8712999999999991
0.98 0.8708499999999967
0.98 0.8669199999999982
0.98 0.87127
0.98 0.8785599999999988
0.98 0.8747900000000023
0.98 0.8625600000000002
