0.36 0.6301999999999996
0.4 0.5851999999999997
0.36 0.6164999999999997
0.42000000000000004 0.6587999999999997
0.19999999999999996 0.6292000000000005
0.19999999999999996 0.6200000000000001
0.42000000000000004 0.6371000000000007
0.4 0.6420000000000008
0.36 0.6727000000000009
0.4 0.6685000000000012
0.4 0.6281000000000017
0.16000000000000003 0.5770000000000015
0.4 0.6051000000000013
0.4 0.6345000000000018
0.4 0.6602000000000018
0.4 0.6738000000000015
0.4 0.6680000000000018
0.28 0.7020000000000011
0.07999999999999996 0.6774000000000018
0.4 0.6872000000000014
0.4 0.7035000000000012
0.4 0.6363000000000018
0.42000000000000004 0.6574000000000018
0.4 0.6467000000000016
0.48 0.6608000000000022
0.12 0.5681000000000016
0.4 0.561600000000001
0.42000000000000004 0.5843000000000007
0.4 0.5535000000000012
0.18000000000000005 0.5022000000000008
0.14 0.49490000000000145
0.24 0.45280000000000115
0.040000000000000036 0.42610000000000103
0.040000000000000036 0.39500000000000085
0.040000000000000036 0.3587000000000004
0.14 0.48390000000000094
0.040000000000000036 0.507800000000001
0.06000000000000005 0.4330000000000005
0.06000000000000005 0.4114000000000005
0.18000000000000005 0.41179999999999983
0.09999999999999998 0.3865999999999994
0.07999999999999996 0.33869999999999967
0.19999999999999996 0.5514999999999981
0.07999999999999996 0.4733000000000005
0.14 0.6058000000000014
0.21999999999999997 0.5365000000000013
0.12 0.44760000000000083
0.19999999999999996 0.591000000000001
0.09999999999999998 0.4371000000000004
0.07999999999999996 0.3816999999999999
0.06000000000000005 0.4078000000000006
0.12 0.28639999999999977
0.06000000000000005 0.2833
0.14 0.3715000000000001
0.06000000000000005 0.3114999999999999
0.07999999999999996 0.33100000000000024
0.07999999999999996 0.2944999999999999
0.09999999999999998 0.2664000000000002
0.14 0.32710000000000006
0.12 0.2923000000000002
0.09999999999999998 0.24789999999999998
0.07999999999999996 0.278
0.24 0.30090000000000006
0.07999999999999996 0.20759999999999995
0.07999999999999996 0.26669999999999994
0.14 0.41
0.16000000000000003 0.4377
0.14 0.2812
0.18000000000000005 0.4629000000000009
0.14 0.4413000000000008
0.14 0.36239999999999994
0.14 0.2958999999999995
0.07999999999999996 0.30770000000000014
0.07999999999999996 0.22269999999999981
0.07999999999999996 0.18529999999999983
0.07999999999999996 0.21249999999999974
0.07999999999999996 0.17939999999999998
0.07999999999999996 0.22089999999999985
0.07999999999999996 0.16790000000000005
0.07999999999999996 0.15070000000000014
0.07999999999999996 0.2014
0.06000000000000005 0.3997999999999994
0.06000000000000005 0.3844999999999991
0.06000000000000005 0.3364999999999993
0.06000000000000005 0.29899999999999977
0.07999999999999996 0.35170000000000023
0.07999999999999996 0.29739999999999944
0.18000000000000005 0.29899999999999943
0.12 0.2962999999999991
0.07999999999999996 0.2606999999999995
0.07999999999999996 0.2304000000000003
0.07999999999999996 0.19110000000000013
0.09999999999999998 0.21799999999999994
0.09999999999999998 0.2186999999999997
0.07999999999999996 0.15160000000000012
0.07999999999999996 0.1357000000000001
0.06000000000000005 0.35930000000000023
0.07999999999999996 0.31469999999999937
0.09999999999999998 0.30889999999999956
0.07999999999999996 0.2775999999999997
0.07999999999999996 0.25649999999999973
0.09999999999999998 0.2660000000000001
0.07999999999999996 0.18470000000000006
0.07999999999999996 0.1317
0.07999999999999996 0.12439999999999996
0.07999999999999996 0.1320000000000001
0.07999999999999996 0.16780000000000014
0.07999999999999996 0.12870000000000015
0.07999999999999996 0.11309999999999987
0.07999999999999996 0.09490000000000004
0.07999999999999996 0.10249999999999998
0.07999999999999996 0.09049999999999994
0.07999999999999996 0.2576000000000003
0.07999999999999996 0.3309
0.07999999999999996 0.30050000000000004
0.07999999999999996 0.2150999999999998
0.07999999999999996 0.18609999999999996
0.07999999999999996 0.13249999999999995
0.07999999999999996 0.1194
0.040000000000000036 0.11119999999999998
0.06000000000000005 0.2818000000000004
0.040000000000000036 0.33260000000000045
0.24 0.3535000000000006
0.020000000000000018 0.2880999999999998
0.24 0.2725999999999993
0.24 0.25629999999999986
0.24 0.2761999999999997
0.24 0.25949999999999995
0.24 0.2751999999999997
0.24 0.2709
0.24 0.25609999999999994
0.24 0.25789999999999963
0.24 0.3205999999999996
0.24 0.25160000000000016
0.24 0.2601000000000001
0.24 0.2517000000000001
0.24 0.2507000000000001
0.24 0.2498000000000001
0.24 0.24640000000000029
0.24 0.24989999999999998
0.24 0.24760000000000018
0.24 0.24820000000000023
0.24 0.2506000000000002
0.24 0.24540000000000017
0.24 0.2460000000000002
0.24 0.24360000000000007
0.24 0.2456
0.24 0.2455000000000001
0.24 0.2507000000000002
0.24 0.24620000000000014
0.24 0.2503
0.24 0.24560000000000012
0.24 0.2466
0.24 0.24940000000000015
0.24 0.24659999999999996
0.24 0.24710000000000015
0.28 0.24860000000000013
0.28 0.2515000000000001
0.28 0.2569000000000001
0.24 0.2990000000000001
0.26 0.4331000000000003
0.26 0.276
0.26 0.36389999999999995
0.26 0.48930000000000035
0.28 0.5689000000000004
0.21999999999999997 0.5103000000000002
0.24 0.26599999999999996
0.07999999999999996 0.24700000000000022
0.09999999999999998 0.25779999999999975
0.06000000000000005 0.24829999999999985
0.06000000000000005 0.20379999999999987
0.06000000000000005 0.24110000000000006
0.040000000000000036 0.32889999999999964
0.040000000000000036 0.2800999999999997
0.040000000000000036 0.22499999999999962
0.06000000000000005 0.1808999999999999
0.040000000000000036 0.2164999999999994
0.06000000000000005 0.3043999999999998
0.06000000000000005 0.23719999999999986
0.06000000000000005 0.19349999999999984
0.06000000000000005 0.25129999999999986
0.040000000000000036 0.2913999999999996
0.06000000000000005 0.23070000000000004
0.19999999999999996 0.4056000000000007
0.06000000000000005 0.17789999999999961
0.09999999999999998 0.2581000000000001
0.040000000000000036 0.26250000000000023
0.040000000000000036 0.23589999999999997
0.06000000000000005 0.12609999999999996
0.06000000000000005 0.12309999999999992
0.06000000000000005 0.14959999999999982
0.06000000000000005 0.18929999999999975
0.06000000000000005 0.16189999999999982
0.06000000000000005 0.10999999999999996
0.06000000000000005 0.09270000000000002
0.06000000000000005 0.22979999999999973
0.21999999999999997 0.3291999999999999
0.24 0.4129999999999993
0.24 0.36539999999999956
0.24 0.45539999999999914
0.24 0.3166
0.24 0.27759999999999996
0.24 0.2668999999999999
0.24 0.25139999999999996
0.24 0.25160000000000005
0.24 0.24740000000000018
0.24 0.24640000000000029
0.24 0.2510000000000002
0.24 0.25419999999999987
0.24 0.2449
0.24 0.24220000000000017
0.24 0.24060000000000012
0.06000000000000005 0.2382000000000001
0.06000000000000005 0.2382000000000002
0.24 0.24800000000000008
0.06000000000000005 0.2514999999999999
0.06000000000000005 0.2449
0.06000000000000005 0.22519999999999982
0.06000000000000005 0.2107999999999999
0.020000000000000018 0.16709999999999944
0.07999999999999996 0.1842999999999997
0.07999999999999996 0.14429999999999985
0.07999999999999996 0.1612
0.06000000000000005 0.1725000000000001
0.06000000000000005 0.1356000000000001
0.020000000000000018 0.12090000000000005
0.040000000000000036 0.48299999999999904
0.07999999999999996 0.37610000000000005
0.07999999999999996 0.17779999999999968
0.07999999999999996 0.13269999999999985
0.07999999999999996 0.11159999999999984
0.07999999999999996 0.0911999999999999
0.07999999999999996 0.07619999999999993
0.07999999999999996 0.06760000000000004
0.07999999999999996 0.07180000000000003
0.07999999999999996 0.06200000000000002
0.07999999999999996 0.06120000000000004
0.07999999999999996 0.05959999999999996
0.07999999999999996 0.24970000000000037
0.07999999999999996 0.1371000000000001
0.07999999999999996 0.09270000000000005
0.07999999999999996 0.22470000000000026
0.07999999999999996 0.18690000000000018
0.07999999999999996 0.13780000000000003
0.07999999999999996 0.1643000000000001
0.07999999999999996 0.11950000000000001
0.07999999999999996 0.0932
0.07999999999999996 0.08930000000000005
0.07999999999999996 0.1087000000000001
0.07999999999999996 0.08440000000000003
0.07999999999999996 0.1373
0.07999999999999996 0.08630000000000006
0.07999999999999996 0.14010000000000022
0.07999999999999996 0.12100000000000005
0.07999999999999996 0.1375
0.07999999999999996 0.10300000000000009
0.07999999999999996 0.09580000000000007
0.07999999999999996 0.10680000000000006
0.07999999999999996 0.09730000000000005
0.07999999999999996 0.09170000000000006
0.07999999999999996 0.09510000000000005
0.07999999999999996 0.09020000000000007
0.07999999999999996 0.1011000000000001
0.07999999999999996 0.09820000000000008
0.07999999999999996 0.08710000000000007
0.07999999999999996 0.08300000000000005
0.07999999999999996 0.12429999999999992
0.07999999999999996 0.0967
0.07999999999999996 0.08540000000000003
0.07999999999999996 0.08559999999999998
0.07999999999999996 0.0959
0.07999999999999996 0.08909999999999997
0.07999999999999996 0.09250000000000007
0.07999999999999996 0.09390000000000003
0.07999999999999996 0.08840000000000008
0.07999999999999996 0.09660000000000007
0.07999999999999996 0.09070000000000004
0.07999999999999996 0.08710000000000002
0.07999999999999996 0.10660000000000008
0.07999999999999996 0.09930000000000003
0.07999999999999996 0.09220000000000002
0.07999999999999996 0.09800000000000005
0.07999999999999996 0.1045
0.07999999999999996 0.10300000000000004
0.07999999999999996 0.092
0.07999999999999996 0.09280000000000004
0.07999999999999996 0.08350000000000002
0.07999999999999996 0.20810000000000006
0.07999999999999996 0.1799000000000002
0.07999999999999996 0.12800000000000009
0.07999999999999996 0.10470000000000003
0.07999999999999996 0.0861
0.07999999999999996 0.07580000000000003
0.07999999999999996 0.09440000000000005
0.07999999999999996 0.08420000000000004
0.07999999999999996 0.07930000000000002
0.07999999999999996 0.08060000000000005
0.07999999999999996 0.07800000000000004
0.07999999999999996 0.09580000000000002
0.07999999999999996 0.09230000000000003
0.07999999999999996 0.07800000000000003
0.07999999999999996 0.07950000000000004
0.07999999999999996 0.08140000000000004
0.07999999999999996 0.08900000000000005
0.07999999999999996 0.08230000000000004
0.07999999999999996 0.09310000000000006
0.07999999999999996 0.08310000000000006
0.07999999999999996 0.08160000000000006
0.07999999999999996 0.09030000000000006
0.07999999999999996 0.08980000000000002
0.07999999999999996 0.09480000000000008
0.07999999999999996 0.08230000000000005
0.07999999999999996 0.08110000000000006
0.07999999999999996 0.09590000000000011
0.07999999999999996 0.0905000000000001
0.07999999999999996 0.08650000000000008
0.07999999999999996 0.08370000000000007
0.07999999999999996 0.09250000000000007
0.07999999999999996 0.09530000000000008
0.07999999999999996 0.09170000000000007
0.07999999999999996 0.08990000000000008
0.07999999999999996 0.08110000000000006
0.07999999999999996 0.08420000000000007
0.07999999999999996 0.09340000000000007
0.07999999999999996 0.08090000000000006
0.07999999999999996 0.08900000000000004
0.07999999999999996 0.08920000000000006
0.07999999999999996 0.08670000000000005
0.07999999999999996 0.08210000000000005
0.07999999999999996 0.08370000000000005
0.07999999999999996 0.08250000000000007
0.07999999999999996 0.09030000000000005
0.07999999999999996 0.09450000000000008
0.07999999999999996 0.09400000000000007
0.07999999999999996 0.08240000000000006
0.07999999999999996 0.08050000000000006
0.07999999999999996 0.12240000000000015
0.07999999999999996 0.09740000000000013
0.07999999999999996 0.11680000000000018
0.07999999999999996 0.1163000000000001
0.07999999999999996 0.12100000000000018
0.07999999999999996 0.0980000000000001
0.07999999999999996 0.09030000000000006
0.07999999999999996 0.0871000000000001
0.07999999999999996 0.08460000000000008
0.07999999999999996 0.08800000000000004
0.07999999999999996 0.09180000000000003
0.07999999999999996 0.08270000000000007
0.07999999999999996 0.08220000000000006
0.07999999999999996 0.08830000000000006
0.07999999999999996 0.08730000000000002
0.07999999999999996 0.08620000000000008
0.07999999999999996 0.09939999999999999
0.07999999999999996 0.09770000000000005
0.07999999999999996 0.08530000000000004
0.07999999999999996 0.08120000000000006
0.07999999999999996 0.08960000000000004
0.07999999999999996 0.08910000000000001
0.07999999999999996 0.08640000000000006
0.07999999999999996 0.08870000000000006
0.07999999999999996 0.08510000000000006
0.07999999999999996 0.08660000000000007
0.07999999999999996 0.09100000000000003
0.07999999999999996 0.08340000000000009
0.07999999999999996 0.09510000000000005
0.07999999999999996 0.09780000000000005
0.07999999999999996 0.09060000000000006
0.07999999999999996 0.09330000000000005
0.07999999999999996 0.08630000000000006
0.07999999999999996 0.08120000000000006
0.07999999999999996 0.08320000000000008
0.07999999999999996 0.08360000000000005
0.07999999999999996 0.08630000000000006
0.07999999999999996 0.08480000000000006
0.07999999999999996 0.08410000000000008
0.07999999999999996 0.10290000000000006
0.07999999999999996 0.09180000000000006
0.07999999999999996 0.08280000000000008
0.07999999999999996 0.08330000000000007
0.07999999999999996 0.08280000000000007
0.07999999999999996 0.08160000000000008
0.07999999999999996 0.08020000000000006
0.07999999999999996 0.08440000000000007
0.07999999999999996 0.08100000000000007
0.07999999999999996 0.08400000000000006
0.07999999999999996 0.08450000000000006
0.07999999999999996 0.08650000000000006
0.07999999999999996 0.08520000000000005
0.07999999999999996 0.08950000000000002
0.07999999999999996 0.08450000000000006
0.07999999999999996 0.08290000000000006
0.07999999999999996 0.08380000000000008
0.07999999999999996 0.08540000000000006
0.07999999999999996 0.08940000000000005
0.07999999999999996 0.10820000000000012
0.07999999999999996 0.08570000000000004
0.07999999999999996 0.08310000000000006
0.07999999999999996 0.08150000000000006
0.07999999999999996 0.08770000000000006
0.07999999999999996 0.09700000000000009
0.07999999999999996 0.12660000000000016
0.07999999999999996 0.11980000000000011
0.07999999999999996 0.14830000000000018
0.07999999999999996 0.11670000000000008
0.07999999999999996 0.09920000000000011
0.07999999999999996 0.1490000000000001
0.07999999999999996 0.12030000000000005
0.07999999999999996 0.1612000000000001
0.07999999999999996 0.2115999999999997
0.07999999999999996 0.20329999999999976
0.07999999999999996 0.16590000000000005
0.07999999999999996 0.11699999999999988
0.07999999999999996 0.12789999999999993
0.07999999999999996 0.14759999999999995
0.07999999999999996 0.16320000000000007
0.07999999999999996 0.1165999999999999
0.07999999999999996 0.09300000000000001
0.07999999999999996 0.16530000000000009
0.07999999999999996 0.08550000000000006
0.07999999999999996 0.12709999999999996
0.07999999999999996 0.09440000000000005
0.07999999999999996 0.08370000000000007
0.07999999999999996 0.08070000000000008
0.07999999999999996 0.08570000000000007
0.07999999999999996 0.08500000000000008
0.07999999999999996 0.09140000000000002
0.07999999999999996 0.08530000000000007
0.07999999999999996 0.12459999999999999
0.07999999999999996 0.1572
0.07999999999999996 0.12979999999999983
0.07999999999999996 0.1955999999999998
0.07999999999999996 0.1677999999999999
0.07999999999999996 0.14079999999999981
0.07999999999999996 0.12129999999999991
0.07999999999999996 0.10149999999999991
0.07999999999999996 0.1762999999999998
0.07999999999999996 0.11469999999999995
0.07999999999999996 0.12439999999999983
0.07999999999999996 0.11339999999999993
0.07999999999999996 0.2688999999999994
0.4 0.4060999999999993
0.4 0.4060999999999995
0.07999999999999996 0.2558999999999995
0.07999999999999996 0.35569999999999935
0.07999999999999996 0.31249999999999933
0.07999999999999996 0.19619999999999962
0.07999999999999996 0.15799999999999984
0.07999999999999996 0.13109999999999988
0.07999999999999996 0.09220000000000002
0.07999999999999996 0.08880000000000005
0.07999999999999996 0.09110000000000007
0.07999999999999996 0.08640000000000005
0.07999999999999996 0.11449999999999999
0.07999999999999996 0.09700000000000003
0.07999999999999996 0.08360000000000005
0.07999999999999996 0.09140000000000002
0.07999999999999996 0.11990000000000006
0.07999999999999996 0.09520000000000005
0.07999999999999996 0.1018
0.07999999999999996 0.10330000000000003
0.07999999999999996 0.1631999999999998
0.07999999999999996 0.1192999999999999
0.07999999999999996 0.1113
0.07999999999999996 0.12450000000000007
0.07999999999999996 0.11850000000000006
0.07999999999999996 0.18979999999999983
0.4 0.40539999999999987
0.4 0.40390000000000015
0.4 0.4058000000000002
0.4 0.4031000000000002
0.4 0.4028000000000001
0.4 0.4002000000000002
0.07999999999999996 0.17969999999999967
0.07999999999999996 0.2777999999999994
0.07999999999999996 0.1441999999999998
0.07999999999999996 0.12149999999999993
0.07999999999999996 0.11039999999999994
0.07999999999999996 0.14279999999999987
0.4 0.4019000000000003
0.4 0.4014000000000002
0.4 0.40070000000000033
0.4 0.4121999999999997
0.07999999999999996 0.3914999999999996
0.07999999999999996 0.3730999999999996
0.4 0.4003000000000003
0.4 0.40080000000000027
0.07999999999999996 0.20199999999999962
0.07999999999999996 0.09789999999999999
0.07999999999999996 0.08900000000000008
0.07999999999999996 0.08670000000000007
0.07999999999999996 0.08820000000000001
0.07999999999999996 0.10289999999999995
0.07999999999999996 0.09050000000000002
0.07999999999999996 0.09160000000000006
0.07999999999999996 0.096
0.07999999999999996 0.08660000000000004
0.07999999999999996 0.08890000000000009
0.07999999999999996 0.08540000000000005
0.07999999999999996 0.08760000000000007
0.07999999999999996 0.08590000000000007
