0.67 0.3668999999999996
0.67 0.3924999999999999
0.69 0.38300000000000006
0.69 0.4052500000000001
0.74 0.41045000000000087
0.67 0.3773000000000007
0.67 0.3864000000000009
0.67 0.37390000000000095
0.67 0.3783500000000013
0.68 0.3911500000000018
0.69 0.4135500000000012
0.69 0.42045000000000143
0.69 0.3835000000000018
0.68 0.3818000000000017
0.69 0.3791500000000018
0.67 0.40240000000000203
0.69 0.3768500000000018
0.69 0.42315000000000175
0.67 0.3734500000000015
0.65 0.3555500000000014
0.65 0.3704000000000019
0.67 0.359600000000002
0.67 0.3656000000000018
0.66 0.3575000000000017
0.66 0.36575000000000185
0.66 0.3731500000000016
0.67 0.3622000000000019
0.67 0.36670000000000186
0.61 0.35560000000000175
0.67 0.3793000000000021
0.67 0.3950500000000023
0.67 0.41220000000000184
0.67 0.3972500000000022
0.67 0.43665000000000154
0.67 0.476150000000001
0.69 0.4677500000000012
0.67 0.45225000000000143
0.82 0.4980500000000005
0.82 0.48575000000000057
0.74 0.5001500000000002
0.67 0.44050000000000133
0.67 0.4369500000000016
0.67 0.42005000000000214
0.67 0.46465000000000145
0.67 0.4952500000000011
0.67 0.46485000000000154
0.67 0.41255000000000197
0.67 0.48400000000000176
0.67 0.4976500000000011
0.67 0.48175000000000084
0.67 0.5347499999999998
0.67 0.5274500000000004
0.67 0.5462500000000001
0.67 0.5378000000000007
0.67 0.5668500000000001
0.67 0.5698000000000003
0.67 0.5530500000000004
0.67 0.5903500000000009
0.67 0.5811000000000006
0.67 0.6308500000000011
0.67 0.577350000000001
0.67 0.4540500000000015
0.67 0.5395000000000004
0.67 0.5418000000000017
0.67 0.4710000000000017
0.67 0.46430000000000204
0.67 0.44965000000000194
0.67 0.48200000000000137
0.67 0.5571000000000004
0.67 0.4957000000000015
0.67 0.46395000000000197
0.34 0.3400000000000017
0.67 0.36610000000000203
0.67 0.5111500000000005
0.67 0.502150000000001
0.67 0.5564000000000004
0.67 0.5207500000000007
0.67 0.5733500000000007
0.67 0.5841000000000007
0.67 0.6187000000000009
0.67 0.6277500000000013
0.67 0.594950000000001
0.67 0.6138500000000015
0.67 0.6077500000000016
0.67 0.6104500000000013
0.67 0.6051000000000015
0.67 0.6174000000000016
0.67 0.6213000000000013
0.67 0.6578000000000014
0.67 0.6487000000000015
0.67 0.6547000000000017
0.67 0.6559000000000016
0.67 0.6445000000000016
0.67 0.6599000000000015
0.67 0.6554500000000015
0.67 0.6585500000000014
0.67 0.6558500000000016
0.67 0.6528500000000015
0.67 0.6066500000000015
0.67 0.6359000000000016
0.67 0.6350000000000012
0.67 0.6559000000000015
0.67 0.6449500000000015
0.67 0.6585500000000014
0.67 0.6362000000000014
0.67 0.6379500000000012
0.67 0.6572500000000013
0.67 0.6492500000000012
0.67 0.6306000000000013
0.67 0.6413500000000014
0.67 0.6375000000000016
0.67 0.6497500000000015
0.67 0.6416000000000015
0.67 0.6487000000000016
0.67 0.6494000000000015
0.67 0.6610500000000015
0.67 0.6617000000000013
0.67 0.6505000000000014
0.67 0.6479500000000016
0.67 0.6502500000000017
0.67 0.6579000000000018
0.67 0.6540000000000018
0.67 0.6441000000000016
0.67 0.6468000000000015
0.67 0.6520500000000016
0.67 0.533250000000002
0.67 0.4166000000000027
0.67 0.4801000000000023
0.67 0.5671000000000018
0.34 0.3400000000000017
0.34 0.3400000000000017
0.67 0.4951500000000017
0.67 0.5999500000000012
0.67 0.4470500000000024
0.67 0.600700000000001
0.67 0.36570000000000197
0.67 0.609850000000001
0.67 0.6391500000000013
0.67 0.5982500000000015
0.67 0.6344500000000015
0.67 0.6409000000000016
0.67 0.3806500000000021
0.67 0.484750000000002
0.67 0.5052500000000005
0.67 0.5440000000000009
0.67 0.41010000000000246
0.67 0.35320000000000185
0.67 0.3482000000000018
0.67 0.35320000000000185
0.67 0.3971500000000024
0.67 0.3480000000000018
0.67 0.36310000000000203
0.67 0.3416500000000018
0.67 0.3485000000000018
0.67 0.3635000000000021
0.67 0.37430000000000213
0.67 0.3959500000000022
0.67 0.38690000000000213
0.67 0.3575000000000019
0.67 0.34330000000000177
0.34 0.3400000000000017
0.67 0.34650000000000175
0.67 0.3503500000000018
0.67 0.34500000000000175
0.67 0.34330000000000177
0.34 0.33990000000000165
0.34 0.3400000000000017
0.34 0.3400000000000017
0.34 0.3400000000000017
0.34 0.3400000000000017
0.34 0.3400000000000017
0.67 0.34495000000000176
0.67 0.34330000000000177
0.34 0.3400000000000017
0.34 0.3400000000000017
0.34 0.3400000000000017
0.34 0.3398500000000017
0.67 0.35230000000000183
0.34 0.3400000000000017
0.34 0.3400000000000017
0.34 0.3400000000000017
0.34 0.3400000000000017
0.34 0.3400000000000017
0.34 0.3400000000000017
0.34 0.3400000000000017
0.34 0.3400000000000017
0.34 0.3400000000000017
0.34 0.3400000000000017
0.34 0.3400000000000017
0.34 0.3400000000000017
0.34 0.3400000000000017
0.34 0.3400000000000017
0.34 0.3400000000000017
0.34 0.3400000000000017
0.34 0.3400000000000017
0.34 0.3400000000000017
0.34 0.3400000000000017
0.34 0.3400000000000017
0.34 0.3400000000000017
0.34 0.3400000000000017
0.34 0.3400000000000017
0.34 0.3400000000000017
0.34 0.3400000000000017
0.34 0.3400000000000017
0.34 0.3400000000000017
0.34 0.3400000000000017
0.34 0.3400000000000017
0.34 0.3400000000000017
0.34 0.3400000000000017
0.34 0.3400000000000017
0.34 0.3400000000000017
0.34 0.3400000000000017
0.34 0.3400000000000017
0.34 0.3400000000000017
0.34 0.3400000000000017
0.34 0.3400000000000017
0.34 0.3400000000000017
0.34 0.3400000000000017
0.34 0.3400000000000017
0.34 0.3400000000000017
0.34 0.3400000000000017
0.34 0.3400000000000017
0.34 0.3400000000000017
0.34 0.3400000000000017
0.34 0.3400000000000017
0.34 0.3400000000000017
0.34 0.3400000000000017
0.34 0.3400000000000017
0.34 0.3400000000000017
0.34 0.3400000000000017
0.34 0.3400000000000017
0.34 0.3400000000000017
0.34 0.3400000000000017
0.34 0.3400000000000017
0.34 0.3400000000000017
0.34 0.3400000000000017
0.34 0.3400000000000017
0.34 0.3400000000000017
0.34 0.3400000000000017
0.34 0.3400000000000017
0.34 0.3400000000000017
0.34 0.3400000000000017
0.34 0.3400000000000017
0.34 0.3400000000000017
0.34 0.3400000000000017
0.34 0.3400000000000017
0.34 0.3400000000000017
0.34 0.3400000000000017
0.34 0.3400000000000017
0.34 0.3400000000000017
0.34 0.3400000000000017
0.34 0.3400000000000017
0.34 0.3400000000000017
0.34 0.3400000000000017
0.34 0.3400000000000017
0.34 0.3400000000000017
0.34 0.3400000000000017
0.34 0.3400000000000017
0.34 0.3400000000000017
0.34 0.3400000000000017
0.34 0.3400000000000017
0.34 0.3400000000000017
0.34 0.3400000000000017
0.34 0.3400000000000017
0.34 0.3400000000000017
0.34 0.3400000000000017
0.34 0.3400000000000017
0.34 0.3400000000000017
0.34 0.3400000000000017
0.34 0.3400000000000017
0.34 0.3400000000000017
0.34 0.3400000000000017
0.34 0.3400000000000017
0.34 0.3400000000000017
0.34 0.3400000000000017
0.34 0.3400000000000017
0.34 0.3400000000000017
0.34 0.3400000000000017
0.34 0.3400000000000017
0.34 0.3400000000000017
0.34 0.3400000000000017
0.34 0.3400000000000017
0.34 0.3400000000000017
0.34 0.3400000000000017
0.34 0.3400000000000017
0.34 0.3400000000000017
0.34 0.3400000000000017
0.34 0.3400000000000017
0.34 0.3400000000000017
0.34 0.3400000000000017
0.34 0.3400000000000017
0.34 0.3400000000000017
0.34 0.3400000000000017
0.34 0.3400000000000017
0.34 0.3400000000000017
0.34 0.3400000000000017
0.34 0.3400000000000017
0.34 0.3400000000000017
0.34 0.3400000000000017
0.34 0.3400000000000017
0.34 0.3400000000000017
0.34 0.3400000000000017
0.34 0.3400000000000017
0.34 0.3400000000000017
0.34 0.3400000000000017
0.34 0.3400000000000017
0.34 0.3400000000000017
0.34 0.3400000000000017
0.34 0.3400000000000017
0.34 0.3400000000000017
0.34 0.3400000000000017
0.34 0.3400000000000017
0.34 0.3400000000000017
0.34 0.3400000000000017
0.34 0.3400000000000017
0.34 0.3400000000000017
0.34 0.3400000000000017
0.34 0.3400000000000017
0.34 0.3400000000000017
0.34 0.3400000000000017
0.34 0.3400000000000017
0.34 0.3400000000000017
0.34 0.3400000000000017
0.34 0.3400000000000017
0.34 0.3400000000000017
0.34 0.3400000000000017
0.34 0.3400000000000017
0.34 0.3400000000000017
0.34 0.3400000000000017
0.34 0.3400000000000017
0.34 0.3400000000000017
0.34 0.3400000000000017
0.34 0.3400000000000017
0.34 0.3400000000000017
0.34 0.3400000000000017
0.34 0.3400000000000017
0.34 0.3400000000000017
0.34 0.3400000000000017
0.34 0.3400000000000017
0.34 0.3400000000000017
0.34 0.3400000000000017
0.34 0.3400000000000017
0.34 0.3400000000000017
0.34 0.3400000000000017
0.34 0.3400000000000017
0.34 0.3400000000000017
0.34 0.3400000000000017
0.34 0.3400000000000017
0.34 0.3400000000000017
0.34 0.3400000000000017
0.34 0.3400000000000017
0.34 0.3400000000000017
0.34 0.3400000000000017
0.34 0.3400000000000017
0.34 0.3400000000000017
0.34 0.3400000000000017
0.34 0.3400000000000017
0.34 0.3400000000000017
0.34 0.3400000000000017
0.34 0.3400000000000017
0.34 0.3400000000000017
0.34 0.3400000000000017
0.34 0.3400000000000017
0.34 0.3400000000000017
0.34 0.3400000000000017
0.34 0.3400000000000017
0.34 0.3400000000000017
0.34 0.3400000000000017
0.34 0.3400000000000017
0.34 0.3400000000000017
0.34 0.3400000000000017
0.34 0.3400000000000017
0.34 0.3400000000000017
0.34 0.3400000000000017
0.34 0.3400000000000017
0.34 0.3400000000000017
0.34 0.3400000000000017
0.34 0.3400000000000017
0.34 0.3400000000000017
0.34 0.3400000000000017
0.34 0.3400000000000017
0.34 0.3400000000000017
0.34 0.3400000000000017
0.34 0.3400000000000017
0.34 0.3400000000000017
0.34 0.3400000000000017
0.34 0.3400000000000017
0.34 0.3400000000000017
0.34 0.3400000000000017
0.34 0.3400000000000017
0.34 0.3400000000000017
0.34 0.3400000000000017
0.34 0.3400000000000017
0.34 0.3400000000000017
0.34 0.3400000000000017
0.34 0.3400000000000017
0.34 0.3400000000000017
0.34 0.3400000000000017
0.34 0.3400000000000017
0.34 0.3400000000000017
0.34 0.3400000000000017
0.34 0.3400000000000017
0.34 0.3400000000000017
0.34 0.3400000000000017
0.34 0.3400000000000017
0.34 0.3400000000000017
0.34 0.3400000000000017
0.34 0.3400000000000017
0.34 0.3400000000000017
0.34 0.3400000000000017
0.34 0.3400000000000017
0.34 0.3400000000000017
0.34 0.3400000000000017
0.34 0.3400000000000017
0.34 0.3400000000000017
0.34 0.3400000000000017
0.34 0.3400000000000017
0.34 0.3400000000000017
0.34 0.3400000000000017
0.34 0.3400000000000017
0.34 0.3400000000000017
0.34 0.3400000000000017
0.34 0.3400000000000017
0.34 0.3400000000000017
0.34 0.3400000000000017
0.34 0.3400000000000017
0.34 0.3400000000000017
0.34 0.3400000000000017
0.34 0.3400000000000017
0.34 0.3400000000000017
0.34 0.3400000000000017
0.34 0.3400000000000017
0.34 0.3400000000000017
0.34 0.3400000000000017
0.34 0.3400000000000017
0.34 0.3400000000000017
0.34 0.3400000000000017
0.34 0.3400000000000017
0.34 0.3400000000000017
0.34 0.3400000000000017
0.34 0.3400000000000017
0.34 0.3400000000000017
0.34 0.3400000000000017
0.34 0.3400000000000017
0.34 0.3400000000000017
0.34 0.3400000000000017
0.34 0.3400000000000017
0.34 0.3400000000000017
0.34 0.3400000000000017
0.34 0.3400000000000017
0.34 0.3400000000000017
0.34 0.3400000000000017
0.34 0.3400000000000017
0.34 0.3400000000000017
0.34 0.3400000000000017
0.34 0.3400000000000017
0.34 0.3400000000000017
0.34 0.3400000000000017
0.34 0.3400000000000017
0.34 0.3400000000000017
0.34 0.3400000000000017
0.34 0.3400000000000017
0.34 0.3400000000000017
0.34 0.3400000000000017
0.34 0.3400000000000017
0.34 0.3400000000000017
0.34 0.3400000000000017
0.34 0.3400000000000017
0.34 0.3400000000000017
0.34 0.3400000000000017
0.34 0.3400000000000017
0.34 0.3400000000000017
0.34 0.3400000000000017
0.34 0.3400000000000017
0.34 0.3400000000000017
0.34 0.3400000000000017
0.34 0.3400000000000017
0.34 0.3400000000000017
0.34 0.3400000000000017
0.34 0.3400000000000017
0.34 0.3400000000000017
0.34 0.3400000000000017
0.34 0.3400000000000017
0.34 0.3400000000000017
0.34 0.3400000000000017
0.34 0.3400000000000017
0.34 0.3400000000000017
0.34 0.3400000000000017
0.34 0.3400000000000017
0.34 0.3400000000000017
0.34 0.3400000000000017
0.34 0.3400000000000017
0.34 0.3400000000000017
0.34 0.3400000000000017
0.34 0.3400000000000017
0.34 0.3400000000000017
0.34 0.3400000000000017
0.34 0.3400000000000017
0.34 0.3400000000000017
0.34 0.3400000000000017
