0.38 0.6289000000000025
0.38 0.6420000000000029
0.38 0.644200000000003
0.38 0.6489000000000026
0.38 0.6627000000000025
0.38 0.6364000000000024
0.38 0.6611000000000021
0.12 0.6233000000000024
0.38 0.6512000000000023
0.21999999999999997 0.6595000000000023
0.38 0.6448000000000021
0.38 0.6493000000000019
0.38 0.659900000000002
0.38 0.6717000000000014
0.38 0.669200000000002
0.38 0.6807000000000015
0.38 0.6698000000000015
0.38 0.6692000000000019
0.38 0.6800000000000017
0.38 0.6724000000000017
0.38 0.6637000000000017
0.38 0.6678000000000022
0.38 0.6653000000000017
0.38 0.641400000000002
0.38 0.6369000000000018
0.38 0.625000000000002
0.38 0.5987000000000017
0.38 0.6032000000000016
0.38 0.5828000000000015
0.38 0.5995000000000019
0.38 0.5864000000000018
0.38 0.5729000000000013
0.38 0.5574000000000009
0.38 0.5573000000000013
0.38 0.5591000000000016
0.38 0.513700000000001
0.38 0.487700000000001
0.38 0.517200000000001
0.38 0.5749000000000025
0.38 0.5233000000000011
0.38 0.524200000000001
0.38 0.519200000000001
0.38 0.5342000000000013
0.38 0.4682000000000013
0.38 0.45470000000000094
0.38 0.45290000000000075
0.38 0.4686000000000008
0.38 0.46460000000000085
0.38 0.46760000000000124
0.38 0.5347000000000014
0.38 0.6081000000000025
0.38 0.5621000000000018
0.38 0.5562000000000016
0.38 0.5337000000000011
0.38 0.5216000000000015
0.38 0.4875000000000007
0.38 0.48440000000000105
0.38 0.48030000000000106
0.38 0.4716000000000012
0.38 0.47140000000000065
0.38 0.4754000000000008
0.38 0.4922000000000009
0.38 0.4538000000000011
0.38 0.47470000000000107
0.38 0.4825000000000009
0.38 0.4381000000000011
0.38 0.4393000000000016
0.38 0.45670000000000144
0.38 0.43430000000000135
0.38 0.4173000000000012
0.38 0.46340000000000137
0.38 0.44450000000000145
0.38 0.4274000000000014
0.38 0.43260000000000104
0.38 0.42150000000000093
0.38 0.4384000000000012
0.38 0.410100000000001
0.38 0.4246000000000012
0.38 0.41590000000000105
0.38 0.44310000000000094
0.38 0.4722000000000008
0.38 0.4906000000000008
0.38 0.48410000000000075
0.38 0.509200000000001
0.38 0.5061000000000005
0.38 0.4973000000000007
0.38 0.47340000000000054
0.38 0.4737000000000006
0.38 0.4194000000000008
0.38 0.5185000000000008
0.38 0.5614000000000012
0.38 0.5094000000000007
0.38 0.4896000000000006
0.38 0.4545000000000008
0.38 0.4348000000000007
0.38 0.4131000000000008
0.38 0.422900000000001
0.38 0.48870000000000113
0.38 0.4536000000000009
0.38 0.44440000000000074
0.38 0.4732000000000011
0.38 0.48760000000000103
0.38 0.4612000000000006
0.38 0.4512000000000006
0.38 0.4572000000000012
0.38 0.4260000000000007
0.38 0.4302000000000006
0.38 0.4212000000000007
0.38 0.48680000000000084
0.38 0.4252000000000008
0.38 0.39900000000000074
0.38 0.4101000000000007
0.38 0.4083000000000009
0.38 0.3967000000000005
0.38 0.404500000000001
0.38 0.40230000000000105
0.38 0.4123000000000012
0.38 0.39600000000000074
0.38 0.40840000000000104
0.38 0.4327000000000013
0.38 0.4348000000000008
0.38 0.4191000000000011
0.38 0.3941000000000007
0.38 0.4376000000000019
0.38 0.412100000000001
0.38 0.42590000000000117
0.38 0.39430000000000076
0.38 0.39560000000000095
0.38 0.40040000000000076
0.38 0.4844000000000016
0.38 0.6733000000000033
0.38 0.5371000000000021
0.38 0.4624000000000009
0.38 0.42540000000000083
0.38 0.40450000000000097
0.38 0.4097000000000011
0.38 0.4331000000000014
0.38 0.41070000000000095
0.38 0.405800000000001
0.38 0.4746000000000017
0.38 0.454600000000001
0.38 0.5086000000000017
0.38 0.4598000000000013
0.38 0.4902000000000018
0.38 0.44170000000000104
0.38 0.4877000000000018
0.38 0.4848000000000014
0.38 0.4917000000000015
0.38 0.45880000000000143
0.38 0.4207000000000009
0.38 0.4184000000000013
0.38 0.40620000000000106
0.38 0.4118000000000013
0.38 0.4012000000000011
0.38 0.431300000000001
0.38 0.41430000000000095
0.38 0.4024000000000009
0.38 0.4229000000000013
0.38 0.42800000000000116
0.38 0.40380000000000105
0.38 0.4372000000000012
0.38 0.404700000000001
0.38 0.4336000000000013
0.38 0.4041000000000008
0.38 0.404300000000001
0.38 0.39870000000000083
0.38 0.3942000000000007
0.38 0.3945000000000007
0.38 0.3888000000000005
0.38 0.39380000000000076
0.38 0.39090000000000075
0.38 0.39680000000000076
0.38 0.3936000000000008
0.38 0.38710000000000055
0.38 0.3871000000000005
0.38 0.3867000000000003
0.38 0.3932000000000005
0.38 0.4022000000000009
0.38 0.39720000000000055
0.38 0.3986000000000008
0.38 0.39750000000000085
0.38 0.39140000000000064
0.38 0.39320000000000066
0.38 0.3910000000000005
0.38 0.41060000000000124
0.38 0.400800000000001
0.38 0.3910000000000008
0.38 0.39650000000000096
0.38 0.39960000000000084
0.38 0.40830000000000105
0.38 0.40300000000000097
0.38 0.4018000000000012
0.38 0.4223000000000012
0.38 0.41000000000000125
0.38 0.4078000000000012
0.38 0.4040000000000012
0.38 0.389400000000001
0.38 0.397900000000001
0.38 0.3909000000000009
0.38 0.3915000000000009
0.38 0.38940000000000063
0.38 0.3876000000000005
0.38 0.3950000000000009
0.38 0.3931000000000007
0.38 0.3920000000000008
0.38 0.38720000000000065
0.38 0.40010000000000095
0.38 0.39360000000000084
0.38 0.403100000000001
0.38 0.39550000000000074
0.38 0.39330000000000076
0.38 0.3976000000000008
0.38 0.3973000000000009
0.38 0.3990000000000009
0.38 0.4706000000000008
0.38 0.4520000000000007
0.38 0.3963000000000013
0.38 0.393200000000001
0.38 0.3917000000000008
0.38 0.39850000000000074
0.38 0.3873000000000006
0.38 0.3984000000000011
0.38 0.40040000000000103
0.38 0.3953000000000011
0.38 0.39110000000000084
0.38 0.3890000000000008
0.38 0.4010000000000009
0.38 0.3894000000000009
0.38 0.4011000000000007
0.38 0.39150000000000057
0.38 0.4015000000000009
0.38 0.4019000000000009
0.38 0.3988000000000008
0.38 0.3979000000000007
0.38 0.39060000000000045
0.38 0.4036000000000008
0.38 0.39630000000000065
0.38 0.3937000000000005
0.38 0.3970000000000008
0.38 0.39540000000000075
0.38 0.3974000000000006
0.38 0.4003000000000007
0.38 0.3988000000000008
0.38 0.40910000000000074
0.38 0.4051000000000009
0.38 0.3975000000000008
0.38 0.3902000000000008
0.38 0.4000000000000008
0.38 0.39340000000000075
0.38 0.3966000000000006
0.38 0.3873000000000004
0.38 0.3848000000000004
0.38 0.38440000000000035
0.38 0.3916000000000006
0.38 0.403000000000001
0.38 0.39520000000000066
0.38 0.39370000000000066
0.38 0.3900000000000005
0.38 0.38680000000000037
0.38 0.38960000000000056
0.38 0.38840000000000047
0.38 0.3865000000000006
0.38 0.38690000000000063
0.38 0.38780000000000064
0.38 0.38940000000000047
0.38 0.39080000000000065
0.38 0.3871000000000007
0.38 0.39170000000000066
0.38 0.3868000000000004
0.38 0.38880000000000076
0.38 0.39050000000000074
0.38 0.3945000000000009
0.38 0.3921000000000007
0.38 0.39370000000000055
0.38 0.3977000000000007
0.38 0.3950000000000008
0.38 0.3883000000000007
0.38 0.39970000000000083
0.38 0.39780000000000093
0.38 0.3920000000000007
0.38 0.4022000000000012
0.38 0.4038000000000009
0.38 0.3984000000000007
0.38 0.3921000000000005
0.38 0.38980000000000076
0.38 0.39260000000000056
0.38 0.39580000000000054
0.38 0.41890000000000144
0.38 0.42440000000000166
0.38 0.4212000000000017
0.38 0.45130000000000164
0.38 0.4319000000000016
0.38 0.4170000000000013
0.38 0.41000000000000114
0.38 0.414500000000001
0.38 0.4171000000000013
0.38 0.40680000000000105
0.38 0.4083000000000012
0.38 0.396700000000001
0.38 0.3997000000000009
0.38 0.3922000000000008
0.38 0.405400000000001
0.38 0.409300000000001
0.38 0.410500000000001
0.38 0.40790000000000093
0.38 0.3947000000000008
0.38 0.398500000000001
0.38 0.40750000000000114
0.38 0.39820000000000094
0.38 0.39400000000000057
0.38 0.4119000000000013
0.38 0.40080000000000093
0.38 0.3951000000000006
0.38 0.40070000000000083
0.38 0.39390000000000064
0.38 0.39580000000000076
0.38 0.3930000000000006
0.38 0.3954000000000007
0.38 0.3948000000000007
0.38 0.3857000000000005
0.38 0.4012000000000008
0.38 0.3978000000000008
0.38 0.4042000000000012
0.38 0.40260000000000085
0.38 0.39130000000000076
0.38 0.3952000000000007
0.38 0.39790000000000103
0.38 0.3981000000000009
0.38 0.3998000000000009
0.38 0.4038000000000009
0.38 0.39010000000000067
0.38 0.39140000000000064
0.38 0.3939000000000009
0.38 0.39470000000000083
0.38 0.3868000000000006
0.38 0.40310000000000107
0.38 0.397500000000001
0.38 0.4022000000000011
0.38 0.3915000000000009
0.38 0.39990000000000125
0.38 0.39450000000000096
0.38 0.3952000000000009
0.38 0.38860000000000045
0.38 0.3864000000000006
0.38 0.3988000000000009
0.38 0.3926000000000008
0.38 0.3857000000000005
0.38 0.3863000000000006
0.38 0.38820000000000054
0.38 0.3939000000000007
0.38 0.4014000000000008
0.38 0.3947000000000006
0.38 0.38760000000000056
0.38 0.3936000000000007
0.38 0.39840000000000103
0.38 0.40990000000000115
0.38 0.4098000000000011
0.38 0.39400000000000085
0.38 0.3943000000000007
0.38 0.41130000000000116
0.38 0.4022000000000007
0.38 0.3948000000000006
0.38 0.3946000000000005
0.38 0.3911000000000006
0.38 0.39880000000000104
0.38 0.3972000000000012
0.38 0.39980000000000077
0.38 0.40040000000000087
0.38 0.3988000000000008
0.38 0.4019000000000008
0.38 0.3951000000000007
0.38 0.39910000000000084
0.38 0.3969000000000008
0.38 0.3915000000000009
0.38 0.4062000000000011
0.38 0.3979000000000009
0.38 0.4012000000000009
0.38 0.4252000000000013
0.38 0.4952000000000008
0.38 0.4208000000000011
0.38 0.40260000000000123
0.38 0.4036000000000013
0.38 0.4048000000000009
0.38 0.38780000000000087
0.38 0.38710000000000044
0.38 0.3899000000000006
0.38 0.41700000000000104
0.38 0.40390000000000087
0.38 0.405200000000001
0.38 0.4020000000000012
0.38 0.39550000000000085
0.38 0.40340000000000126
0.38 0.408800000000001
0.38 0.4835000000000012
0.38 0.4286000000000012
0.38 0.4197000000000012
0.38 0.41570000000000124
0.38 0.4131000000000011
0.38 0.4252000000000013
0.38 0.40670000000000106
0.38 0.4119000000000011
0.38 0.4046000000000011
0.38 0.4136000000000014
0.38 0.40930000000000094
0.38 0.43030000000000124
0.38 0.4187000000000011
0.38 0.3949000000000008
0.38 0.38960000000000067
0.38 0.3905000000000005
0.38 0.39950000000000085
0.38 0.4233000000000014
0.38 0.405600000000001
0.38 0.39260000000000067
0.38 0.3984000000000008
0.38 0.3982000000000008
0.38 0.39240000000000064
0.38 0.4052000000000009
0.38 0.3956000000000007
0.38 0.40000000000000085
0.38 0.40820000000000106
0.38 0.39200000000000057
0.38 0.4016000000000011
0.38 0.3917000000000009
0.38 0.40200000000000097
0.38 0.39550000000000096
0.38 0.38910000000000067
0.38 0.40370000000000095
0.38 0.4215000000000012
0.38 0.4069000000000011
0.38 0.41140000000000143
0.38 0.4179000000000012
0.38 0.4005000000000008
0.38 0.40080000000000104
0.38 0.3977000000000007
0.38 0.4024000000000012
0.38 0.39350000000000074
0.38 0.3935000000000008
0.38 0.3980000000000008
0.38 0.39350000000000096
0.38 0.397100000000001
0.38 0.39590000000000053
0.38 0.40650000000000086
0.38 0.4096000000000011
0.38 0.4139000000000015
0.38 0.41100000000000103
0.38 0.41310000000000124
0.38 0.40000000000000085
0.38 0.3920000000000007
0.38 0.4000000000000008
0.38 0.39940000000000075
0.38 0.3899000000000006
0.38 0.3971000000000008
0.38 0.400600000000001
0.38 0.4088000000000011
0.38 0.4027000000000011
0.38 0.39720000000000083
0.38 0.4012000000000008
0.38 0.39610000000000073
0.38 0.3993000000000009
0.38 0.3951000000000009
0.38 0.3932000000000007
0.38 0.39840000000000075
0.38 0.39300000000000074
0.38 0.3949000000000008
0.38 0.3961000000000008
0.38 0.3936000000000006
0.38 0.3956000000000008
0.38 0.3888000000000005
0.38 0.3881000000000005
0.38 0.4000000000000007
0.38 0.4193000000000016
0.38 0.3935000000000006
0.38 0.39780000000000065
0.38 0.4105000000000011
0.38 0.44680000000000125
0.38 0.4268000000000015
0.38 0.40620000000000106
0.38 0.406500000000001
0.38 0.4005000000000008
0.38 0.39370000000000066
0.38 0.40040000000000114
0.38 0.4099000000000014
0.38 0.40040000000000103
0.38 0.40000000000000085
0.38 0.39970000000000105
0.38 0.4032000000000011
0.38 0.40350000000000086
0.38 0.4260000000000012
0.38 0.40490000000000115
0.38 0.405500000000001
0.38 0.4421000000000014
0.38 0.42010000000000125
0.38 0.4235000000000014
0.38 0.430500000000001
0.38 0.42250000000000104
0.38 0.40540000000000087
0.38 0.3973000000000008
0.38 0.39550000000000096
0.38 0.4106000000000013
0.38 0.3921000000000007
