0.94 0.4140899999999996
0.95 0.45859000000000116
0.95 0.4905500000000012
0.95 0.51295
0.95 0.5435500000000008
0.96 0.5595100000000008
0.96 0.5820799999999967
0.97 0.6042499999999975
0.97 0.6191199999999968
0.97 0.6492700000000036
0.97 0.6695900000000045
0.97 0.6797700000000036
1.0 0.6896600000000036
1.0 0.689920000000004
1.0 0.7070000000000004
1.0 0.7098
1.0 0.7126999999999999
1.0 0.7193199999999987
1.0 0.7242699999999981
1.0 0.729539999999997
1.0 0.7238499999999979
1.0 0.7406999999999939
1.0 0.7387099999999943
1.0 0.748969999999993
1.0 0.744259999999993
1.0 0.749569999999994
1.0 0.7604499999999916
1.0 0.7613599999999898
1.0 0.7661699999999905
1.0 0.7816499999999935
1.0 0.7924699999999926
1.0 0.7900899999999949
1.0 0.7983499999999959
1.0 0.8010699999999944
1.0 0.806759999999994
1.0 0.8116799999999966
1.0 0.814129999999995
1.0 0.8167699999999969
1.0 0.8158099999999991
1.0 0.8234199999999986
1.0 0.820679999999998
1.0 0.8132199999999963
1.0 0.8339699999999985
1.0 0.839470000000001
1.0 0.8485900000000013
1.0 0.8386800000000001
1.0 0.8402599999999989
1.0 0.8453699999999992
1.0 0.8415699999999997
1.0 0.8423099999999993
1.0 0.8353199999999997
1.0 0.8460199999999999
1.0 0.8388299999999987
1.0 0.8440599999999989
1.0 0.8451499999999965
1.0 0.8494299999999959
1.0 0.8453399999999974
1.0 0.8374800000000014
1.0 0.8440299999999984
1.0 0.847019999999999
1.0 0.8397099999999998
1.0 0.835709999999998
1.0 0.8408399999999991
1.0 0.8468699999999995
1.0 0.8450899999999986
1.0 0.8522499999999977
1.0 0.8471999999999987
1.0 0.860199999999996
1.0 0.8556399999999991
1.0 0.8573799999999947
1.0 0.8570799999999953
1.0 0.8515399999999992
1.0 0.846019999999997
1.0 0.8539399999999936
1.0 0.8545699999999947
1.0 0.8628699999999937
1.0 0.8605999999999936
1.0 0.8621299999999935
1.0 0.8577699999999949
1.0 0.8641099999999949
1.0 0.8664699999999936
1.0 0.8588499999999936
1.0 0.8482699999999949
1.0 0.8595599999999938
1.0 0.8606499999999944
1.0 0.8567599999999971
1.0 0.8603099999999964
1.0 0.8633699999999939
1.0 0.8587399999999927
1.0 0.8603899999999945
1.0 0.8537199999999949
1.0 0.8650399999999959
1.0 0.8663399999999921
1.0 0.8750699999999912
1.0 0.8743499999999902
1.0 0.8783399999999904
1.0 0.8647999999999939
1.0 0.8607899999999952
1.0 0.8625299999999966
1.0 0.8619499999999923
