0.09999999999999998 0.592320000000007
0.09999999999999998 0.5504000000000061
0.09999999999999998 0.5185000000000055
0.06000000000000005 0.4777800000000031
0.040000000000000036 0.45162000000000313
0.040000000000000036 0.43188000000000243
0.040000000000000036 0.4097000000000007
0.040000000000000036 0.387040000000001
0.040000000000000036 0.37102000000000024
0.040000000000000036 0.3582000000000003
0.040000000000000036 0.34698
0.040000000000000036 0.3491400000000004
0.040000000000000036 0.33384000000000047
0.040000000000000036 0.31600000000000056
0.040000000000000036 0.3165200000000004
0.040000000000000036 0.3011999999999999
0.020000000000000018 0.29406000000000043
0.020000000000000018 0.29314000000000073
0.020000000000000018 0.2798000000000006
0.020000000000000018 0.2772200000000008
0.020000000000000018 0.2705000000000009
0.020000000000000018 0.2642600000000005
0.020000000000000018 0.2533200000000006
0.020000000000000018 0.2509800000000006
0.020000000000000018 0.2530600000000007
0.020000000000000018 0.24618000000000068
0.020000000000000018 0.2490600000000003
0.020000000000000018 0.2393400000000006
0.020000000000000018 0.22996000000000053
0.020000000000000018 0.24296000000000048
0.020000000000000018 0.23624
0.020000000000000018 0.23330000000000012
0.020000000000000018 0.23476000000000005
0.020000000000000018 0.23780000000000032
0.020000000000000018 0.23842000000000035
0.020000000000000018 0.23316000000000026
0.020000000000000018 0.2330800000000001
0.020000000000000018 0.22532
0.020000000000000018 0.21621999999999994
0.020000000000000018 0.21158
0.020000000000000018 0.21692000000000003
0.020000000000000018 0.2097799999999997
0.020000000000000018 0.21304000000000006
0.020000000000000018 0.21490000000000017
0.020000000000000018 0.21933999999999992
0.020000000000000018 0.2274400000000001
0.020000000000000018 0.2191200000000002
0.020000000000000018 0.21664000000000036
0.020000000000000018 0.21404000000000023
0.020000000000000018 0.2132400000000002
0.020000000000000018 0.20844000000000054
0.020000000000000018 0.2099800000000002
0.020000000000000018 0.20436000000000012
0.020000000000000018 0.2103200000000002
0.020000000000000018 0.19904000000000008
0.020000000000000018 0.20356000000000032
0.020000000000000018 0.21000000000000052
0.020000000000000018 0.20246000000000025
0.020000000000000018 0.19877999999999998
0.020000000000000018 0.19502000000000025
0.020000000000000018 0.20392000000000016
0.020000000000000018 0.2017800000000001
0.020000000000000018 0.20278000000000038
0.020000000000000018 0.21176000000000023
0.020000000000000018 0.21324000000000054
0.020000000000000018 0.19662000000000027
0.020000000000000018 0.17934000000000036
0.020000000000000018 0.17802000000000032
0.020000000000000018 0.18946000000000005
0.020000000000000018 0.19596000000000022
0.020000000000000018 0.19694000000000028
0.020000000000000018 0.19096000000000038
0.020000000000000018 0.20576000000000016
0.020000000000000018 0.20224000000000014
0.020000000000000018 0.19902000000000003
0.06000000000000005 0.18918000000000024
0.06000000000000005 0.1963800000000003
0.06000000000000005 0.19542000000000004
0.06000000000000005 0.19066000000000025
0.06000000000000005 0.20458000000000004
0.06000000000000005 0.20474000000000006
0.06000000000000005 0.19820000000000018
0.06000000000000005 0.2076400000000001
0.06000000000000005 0.20584000000000044
0.06000000000000005 0.20828000000000055
0.06000000000000005 0.2014000000000001
0.06000000000000005 0.1906800000000003
0.06000000000000005 0.1913400000000001
0.06000000000000005 0.18739999999999998
0.06000000000000005 0.19266000000000025
0.06000000000000005 0.1974000000000005
0.06000000000000005 0.18364000000000028
0.06000000000000005 0.18982000000000004
0.06000000000000005 0.19055999999999995
0.06000000000000005 0.18241999999999997
0.06000000000000005 0.1878799999999998
0.06000000000000005 0.19886000000000012
0.06000000000000005 0.21926000000000026
0.06000000000000005 0.20738000000000026
0.06000000000000005 0.20286000000000032
