0.84 0.422540000000001
0.84 0.4675100000000038
0.9 0.4866000000000036
0.9 0.5086300000000019
0.9 0.5463100000000024
0.92 0.5749600000000001
0.95 0.6010100000000027
0.95 0.6217200000000017
0.96 0.6366800000000044
0.96 0.6524300000000034
0.96 0.6662400000000039
0.96 0.6798400000000018
0.96 0.6878999999999988
0.97 0.7059599999999968
0.97 0.7104399999999963
0.97 0.7036399999999973
0.97 0.7096999999999959
0.97 0.7251499999999946
0.97 0.7230899999999938
0.97 0.7390299999999904
0.99 0.7417099999999907
0.99 0.7372499999999919
0.99 0.7369799999999904
0.99 0.7559299999999871
0.99 0.7718999999999873
0.99 0.7592299999999889
0.99 0.765959999999986
0.99 0.7672199999999881
0.99 0.7839899999999917
0.99 0.782829999999993
0.99 0.7771999999999908
0.99 0.784919999999993
0.99 0.7884099999999913
0.99 0.7920999999999938
0.99 0.8055999999999925
0.99 0.809089999999994
0.99 0.8164299999999959
0.99 0.8121399999999956
0.99 0.825209999999997
0.99 0.8131399999999968
0.99 0.8293499999999984
0.99 0.8262599999999968
0.99 0.8248299999999963
0.99 0.8300199999999965
0.99 0.8315599999999973
0.99 0.8350299999999963
0.99 0.831929999999997
0.99 0.8367099999999968
0.99 0.8356399999999966
0.99 0.8464899999999969
0.99 0.8577699999999943
0.99 0.8560499999999931
0.99 0.8394799999999967
0.99 0.8445099999999939
0.99 0.8518399999999929
0.99 0.8408999999999933
0.99 0.8445299999999928
0.99 0.8391299999999952
0.99 0.8474799999999961
0.99 0.8461699999999946
0.99 0.8479699999999956
0.99 0.8477399999999949
0.99 0.8547799999999922
0.99 0.8522499999999932
0.99 0.8627099999999917
0.99 0.8765899999999917
0.99 0.8705199999999929
0.99 0.8623299999999932
0.99 0.865319999999994
0.99 0.8635099999999956
0.99 0.8601699999999928
0.99 0.860479999999993
0.99 0.8744699999999942
0.99 0.8623199999999935
0.99 0.8605699999999921
0.99 0.8608099999999925
0.99 0.865979999999992
0.99 0.8608499999999939
0.99 0.8588599999999913
0.99 0.8620199999999927
0.99 0.8694199999999941
0.99 0.8636999999999917
0.99 0.8632999999999923
0.99 0.8649199999999932
0.99 0.8740499999999947
0.99 0.880369999999995
0.99 0.869749999999993
0.99 0.8698799999999949
0.99 0.8609199999999947
0.99 0.8743599999999939
0.99 0.8819099999999934
0.99 0.8698199999999939
0.99 0.8724299999999935
0.99 0.8647999999999936
0.99 0.8632799999999947
0.99 0.8661099999999924
0.99 0.8651799999999921
0.99 0.8754999999999942
0.99 0.8786899999999948
0.99 0.8731699999999923
