0.86 0.4029699999999976
0.9 0.4473799999999993
0.9 0.48063000000000095
0.97 0.5179499999999979
0.97 0.5399200000000027
0.97 0.5595900000000051
0.97 0.580739999999999
0.97 0.6135299999999964
0.97 0.6317199999999995
0.98 0.6525399999999989
0.98 0.6743400000000002
0.98 0.6731200000000005
0.98 0.6867000000000019
0.98 0.6823100000000026
0.98 0.6900200000000036
0.98 0.7072400000000004
0.98 0.7123799999999993
0.98 0.720829999999998
0.98 0.7286599999999969
0.98 0.7340199999999947
0.98 0.7494399999999936
0.98 0.7464699999999933
0.98 0.7449299999999941
0.98 0.7489299999999931
0.98 0.7408199999999946
0.98 0.7480099999999922
0.98 0.7465199999999926
0.98 0.7658399999999924
0.98 0.7693199999999937
0.98 0.7862899999999936
0.98 0.7977399999999957
0.98 0.8088399999999937
0.98 0.8125799999999979
0.98 0.8231699999999981
0.98 0.8382699999999988
0.98 0.8341699999999971
0.98 0.833679999999998
0.98 0.8280799999999988
0.98 0.8352799999999985
0.98 0.8404599999999983
0.98 0.8488099999999967
0.98 0.8524999999999965
0.98 0.8528799999999938
0.98 0.87086999999999
0.98 0.8824199999999899
0.98 0.8718199999999935
0.98 0.8669899999999945
0.98 0.8674499999999935
0.98 0.8618699999999943
0.98 0.8700099999999951
0.98 0.8695399999999979
0.98 0.8707799999999949
0.98 0.8678299999999947
0.98 0.8693499999999947
0.98 0.8678099999999946
0.98 0.870919999999998
0.98 0.8566199999999945
0.98 0.8532699999999966
0.98 0.8543899999999987
0.98 0.8584099999999959
0.98 0.8575599999999987
0.98 0.8708399999999983
0.98 0.8601699999999997
0.98 0.8512799999999986
0.98 0.8638399999999967
0.98 0.8557099999999962
0.98 0.85933
0.98 0.8625999999999993
0.98 0.862709999999996
0.98 0.8664600000000006
0.98 0.8672300000000014
0.98 0.8678300000000008
0.98 0.8644799999999996
0.98 0.8689599999999994
0.98 0.8661099999999973
0.98 0.8606199999999984
0.98 0.8562599999999975
0.98 0.8488299999999975
0.98 0.8597299999999978
0.98 0.8541499999999977
0.98 0.857259999999998
0.98 0.8594999999999967
0.98 0.8652399999999976
0.98 0.8670399999999976
0.98 0.8671299999999984
0.98 0.86638
0.98 0.8658800000000013
0.98 0.8788100000000041
0.98 0.8680400000000025
0.98 0.8727500000000006
0.98 0.8617900000000002
0.98 0.8794100000000031
0.98 0.8854600000000058
0.98 0.8636999999999976
0.98 0.8638100000000019
0.98 0.8599000000000001
0.98 0.8558000000000018
0.98 0.865360000000003
0.98 0.859680000000001
0.98 0.8588000000000011
