0.07999999999999996 0.6113600000000016
0.07999999999999996 0.5645600000000016
0.07999999999999996 0.5214400000000019
0.07999999999999996 0.5056400000000011
0.07999999999999996 0.476720000000001
0.07999999999999996 0.4670200000000016
0.06000000000000005 0.43520000000000125
0.06000000000000005 0.4094400000000017
0.06000000000000005 0.39808000000000154
0.06000000000000005 0.3692400000000012
0.06000000000000005 0.3521600000000011
0.06000000000000005 0.3369400000000003
0.06000000000000005 0.33522000000000013
0.06000000000000005 0.3403200000000003
0.06000000000000005 0.33469999999999994
0.06000000000000005 0.32976
0.06000000000000005 0.3143799999999994
0.06000000000000005 0.30941999999999964
0.06000000000000005 0.3095199999999992
0.06000000000000005 0.2951399999999993
0.06000000000000005 0.28258000000000005
0.040000000000000036 0.2850399999999995
0.040000000000000036 0.2759799999999994
0.040000000000000036 0.27635999999999955
0.040000000000000036 0.2730199999999997
0.040000000000000036 0.2753999999999995
0.040000000000000036 0.2880199999999998
0.040000000000000036 0.2865799999999995
0.040000000000000036 0.2749799999999998
0.040000000000000036 0.2691399999999998
0.040000000000000036 0.2695200000000001
0.040000000000000036 0.25575999999999977
0.040000000000000036 0.2514999999999999
0.040000000000000036 0.24207999999999993
0.040000000000000036 0.22909999999999972
0.040000000000000036 0.22984000000000002
0.040000000000000036 0.21093999999999993
0.040000000000000036 0.20369999999999985
0.040000000000000036 0.19759999999999972
0.040000000000000036 0.1836999999999999
0.040000000000000036 0.17916000000000024
0.040000000000000036 0.17948000000000028
0.040000000000000036 0.17983999999999986
0.040000000000000036 0.1747600000000001
0.040000000000000036 0.1791799999999998
0.040000000000000036 0.1742599999999999
0.040000000000000036 0.16512
0.040000000000000036 0.16747999999999993
0.040000000000000036 0.17458000000000004
0.040000000000000036 0.16311999999999977
0.040000000000000036 0.1765799999999998
0.040000000000000036 0.16499999999999979
0.040000000000000036 0.16795999999999983
0.040000000000000036 0.16005999999999948
0.040000000000000036 0.1603999999999997
0.040000000000000036 0.16841999999999968
0.040000000000000036 0.14531999999999964
0.040000000000000036 0.14635999999999982
0.040000000000000036 0.15381999999999985
0.040000000000000036 0.15975999999999999
0.040000000000000036 0.16235999999999984
0.040000000000000036 0.16595999999999986
0.040000000000000036 0.16321999999999978
0.040000000000000036 0.15595999999999985
0.040000000000000036 0.1486999999999998
0.040000000000000036 0.1521799999999997
0.040000000000000036 0.16013999999999978
0.040000000000000036 0.14915999999999965
0.040000000000000036 0.14819999999999967
0.040000000000000036 0.14191999999999963
0.040000000000000036 0.1402599999999998
0.040000000000000036 0.1443999999999999
0.040000000000000036 0.14043999999999968
0.040000000000000036 0.13677999999999993
0.040000000000000036 0.1409399999999999
0.040000000000000036 0.1507599999999997
0.040000000000000036 0.15169999999999967
0.040000000000000036 0.14469999999999966
0.040000000000000036 0.15485999999999983
0.040000000000000036 0.15483999999999967
0.040000000000000036 0.15649999999999975
0.040000000000000036 0.15433999999999967
0.040000000000000036 0.1417199999999996
0.040000000000000036 0.13713999999999976
0.040000000000000036 0.13403999999999988
0.040000000000000036 0.1261199999999999
0.040000000000000036 0.1391999999999997
0.040000000000000036 0.1379199999999999
0.040000000000000036 0.12983999999999982
0.040000000000000036 0.13597999999999974
0.040000000000000036 0.14045999999999972
0.040000000000000036 0.15271999999999977
0.040000000000000036 0.1499999999999997
0.040000000000000036 0.13585999999999976
0.040000000000000036 0.14281999999999972
0.040000000000000036 0.1496999999999995
0.040000000000000036 0.14963999999999966
0.040000000000000036 0.14139999999999986
0.040000000000000036 0.13273999999999983
0.040000000000000036 0.1362399999999997
