0.95 0.40013999999999517
0.95 0.45324999999999727
0.95 0.4937399999999985
0.95 0.5139799999999979
0.95 0.5468500000000046
0.95 0.5600900000000036
0.96 0.5907799999999992
0.96 0.6171399999999986
0.96 0.6290199999999999
0.97 0.6581200000000014
0.97 0.6745200000000002
0.97 0.69035
0.97 0.6956999999999993
0.97 0.6917299999999991
0.97 0.7023399999999982
0.97 0.707909999999996
0.97 0.7263999999999996
0.97 0.7277799999999991
0.97 0.7296399999999995
0.97 0.7407300000000004
0.97 0.7561700000000073
0.98 0.759190000000007
0.98 0.7663600000000068
0.98 0.7614900000000083
0.98 0.760610000000007
0.98 0.7633400000000086
0.98 0.7482000000000067
0.98 0.7532500000000055
0.98 0.7667000000000074
0.98 0.7731900000000086
0.98 0.7728200000000068
0.98 0.7896500000000078
0.98 0.7927000000000058
0.98 0.7992100000000076
0.98 0.8101400000000053
0.98 0.8097300000000063
0.98 0.8274000000000078
0.98 0.8307400000000063
0.98 0.8347100000000038
0.98 0.8491600000000035
0.98 0.8499799999999997
0.98 0.8527800000000005
0.98 0.8524500000000009
0.98 0.8597200000000004
0.98 0.8563399999999991
0.98 0.8641700000000054
0.98 0.8704100000000042
0.98 0.8691800000000053
0.98 0.8614300000000038
0.98 0.8725400000000076
0.98 0.8599600000000047
0.98 0.8714400000000067
0.98 0.8689100000000041
0.98 0.8761700000000088
0.98 0.8753000000000108
0.98 0.87112000000001
0.98 0.8906000000000113
0.98 0.8910900000000115
0.98 0.8827400000000123
0.98 0.8772900000000118
0.98 0.87642000000001
0.98 0.8694300000000112
0.98 0.8719600000000104
0.98 0.8819400000000112
0.98 0.889690000000012
0.98 0.8862600000000117
0.98 0.8773900000000121
0.98 0.8916900000000137
0.98 0.8935900000000125
0.98 0.8972600000000129
0.98 0.8979800000000122
0.98 0.8932100000000116
0.98 0.8952900000000107
0.98 0.8996500000000127
0.98 0.8944500000000117
0.98 0.8853200000000119
0.98 0.8845200000000119
0.98 0.8931200000000122
0.98 0.8793400000000108
0.98 0.88012000000001
0.98 0.8767800000000108
0.98 0.8804600000000122
0.98 0.8963000000000129
0.98 0.8987300000000131
0.98 0.9006000000000121
0.98 0.9097000000000114
0.98 0.8962400000000119
0.98 0.898020000000013
0.98 0.9025100000000101
0.98 0.8963500000000105
0.98 0.8933000000000118
0.98 0.8823300000000107
0.98 0.8867300000000095
0.98 0.9007400000000115
0.98 0.8922900000000107
0.98 0.8833900000000097
0.98 0.8857200000000093
0.98 0.896230000000012
0.98 0.9031800000000126
0.98 0.8988100000000123
