0.14 0.5859000000000021
0.14 0.567440000000001
0.14 0.5310400000000014
0.07999999999999996 0.4982000000000008
0.06000000000000005 0.45918000000000037
0.040000000000000036 0.43290000000000056
0.040000000000000036 0.4041400000000003
0.040000000000000036 0.37956000000000095
0.040000000000000036 0.3725800000000013
0.040000000000000036 0.3462200000000013
0.040000000000000036 0.33570000000000116
0.040000000000000036 0.32138000000000055
0.020000000000000018 0.3098199999999998
0.020000000000000018 0.30434000000000005
0.020000000000000018 0.29570000000000013
0.020000000000000018 0.27920000000000017
0.020000000000000018 0.2844600000000003
0.040000000000000036 0.28012000000000026
0.040000000000000036 0.27324
0.040000000000000036 0.27084
0.040000000000000036 0.2770999999999998
0.040000000000000036 0.2759199999999996
0.040000000000000036 0.2601000000000001
0.040000000000000036 0.24505999999999956
0.040000000000000036 0.24459999999999982
0.040000000000000036 0.23642000000000032
0.040000000000000036 0.23820000000000005
0.040000000000000036 0.23900000000000002
0.040000000000000036 0.23267999999999994
0.040000000000000036 0.23198000000000027
0.040000000000000036 0.23483999999999985
0.040000000000000036 0.23142000000000007
0.040000000000000036 0.22524000000000027
0.040000000000000036 0.22388000000000033
0.040000000000000036 0.22130000000000075
0.040000000000000036 0.21934000000000053
0.040000000000000036 0.21472000000000072
0.040000000000000036 0.21290000000000017
0.040000000000000036 0.21568000000000026
0.040000000000000036 0.20524000000000056
0.040000000000000036 0.2000800000000001
0.040000000000000036 0.20498000000000047
0.040000000000000036 0.19850000000000048
0.040000000000000036 0.19694000000000064
0.040000000000000036 0.19640000000000019
0.040000000000000036 0.17924000000000045
0.040000000000000036 0.1811000000000004
0.040000000000000036 0.1828000000000005
0.040000000000000036 0.1941600000000004
0.040000000000000036 0.19334000000000032
0.040000000000000036 0.18028000000000047
0.040000000000000036 0.18588000000000043
0.040000000000000036 0.18400000000000014
0.040000000000000036 0.17654000000000022
0.040000000000000036 0.17770000000000005
0.040000000000000036 0.1750600000000001
0.040000000000000036 0.17834000000000058
0.040000000000000036 0.1939600000000005
0.040000000000000036 0.2081400000000004
0.040000000000000036 0.20046000000000025
0.040000000000000036 0.18644000000000058
0.040000000000000036 0.1834800000000006
0.040000000000000036 0.17909999999999993
0.040000000000000036 0.1802600000000002
0.040000000000000036 0.18190000000000042
0.040000000000000036 0.18084000000000003
0.040000000000000036 0.17942
0.040000000000000036 0.17577999999999988
0.040000000000000036 0.16996
0.040000000000000036 0.1728600000000001
0.040000000000000036 0.16120000000000018
0.040000000000000036 0.16394000000000034
0.040000000000000036 0.15738
0.040000000000000036 0.15835999999999975
0.040000000000000036 0.16965999999999984
0.040000000000000036 0.1642799999999999
0.040000000000000036 0.16922000000000006
0.040000000000000036 0.1744000000000001
0.040000000000000036 0.17004000000000016
0.040000000000000036 0.17334000000000027
0.040000000000000036 0.16272000000000011
0.040000000000000036 0.15487999999999974
0.040000000000000036 0.15915999999999988
0.040000000000000036 0.16896000000000014
0.040000000000000036 0.1690200000000002
0.040000000000000036 0.15974000000000005
0.040000000000000036 0.16990000000000027
0.040000000000000036 0.18526000000000037
0.040000000000000036 0.17330000000000018
0.040000000000000036 0.1612800000000001
0.040000000000000036 0.1593399999999999
0.040000000000000036 0.16466000000000003
0.040000000000000036 0.15951999999999988
0.040000000000000036 0.16180000000000022
0.040000000000000036 0.1663599999999997
0.040000000000000036 0.15381999999999973
0.040000000000000036 0.15815999999999988
0.040000000000000036 0.15402
0.040000000000000036 0.1701599999999999
0.040000000000000036 0.16764
