0.96 0.4052899999999993
0.96 0.4507499999999991
0.96 0.4886000000000006
0.96 0.5060500000000004
0.96 0.5341899999999948
0.96 0.5585099999999962
0.96 0.577529999999996
0.96 0.6097099999999986
0.96 0.63877
0.97 0.6445499999999991
0.97 0.6597999999999969
0.97 0.6735499999999939
0.97 0.6847999999999915
0.97 0.6947899999999932
0.97 0.7000299999999955
0.97 0.7119299999999984
0.97 0.720240000000003
0.97 0.7375200000000045
0.97 0.7306100000000022
0.97 0.742770000000006
0.97 0.7423600000000063
0.97 0.742910000000006
0.97 0.7425600000000033
0.98 0.747940000000005
0.98 0.7525400000000045
0.98 0.7614800000000049
0.98 0.7649200000000066
0.98 0.7675200000000065
0.98 0.7727500000000074
0.98 0.7737200000000057
0.98 0.7672300000000059
0.98 0.7723000000000061
0.98 0.7862400000000059
0.98 0.7812500000000068
0.98 0.7698400000000054
0.98 0.7752300000000073
0.98 0.7860300000000071
0.98 0.7918000000000067
0.98 0.7967200000000052
0.98 0.8036500000000056
0.98 0.799110000000004
0.98 0.8062800000000001
0.98 0.7979000000000033
0.98 0.7981800000000047
0.98 0.8017400000000036
0.98 0.7994100000000038
0.98 0.8021500000000061
0.98 0.8086800000000042
0.98 0.809490000000005
0.98 0.8056300000000043
0.98 0.8079500000000036
0.98 0.8065200000000032
0.98 0.798810000000003
0.98 0.8079600000000027
0.98 0.8197000000000033
0.98 0.8304400000000038
0.98 0.8333700000000042
0.98 0.8317100000000042
0.98 0.8476500000000028
0.98 0.8475600000000021
0.98 0.8454500000000029
0.98 0.8465800000000028
0.98 0.853570000000001
0.98 0.8453300000000001
0.98 0.847839999999997
0.98 0.8560399999999956
0.98 0.8511799999999975
0.98 0.8482999999999984
0.98 0.8537699999999945
0.98 0.8639399999999945
0.98 0.8707299999999957
0.98 0.8587899999999951
0.98 0.8616099999999949
0.98 0.8620299999999954
0.98 0.863399999999996
0.98 0.8696899999999952
0.98 0.8751299999999972
0.98 0.8625499999999964
0.98 0.865849999999995
0.98 0.8533999999999936
0.98 0.8680799999999955
0.98 0.8726699999999964
0.98 0.8695999999999948
0.98 0.8734099999999954
0.98 0.8624299999999933
0.98 0.870189999999993
0.98 0.8625599999999942
0.98 0.8739799999999959
0.98 0.8766599999999941
0.98 0.8793899999999952
0.98 0.8711199999999956
0.98 0.8693699999999958
0.98 0.8666499999999968
0.98 0.8713799999999933
0.98 0.8684099999999945
0.98 0.8680299999999964
0.98 0.8736999999999976
0.98 0.863239999999995
0.98 0.8696999999999976
0.98 0.8743699999999988
