0.19999999999999996 0.6200999999999994
0.31999999999999995 0.6115999999999997
0.19999999999999996 0.6237999999999997
0.43999999999999995 0.6268999999999996
0.43999999999999995 0.6374999999999996
0.43999999999999995 0.6605999999999994
0.45999999999999996 0.6495999999999996
0.43999999999999995 0.6683999999999994
0.33999999999999997 0.6498999999999995
0.28 0.6226999999999997
0.42000000000000004 0.6286999999999998
0.43999999999999995 0.6038999999999999
0.4 0.5717999999999999
0.28 0.6059999999999997
0.33999999999999997 0.6351999999999997
0.43999999999999995 0.6357999999999996
0.43999999999999995 0.6175999999999996
0.36 0.6042
0.31999999999999995 0.5770000000000003
0.38 0.5636000000000003
0.31999999999999995 0.5985
0.43999999999999995 0.581
0.45999999999999996 0.5538000000000001
0.43999999999999995 0.5889000000000003
0.43999999999999995 0.5720000000000001
0.31999999999999995 0.5733999999999999
0.43999999999999995 0.5581000000000003
0.24 0.5640000000000007
0.24 0.5477000000000001
0.42000000000000004 0.5404000000000002
0.43999999999999995 0.5981999999999994
0.43999999999999995 0.5544999999999998
0.43999999999999995 0.5109999999999999
0.43999999999999995 0.47829999999999956
0.43999999999999995 0.4953999999999994
0.45999999999999996 0.4981999999999994
0.43999999999999995 0.45749999999999885
0.43999999999999995 0.4834999999999993
0.43999999999999995 0.5387000000000006
0.43999999999999995 0.47570000000000023
0.28 0.5034999999999996
0.43999999999999995 0.6330999999999992
0.43999999999999995 0.6180999999999995
0.43999999999999995 0.5532999999999997
0.43999999999999995 0.5717999999999999
0.43999999999999995 0.5464999999999997
0.43999999999999995 0.5070999999999998
0.43999999999999995 0.5668999999999996
0.43999999999999995 0.5069
0.43999999999999995 0.5152000000000002
0.43999999999999995 0.47909999999999947
0.43999999999999995 0.4680999999999995
0.43999999999999995 0.45789999999999914
0.43999999999999995 0.46019999999999917
0.43999999999999995 0.5060999999999994
0.43999999999999995 0.46179999999999916
0.43999999999999995 0.45809999999999895
0.43999999999999995 0.4819999999999996
0.43999999999999995 0.4647999999999992
0.43999999999999995 0.4666999999999995
0.43999999999999995 0.4675999999999994
0.43999999999999995 0.4716999999999992
0.43999999999999995 0.4942999999999993
0.43999999999999995 0.46429999999999916
0.43999999999999995 0.4559999999999992
0.43999999999999995 0.45329999999999904
0.43999999999999995 0.4609999999999988
0.43999999999999995 0.4583999999999988
0.43999999999999995 0.4786999999999991
0.43999999999999995 0.452099999999999
0.43999999999999995 0.4517999999999988
0.43999999999999995 0.4712999999999989
0.43999999999999995 0.4564999999999992
0.43999999999999995 0.45359999999999895
0.43999999999999995 0.4481999999999989
0.43999999999999995 0.4635999999999989
0.43999999999999995 0.4694999999999992
0.43999999999999995 0.459899999999999
0.43999999999999995 0.5238999999999993
0.43999999999999995 0.46659999999999896
0.43999999999999995 0.4503999999999989
0.43999999999999995 0.4673999999999989
0.43999999999999995 0.4513999999999985
0.43999999999999995 0.4647999999999989
0.43999999999999995 0.4460999999999988
0.43999999999999995 0.4478999999999988
0.43999999999999995 0.44689999999999874
0.43999999999999995 0.45209999999999895
0.43999999999999995 0.4570999999999993
0.43999999999999995 0.48259999999999964
0.43999999999999995 0.46299999999999936
0.43999999999999995 0.5171999999999999
0.43999999999999995 0.4531999999999992
0.43999999999999995 0.4467999999999988
0.43999999999999995 0.45069999999999893
0.43999999999999995 0.4431999999999989
0.43999999999999995 0.44799999999999907
0.43999999999999995 0.5700999999999995
0.43999999999999995 0.5344999999999993
0.43999999999999995 0.5241999999999998
0.43999999999999995 0.49729999999999963
0.43999999999999995 0.4857999999999997
0.43999999999999995 0.48849999999999916
0.43999999999999995 0.4835999999999993
0.43999999999999995 0.5036999999999996
0.43999999999999995 0.5120999999999996
0.43999999999999995 0.4578999999999987
0.43999999999999995 0.4524999999999986
0.43999999999999995 0.4555999999999989
0.43999999999999995 0.4631999999999993
0.43999999999999995 0.4418999999999988
0.43999999999999995 0.45639999999999886
0.43999999999999995 0.4406999999999987
0.43999999999999995 0.4408999999999987
0.43999999999999995 0.44529999999999875
0.43999999999999995 0.4406999999999987
0.43999999999999995 0.4404999999999988
0.43999999999999995 0.44029999999999875
0.43999999999999995 0.44139999999999874
0.43999999999999995 0.4399999999999987
0.43999999999999995 0.44039999999999874
0.43999999999999995 0.44129999999999875
0.43999999999999995 0.4399999999999987
0.43999999999999995 0.44029999999999875
0.43999999999999995 0.4415999999999988
0.43999999999999995 0.4416999999999988
0.43999999999999995 0.4399999999999987
0.43999999999999995 0.5408999999999996
0.43999999999999995 0.49449999999999905
0.43999999999999995 0.47099999999999886
0.43999999999999995 0.45339999999999875
0.43999999999999995 0.45399999999999885
0.43999999999999995 0.44829999999999887
0.43999999999999995 0.45129999999999887
0.43999999999999995 0.4422999999999988
0.43999999999999995 0.4613999999999988
0.43999999999999995 0.4413999999999987
0.43999999999999995 0.44059999999999877
0.43999999999999995 0.4419999999999987
0.43999999999999995 0.4457999999999987
0.43999999999999995 0.4995999999999993
0.43999999999999995 0.48369999999999935
0.43999999999999995 0.4679999999999994
0.43999999999999995 0.4655999999999994
0.43999999999999995 0.48899999999999927
0.43999999999999995 0.45239999999999886
0.43999999999999995 0.4567999999999989
0.43999999999999995 0.456099999999999
0.43999999999999995 0.46579999999999905
0.43999999999999995 0.44869999999999904
0.43999999999999995 0.4497999999999989
0.43999999999999995 0.4520999999999987
0.43999999999999995 0.4487999999999988
0.43999999999999995 0.4815000000000002
0.43999999999999995 0.4785999999999996
0.43999999999999995 0.4622999999999994
0.43999999999999995 0.4516999999999989
0.43999999999999995 0.46079999999999904
0.43999999999999995 0.4492999999999988
0.43999999999999995 0.48769999999999897
0.43999999999999995 0.4964999999999992
0.43999999999999995 0.4697999999999989
0.43999999999999995 0.47529999999999917
0.43999999999999995 0.5368999999999999
0.43999999999999995 0.6528999999999998
0.43999999999999995 0.5860000000000003
0.43999999999999995 0.5976999999999999
0.43999999999999995 0.5245999999999995
0.43999999999999995 0.5349999999999995
0.48 0.5989000000000003
0.43999999999999995 0.5682000000000003
0.43999999999999995 0.5837000000000007
0.43999999999999995 0.5577000000000001
0.43999999999999995 0.5183999999999995
0.43999999999999995 0.5101999999999993
0.43999999999999995 0.5480999999999994
0.43999999999999995 0.5708999999999997
0.43999999999999995 0.5539999999999996
0.43999999999999995 0.711499999999999
0.72 0.7199999999999992
0.45999999999999996 0.714499999999999
0.43999999999999995 0.6373999999999992
0.43999999999999995 0.6040999999999994
0.43999999999999995 0.5366999999999996
0.43999999999999995 0.6150999999999995
0.43999999999999995 0.5462000000000002
0.43999999999999995 0.5078999999999998
0.43999999999999995 0.6700999999999993
0.43999999999999995 0.6702999999999995
0.43999999999999995 0.6137999999999998
0.43999999999999995 0.6597999999999996
0.43999999999999995 0.5831999999999998
0.43999999999999995 0.5782999999999997
0.43999999999999995 0.5105
0.45999999999999996 0.5533000000000005
0.45999999999999996 0.4936999999999995
0.45999999999999996 0.46969999999999923
0.45999999999999996 0.462299999999999
0.45999999999999996 0.45949999999999896
0.45999999999999996 0.4502999999999989
0.45999999999999996 0.5033
0.45999999999999996 0.4810999999999992
0.43999999999999995 0.4960999999999994
0.43999999999999995 0.4804999999999991
0.43999999999999995 0.5563000000000007
0.43999999999999995 0.5747000000000005
0.43999999999999995 0.5910999999999996
0.43999999999999995 0.49039999999999906
0.45999999999999996 0.5185999999999993
0.45999999999999996 0.4596999999999988
0.45999999999999996 0.44519999999999876
0.45999999999999996 0.45109999999999884
0.45999999999999996 0.44309999999999883
0.45999999999999996 0.4413999999999988
0.45999999999999996 0.44419999999999876
0.43999999999999995 0.4456999999999988
0.45999999999999996 0.47409999999999836
0.45999999999999996 0.4489999999999986
0.43999999999999995 0.47979999999999845
0.43999999999999995 0.4472999999999987
0.43999999999999995 0.4410999999999987
0.43999999999999995 0.45139999999999864
0.43999999999999995 0.4545999999999987
0.43999999999999995 0.4467999999999988
0.43999999999999995 0.4477999999999988
0.43999999999999995 0.44339999999999874
0.43999999999999995 0.44229999999999875
0.43999999999999995 0.44349999999999873
0.43999999999999995 0.44349999999999873
0.43999999999999995 0.4472999999999988
0.43999999999999995 0.4451999999999989
0.43999999999999995 0.4431999999999988
0.43999999999999995 0.4410999999999987
0.43999999999999995 0.4428999999999988
0.43999999999999995 0.44079999999999875
0.43999999999999995 0.4405999999999988
0.43999999999999995 0.4548999999999988
0.43999999999999995 0.44439999999999885
0.43999999999999995 0.44449999999999884
0.43999999999999995 0.4639999999999987
0.43999999999999995 0.44499999999999884
0.43999999999999995 0.46109999999999907
0.43999999999999995 0.4650999999999989
0.43999999999999995 0.44039999999999874
0.43999999999999995 0.44689999999999885
0.43999999999999995 0.4545999999999987
0.43999999999999995 0.4636999999999989
0.43999999999999995 0.44719999999999877
0.43999999999999995 0.4541999999999988
0.43999999999999995 0.44109999999999877
0.43999999999999995 0.510499999999999
0.43999999999999995 0.6625999999999991
0.43999999999999995 0.5963999999999994
0.43999999999999995 0.5399999999999991
0.43999999999999995 0.48479999999999895
0.43999999999999995 0.46519999999999884
0.43999999999999995 0.4475999999999988
0.43999999999999995 0.44229999999999875
0.43999999999999995 0.4399999999999987
0.43999999999999995 0.4399999999999987
0.43999999999999995 0.44039999999999874
0.43999999999999995 0.5155999999999992
0.43999999999999995 0.47269999999999884
0.43999999999999995 0.5634999999999992
0.43999999999999995 0.45729999999999876
0.43999999999999995 0.4450999999999988
0.43999999999999995 0.6101999999999994
0.43999999999999995 0.7018999999999991
0.43999999999999995 0.6995999999999992
0.43999999999999995 0.7059999999999992
0.43999999999999995 0.6126000000000001
0.43999999999999995 0.6382999999999995
0.43999999999999995 0.6468999999999994
0.43999999999999995 0.6638999999999998
0.43999999999999995 0.5473000000000001
0.43999999999999995 0.6149999999999997
0.43999999999999995 0.6396999999999994
0.43999999999999995 0.6627999999999997
0.43999999999999995 0.5340999999999994
0.43999999999999995 0.6515999999999995
0.43999999999999995 0.6389999999999993
0.43999999999999995 0.6330999999999988
0.43999999999999995 0.5918999999999993
0.48 0.6060999999999995
0.43999999999999995 0.5879999999999992
0.43999999999999995 0.5642999999999995
0.43999999999999995 0.5446000000000002
0.43999999999999995 0.5109
0.43999999999999995 0.4900999999999992
0.43999999999999995 0.4711999999999993
0.43999999999999995 0.4632999999999995
0.43999999999999995 0.46739999999999926
0.43999999999999995 0.5202000000000004
0.43999999999999995 0.48139999999999894
0.43999999999999995 0.44669999999999876
0.43999999999999995 0.4565999999999988
0.43999999999999995 0.4907999999999993
0.43999999999999995 0.4561999999999988
0.43999999999999995 0.46019999999999894
0.43999999999999995 0.4453999999999986
0.43999999999999995 0.5993999999999998
0.43999999999999995 0.5899999999999995
0.43999999999999995 0.5477000000000003
0.43999999999999995 0.5414000000000004
0.54 0.6050999999999996
0.52 0.6127999999999996
0.54 0.5608000000000004
0.54 0.5718999999999994
0.54 0.5494000000000009
0.43999999999999995 0.5485000000000004
0.54 0.5424000000000007
0.43999999999999995 0.5279999999999997
0.43999999999999995 0.49749999999999944
0.43999999999999995 0.4710999999999996
0.43999999999999995 0.4621999999999987
0.43999999999999995 0.5340999999999999
0.43999999999999995 0.5889000000000002
0.43999999999999995 0.6614999999999996
0.43999999999999995 0.5958000000000002
0.52 0.6818000000000002
0.43999999999999995 0.6153000000000006
0.43999999999999995 0.5513
0.62 0.7299999999999989
0.54 0.6876999999999991
0.43999999999999995 0.6048000000000002
0.43999999999999995 0.5444000000000001
0.43999999999999995 0.5581999999999995
0.48 0.6044999999999995
0.43999999999999995 0.5636999999999993
0.43999999999999995 0.5276000000000005
0.43999999999999995 0.5070999999999999
0.43999999999999995 0.5021000000000003
0.43999999999999995 0.48739999999999883
0.43999999999999995 0.4648999999999994
0.43999999999999995 0.45969999999999944
0.43999999999999995 0.45129999999999904
0.43999999999999995 0.44829999999999876
0.43999999999999995 0.4466999999999989
0.43999999999999995 0.44339999999999874
0.43999999999999995 0.44709999999999894
0.43999999999999995 0.44379999999999875
0.43999999999999995 0.44689999999999874
0.43999999999999995 0.44059999999999877
0.43999999999999995 0.4399999999999987
0.43999999999999995 0.44169999999999876
0.43999999999999995 0.44779999999999887
0.43999999999999995 0.473199999999999
0.43999999999999995 0.4435999999999988
0.43999999999999995 0.44169999999999876
0.43999999999999995 0.4467999999999987
0.43999999999999995 0.44329999999999886
0.43999999999999995 0.4633999999999991
0.43999999999999995 0.49619999999999903
0.43999999999999995 0.5194999999999995
0.43999999999999995 0.4848999999999991
0.43999999999999995 0.4617999999999986
0.43999999999999995 0.4467999999999988
0.43999999999999995 0.4673999999999989
0.43999999999999995 0.4464999999999986
0.43999999999999995 0.44559999999999883
0.43999999999999995 0.44389999999999896
0.43999999999999995 0.4577999999999987
0.43999999999999995 0.4435999999999987
0.43999999999999995 0.45929999999999926
0.43999999999999995 0.44649999999999884
0.43999999999999995 0.4522999999999992
0.43999999999999995 0.47059999999999874
0.43999999999999995 0.44849999999999873
0.43999999999999995 0.44589999999999885
0.43999999999999995 0.44859999999999883
0.43999999999999995 0.4436999999999988
0.43999999999999995 0.4420999999999988
0.43999999999999995 0.45479999999999904
0.43999999999999995 0.44739999999999874
0.43999999999999995 0.44169999999999865
0.43999999999999995 0.44129999999999875
0.43999999999999995 0.4430999999999987
0.43999999999999995 0.44039999999999874
0.43999999999999995 0.44629999999999886
0.43999999999999995 0.4466999999999988
0.43999999999999995 0.44339999999999874
0.43999999999999995 0.4525999999999991
0.43999999999999995 0.44059999999999877
0.43999999999999995 0.4417999999999988
0.43999999999999995 0.44159999999999866
0.43999999999999995 0.4448999999999987
0.43999999999999995 0.4472999999999988
0.43999999999999995 0.4469999999999987
0.43999999999999995 0.4449999999999988
0.43999999999999995 0.4436999999999988
0.43999999999999995 0.44349999999999873
0.43999999999999995 0.4445999999999987
0.43999999999999995 0.44139999999999874
0.43999999999999995 0.4437999999999988
0.43999999999999995 0.44579999999999875
0.43999999999999995 0.445799999999999
0.43999999999999995 0.44229999999999875
0.43999999999999995 0.44079999999999875
0.43999999999999995 0.44249999999999884
0.43999999999999995 0.4475999999999988
0.43999999999999995 0.4423999999999988
0.43999999999999995 0.44119999999999876
0.43999999999999995 0.44199999999999884
0.43999999999999995 0.4407999999999987
0.43999999999999995 0.44139999999999874
0.43999999999999995 0.44039999999999874
0.43999999999999995 0.44499999999999873
0.43999999999999995 0.4424999999999988
0.43999999999999995 0.4447999999999989
0.43999999999999995 0.44719999999999877
0.43999999999999995 0.44169999999999876
0.43999999999999995 0.4415999999999988
0.43999999999999995 0.4435999999999987
0.43999999999999995 0.44459999999999866
0.43999999999999995 0.4420999999999988
0.43999999999999995 0.4420999999999987
0.43999999999999995 0.4420999999999988
0.43999999999999995 0.4456999999999988
0.43999999999999995 0.44159999999999877
0.43999999999999995 0.44029999999999875
0.43999999999999995 0.44379999999999875
0.43999999999999995 0.4555999999999989
0.43999999999999995 0.46329999999999893
0.43999999999999995 0.45679999999999893
0.43999999999999995 0.4521999999999988
0.43999999999999995 0.46209999999999896
0.43999999999999995 0.4491999999999988
0.43999999999999995 0.45269999999999877
0.43999999999999995 0.4486999999999988
0.43999999999999995 0.45299999999999885
0.43999999999999995 0.44609999999999883
0.43999999999999995 0.4506999999999989
0.43999999999999995 0.4502999999999988
0.43999999999999995 0.46999999999999886
0.43999999999999995 0.4608999999999987
0.43999999999999995 0.4658999999999991
0.43999999999999995 0.4681999999999988
0.43999999999999995 0.474499999999999
0.43999999999999995 0.4696999999999989
0.43999999999999995 0.46369999999999884
0.43999999999999995 0.45549999999999885
0.43999999999999995 0.45489999999999897
0.43999999999999995 0.45859999999999895
0.43999999999999995 0.47289999999999893
0.43999999999999995 0.44739999999999874
0.43999999999999995 0.4688999999999989
0.43999999999999995 0.4654999999999989
0.43999999999999995 0.45969999999999883
0.43999999999999995 0.4479999999999988
0.43999999999999995 0.44679999999999886
0.43999999999999995 0.44689999999999885
0.43999999999999995 0.4673999999999989
0.43999999999999995 0.4554999999999991
0.43999999999999995 0.46279999999999916
0.43999999999999995 0.4544999999999988
0.43999999999999995 0.457199999999999
0.43999999999999995 0.45939999999999903
0.43999999999999995 0.44999999999999896
0.43999999999999995 0.4575999999999989
0.43999999999999995 0.45779999999999893
0.43999999999999995 0.4517999999999989
0.43999999999999995 0.44609999999999883
0.43999999999999995 0.45069999999999877
0.43999999999999995 0.4479999999999988
0.43999999999999995 0.4436999999999988
0.43999999999999995 0.45199999999999874
0.43999999999999995 0.4508999999999989
0.43999999999999995 0.44219999999999887
0.43999999999999995 0.4495999999999987
0.43999999999999995 0.4504999999999989
0.43999999999999995 0.4780999999999991
0.43999999999999995 0.44499999999999895
0.43999999999999995 0.4516999999999988
0.43999999999999995 0.4513999999999988
0.43999999999999995 0.44489999999999896
0.43999999999999995 0.4446999999999989
0.43999999999999995 0.4507999999999989
0.43999999999999995 0.5241999999999993
0.43999999999999995 0.4932999999999994
0.43999999999999995 0.47639999999999916
0.43999999999999995 0.4846999999999992
0.43999999999999995 0.4574999999999989
0.43999999999999995 0.4530999999999989
0.43999999999999995 0.4451999999999989
0.43999999999999995 0.44389999999999874
0.43999999999999995 0.4453999999999987
0.43999999999999995 0.4414999999999988
0.43999999999999995 0.44089999999999874
0.43999999999999995 0.4409999999999987
0.43999999999999995 0.4475999999999987
0.43999999999999995 0.44199999999999884
0.43999999999999995 0.44269999999999876
0.43999999999999995 0.4422999999999987
0.43999999999999995 0.4435999999999989
0.43999999999999995 0.44329999999999886
0.43999999999999995 0.44279999999999875
0.45999999999999996 0.4473999999999988
0.45999999999999996 0.4472999999999989
0.45999999999999996 0.4430999999999989
0.45999999999999996 0.44349999999999873
