0.07999999999999996 0.6108800000000074
0.07999999999999996 0.5749200000000069
0.12 0.5286400000000055
0.12 0.5080400000000053
0.09999999999999998 0.471900000000003
0.09999999999999998 0.4543400000000024
0.09999999999999998 0.4414200000000021
0.09999999999999998 0.4169800000000017
0.040000000000000036 0.4153400000000022
0.07999999999999996 0.4009600000000012
0.07999999999999996 0.3935400000000018
0.07999999999999996 0.3876000000000011
0.07999999999999996 0.3868400000000008
0.07999999999999996 0.37510000000000115
0.07999999999999996 0.3684400000000015
0.07999999999999996 0.35724000000000156
0.07999999999999996 0.35530000000000106
0.07999999999999996 0.3480600000000014
0.07999999999999996 0.3419800000000013
0.07999999999999996 0.33002000000000153
0.07999999999999996 0.32392000000000143
0.07999999999999996 0.32438000000000106
0.07999999999999996 0.32496000000000064
0.07999999999999996 0.3172600000000009
0.07999999999999996 0.29866000000000076
0.07999999999999996 0.30798000000000075
0.07999999999999996 0.30384000000000083
0.07999999999999996 0.30362000000000094
0.07999999999999996 0.2896200000000006
0.07999999999999996 0.2834400000000002
0.07999999999999996 0.2803400000000001
0.07999999999999996 0.2708
0.07999999999999996 0.27052000000000004
0.07999999999999996 0.2699200000000003
0.07999999999999996 0.26431999999999994
0.07999999999999996 0.25195999999999996
0.07999999999999996 0.2555199999999997
0.07999999999999996 0.2493999999999997
0.07999999999999996 0.24313999999999972
0.07999999999999996 0.2430000000000001
0.07999999999999996 0.23535999999999976
0.07999999999999996 0.23689999999999983
0.07999999999999996 0.23585999999999963
0.07999999999999996 0.2339999999999998
0.07999999999999996 0.2324799999999997
0.07999999999999996 0.2163999999999997
0.07999999999999996 0.2206999999999998
0.07999999999999996 0.22203999999999968
0.07999999999999996 0.2138999999999997
0.07999999999999996 0.20539999999999997
0.07999999999999996 0.1923399999999997
0.07999999999999996 0.1964599999999997
0.07999999999999996 0.20165999999999978
0.07999999999999996 0.20511999999999994
0.07999999999999996 0.2092999999999998
0.07999999999999996 0.2045600000000001
0.07999999999999996 0.19603999999999977
0.07999999999999996 0.19333999999999982
0.07999999999999996 0.18707999999999975
0.07999999999999996 0.19395999999999977
0.020000000000000018 0.19549999999999979
0.020000000000000018 0.19309999999999997
0.020000000000000018 0.20126000000000005
0.020000000000000018 0.1884999999999995
0.020000000000000018 0.18743999999999975
0.020000000000000018 0.1858199999999997
0.020000000000000018 0.18127999999999964
0.020000000000000018 0.1746199999999998
0.020000000000000018 0.17863999999999988
0.020000000000000018 0.17721999999999996
0.020000000000000018 0.1629799999999999
0.020000000000000018 0.1682999999999995
0.020000000000000018 0.1745999999999997
0.020000000000000018 0.18539999999999987
0.020000000000000018 0.19293999999999994
0.020000000000000018 0.19487999999999986
0.020000000000000018 0.19217999999999985
0.020000000000000018 0.18298000000000011
0.020000000000000018 0.18443999999999947
0.020000000000000018 0.18151999999999952
0.020000000000000018 0.18077999999999983
0.020000000000000018 0.17779999999999968
0.020000000000000018 0.18333999999999992
0.020000000000000018 0.18549999999999978
0.020000000000000018 0.1882399999999997
0.020000000000000018 0.1904599999999997
0.020000000000000018 0.18795999999999996
0.020000000000000018 0.1838399999999999
0.020000000000000018 0.19865999999999975
0.020000000000000018 0.19877999999999976
0.020000000000000018 0.20291999999999993
0.020000000000000018 0.19427999999999987
0.020000000000000018 0.18644000000000005
0.020000000000000018 0.1917199999999998
0.020000000000000018 0.1838199999999995
0.020000000000000018 0.1898399999999996
0.020000000000000018 0.1924799999999996
0.020000000000000018 0.18195999999999965
0.020000000000000018 0.17915999999999982
0.020000000000000018 0.19299999999999978
