0.21999999999999997 0.6001599999999995
0.21999999999999997 0.5704999999999988
0.21999999999999997 0.5450399999999992
0.040000000000000036 0.5055199999999991
0.040000000000000036 0.4808999999999993
0.040000000000000036 0.45881999999999856
0.040000000000000036 0.43559999999999904
0.040000000000000036 0.41177999999999854
0.040000000000000036 0.38613999999999904
0.040000000000000036 0.36895999999999846
0.040000000000000036 0.35607999999999884
0.040000000000000036 0.33841999999999844
0.040000000000000036 0.3364199999999977
0.040000000000000036 0.31575999999999765
0.040000000000000036 0.3115599999999982
0.040000000000000036 0.3069399999999982
0.040000000000000036 0.3056599999999985
0.040000000000000036 0.29977999999999844
0.040000000000000036 0.3068199999999984
0.040000000000000036 0.2944199999999984
0.040000000000000036 0.27815999999999863
0.040000000000000036 0.2748799999999982
0.040000000000000036 0.2831999999999983
0.020000000000000018 0.27933999999999876
0.020000000000000018 0.2793999999999983
0.020000000000000018 0.27381999999999845
0.020000000000000018 0.2562399999999989
0.020000000000000018 0.2582199999999988
0.020000000000000018 0.24763999999999908
0.020000000000000018 0.24179999999999915
0.020000000000000018 0.24099999999999894
0.020000000000000018 0.23961999999999883
0.020000000000000018 0.24283999999999878
0.020000000000000018 0.2309999999999988
0.020000000000000018 0.228199999999999
0.020000000000000018 0.22403999999999874
0.020000000000000018 0.22875999999999908
0.020000000000000018 0.21751999999999905
0.020000000000000018 0.20061999999999924
0.020000000000000018 0.19283999999999918
0.020000000000000018 0.20295999999999922
0.020000000000000018 0.19589999999999905
0.020000000000000018 0.18549999999999928
0.020000000000000018 0.17761999999999897
0.020000000000000018 0.1820399999999993
0.020000000000000018 0.17661999999999947
0.020000000000000018 0.18451999999999927
0.020000000000000018 0.16161999999999924
0.020000000000000018 0.15301999999999924
0.020000000000000018 0.16417999999999922
0.020000000000000018 0.14963999999999908
0.020000000000000018 0.17229999999999923
0.020000000000000018 0.15831999999999924
0.020000000000000018 0.1639599999999993
0.020000000000000018 0.15769999999999926
0.020000000000000018 0.1493799999999993
0.020000000000000018 0.14945999999999943
0.020000000000000018 0.14625999999999917
0.020000000000000018 0.14045999999999934
0.020000000000000018 0.1387599999999994
0.020000000000000018 0.13345999999999927
0.020000000000000018 0.1441399999999993
0.020000000000000018 0.13361999999999943
0.020000000000000018 0.13775999999999938
0.020000000000000018 0.14789999999999914
0.020000000000000018 0.13321999999999926
0.020000000000000018 0.13779999999999942
0.020000000000000018 0.14183999999999933
0.020000000000000018 0.1419399999999992
0.020000000000000018 0.1476999999999993
0.020000000000000018 0.14445999999999945
0.020000000000000018 0.13527999999999943
0.020000000000000018 0.1306399999999992
0.020000000000000018 0.1313799999999995
0.020000000000000018 0.13185999999999948
0.020000000000000018 0.13635999999999948
0.020000000000000018 0.13621999999999937
0.020000000000000018 0.1413599999999993
0.020000000000000018 0.14117999999999928
0.020000000000000018 0.14307999999999915
0.020000000000000018 0.14573999999999962
0.020000000000000018 0.14213999999999927
0.020000000000000018 0.1238799999999993
0.020000000000000018 0.12427999999999949
0.020000000000000018 0.14131999999999945
0.020000000000000018 0.13587999999999942
0.020000000000000018 0.13335999999999965
0.020000000000000018 0.13135999999999956
0.020000000000000018 0.13833999999999935
0.020000000000000018 0.1378799999999995
0.020000000000000018 0.14141999999999927
0.020000000000000018 0.1332799999999994
0.020000000000000018 0.13299999999999923
0.020000000000000018 0.12639999999999932
0.020000000000000018 0.11841999999999955
0.020000000000000018 0.11719999999999939
0.020000000000000018 0.11977999999999936
0.020000000000000018 0.1409399999999994
0.020000000000000018 0.13601999999999936
0.020000000000000018 0.13763999999999943
