0.30000000000000004 0.6253999999999993
0.31999999999999995 0.6373999999999995
0.31999999999999995 0.6103999999999997
0.31999999999999995 0.6101000000000003
0.38 0.5731000000000005
0.26 0.6429999999999998
0.31999999999999995 0.6223000000000003
0.31999999999999995 0.6062999999999991
0.33999999999999997 0.6424999999999994
0.040000000000000036 0.6415999999999995
0.36 0.6262999999999999
0.24 0.6386999999999994
0.19999999999999996 0.6331999999999992
0.19999999999999996 0.6249999999999996
0.24 0.6009999999999994
0.31999999999999995 0.5792999999999996
0.18000000000000005 0.5920999999999994
0.31999999999999995 0.5836999999999997
0.31999999999999995 0.6006999999999995
0.24 0.6033999999999989
0.24 0.5516999999999995
0.24 0.49800000000000005
0.040000000000000036 0.5157999999999998
0.16000000000000003 0.5148999999999997
0.36 0.5876999999999993
0.16000000000000003 0.4604
0.16000000000000003 0.4684
0.06000000000000005 0.4695000000000002
0.06000000000000005 0.45099999999999985
0.06000000000000005 0.4747999999999999
0.040000000000000036 0.4455000000000002
0.040000000000000036 0.4498000000000002
0.040000000000000036 0.4482000000000002
0.040000000000000036 0.42739999999999995
0.21999999999999997 0.48729999999999984
0.09999999999999998 0.4447999999999999
0.21999999999999997 0.4926999999999992
0.21999999999999997 0.4851999999999994
0.21999999999999997 0.45479999999999987
0.21999999999999997 0.4413000000000001
0.21999999999999997 0.4958000000000001
0.21999999999999997 0.47859999999999986
0.21999999999999997 0.49939999999999996
0.21999999999999997 0.46289999999999987
0.21999999999999997 0.4522999999999998
0.21999999999999997 0.41279999999999994
0.21999999999999997 0.4134
0.18000000000000005 0.4448000000000001
0.14 0.40010000000000034
0.18000000000000005 0.3729000000000003
0.18000000000000005 0.3820000000000001
0.18000000000000005 0.3652000000000001
0.18000000000000005 0.3689
0.18000000000000005 0.36
0.18000000000000005 0.3559000000000003
0.14 0.39130000000000026
0.19999999999999996 0.34160000000000035
0.14 0.3305000000000004
0.14 0.32580000000000026
0.14 0.3444000000000001
0.14 0.4035
0.18000000000000005 0.5695999999999993
0.18000000000000005 0.4824999999999997
0.18000000000000005 0.5081999999999995
0.18000000000000005 0.4658
0.18000000000000005 0.4900000000000002
0.14 0.44600000000000006
0.14 0.3869
0.14 0.4782
0.33999999999999997 0.4838000000000001
0.28 0.5179
0.31999999999999995 0.5511999999999998
0.18000000000000005 0.5730999999999997
0.18000000000000005 0.5731999999999995
0.09999999999999998 0.49109999999999987
0.09999999999999998 0.4957999999999999
0.24 0.49420000000000025
0.14 0.45099999999999996
0.18000000000000005 0.43660000000000015
0.18000000000000005 0.44949999999999996
0.24 0.46670000000000017
0.14 0.3888000000000003
0.12 0.46689999999999976
0.14 0.4984999999999995
0.24 0.6780999999999991
0.14 0.6409999999999992
0.18000000000000005 0.4644999999999997
0.14 0.46659999999999974
0.18000000000000005 0.6047999999999994
0.18000000000000005 0.5548999999999995
0.14 0.42429999999999984
0.14 0.41139999999999993
0.14 0.3775
0.14 0.3391
0.14 0.3365000000000001
0.14 0.32110000000000005
0.14 0.3547000000000001
0.14 0.34529999999999994
0.14 0.3344000000000002
0.14 0.30970000000000025
0.14 0.34230000000000027
0.14 0.3378000000000001
0.14 0.30700000000000005
0.14 0.28379999999999994
0.14 0.3796
0.14 0.6621999999999991
0.14 0.6400999999999992
0.14 0.4359999999999998
0.14 0.6786999999999992
0.14 0.6494999999999992
0.24 0.6330999999999992
0.14 0.6422999999999992
0.14 0.4739999999999997
0.14 0.42919999999999997
0.14 0.4279999999999999
0.14 0.5406999999999995
0.14 0.3579000000000002
0.14 0.5402999999999996
0.14 0.40349999999999997
0.14 0.4472999999999998
0.14 0.4518
0.14 0.4242999999999999
0.14 0.3675000000000002
0.14 0.5010999999999997
0.14 0.5142999999999995
0.31999999999999995 0.6744999999999992
0.14 0.6232999999999993
0.24 0.47979999999999995
0.16000000000000003 0.4306999999999997
0.16000000000000003 0.39399999999999996
0.16000000000000003 0.35440000000000027
0.14 0.3232000000000001
0.14 0.3211
0.14 0.30900000000000016
0.14 0.3083000000000001
0.14 0.36160000000000025
0.14 0.37499999999999994
0.14 0.3642
0.14 0.29350000000000004
0.14 0.2857
0.14 0.2999000000000001
0.09999999999999998 0.30380000000000007
0.09999999999999998 0.27899999999999997
0.09999999999999998 0.2617999999999999
0.09999999999999998 0.2705999999999999
0.09999999999999998 0.26359999999999995
0.09999999999999998 0.23359999999999986
0.09999999999999998 0.2597
0.09999999999999998 0.2751
0.14 0.2745999999999999
0.09999999999999998 0.2907999999999999
0.09999999999999998 0.6911999999999991
0.09999999999999998 0.30269999999999997
0.14 0.2663
0.14 0.2704
0.14 0.2685999999999999
0.09999999999999998 0.28709999999999986
0.09999999999999998 0.2965999999999999
0.09999999999999998 0.2861999999999999
0.09999999999999998 0.2827
0.09999999999999998 0.2499000000000001
0.14 0.3783999999999997
0.14 0.3416999999999999
0.14 0.2893
0.12 0.26270000000000004
0.12 0.24160000000000006
0.14 0.2641
0.14 0.2639
0.14 0.2579000000000001
0.14 0.24610000000000012
0.14 0.20980000000000001
0.14 0.24119999999999997
0.14 0.23600000000000002
0.14 0.24960000000000004
0.09999999999999998 0.24960000000000002
0.09999999999999998 0.24059999999999995
0.09999999999999998 0.2553
0.14 0.30789999999999984
0.14 0.2846000000000001
0.14 0.23210000000000008
0.14 0.22420000000000015
0.14 0.21550000000000008
0.14 0.40959999999999963
0.14 0.2937999999999999
0.14 0.5024999999999996
0.14 0.34270000000000017
0.14 0.3722
0.14 0.3693
0.14 0.5393999999999993
0.14 0.40850000000000025
0.14 0.4197999999999999
0.14 0.4004000000000001
0.14 0.32830000000000015
0.14 0.31170000000000003
0.14 0.3101000000000001
0.14 0.32340000000000013
0.14 0.31859999999999994
0.12 0.6226999999999991
0.72 0.7199999999999992
0.24 0.6915999999999991
0.24 0.5919999999999993
0.14 0.45659999999999984
0.12 0.5313999999999999
0.020000000000000018 0.47970000000000007
0.12 0.46669999999999995
0.12 0.4458999999999999
0.12 0.44780000000000014
0.12 0.4127000000000002
0.12 0.37740000000000046
0.12 0.36780000000000035
0.12 0.3764000000000003
0.12 0.5567999999999995
0.72 0.7199999999999992
0.12 0.5640999999999994
0.12 0.3914000000000003
0.12 0.39480000000000026
0.72 0.7199999999999992
0.14 0.47509999999999997
0.14 0.5203999999999996
0.14 0.3907000000000004
0.14 0.3482000000000003
0.31999999999999995 0.35330000000000034
0.31999999999999995 0.3481000000000003
0.31999999999999995 0.33520000000000033
0.14 0.3367000000000004
0.14 0.33960000000000035
0.14 0.3391000000000004
0.14 0.3332000000000002
0.14 0.3320000000000003
0.14 0.3667000000000001
0.14 0.4373999999999999
0.07999999999999996 0.38439999999999996
0.06000000000000005 0.6501999999999991
0.31999999999999995 0.5598999999999996
0.31999999999999995 0.45269999999999994
0.31999999999999995 0.3810000000000004
0.31999999999999995 0.3680000000000005
0.31999999999999995 0.35430000000000045
0.31999999999999995 0.41700000000000004
0.31999999999999995 0.3541000000000004
0.31999999999999995 0.3820000000000001
0.72 0.7199999999999992
0.31999999999999995 0.3913000000000003
0.31999999999999995 0.5433999999999994
0.72 0.7199999999999992
0.31999999999999995 0.7139999999999991
0.72 0.7199999999999992
0.72 0.7199999999999992
0.31999999999999995 0.7041999999999992
0.31999999999999995 0.694299999999999
0.72 0.7199999999999992
0.72 0.7199999999999992
0.33999999999999997 0.6330999999999992
0.33999999999999997 0.5929999999999994
0.33999999999999997 0.5561999999999996
0.33999999999999997 0.5084999999999996
0.33999999999999997 0.5704999999999995
0.31999999999999995 0.5610999999999994
0.31999999999999995 0.4343
0.31999999999999995 0.5944999999999994
0.33999999999999997 0.7180999999999991
0.72 0.7199999999999992
0.72 0.7199999999999992
0.72 0.7199999999999992
0.56 0.7191999999999991
0.72 0.7199999999999992
0.72 0.7199999999999992
0.72 0.7199999999999992
0.72 0.7199999999999992
0.72 0.7199999999999992
0.72 0.7199999999999992
0.72 0.7199999999999992
0.72 0.7199999999999992
0.72 0.7199999999999992
0.33999999999999997 0.6696999999999992
0.33999999999999997 0.6241999999999992
0.33999999999999997 0.6654999999999991
0.31999999999999995 0.6703999999999991
0.31999999999999995 0.6949999999999992
0.18000000000000005 0.6216999999999993
0.18000000000000005 0.5534999999999994
0.14 0.6352999999999992
0.14 0.6692999999999991
0.14 0.6902999999999991
0.07999999999999996 0.5894999999999989
0.16000000000000003 0.6153999999999992
0.16000000000000003 0.5357999999999994
0.07999999999999996 0.4463999999999996
0.07999999999999996 0.40449999999999997
0.12 0.3890999999999998
0.0 0.3478000000000001
