0.36 0.6442
0.4 0.6324000000000001
0.21999999999999997 0.6276
0.33999999999999997 0.6149000000000003
0.12 0.6421000000000007
0.36 0.6195000000000006
0.30000000000000004 0.5793000000000008
0.18000000000000005 0.6277000000000007
0.36 0.6174000000000013
0.36 0.617200000000001
0.38 0.6272000000000014
0.31999999999999995 0.6329000000000016
0.36 0.6319000000000015
0.28 0.6149000000000013
0.30000000000000004 0.5838000000000012
0.30000000000000004 0.6320000000000016
0.30000000000000004 0.6282000000000012
0.36 0.6374000000000013
0.36 0.640200000000001
0.36 0.6281000000000013
0.31999999999999995 0.6268000000000016
0.36 0.6344000000000016
0.36 0.6043000000000014
0.38 0.6026000000000014
0.28 0.6052000000000015
0.33999999999999997 0.5544000000000009
0.09999999999999998 0.5504000000000009
0.14 0.527400000000001
0.09999999999999998 0.541700000000001
0.06000000000000005 0.5571000000000013
0.06000000000000005 0.4995000000000005
0.21999999999999997 0.5233000000000009
0.21999999999999997 0.5572000000000014
0.06000000000000005 0.5249000000000009
0.06000000000000005 0.4904000000000005
0.06000000000000005 0.4126000000000001
0.06000000000000005 0.4009999999999998
0.12 0.38869999999999977
0.12 0.3570999999999998
0.07999999999999996 0.37859999999999966
0.020000000000000018 0.3989999999999999
0.020000000000000018 0.36739999999999995
0.06000000000000005 0.44850000000000034
0.020000000000000018 0.37529999999999997
0.07999999999999996 0.36449999999999966
0.07999999999999996 0.3307999999999999
0.020000000000000018 0.3985999999999998
0.21999999999999997 0.48059999999999997
0.06000000000000005 0.5400999999999992
0.06000000000000005 0.43559999999999993
0.06000000000000005 0.46839999999999954
0.06000000000000005 0.4444000000000004
0.06000000000000005 0.5673999999999988
0.06000000000000005 0.5910000000000015
0.06000000000000005 0.5506000000000008
0.06000000000000005 0.5245000000000012
0.06000000000000005 0.48100000000000054
0.21999999999999997 0.5338000000000013
0.06000000000000005 0.42989999999999995
0.21999999999999997 0.5930000000000016
0.06000000000000005 0.47840000000000127
0.16000000000000003 0.49810000000000065
0.21999999999999997 0.5052000000000002
0.16000000000000003 0.5388999999999999
0.16000000000000003 0.5553000000000009
0.16000000000000003 0.6046000000000015
0.16000000000000003 0.541300000000001
0.21999999999999997 0.576400000000001
0.07999999999999996 0.4789000000000005
0.06000000000000005 0.4509000000000004
0.06000000000000005 0.41129999999999994
0.06000000000000005 0.3853999999999998
0.09999999999999998 0.37799999999999967
0.020000000000000018 0.3722999999999995
0.020000000000000018 0.3973999999999995
0.020000000000000018 0.3824999999999996
0.33999999999999997 0.41459999999999986
0.33999999999999997 0.4783999999999993
0.33999999999999997 0.6592999999999981
0.33999999999999997 0.6229999999999977
0.33999999999999997 0.5933999999999984
0.33999999999999997 0.5853999999999995
0.33999999999999997 0.5697999999999999
0.06000000000000005 0.5399000000000008
0.21999999999999997 0.5424000000000008
0.16000000000000003 0.5351000000000008
0.21999999999999997 0.49270000000000075
0.21999999999999997 0.4479000000000006
0.06000000000000005 0.41010000000000024
0.06000000000000005 0.42400000000000015
0.020000000000000018 0.5368000000000014
0.020000000000000018 0.5353000000000016
0.07999999999999996 0.4614000000000011
0.020000000000000018 0.4861000000000012
0.020000000000000018 0.4193000000000003
0.09999999999999998 0.38860000000000006
0.09999999999999998 0.37729999999999975
0.21999999999999997 0.4091000000000003
0.07999999999999996 0.37589999999999985
0.18000000000000005 0.36599999999999994
0.18000000000000005 0.3544
0.06000000000000005 0.3852000000000003
0.07999999999999996 0.3480999999999998
0.07999999999999996 0.3843000000000001
0.16000000000000003 0.3373999999999998
0.16000000000000003 0.31620000000000015
0.12 0.2971999999999998
0.18000000000000005 0.30009999999999964
0.21999999999999997 0.2908999999999995
0.21999999999999997 0.3059999999999995
0.18000000000000005 0.37860000000000027
0.21999999999999997 0.32819999999999966
0.06000000000000005 0.37370000000000053
0.06000000000000005 0.37010000000000026
0.06000000000000005 0.3185999999999999
0.06000000000000005 0.2838999999999996
0.06000000000000005 0.33910000000000046
0.06000000000000005 0.3045000000000001
0.06000000000000005 0.2891
0.06000000000000005 0.27419999999999983
0.06000000000000005 0.29129999999999995
0.06000000000000005 0.33110000000000006
0.06000000000000005 0.3386000000000001
0.06000000000000005 0.33890000000000015
0.06000000000000005 0.35310000000000036
0.06000000000000005 0.3021999999999999
0.21999999999999997 0.2995999999999999
0.06000000000000005 0.27909999999999985
0.18000000000000005 0.2837999999999999
0.21999999999999997 0.3042
0.21999999999999997 0.3126000000000001
0.16000000000000003 0.3402999999999998
0.21999999999999997 0.32549999999999996
0.21999999999999997 0.3056999999999998
0.06000000000000005 0.30659999999999976
0.06000000000000005 0.30449999999999994
0.21999999999999997 0.28799999999999976
0.06000000000000005 0.2988
0.06000000000000005 0.2689000000000001
0.020000000000000018 0.29040000000000016
0.020000000000000018 0.2783000000000001
0.020000000000000018 0.24450000000000022
0.020000000000000018 0.2491000000000001
0.020000000000000018 0.24980000000000022
0.020000000000000018 0.21850000000000025
0.020000000000000018 0.2217000000000001
0.020000000000000018 0.25610000000000027
0.020000000000000018 0.23490000000000005
0.020000000000000018 0.2247000000000001
0.020000000000000018 0.2711
0.020000000000000018 0.23459999999999998
0.020000000000000018 0.22100000000000009
0.06000000000000005 0.28009999999999957
0.21999999999999997 0.2952999999999996
0.21999999999999997 0.28149999999999964
0.06000000000000005 0.27350000000000013
0.21999999999999997 0.28410000000000024
0.06000000000000005 0.28290000000000004
0.06000000000000005 0.3023000000000001
0.06000000000000005 0.2893000000000002
0.06000000000000005 0.26899999999999996
0.06000000000000005 0.2841000000000002
0.06000000000000005 0.2858999999999999
0.06000000000000005 0.29129999999999984
0.21999999999999997 0.2711999999999998
0.06000000000000005 0.3154000000000001
0.06000000000000005 0.3479999999999999
0.020000000000000018 0.29710000000000003
0.21999999999999997 0.2796999999999999
0.06000000000000005 0.29479999999999995
0.06000000000000005 0.26349999999999996
0.06000000000000005 0.2514999999999999
0.06000000000000005 0.2440999999999999
0.06000000000000005 0.2512999999999999
0.020000000000000018 0.28549999999999986
0.020000000000000018 0.24969999999999998
0.21999999999999997 0.2660999999999997
0.21999999999999997 0.25829999999999975
0.07999999999999996 0.2617999999999998
0.21999999999999997 0.26089999999999963
0.21999999999999997 0.2708999999999997
0.21999999999999997 0.2566999999999997
0.21999999999999997 0.2652999999999996
0.21999999999999997 0.26079999999999964
0.21999999999999997 0.2608999999999996
0.21999999999999997 0.27429999999999977
0.21999999999999997 0.24799999999999967
0.21999999999999997 0.2722999999999997
0.21999999999999997 0.2988
0.21999999999999997 0.2894000000000001
0.21999999999999997 0.26569999999999977
0.21999999999999997 0.26999999999999963
0.21999999999999997 0.2660999999999996
0.21999999999999997 0.25829999999999964
0.21999999999999997 0.2841999999999999
0.21999999999999997 0.27670000000000006
0.21999999999999997 0.31440000000000023
0.21999999999999997 0.2969
0.21999999999999997 0.2587999999999997
0.21999999999999997 0.2585999999999996
0.21999999999999997 0.29070000000000007
0.21999999999999997 0.29089999999999994
0.21999999999999997 0.2772999999999999
0.21999999999999997 0.2754
0.21999999999999997 0.28269999999999995
0.21999999999999997 0.2935000000000001
0.21999999999999997 0.26830000000000004
0.21999999999999997 0.2553999999999998
0.21999999999999997 0.2665999999999997
0.21999999999999997 0.26629999999999976
0.21999999999999997 0.2784999999999999
0.21999999999999997 0.28359999999999985
0.21999999999999997 0.25899999999999973
0.21999999999999997 0.2621999999999997
0.21999999999999997 0.25059999999999955
0.21999999999999997 0.25769999999999965
0.21999999999999997 0.26749999999999974
0.21999999999999997 0.2843000000000001
0.21999999999999997 0.2922
0.21999999999999997 0.28589999999999993
0.21999999999999997 0.28850000000000003
0.21999999999999997 0.2663999999999998
0.21999999999999997 0.2566999999999996
0.21999999999999997 0.25509999999999955
0.21999999999999997 0.2608999999999998
0.21999999999999997 0.28019999999999967
0.18000000000000005 0.2695999999999998
0.18000000000000005 0.2651999999999999
0.18000000000000005 0.2644999999999999
0.18000000000000005 0.2521999999999996
0.18000000000000005 0.2520999999999997
0.18000000000000005 0.2617999999999998
0.18000000000000005 0.2410999999999998
0.21999999999999997 0.2466999999999997
0.18000000000000005 0.2602999999999998
0.16000000000000003 0.25219999999999965
0.21999999999999997 0.2590999999999996
0.21999999999999997 0.32550000000000023
0.21999999999999997 0.44440000000000074
0.56 0.5958000000000009
0.56 0.5757000000000014
0.56 0.5689000000000014
0.56 0.5657000000000013
0.56 0.5668000000000013
0.28 0.5613000000000012
0.56 0.5690000000000012
0.54 0.5716000000000013
0.56 0.5683000000000011
0.54 0.570300000000001
0.56 0.568300000000001
0.56 0.5674000000000011
0.56 0.5705000000000011
0.56 0.5733000000000011
0.56 0.583200000000001
0.56 0.5727000000000011
0.56 0.575000000000001
0.56 0.5733000000000009
0.56 0.572700000000001
0.56 0.5691000000000013
0.56 0.5688000000000013
0.56 0.5696000000000015
0.56 0.5748000000000012
0.56 0.5693000000000012
0.56 0.5725000000000011
0.56 0.5691000000000012
0.56 0.5892000000000013
0.56 0.5708000000000013
0.54 0.6365000000000012
0.54 0.5896000000000011
0.56 0.5720000000000012
0.54 0.592000000000001
0.54 0.6390000000000016
0.54 0.6320000000000016
0.54 0.6239000000000012
0.21999999999999997 0.6019000000000011
0.30000000000000004 0.6273000000000014
0.54 0.6687000000000013
0.56 0.6065000000000011
0.56 0.5811999999999997
0.52 0.5761999999999999
0.52 0.5731000000000005
0.52 0.5695000000000009
0.52 0.566100000000001
0.36 0.561000000000001
0.43999999999999995 0.6088000000000011
0.4 0.5719000000000005
0.36 0.5590000000000002
0.36 0.5539000000000003
0.36 0.5462000000000006
0.36 0.5311000000000005
0.36 0.540100000000001
0.36 0.5313000000000013
0.36 0.5188000000000017
0.36 0.578600000000001
0.36 0.5222000000000014
0.36 0.5019000000000012
0.36 0.516100000000001
0.36 0.6804000000000012
0.36 0.5984000000000017
0.36 0.6753000000000013
0.36 0.6726000000000013
0.36 0.5474000000000009
0.36 0.5275000000000012
0.36 0.49320000000000086
0.36 0.5198000000000008
0.36 0.5102000000000004
0.36 0.4967000000000004
0.36 0.4789000000000002
0.36 0.5201000000000005
0.36 0.5158000000000004
0.36 0.4908000000000002
0.36 0.45380000000000004
0.36 0.43639999999999984
0.36 0.4151999999999997
0.36 0.3933999999999995
0.36 0.41159999999999963
0.36 0.41379999999999967
0.7 0.7000000000000008
0.36 0.6211000000000015
0.54 0.6311000000000004
0.54 0.6239
0.7 0.7000000000000008
0.7 0.7000000000000008
0.36 0.6939000000000007
0.36 0.6454000000000009
0.36 0.6394000000000014
0.36 0.6120000000000014
0.36 0.5854000000000008
0.36 0.5796000000000009
0.36 0.5537000000000005
0.4 0.5857000000000008
0.4 0.5565999999999999
0.36 0.5452999999999993
0.36 0.5329
0.36 0.5157000000000003
0.36 0.4936000000000005
0.36 0.4691000000000003
0.36 0.5160000000000005
0.36 0.5141000000000002
0.30000000000000004 0.5045000000000004
0.42000000000000004 0.5344000000000007
0.36 0.6009000000000013
0.36 0.5657000000000011
0.040000000000000036 0.4914000000000003
0.06000000000000005 0.42689999999999967
0.06000000000000005 0.5324999999999992
0.21999999999999997 0.5437999999999991
0.21999999999999997 0.5252999999999993
0.26 0.4959999999999996
0.18000000000000005 0.5025
0.21999999999999997 0.5894000000000007
0.38 0.6286000000000009
0.4 0.6139000000000008
0.4 0.6056000000000004
0.4 0.5873999999999998
0.4 0.5749999999999996
0.4 0.5860000000000003
0.4 0.5722
0.4 0.5716
0.4 0.5550999999999998
0.4 0.5442999999999997
0.4 0.5303000000000008
0.4 0.5207000000000006
0.4 0.4993000000000009
0.4 0.48640000000000094
0.4 0.4752000000000005
0.36 0.4860000000000007
0.36 0.48840000000000056
0.36 0.4714000000000005
0.36 0.4714000000000005
0.36 0.4645000000000001
0.36 0.5200000000000005
0.36 0.47840000000000016
0.36 0.46590000000000004
0.36 0.45929999999999976
0.36 0.46519999999999984
0.36 0.4454999999999998
0.36 0.4254999999999994
0.36 0.41329999999999933
0.36 0.3999999999999996
0.36 0.4380999999999998
0.36 0.4240999999999997
0.36 0.41349999999999953
0.36 0.42259999999999964
0.36 0.4155999999999995
0.36 0.4275999999999999
0.36 0.42669999999999964
0.36 0.4279999999999996
0.36 0.4239999999999995
0.36 0.4218999999999998
0.36 0.41989999999999983
0.36 0.41869999999999963
0.36 0.4289999999999997
0.36 0.41799999999999926
0.36 0.4070999999999993
0.36 0.41019999999999934
0.36 0.41269999999999946
0.36 0.4146999999999995
0.36 0.4343999999999997
0.38 0.4364
0.36 0.4393999999999999
0.36 0.4172999999999996
0.36 0.4120999999999995
0.36 0.4027999999999995
0.36 0.44610000000000033
0.36 0.44059999999999994
0.36 0.4211999999999999
0.36 0.4229999999999999
0.36 0.4242
0.36 0.4304
0.36 0.45490000000000025
0.36 0.4376
0.36 0.42210000000000003
0.36 0.4434000000000002
0.36 0.4214999999999998
0.4 0.4044999999999998
0.4 0.3937999999999996
0.4 0.3900999999999996
0.4 0.38679999999999964
0.4 0.39879999999999965
0.4 0.3933999999999997
0.4 0.38449999999999973
0.4 0.39909999999999984
0.21999999999999997 0.38389999999999963
0.36 0.39539999999999975
0.36 0.3837999999999996
0.21999999999999997 0.3767999999999996
0.36 0.3839999999999996
0.18000000000000005 0.3870999999999997
0.18000000000000005 0.4187999999999995
0.18000000000000005 0.3684999999999997
0.18000000000000005 0.3763000000000007
0.18000000000000005 0.3982000000000002
0.18000000000000005 0.3766000000000003
0.18000000000000005 0.38250000000000023
0.06000000000000005 0.34930000000000017
0.06000000000000005 0.3375000000000002
0.16000000000000003 0.3365000000000002
0.020000000000000018 0.31220000000000014
0.020000000000000018 0.32470000000000016
0.020000000000000018 0.3249
0.020000000000000018 0.3066999999999999
0.020000000000000018 0.2732999999999998
0.020000000000000018 0.23439999999999983
0.020000000000000018 0.24369999999999992
0.020000000000000018 0.23509999999999975
0.020000000000000018 0.22759999999999989
0.020000000000000018 0.2101999999999999
0.020000000000000018 0.2023999999999999
0.020000000000000018 0.18350000000000005
0.020000000000000018 0.17800000000000005
0.020000000000000018 0.16079999999999997
0.020000000000000018 0.1417
0.020000000000000018 0.13979999999999998
0.020000000000000018 0.11350000000000005
0.020000000000000018 0.12060000000000005
0.020000000000000018 0.13980000000000004
0.020000000000000018 0.145
0.020000000000000018 0.1277
0.020000000000000018 0.13889999999999994
0.020000000000000018 0.1589
0.020000000000000018 0.13210000000000002
0.020000000000000018 0.10940000000000007
0.020000000000000018 0.09960000000000005
0.020000000000000018 0.08700000000000002
0.020000000000000018 0.10070000000000003
0.020000000000000018 0.1259
0.020000000000000018 0.1341
0.020000000000000018 0.10910000000000003
0.020000000000000018 0.10830000000000005
0.020000000000000018 0.09180000000000003
0.020000000000000018 0.0926
0.020000000000000018 0.0803
0.020000000000000018 0.08139999999999999
0.020000000000000018 0.07260000000000001
0.020000000000000018 0.07479999999999998
0.020000000000000018 0.08120000000000001
0.020000000000000018 0.09930000000000001
0.020000000000000018 0.0851
0.020000000000000018 0.10110000000000001
0.020000000000000018 0.1037000000000001
0.020000000000000018 0.08650000000000006
0.020000000000000018 0.08410000000000004
0.020000000000000018 0.07530000000000003
0.020000000000000018 0.10140000000000005
0.020000000000000018 0.08460000000000001
0.020000000000000018 0.08700000000000005
0.020000000000000018 0.08060000000000005
0.020000000000000018 0.09190000000000004
0.020000000000000018 0.1481
0.020000000000000018 0.3883999999999998
0.020000000000000018 0.12309999999999997
0.020000000000000018 0.3162999999999997
0.020000000000000018 0.25699999999999995
0.020000000000000018 0.3759999999999999
0.020000000000000018 0.40059999999999973
0.020000000000000018 0.2382
0.020000000000000018 0.18219999999999995
0.020000000000000018 0.36160000000000025
0.020000000000000018 0.26380000000000003
