0.95 0.3925200000000001
0.95 0.43393999999999966
0.95 0.46221000000000123
0.95 0.4925900000000009
0.95 0.5238999999999978
0.95 0.5466499999999981
0.95 0.5649899999999984
0.96 0.5849799999999975
0.96 0.5949399999999991
0.96 0.6134300000000001
0.96 0.6292399999999985
0.96 0.6530500000000007
0.97 0.6623300000000015
0.97 0.6742300000000016
0.97 0.690439999999997
0.97 0.7010499999999934
0.97 0.7069299999999936
0.98 0.7154699999999957
0.98 0.7310099999999972
0.98 0.7326099999999991
0.98 0.7320199999999993
0.98 0.7302899999999976
0.98 0.7341299999999988
0.98 0.7415000000000003
0.99 0.7605300000000021
0.99 0.7566200000000018
0.99 0.7550800000000017
0.99 0.7591800000000039
0.99 0.7746300000000071
0.99 0.7781200000000081
0.99 0.7738000000000067
0.99 0.7832400000000057
0.99 0.7860100000000058
0.99 0.8030400000000061
0.99 0.7977700000000066
0.99 0.8030600000000042
0.99 0.8056500000000028
0.99 0.8157700000000055
0.99 0.8168200000000051
0.99 0.8179600000000044
0.99 0.8359700000000022
0.99 0.8324200000000029
0.99 0.8410000000000031
0.99 0.842020000000003
0.99 0.8563800000000028
0.99 0.8524400000000059
0.99 0.8557200000000039
0.99 0.8631700000000035
0.99 0.8607100000000015
0.99 0.8575900000000034
0.99 0.8695600000000109
0.99 0.8750900000000084
0.99 0.869810000000007
0.99 0.8710000000000058
0.99 0.8756700000000086
0.99 0.8762900000000091
0.99 0.8886800000000099
0.99 0.8793600000000101
0.99 0.8846800000000108
0.99 0.8917300000000109
0.99 0.8949000000000112
0.99 0.9005100000000138
0.99 0.8934100000000118
0.99 0.8898000000000118
0.99 0.8868000000000111
0.99 0.8927400000000116
0.99 0.8917600000000107
0.99 0.9014600000000104
0.99 0.9006900000000124
0.99 0.8924900000000122
0.99 0.8837800000000106
0.99 0.8915400000000118
0.99 0.8982800000000136
0.99 0.894290000000014
0.99 0.8866300000000112
0.99 0.8882100000000148
0.99 0.887840000000014
0.99 0.890680000000012
0.99 0.9035100000000128
0.99 0.8974600000000102
0.99 0.8933500000000106
0.99 0.8950800000000116
0.99 0.8802300000000092
0.99 0.8823000000000094
0.99 0.8841500000000099
0.99 0.8843200000000118
0.99 0.8845100000000116
0.99 0.886260000000012
0.99 0.8779500000000087
0.99 0.885160000000012
0.99 0.8904100000000108
0.99 0.8870800000000113
0.99 0.8875900000000123
0.99 0.8845000000000133
0.99 0.8788500000000119
0.99 0.8766100000000128
0.99 0.8734500000000132
0.99 0.8786000000000134
0.99 0.8834000000000134
0.99 0.8905900000000138
