0.26 0.6135399999999989
0.19999999999999996 0.5767999999999993
0.19999999999999996 0.5524199999999995
0.19999999999999996 0.5284799999999987
0.020000000000000018 0.4971799999999991
0.06000000000000005 0.4784799999999992
0.06000000000000005 0.4449799999999992
0.06000000000000005 0.42856000000000016
0.06000000000000005 0.40834000000000115
0.06000000000000005 0.3867000000000012
0.06000000000000005 0.3759600000000009
0.06000000000000005 0.37600000000000156
0.06000000000000005 0.36888000000000115
0.06000000000000005 0.3527200000000009
0.06000000000000005 0.34064000000000094
0.06000000000000005 0.34240000000000087
0.06000000000000005 0.32382000000000083
0.06000000000000005 0.32578000000000135
0.06000000000000005 0.30312000000000083
0.06000000000000005 0.2970600000000008
0.06000000000000005 0.302340000000001
0.06000000000000005 0.2911200000000006
0.06000000000000005 0.28608000000000067
0.06000000000000005 0.26776000000000094
0.06000000000000005 0.2572000000000004
0.06000000000000005 0.2500000000000006
0.06000000000000005 0.2413800000000005
0.06000000000000005 0.2400800000000005
0.06000000000000005 0.23924000000000054
0.06000000000000005 0.22424000000000074
0.06000000000000005 0.20000000000000043
0.06000000000000005 0.1879000000000004
0.06000000000000005 0.18668000000000026
0.06000000000000005 0.1840400000000004
0.06000000000000005 0.18508000000000044
0.06000000000000005 0.18082000000000018
0.06000000000000005 0.1717400000000005
0.06000000000000005 0.16652000000000025
0.06000000000000005 0.15328000000000022
0.06000000000000005 0.15910000000000027
0.06000000000000005 0.15390000000000026
0.06000000000000005 0.15481999999999999
0.06000000000000005 0.15594
0.06000000000000005 0.15556000000000017
0.06000000000000005 0.15646000000000015
0.06000000000000005 0.1609400000000002
0.06000000000000005 0.15838000000000005
0.06000000000000005 0.15415999999999974
0.06000000000000005 0.14419999999999988
0.06000000000000005 0.15279999999999996
0.06000000000000005 0.1584199999999999
0.06000000000000005 0.15575999999999984
0.06000000000000005 0.1556199999999996
0.06000000000000005 0.16215999999999986
0.06000000000000005 0.16007999999999953
0.06000000000000005 0.16405999999999973
0.06000000000000005 0.16428000000000006
0.06000000000000005 0.16808000000000017
0.06000000000000005 0.1652200000000001
0.06000000000000005 0.17184000000000021
0.06000000000000005 0.16338
0.06000000000000005 0.16041999999999995
0.06000000000000005 0.1667800000000001
0.06000000000000005 0.1687600000000001
0.06000000000000005 0.17448000000000027
0.06000000000000005 0.17280000000000034
0.06000000000000005 0.17820000000000014
0.06000000000000005 0.16470000000000024
0.06000000000000005 0.16278000000000015
0.06000000000000005 0.16528000000000043
0.06000000000000005 0.16344000000000014
0.06000000000000005 0.1627399999999999
0.06000000000000005 0.1631600000000001
0.06000000000000005 0.16586000000000048
0.06000000000000005 0.16912000000000038
0.06000000000000005 0.16197999999999999
0.06000000000000005 0.15755999999999984
0.06000000000000005 0.15495999999999976
0.06000000000000005 0.1474799999999998
0.06000000000000005 0.1648
0.06000000000000005 0.15927999999999992
0.06000000000000005 0.16817999999999989
0.06000000000000005 0.16693999999999987
0.06000000000000005 0.1657600000000002
0.06000000000000005 0.16780000000000012
0.06000000000000005 0.1695600000000002
0.06000000000000005 0.16908000000000034
0.06000000000000005 0.17128000000000024
0.06000000000000005 0.1634200000000001
0.06000000000000005 0.17118000000000066
0.06000000000000005 0.17208000000000062
0.06000000000000005 0.1756600000000006
0.06000000000000005 0.17684000000000066
0.06000000000000005 0.1630600000000004
0.06000000000000005 0.16036000000000045
0.06000000000000005 0.16780000000000037
0.06000000000000005 0.16926000000000052
0.06000000000000005 0.16432000000000047
0.06000000000000005 0.16626000000000005
0.06000000000000005 0.1699800000000001
