0.72 0.42594999999999983
0.72 0.4132999999999999
0.72 0.4173499999999998
0.7 0.4258000000000002
0.72 0.40915
0.72 0.39905000000000035
0.72 0.4341
0.72 0.44795000000000035
0.72 0.4373500000000002
0.72 0.43740000000000023
0.72 0.4471000000000002
0.8 0.44335000000000024
0.8 0.44800000000000006
0.8 0.4638500000000002
0.75 0.49770000000000025
0.72 0.4980000000000003
0.72 0.5002000000000004
0.73 0.5193000000000004
0.93 0.4900500000000001
0.93 0.47600000000000003
0.72 0.4312500000000001
0.72 0.4401000000000003
0.72 0.45365
0.72 0.47555000000000036
0.77 0.4699000000000003
0.84 0.48190000000000033
0.89 0.5057500000000007
0.84 0.48640000000000067
0.93 0.5064500000000004
0.93 0.5319000000000004
0.96 0.5522000000000002
0.84 0.5329000000000006
0.88 0.48400000000000043
0.97 0.5617500000000001
0.97 0.55115
0.98 0.5948
0.98 0.64485
0.98 0.6526999999999998
0.98 0.6722999999999986
0.98 0.62225
0.98 0.6458000000000012
0.98 0.6598499999999994
0.98 0.6638499999999999
0.98 0.6578999999999995
0.98 0.6033000000000006
0.98 0.6396500000000003
0.98 0.6257000000000009
0.98 0.6126000000000009
0.98 0.6260000000000003
0.98 0.6016000000000008
0.98 0.6104000000000006
0.98 0.5230000000000005
0.98 0.5746500000000004
0.98 0.4845500000000004
0.98 0.43935000000000046
0.98 0.4409500000000004
0.8 0.48720000000000047
0.96 0.4998500000000004
0.96 0.48775000000000057
0.96 0.5240500000000005
0.96 0.5346500000000005
0.96 0.6058500000000004
0.96 0.5025500000000003
0.96 0.5144500000000004
0.88 0.4875000000000002
0.91 0.5707499999999999
0.96 0.5964999999999996
0.96 0.6343000000000001
0.82 0.5868499999999996
0.99 0.6157999999999998
0.94 0.5336500000000002
1.0 0.6949999999999994
0.98 0.5918499999999997
1.0 0.6033999999999995
0.88 0.5089499999999992
0.88 0.6510499999999998
0.98 0.6626499999999992
0.9 0.6051999999999995
0.9 0.6938499999999993
0.89 0.7002499999999989
0.91 0.7173999999999989
0.91 0.7379499999999992
0.93 0.7527999999999995
0.95 0.7783499999999991
0.95 0.7829999999999997
0.95 0.8037999999999995
0.95 0.8249999999999998
0.95 0.8206999999999988
0.95 0.7963999999999986
0.95 0.8234999999999993
0.95 0.8376999999999997
0.95 0.6408000000000004
0.95 0.8183999999999996
0.95 0.8395500000000001
0.95 0.7717499999999997
0.95 0.8331499999999997
0.95 0.8080499999999999
0.95 0.8507000000000013
0.96 0.8541000000000012
0.96 0.8647500000000021
0.96 0.8708500000000018
0.96 0.8759000000000025
0.96 0.8719500000000012
0.96 0.903700000000002
0.96 0.8891000000000016
0.96 0.893800000000001
0.96 0.8872000000000001
0.96 0.9018999999999998
0.97 0.8986499999999988
0.97 0.9028499999999982
0.97 0.8708499999999983
0.97 0.8740499999999986
0.97 0.8907499999999984
0.97 0.9071999999999981
0.97 0.9045499999999977
0.97 0.8970499999999979
0.97 0.9178499999999993
0.97 0.9070999999999981
0.97 0.8805499999999981
0.97 0.8980999999999979
0.97 0.900299999999998
0.97 0.8653499999999975
0.97 0.8037999999999976
0.97 0.7765499999999986
0.97 0.7248500000000007
0.97 0.7881499999999996
0.97 0.8406499999999981
0.97 0.8738999999999989
0.97 0.8984499999999993
0.97 0.8842999999999996
0.97 0.7483499999999988
0.67 0.6187500000000001
0.67 0.6253000000000002
0.97 0.64205
0.67 0.6343999999999999
0.67 0.6482500000000002
0.97 0.6484500000000004
0.97 0.7360999999999994
0.97 0.7723999999999985
0.97 0.8384999999999991
0.97 0.6968499999999996
0.97 0.6681499999999992
0.97 0.7366999999999995
0.97 0.8320499999999993
0.97 0.7130000000000009
0.97 0.8271999999999988
0.97 0.8219499999999995
0.97 0.8683999999999997
0.97 0.8707999999999987
0.97 0.8868999999999985
0.97 0.8905999999999976
0.97 0.8897499999999975
0.97 0.8726499999999979
0.95 0.5358499999999998
0.97 0.8574999999999977
0.97 0.8517999999999979
0.97 0.8349499999999976
0.97 0.8683999999999973
0.97 0.8738999999999986
0.97 0.8881999999999987
0.97 0.8725499999999967
0.97 0.8165499999999964
0.97 0.8107499999999997
0.97 0.8127499999999968
0.97 0.799399999999997
0.97 0.6152000000000011
0.67 0.6159500000000012
0.67 0.6349000000000015
0.67 0.6421000000000014
0.67 0.6383500000000014
0.67 0.6466500000000015
0.97 0.6884000000000008
0.97 0.6863500000000005
0.97 0.7268499999999998
0.96 0.664800000000001
0.94 0.6499000000000009
0.67 0.6561500000000012
0.67 0.655300000000001
0.67 0.6479000000000009
0.67 0.6573000000000009
0.96 0.680150000000001
0.96 0.6981499999999999
0.96 0.6773500000000001
0.84 0.6410500000000012
0.67 0.6402000000000012
0.67 0.6405500000000014
0.67 0.6526000000000013
0.67 0.6534000000000009
0.67 0.6550000000000011
0.67 0.657300000000001
0.67 0.6439000000000015
0.67 0.6301500000000013
0.67 0.6398500000000014
0.67 0.6324500000000013
0.67 0.6286000000000014
0.67 0.6303500000000011
0.67 0.6400500000000011
0.96 0.648900000000001
0.67 0.6416500000000012
0.67 0.6468000000000012
0.67 0.6472500000000012
0.67 0.6378500000000014
0.67 0.6457500000000012
0.67 0.6431000000000013
0.96 0.6435500000000013
0.96 0.6606500000000008
0.96 0.6984500000000007
0.96 0.7125499999999998
0.96 0.7424999999999998
0.96 0.7571999999999993
0.96 0.767199999999999
0.96 0.7538999999999991
0.96 0.7396999999999996
0.96 0.7019500000000002
0.96 0.7558
0.98 0.7438499999999989
0.98 0.6811999999999988
0.96 0.6170000000000007
0.96 0.6403500000000004
0.96 0.7486499999999995
0.96 0.780449999999999
0.96 0.765549999999999
0.96 0.6471000000000005
0.96 0.7227500000000008
0.97 0.7878999999999994
0.96 0.6978499999999995
0.67 0.6298500000000002
0.67 0.6304500000000006
0.67 0.6479000000000009
0.96 0.669150000000001
0.96 0.6675000000000013
0.96 0.6548500000000008
0.96 0.6805500000000007
0.96 0.6730000000000009
0.96 0.6601500000000009
0.67 0.6574000000000011
0.67 0.6424500000000013
0.96 0.7302999999999997
0.97 0.7747499999999988
0.97 0.8125999999999993
0.97 0.8469499999999988
0.97 0.8515999999999982
0.97 0.8679999999999992
0.97 0.8849499999999985
0.97 0.8865999999999992
0.97 0.8942499999999981
0.97 0.8941999999999982
0.97 0.9100499999999973
0.97 0.923249999999998
0.97 0.9156499999999989
0.97 0.8768999999999981
0.97 0.8627999999999981
0.97 0.8902499999999989
0.97 0.9018499999999986
0.97 0.8784499999999988
0.97 0.9113500000000004
0.97 0.9063999999999998
0.97 0.9055500000000003
0.97 0.9137
0.97 0.8991000000000001
0.97 0.8816499999999986
0.97 0.9009499999999993
0.97 0.911999999999999
0.97 0.9123999999999991
0.97 0.9093499999999992
0.97 0.9126999999999993
0.97 0.9193999999999992
0.97 0.8982499999999992
0.97 0.933149999999999
0.97 0.9186499999999994
0.97 0.9081499999999992
0.97 0.897699999999999
0.97 0.913749999999999
0.97 0.9317999999999992
0.97 0.7296999999999992
0.97 0.9008499999999999
0.97 0.9152499999999999
0.97 0.8810999999999997
0.97 0.882649999999999
0.97 0.8741500000000005
0.97 0.8754499999999998
0.97 0.8929499999999996
0.97 0.8721999999999991
0.97 0.8767999999999994
0.97 0.9083499999999995
0.97 0.9096499999999995
0.97 0.8933499999999991
0.97 0.9024499999999993
0.97 0.8850499999999991
0.97 0.8971499999999994
0.97 0.9113999999999995
0.97 0.8908999999999985
0.97 0.9210499999999986
0.97 0.9092499999999987
0.97 0.8996499999999991
0.97 0.9173499999999994
0.97 0.8826
0.97 0.9144999999999992
0.97 0.8976499999999991
0.97 0.8944499999999994
0.97 0.9029499999999993
0.97 0.8890999999999996
0.97 0.9048999999999988
0.97 0.9028999999999993
0.97 0.9064499999999991
0.97 0.9152999999999999
0.97 0.897999999999999
0.97 0.8886999999999987
0.97 0.8894499999999994
0.97 0.8899499999999986
0.97 0.8807999999999994
0.97 0.8760999999999995
0.97 0.8859999999999991
0.97 0.8855999999999987
0.97 0.8735999999999987
0.97 0.8921999999999995
0.97 0.8971499999999994
0.97 0.8909999999999996
0.97 0.9058000000000003
0.97 0.9004000000000001
0.97 0.9191999999999996
0.97 0.9014499999999992
0.97 0.9003999999999996
0.97 0.9233999999999998
0.97 0.8835999999999997
0.97 0.89325
0.97 0.88185
0.97 0.6071500000000004
0.97 0.7663499999999986
0.97 0.7862499999999976
0.97 0.7671999999999987
0.97 0.7029499999999997
0.97 0.6885000000000002
0.97 0.66515
0.97 0.6508000000000004
0.97 0.6463000000000007
0.97 0.6617500000000008
0.97 0.7451000000000003
0.97 0.7954499999999985
0.97 0.8184499999999975
0.97 0.7051500000000006
0.97 0.8223499999999979
0.97 0.7534999999999994
0.97 0.6324500000000011
0.97 0.666200000000001
0.97 0.6600500000000011
0.97 0.6450000000000011
0.97 0.6431500000000011
0.97 0.6474000000000011
0.97 0.6497000000000009
0.97 0.666000000000001
0.97 0.661050000000001
0.97 0.6546000000000011
0.97 0.6672500000000011
0.97 0.626100000000001
0.97 0.5699000000000009
0.97 0.5863500000000009
0.97 0.6426500000000008
0.97 0.6495500000000008
0.97 0.6539000000000008
0.97 0.6397000000000013
0.97 0.6413500000000012
0.97 0.5689000000000007
0.97 0.5713500000000007
0.97 0.5131500000000007
0.97 0.5295000000000006
0.97 0.5031500000000004
0.97 0.47955000000000025
0.97 0.44735000000000036
0.97 0.44710000000000044
0.97 0.4225500000000004
0.97 0.41660000000000047
0.97 0.42530000000000046
0.97 0.4497500000000004
0.97 0.42990000000000045
0.97 0.4039000000000005
0.97 0.40910000000000046
0.97 0.4494500000000003
0.97 0.43460000000000043
0.97 0.42340000000000044
0.97 0.42585000000000034
0.97 0.4056000000000005
0.97 0.4535000000000002
0.97 0.4627000000000004
0.97 0.4310500000000004
0.97 0.4646000000000003
0.97 0.4145000000000005
0.97 0.4395000000000004
0.97 0.4126500000000005
0.97 0.3992500000000005
0.97 0.40185000000000043
0.97 0.39995000000000047
0.97 0.40740000000000043
0.97 0.4097500000000005
0.97 0.4098500000000005
0.97 0.4063500000000005
0.97 0.4065500000000005
0.97 0.4036500000000005
0.97 0.4036000000000005
0.97 0.4068000000000005
0.97 0.42695000000000044
0.97 0.4529000000000004
0.97 0.45235000000000036
0.97 0.46895000000000037
0.97 0.4650000000000003
0.97 0.44850000000000034
0.97 0.45665000000000033
0.97 0.43750000000000044
0.97 0.4531500000000004
0.97 0.44745000000000035
0.97 0.5524000000000003
0.97 0.5942000000000002
0.97 0.6012500000000001
0.97 0.6367999999999997
0.97 0.661399999999999
0.97 0.6686499999999986
0.97 0.6755499999999987
0.97 0.7016499999999991
0.97 0.7019499999999986
0.97 0.6771499999999991
0.97 0.7212999999999998
0.97 0.7224000000000003
0.97 0.7284999999999993
0.97 0.7135999999999992
0.97 0.7352499999999985
0.97 0.7714999999999996
0.97 0.7519499999999992
0.97 0.7168999999999991
0.97 0.7220499999999994
0.97 0.7154999999999991
0.97 0.7244999999999989
0.97 0.7215499999999989
0.97 0.7247499999999992
0.97 0.7214999999999993
0.97 0.7240499999999988
0.97 0.7272499999999988
0.97 0.7267999999999992
0.97 0.7379499999999989
0.97 0.7578499999999991
0.97 0.7612499999999991
0.97 0.7641499999999992
0.97 0.7527999999999987
0.97 0.7645999999999994
0.97 0.7272499999999991
0.97 0.7310499999999988
0.97 0.7778999999999994
0.97 0.7862999999999992
0.97 0.7933999999999994
0.97 0.8050499999999994
0.97 0.7884999999999992
0.97 0.8093499999999988
0.97 0.8117999999999995
0.97 0.80765
0.97 0.8203499999999998
0.97 0.8454499999999991
0.97 0.8612499999999992
0.97 0.8562499999999994
0.97 0.8641999999999992
0.97 0.8651999999999996
0.97 0.8688499999999999
0.97 0.8664999999999989
0.97 0.8766499999999979
0.97 0.8916499999999975
0.97 0.880499999999998
0.97 0.8827999999999981
0.97 0.8598999999999981
0.97 0.7284499999999988
0.97 0.7296999999999987
0.97 0.728149999999999
0.97 0.7346499999999989
0.97 0.7918999999999997
0.97 0.8146499999999993
0.97 0.8455999999999986
0.97 0.8169500000000002
0.97 0.7821499999999995
0.97 0.7716999999999995
0.97 0.7903999999999992
0.97 0.8351499999999992
0.97 0.8216499999999993
0.97 0.8254999999999998
0.97 0.8206500000000005
0.97 0.8377
0.97 0.8679999999999999
0.97 0.8822999999999994
0.97 0.8654499999999993
0.97 0.8853999999999986
0.97 0.898649999999998
0.97 0.7392499999999994
0.97 0.7662499999999993
0.97 0.8100999999999996
0.97 0.8598999999999991
0.97 0.8671999999999989
0.97 0.8567499999999995
0.97 0.8846999999999982
0.97 0.8954499999999987
0.97 0.8742999999999985
0.97 0.8644499999999989
0.97 0.7619999999999991
0.97 0.7106999999999997
0.97 0.7327999999999993
