0.68 0.38114999999999966
0.68 0.40544999999999937
0.78 0.38709999999999994
0.71 0.41009999999999913
0.68 0.40744999999999915
0.67 0.412149999999999
0.67 0.426799999999999
0.67 0.3886499999999999
0.63 0.3639000000000005
0.67 0.41034999999999927
0.66 0.3922500000000001
0.66 0.40179999999999944
0.65 0.39949999999999924
0.66 0.40354999999999946
0.65 0.3883499999999998
0.72 0.4233499999999987
0.68 0.41029999999999917
0.74 0.44239999999999857
0.8 0.47969999999999774
0.75 0.5040499999999984
0.86 0.4326999999999988
0.89 0.4639999999999978
0.9 0.4726999999999982
0.88 0.5190999999999986
0.91 0.561749999999999
0.72 0.5101999999999992
0.89 0.5799499999999989
0.92 0.6445999999999998
0.83 0.5972499999999986
0.93 0.6810500000000012
0.97 0.7723999999999994
0.97 0.7794
0.97 0.7774999999999993
0.99 0.7294000000000008
0.9 0.6988500000000002
0.94 0.6677500000000001
0.88 0.5495499999999999
0.94 0.6611499999999999
0.83 0.5790999999999998
0.8 0.5095000000000001
0.71 0.4285000000000002
0.91 0.46584999999999743
0.94 0.6528500000000002
0.78 0.5489499999999995
0.77 0.5564499999999999
0.67 0.5147499999999997
0.67 0.5228499999999983
0.9 0.3806999999999991
0.67 0.33689999999999976
0.68 0.42929999999999807
0.67 0.43894999999999795
0.67 0.46374999999999766
0.68 0.40194999999999886
0.67 0.4444999999999979
0.67 0.43724999999999836
0.6 0.34435000000000054
0.45 0.3175000000000002
0.51 0.32330000000000025
0.57 0.3357000000000003
0.59 0.35380000000000034
0.6 0.3510500000000005
0.61 0.3952999999999991
0.61 0.4530999999999982
0.69 0.4934999999999994
0.69 0.5252500000000003
0.78 0.5277000000000004
0.78 0.45699999999999924
0.78 0.49319999999999936
0.85 0.46404999999999946
0.84 0.3983999999999995
0.84 0.3579500000000001
0.73 0.40319999999999856
0.85 0.4127999999999982
0.85 0.4820999999999991
0.85 0.49349999999999944
0.85 0.4788499999999986
0.89 0.5403999999999989
0.84 0.4326999999999991
0.76 0.40709999999999946
0.78 0.3541000000000007
0.65 0.34035000000000065
0.76 0.44654999999999867
0.82 0.41114999999999924
0.67 0.4439999999999985
0.79 0.4805999999999987
0.89 0.5426000000000001
0.9 0.5701000000000002
0.84 0.59975
0.9 0.6615500000000005
0.84 0.6545500000000009
0.93 0.667150000000001
0.93 0.6872500000000004
0.86 0.6423500000000004
0.95 0.6731000000000009
0.97 0.7658999999999998
0.97 0.7420500000000007
0.97 0.7112500000000006
0.98 0.6854500000000004
0.98 0.6484000000000003
0.98 0.7400000000000015
0.67 0.5629500000000004
0.67 0.49094999999999955
0.67 0.4964499999999994
0.93 0.5922000000000012
0.67 0.53715
0.93 0.6309000000000001
0.93 0.6755499999999999
0.95 0.5844500000000002
0.95 0.6425499999999995
0.72 0.6189999999999998
0.72 0.6324000000000002
0.74 0.6264499999999997
0.67 0.6497500000000003
0.9 0.6844500000000007
0.92 0.7084500000000006
0.76 0.6521499999999998
0.76 0.6564500000000005
0.74 0.6645000000000006
0.83 0.6691500000000008
0.83 0.674200000000001
0.83 0.6761000000000011
0.83 0.6760000000000013
0.83 0.6691000000000007
0.83 0.6725000000000005
0.84 0.6647500000000012
0.88 0.6849000000000011
0.92 0.7043500000000001
0.92 0.7411500000000004
0.97 0.7495999999999999
0.97 0.7914499999999981
0.97 0.8028499999999997
0.97 0.8525499999999995
0.98 0.8643
0.98 0.8462500000000003
0.98 0.9167000000000002
0.98 0.9231499999999994
0.98 0.9354499999999991
0.98 0.8989000000000027
0.98 0.9275500000000007
0.98 0.9015000000000007
0.98 0.9084000000000012
0.98 0.9255000000000002
0.98 0.9523999999999989
0.98 0.9625999999999992
0.98 0.9663499999999996
0.98 0.9425500000000001
0.98 0.9559500000000007
0.98 0.9562999999999994
0.98 0.8376999999999988
0.98 0.9317000000000004
0.98 0.9137499999999997
0.98 0.9568499999999998
0.98 0.9542999999999994
0.98 0.9582499999999982
0.98 0.9474999999999987
0.98 0.9241999999999986
0.98 0.9648999999999981
0.98 0.9593499999999979
0.98 0.9343499999999985
0.98 0.9564999999999985
0.98 0.9539999999999986
0.98 0.9599999999999984
0.99 0.9548999999999979
0.99 0.9559999999999976
0.99 0.9588499999999978
0.99 0.9535499999999983
0.99 0.9659499999999981
0.99 0.9528499999999991
0.99 0.9525999999999984
0.98 0.9607499999999984
0.99 0.9658999999999983
0.99 0.9593499999999986
0.99 0.9631499999999983
0.99 0.9627999999999983
0.99 0.9646499999999982
0.99 0.9636999999999988
0.99 0.9624499999999985
0.99 0.9590499999999981
0.99 0.9664499999999987
0.99 0.963449999999999
0.99 0.9677499999999987
0.99 0.9633999999999989
0.99 0.9634499999999996
0.99 0.9732499999999983
0.99 0.9753499999999975
0.99 0.9553999999999992
0.99 0.970849999999997
0.99 0.9528999999999961
0.99 0.9757499999999972
0.99 0.9538499999999989
0.99 0.9781499999999973
0.99 0.9662999999999984
0.99 0.9500999999999992
0.99 0.9137999999999983
0.99 0.9565999999999977
0.99 0.969499999999998
0.99 0.9661999999999986
0.99 0.9469999999999998
0.99 0.9573999999999981
0.99 0.9630999999999992
0.99 0.9665499999999994
0.99 0.9699500000000004
0.99 0.970600000000001
0.99 0.9706500000000005
0.99 0.9648500000000003
0.99 0.9631000000000004
0.99 0.9708500000000005
0.99 0.9638000000000002
0.99 0.9621000000000005
0.99 0.9667500000000004
0.99 0.9534999999999997
0.99 0.9535999999999977
0.99 0.9548499999999989
0.99 0.962949999999998
0.99 0.9634999999999987
0.99 0.9636499999999998
0.99 0.9637999999999987
0.99 0.9720500000000007
0.99 0.9709500000000009
0.99 0.9731000000000006
0.99 0.9783000000000012
0.99 0.974850000000001
0.99 0.9658000000000005
0.99 0.9639500000000006
0.99 0.9598500000000004
0.99 0.9607499999999998
0.99 0.9661499999999998
0.99 0.9761499999999999
0.99 0.9759000000000009
0.99 0.976400000000001
0.99 0.9753500000000009
0.99 0.9813500000000009
0.99 0.9812500000000013
0.99 0.9679500000000012
0.99 0.9688500000000003
0.99 0.972450000000001
0.99 0.9710500000000007
0.99 0.9688000000000003
0.99 0.9831000000000009
0.99 0.9725000000000006
0.99 0.9770000000000003
0.99 0.9330999999999995
0.99 0.9461499999999999
0.99 0.9688500000000002
0.99 0.9704500000000009
0.99 0.9608500000000003
0.99 0.9461499999999995
0.99 0.7509999999999992
0.99 0.8804000000000001
0.99 0.9699999999999994
0.99 0.953399999999999
0.99 0.9572999999999996
0.99 0.9616499999999985
0.99 0.9810499999999965
0.99 0.9179999999999977
0.99 0.9589499999999985
0.99 0.9767999999999993
0.99 0.9269499999999989
0.99 0.9313999999999987
0.99 0.9672999999999975
0.99 0.9658999999999996
0.99 0.9723500000000003
0.99 0.9674999999999997
0.99 0.9709000000000003
0.99 0.9663499999999998
0.99 0.972499999999998
0.99 0.9823499999999983
0.99 0.9715999999999958
0.99 0.9825999999999984
0.99 0.966899999999996
0.99 0.923799999999999
0.99 0.9661499999999994
0.99 0.9503999999999999
0.99 0.9745500000000001
0.99 0.9655499999999995
0.99 0.9810500000000008
0.99 0.9272500000000004
0.99 0.9578
0.99 0.9027999999999985
0.99 0.9649499999999999
0.99 0.9642999999999998
0.99 0.9754999999999998
0.99 0.9743500000000007
0.99 0.9786500000000009
0.99 0.9834000000000013
0.99 0.9866000000000013
0.99 0.9738500000000013
0.99 0.9859000000000004
0.99 0.9861500000000014
0.99 0.9868000000000015
0.99 0.9793500000000012
0.99 0.9711500000000006
0.99 0.9749000000000005
0.99 0.9853000000000014
0.99 0.9766000000000014
0.99 0.9793500000000006
0.99 0.9838500000000008
0.99 0.9854000000000014
0.99 0.9841500000000012
0.99 0.9855000000000009
0.99 0.9849000000000013
0.99 0.9840000000000012
0.99 0.9871000000000015
0.99 0.9777000000000011
0.99 0.9833500000000012
0.99 0.9813500000000015
0.99 0.980700000000001
0.99 0.9795500000000008
0.99 0.9751499999999999
0.99 0.9807000000000002
0.99 0.9163499999999982
0.99 0.9419999999999982
0.99 0.9553999999999996
0.99 0.9729500000000008
0.99 0.976900000000001
0.99 0.9802500000000012
0.99 0.9826500000000011
0.99 0.9835500000000014
0.99 0.9855000000000013
0.99 0.9764500000000007
0.99 0.9866000000000014
0.99 0.9837500000000016
0.99 0.9851000000000014
0.99 0.9821000000000011
0.99 0.9806000000000011
0.99 0.9817499999999995
0.99 0.984950000000001
0.99 0.973249999999998
0.99 0.9822500000000011
0.99 0.9786000000000008
0.99 0.9789500000000007
0.99 0.9769999999999999
0.99 0.9847500000000011
0.99 0.9860000000000008
0.99 0.9839999999999997
0.99 0.9778499999999971
0.99 0.9784999999999977
0.99 0.9776999999999983
0.99 0.9809499999999999
0.99 0.98235
0.99 0.9847500000000011
0.99 0.9800500000000011
0.99 0.9776999999999971
0.99 0.975099999999997
0.99 0.9770499999999998
0.99 0.9800000000000004
0.99 0.981250000000001
0.99 0.9848500000000011
0.99 0.9871500000000013
0.99 0.9750499999999974
0.99 0.9803499999999984
0.99 0.9823000000000005
0.99 0.9868500000000013
0.99 0.9847000000000011
0.99 0.9869500000000011
0.99 0.9885500000000014
0.99 0.9865500000000006
0.99 0.9822500000000005
0.99 0.982750000000001
0.99 0.985600000000001
0.99 0.985900000000001
0.99 0.9819500000000007
0.99 0.9761999999999975
0.99 0.9839499999999998
0.99 0.9820999999999996
0.99 0.9832999999999998
0.99 0.9810999999999988
0.99 0.9830999999999989
0.99 0.9874500000000009
0.99 0.9771000000000011
0.99 0.9831500000000011
0.99 0.9873500000000012
0.99 0.9844000000000015
0.99 0.9828500000000013
0.99 0.9807000000000015
0.99 0.9776500000000001
0.99 0.9710999999999982
0.99 0.9843000000000001
0.99 0.9834000000000009
0.99 0.9835000000000015
0.99 0.9794000000000007
0.99 0.9803500000000004
0.99 0.9842000000000007
0.99 0.9817499999999995
0.99 0.9844000000000012
0.99 0.9859999999999997
0.99 0.984299999999997
0.99 0.9794999999999995
0.99 0.9732499999999977
0.99 0.9690999999999989
0.99 0.9735999999999975
0.99 0.9764999999999988
0.99 0.9705499999999969
0.99 0.9810499999999972
0.99 0.9787499999999975
0.99 0.9754999999999981
0.99 0.9795499999999988
0.99 0.9868999999999996
0.99 0.9727499999999957
0.99 0.9800499999999975
0.99 0.9818999999999994
0.99 0.9830499999999985
0.99 0.9840999999999994
0.99 0.9823499999999992
0.99 0.9765999999999997
0.99 0.9790500000000009
0.99 0.9810500000000011
0.99 0.9892000000000012
0.99 0.9831500000000005
0.99 0.9794500000000005
0.99 0.9813500000000007
0.99 0.9783000000000005
0.99 0.9790999999999996
0.99 0.983200000000001
0.99 0.9804500000000005
0.99 0.9846500000000011
0.99 0.9812500000000012
0.99 0.9823000000000012
0.99 0.9827000000000012
0.99 0.9826000000000011
0.99 0.9812500000000008
0.99 0.978750000000001
0.99 0.9865000000000012
0.99 0.9821000000000012
0.99 0.984200000000001
0.99 0.9820000000000003
0.99 0.9805999999999994
0.99 0.9756499999999986
0.99 0.9796499999999981
0.99 0.9617499999999987
0.99 0.9687999999999994
0.99 0.9722999999999984
0.99 0.9788999999999966
0.99 0.9760500000000008
0.99 0.9752999999999996
0.99 0.9721500000000011
0.99 0.9701500000000014
0.99 0.9681500000000001
0.99 0.9742999999999995
0.99 0.9719999999999973
0.99 0.9649999999999963
0.99 0.9805499999999973
0.99 0.9793499999999988
0.99 0.97795
0.99 0.9881000000000006
0.99 0.9821500000000012
0.99 0.9816500000000014
0.99 0.9821000000000013
0.99 0.9866000000000011
0.99 0.9866000000000013
0.99 0.9820000000000012
0.99 0.9883500000000014
0.99 0.9843000000000012
0.99 0.9782000000000007
0.99 0.9806500000000012
0.99 0.9825000000000013
0.99 0.9855500000000014
0.99 0.9808000000000011
0.99 0.9882500000000014
0.99 0.983600000000001
0.99 0.9805500000000008
0.99 0.9820000000000007
0.99 0.9807000000000002
0.99 0.9817500000000008
0.99 0.9832000000000012
0.99 0.981850000000001
0.99 0.980600000000001
0.99 0.9849500000000013
0.99 0.9848500000000014
0.99 0.9798500000000014
0.99 0.9832500000000013
0.99 0.9792000000000006
0.99 0.9783999999999996
0.99 0.9805000000000011
0.99 0.9785000000000014
0.99 0.9792000000000012
0.99 0.976350000000001
0.99 0.9714000000000007
0.99 0.9800500000000006
0.99 0.9813500000000012
0.99 0.9825500000000011
0.99 0.9773000000000006
0.99 0.9811500000000009
0.99 0.9824500000000014
0.99 0.9803000000000011
0.99 0.9802000000000003
0.99 0.983150000000001
0.99 0.9708999999999977
0.99 0.9814500000000008
0.99 0.9775499999999994
0.99 0.9742499999999974
0.99 0.9818999999999996
0.99 0.9881000000000013
0.99 0.8385499999999969
0.99 0.9395999999999973
0.99 0.9355499999999988
0.99 0.9683999999999972
0.99 0.979299999999997
0.99 0.9852499999999991
0.99 0.97925
