0.95 0.41402999999999524
0.97 0.4610599999999962
0.97 0.48283999999999727
0.97 0.5156999999999973
0.97 0.5482600000000027
0.97 0.5687200000000036
0.97 0.6126800000000039
0.97 0.6135200000000055
0.97 0.6309400000000036
0.97 0.6557000000000072
0.97 0.6855500000000057
0.97 0.7046100000000008
0.97 0.7122099999999986
0.97 0.7237599999999961
0.97 0.7432699999999914
0.97 0.7569599999999891
0.97 0.7647299999999916
0.98 0.7710099999999953
0.98 0.789009999999996
0.98 0.783509999999998
0.98 0.7907199999999946
0.98 0.8059699999999965
0.98 0.8189699999999944
0.98 0.8277799999999981
0.98 0.829389999999998
0.98 0.8275199999999995
0.98 0.8362799999999985
0.98 0.8372199999999963
0.98 0.8371299999999976
0.98 0.8330899999999973
0.98 0.8507199999999965
0.98 0.8590599999999967
0.98 0.8553599999999971
0.98 0.8560999999999969
0.98 0.8620299999999974
0.98 0.8516699999999985
0.98 0.854079999999998
0.98 0.8543299999999964
0.98 0.8540899999999976
0.98 0.8531599999999991
0.98 0.8472399999999971
0.98 0.8471899999999987
0.98 0.8545499999999984
0.98 0.8599999999999968
0.98 0.8782699999999983
0.98 0.8708599999999976
0.98 0.8663999999999938
0.98 0.8710599999999973
0.98 0.8689899999999973
0.98 0.8669499999999967
0.98 0.8638699999999978
0.98 0.8717299999999963
0.98 0.8762199999999982
0.98 0.8777599999999993
0.98 0.8736899999999994
0.98 0.8762899999999986
0.98 0.87584
0.98 0.8662199999999971
0.98 0.8746499999999997
0.98 0.8740500000000017
0.98 0.8764500000000042
0.98 0.8666800000000011
0.98 0.8695900000000013
0.99 0.8643999999999986
0.99 0.8694499999999992
0.99 0.8490499999999992
0.99 0.8500699999999987
0.99 0.8463799999999979
0.99 0.8539199999999962
0.99 0.8792799999999986
0.99 0.8707599999999968
0.99 0.860169999999998
0.99 0.8667999999999975
0.99 0.8715799999999978
0.99 0.8691599999999973
0.99 0.8698400000000005
0.99 0.8745700000000008
0.99 0.8608999999999972
0.99 0.8648699999999998
0.99 0.8710400000000028
0.99 0.8629399999999982
0.99 0.8657200000000016
0.99 0.870170000000003
0.99 0.8663400000000016
0.99 0.8667999999999998
0.99 0.8646599999999994
0.99 0.8585500000000007
0.99 0.853710000000001
0.99 0.8627699999999991
0.99 0.8694700000000002
0.99 0.8648399999999992
0.99 0.8696400000000004
0.99 0.867989999999998
0.99 0.871640000000002
0.99 0.8688700000000001
0.99 0.8733199999999983
0.99 0.8686399999999972
0.99 0.8753799999999976
0.99 0.8658199999999964
0.99 0.8657099999999975
