0.86 0.4233500000000026
0.86 0.4606100000000034
0.92 0.4947700000000037
0.92 0.5168700000000032
0.94 0.5491300000000018
0.94 0.5826199999999968
0.96 0.5950099999999972
0.96 0.6153199999999984
0.96 0.6216699999999978
0.96 0.6377600000000001
0.97 0.6513999999999988
0.97 0.6685499999999955
0.97 0.6901299999999947
0.97 0.7010899999999917
0.97 0.7147999999999949
0.97 0.7189899999999955
0.97 0.7224999999999945
0.97 0.7301699999999967
0.98 0.7402799999999992
0.98 0.7475199999999999
0.98 0.7595700000000022
0.98 0.7572100000000017
0.98 0.7775500000000038
0.98 0.7808600000000036
0.98 0.7872600000000035
0.98 0.7964600000000049
0.98 0.7958700000000032
0.98 0.8034000000000012
0.98 0.8148600000000007
0.98 0.8239000000000022
0.98 0.8186800000000034
0.98 0.8124300000000001
0.98 0.80725
0.98 0.8178600000000015
0.98 0.8220600000000032
0.98 0.8333100000000015
0.98 0.8264600000000019
0.98 0.8355500000000007
0.98 0.837910000000002
0.98 0.833690000000001
0.98 0.8394200000000028
0.98 0.8434100000000024
0.98 0.8460600000000019
0.98 0.846150000000001
0.98 0.841240000000002
0.98 0.8334300000000006
0.98 0.84116
0.98 0.8541499999999991
0.98 0.8426200000000011
0.98 0.8561399999999988
0.98 0.8542100000000027
0.98 0.8517000000000015
0.98 0.8544400000000015
0.98 0.856080000000002
0.98 0.8560400000000028
0.98 0.860819999999999
0.98 0.8566799999999982
0.98 0.8613599999999978
0.98 0.8607599999999964
0.98 0.8584799999999981
0.98 0.8558399999999977
0.98 0.8600699999999982
0.98 0.8600099999999976
0.98 0.8587299999999979
0.98 0.8714599999999951
0.98 0.8703599999999956
0.98 0.8685499999999938
0.98 0.8731299999999945
0.98 0.8690099999999968
0.98 0.8603199999999966
0.98 0.8762499999999975
0.98 0.8808499999999979
0.98 0.8783399999999979
0.98 0.8863999999999996
0.98 0.8759299999999974
0.98 0.8689699999999959
0.98 0.8674399999999972
0.98 0.8667199999999968
0.98 0.8683599999999959
0.98 0.8668799999999959
0.98 0.8600699999999963
0.98 0.8735799999999967
0.98 0.8791499999999971
0.98 0.8784199999999968
0.98 0.8787099999999972
0.98 0.8787799999999963
0.98 0.879449999999996
0.98 0.8849699999999974
0.98 0.8809899999999949
0.98 0.8793199999999974
0.98 0.8719599999999952
0.98 0.8801199999999958
0.98 0.8806599999999966
0.98 0.8786299999999948
0.98 0.8741399999999948
0.98 0.873699999999996
0.98 0.8791999999999943
0.98 0.884309999999996
0.98 0.8744599999999934
0.98 0.8713299999999948
