0.07999999999999996 0.611059999999998
0.09999999999999998 0.5696999999999983
0.06000000000000005 0.5383799999999996
0.09999999999999998 0.5065599999999991
0.09999999999999998 0.4767999999999996
0.07999999999999996 0.4477599999999996
0.06000000000000005 0.41618
0.06000000000000005 0.40717999999999976
0.06000000000000005 0.3942599999999994
0.06000000000000005 0.36707999999999935
0.06000000000000005 0.3497999999999986
0.06000000000000005 0.3390999999999981
0.06000000000000005 0.3250999999999984
0.06000000000000005 0.3272599999999983
0.06000000000000005 0.3250999999999982
0.06000000000000005 0.3234199999999984
0.06000000000000005 0.31983999999999874
0.06000000000000005 0.31179999999999963
0.040000000000000036 0.3002999999999987
0.040000000000000036 0.305499999999999
0.040000000000000036 0.2895999999999991
0.040000000000000036 0.29035999999999895
0.040000000000000036 0.2742999999999988
0.040000000000000036 0.26193999999999934
0.040000000000000036 0.26713999999999866
0.040000000000000036 0.25567999999999913
0.040000000000000036 0.25209999999999916
0.040000000000000036 0.2546599999999993
0.040000000000000036 0.2450599999999991
0.040000000000000036 0.24249999999999947
0.040000000000000036 0.24347999999999925
0.040000000000000036 0.2443599999999991
0.040000000000000036 0.23623999999999898
0.040000000000000036 0.2349399999999992
0.040000000000000036 0.22685999999999915
0.040000000000000036 0.22815999999999925
0.040000000000000036 0.2257799999999994
0.040000000000000036 0.22235999999999884
0.040000000000000036 0.2355599999999989
0.040000000000000036 0.22349999999999898
0.040000000000000036 0.22403999999999924
0.040000000000000036 0.22495999999999913
0.040000000000000036 0.21601999999999916
0.040000000000000036 0.2178199999999992
0.040000000000000036 0.21329999999999935
0.040000000000000036 0.20237999999999906
0.040000000000000036 0.19321999999999928
0.040000000000000036 0.1981999999999994
0.040000000000000036 0.21445999999999943
0.040000000000000036 0.20669999999999938
0.040000000000000036 0.2035999999999993
0.040000000000000036 0.19419999999999932
0.040000000000000036 0.19847999999999938
0.040000000000000036 0.20173999999999928
0.040000000000000036 0.2036399999999994
0.040000000000000036 0.2077399999999991
0.040000000000000036 0.205039999999999
0.040000000000000036 0.20053999999999902
0.040000000000000036 0.19795999999999936
0.040000000000000036 0.19153999999999907
0.040000000000000036 0.19519999999999943
0.040000000000000036 0.20809999999999915
0.040000000000000036 0.20385999999999915
0.040000000000000036 0.19859999999999925
0.040000000000000036 0.20853999999999925
0.040000000000000036 0.1951599999999992
0.040000000000000036 0.18481999999999918
0.040000000000000036 0.19639999999999952
0.040000000000000036 0.19299999999999934
0.040000000000000036 0.19117999999999916
0.040000000000000036 0.18815999999999933
0.040000000000000036 0.18835999999999925
0.040000000000000036 0.18461999999999937
0.040000000000000036 0.19111999999999937
0.040000000000000036 0.18679999999999927
0.040000000000000036 0.2048199999999994
0.040000000000000036 0.1964399999999993
0.040000000000000036 0.19955999999999907
0.040000000000000036 0.1748999999999993
0.040000000000000036 0.17667999999999956
0.040000000000000036 0.1626599999999996
0.040000000000000036 0.17241999999999935
0.040000000000000036 0.18029999999999924
0.040000000000000036 0.18335999999999966
0.040000000000000036 0.16897999999999938
0.040000000000000036 0.17743999999999926
0.040000000000000036 0.1777999999999993
0.040000000000000036 0.17013999999999932
0.040000000000000036 0.16155999999999945
0.040000000000000036 0.17013999999999926
0.040000000000000036 0.17947999999999914
0.040000000000000036 0.17705999999999936
0.040000000000000036 0.17279999999999915
0.040000000000000036 0.17031999999999917
0.040000000000000036 0.16865999999999912
0.040000000000000036 0.16931999999999917
0.040000000000000036 0.16453999999999924
0.040000000000000036 0.1795799999999993
0.040000000000000036 0.1719199999999992
0.040000000000000036 0.1718399999999993
