0.68 0.3794500000000001
0.68 0.4146499999999998
0.66 0.4190500000000002
0.84 0.4449499999999999
0.78 0.42354999999999954
0.87 0.46029999999999993
0.82 0.43549999999999983
0.78 0.45284999999999975
0.79 0.4209499999999998
0.83 0.44874999999999987
0.68 0.44635000000000036
0.81 0.4683
0.89 0.4484999999999997
0.81 0.4493999999999997
0.95 0.45609999999999945
0.76 0.4773499999999998
0.94 0.47085
0.81 0.46920000000000006
0.96 0.4564499999999997
0.84 0.45719999999999944
0.93 0.4823500000000003
0.74 0.5000000000000002
0.89 0.5335999999999999
0.89 0.5835999999999996
0.84 0.5366499999999997
0.81 0.5569999999999997
0.81 0.5810500000000005
0.9 0.5960500000000002
0.92 0.5401999999999997
0.92 0.5654500000000006
0.75 0.45585000000000037
0.71 0.44445000000000057
0.8 0.5085999999999999
0.83 0.5460499999999997
0.93 0.57585
0.94 0.6045499999999999
0.74 0.5749999999999996
0.83 0.6132000000000002
0.84 0.6262999999999997
0.96 0.6086000000000004
0.96 0.6475000000000002
0.96 0.6744
0.93 0.63105
0.96 0.6727
0.9 0.6977000000000004
0.95 0.6095000000000002
0.97 0.6230000000000003
0.82 0.5979500000000002
0.66 0.5601999999999999
0.67 0.5533000000000005
0.78 0.6007500000000003
0.8 0.6330500000000004
0.96 0.6188500000000006
0.65 0.4752000000000007
0.64 0.5423500000000001
0.64 0.5384499999999995
0.64 0.6025
0.9 0.6229499999999997
0.96 0.6329999999999996
0.97 0.708
0.97 0.6559999999999994
0.67 0.5655999999999995
0.97 0.6628499999999998
0.97 0.7532499999999994
0.97 0.7709999999999984
0.97 0.7990499999999972
0.97 0.775349999999999
0.97 0.7955999999999988
0.9 0.6292500000000001
0.91 0.7302000000000004
0.89 0.62515
0.91 0.7547999999999995
0.97 0.6289000000000006
0.9 0.5876500000000006
0.64 0.579950000000001
0.65 0.5490500000000005
0.78 0.5325500000000002
0.68 0.5729000000000012
0.64 0.6016000000000012
0.64 0.5662000000000009
0.89 0.6212499999999999
0.82 0.6299999999999997
0.95 0.6879000000000001
0.82 0.6927499999999998
0.82 0.6374000000000005
0.64 0.5554000000000001
0.64 0.5717500000000001
0.64 0.471900000000001
0.75 0.6092500000000003
0.64 0.4660500000000004
0.67 0.5094000000000002
0.63 0.48540000000000033
0.64 0.5628500000000002
0.71 0.6036500000000002
0.74 0.4968999999999997
0.74 0.5877499999999996
0.64 0.5952999999999997
0.64 0.6122499999999997
0.64 0.61745
0.64 0.6241500000000001
0.64 0.6359000000000004
0.64 0.6262000000000004
0.64 0.6319000000000005
0.64 0.6179500000000003
0.68 0.6129000000000002
0.74 0.6074000000000003
0.68 0.6204000000000004
0.64 0.5603499999999996
0.64 0.5999499999999999
0.64 0.6246500000000004
0.64 0.6308000000000002
0.64 0.5614499999999992
0.64 0.6391500000000004
0.64 0.6345500000000004
0.64 0.6293000000000003
0.79 0.6310000000000001
0.64 0.6264500000000003
0.64 0.6253000000000004
0.64 0.6311000000000004
0.64 0.6007499999999998
0.64 0.5521999999999996
0.64 0.5580499999999992
0.64 0.5499999999999994
0.64 0.5852499999999996
0.64 0.5749499999999991
0.64 0.5530999999999985
0.64 0.5805499999999995
0.64 0.6029000000000001
0.64 0.6202499999999993
0.64 0.6307499999999999
0.64 0.6290499999999998
0.64 0.5489999999999989
0.64 0.5667999999999985
0.64 0.5880000000000004
0.64 0.6007500000000001
0.64 0.6197999999999992
0.64 0.6198499999999996
0.64 0.6263500000000001
0.64 0.6279999999999999
0.64 0.6331500000000002
0.64 0.6312000000000003
0.64 0.6368000000000003
0.64 0.6332000000000001
0.64 0.63075
0.64 0.6188500000000005
0.69 0.6285000000000004
0.74 0.6392500000000003
0.86 0.6289000000000005
0.82 0.5551999999999999
0.94 0.6315500000000005
0.88 0.6288999999999999
0.9 0.6485000000000001
0.86 0.6055000000000001
0.86 0.6516499999999996
0.94 0.6809500000000002
0.94 0.6991499999999996
0.93 0.7210499999999993
0.95 0.7620999999999999
0.95 0.7152500000000007
0.8 0.5952
0.81 0.6378500000000004
0.94 0.7650999999999997
0.9 0.7326499999999982
0.83 0.6829000000000002
0.82 0.6776000000000001
0.82 0.6227999999999994
0.94 0.7118499999999998
0.89 0.6831000000000005
0.88 0.7248000000000002
0.86 0.7187500000000003
0.89 0.74245
0.87 0.6496000000000001
0.85 0.6307499999999994
0.93 0.6249499999999992
0.67 0.5374999999999983
0.68 0.5467999999999988
0.71 0.6041500000000005
0.87 0.6305499999999992
0.82 0.5804499999999999
0.82 0.5980499999999997
0.82 0.6237999999999997
0.86 0.47304999999999886
0.82 0.5356999999999993
0.83 0.6024
0.83 0.6445500000000004
0.72 0.5951500000000004
0.72 0.6066999999999999
0.82 0.6523499999999999
0.83 0.59545
0.67 0.5937499999999998
0.64 0.6016000000000006
0.83 0.6594000000000004
0.83 0.6941999999999999
0.82 0.6480999999999996
0.83 0.7151
0.58 0.5336999999999992
0.56 0.5401499999999996
0.6 0.5517000000000005
0.68 0.5695000000000011
0.68 0.5996000000000006
0.68 0.5687500000000006
0.67 0.5807000000000009
0.66 0.5468000000000004
0.68 0.5191000000000002
0.68 0.4107999999999993
0.67 0.5417000000000006
0.68 0.5492500000000006
0.68 0.5997000000000001
0.56 0.4629000000000015
0.66 0.4901000000000016
0.56 0.34310000000000135
0.56 0.3497500000000017
0.54 0.3443500000000013
0.67 0.5367000000000002
0.68 0.5635499999999998
0.68 0.4707999999999999
0.66 0.4875499999999999
0.64 0.4498500000000016
0.65 0.46480000000000005
0.63 0.3527999999999988
0.67 0.5201500000000008
0.64 0.3782499999999993
0.3 0.29999999999999893
0.3 0.29999999999999893
0.3 0.29999999999999893
0.3 0.29999999999999893
0.3 0.29999999999999893
0.3 0.29999999999999893
0.66 0.3324499999999986
0.76 0.4936999999999994
0.76 0.5441
0.76 0.5680499999999999
0.76 0.58805
0.72 0.47099999999999953
0.64 0.3929999999999989
0.64 0.44714999999999877
0.66 0.5059999999999999
0.66 0.55855
0.66 0.5557500000000001
0.67 0.6054000000000007
0.68 0.6180500000000001
0.68 0.5726499999999992
0.75 0.6237999999999996
0.78 0.6307499999999994
0.78 0.6398499999999998
0.82 0.6353999999999999
0.82 0.6470000000000009
0.83 0.6558000000000015
0.83 0.6313
0.83 0.6887000000000012
0.83 0.7067000000000003
0.83 0.7336000000000007
0.82 0.5824499999999989
0.78 0.5543999999999994
0.82 0.54885
0.82 0.5883499999999998
0.83 0.6192500000000003
0.83 0.6292000000000002
0.83 0.6661000000000017
0.83 0.6988500000000015
0.83 0.7308500000000013
0.83 0.7215500000000019
0.83 0.7342500000000007
0.83 0.7623999999999985
0.83 0.777499999999998
0.83 0.7892499999999978
0.83 0.7942999999999981
0.83 0.8004999999999987
0.83 0.7773999999999996
0.83 0.7929499999999993
0.83 0.6091999999999984
0.83 0.6213000000000001
0.83 0.655
0.83 0.7234500000000001
0.83 0.7088000000000001
0.83 0.7590999999999986
0.83 0.6531000000000007
0.83 0.5003999999999996
0.83 0.5442499999999995
0.83 0.6236999999999997
0.83 0.7422999999999991
0.81 0.6669000000000003
0.83 0.793999999999999
0.83 0.7301999999999991
0.83 0.7245499999999993
0.83 0.7503499999999985
0.83 0.7464499999999987
0.83 0.7677499999999984
0.83 0.7878999999999985
0.3 0.29999999999999893
0.3 0.29999999999999893
0.71 0.4230999999999982
0.3 0.29999999999999893
0.3 0.29999999999999893
0.83 0.4478499999999992
0.83 0.5964499999999997
0.92 0.7713999999999992
0.95 0.8158999999999996
0.93 0.7973000000000005
0.94 0.7254500000000008
0.94 0.8395499999999996
0.64 0.5243999999999998
0.64 0.4778499999999994
0.64 0.3344999999999985
0.64 0.3517499999999984
0.3 0.29999999999999893
0.3 0.29999999999999893
0.64 0.33464999999999856
0.64 0.3394499999999984
0.64 0.37659999999999805
0.64 0.4726499999999991
0.64 0.5681999999999993
0.64 0.5463999999999992
0.64 0.5760499999999995
0.64 0.5916499999999993
0.64 0.6083499999999998
0.64 0.6159
0.64 0.6203000000000001
0.64 0.6280500000000002
0.64 0.6247000000000003
0.64 0.5072999999999991
0.64 0.42754999999999904
0.64 0.6001499999999999
0.64 0.6204500000000003
0.64 0.6174000000000003
0.64 0.6248500000000002
0.64 0.6328000000000005
0.64 0.6247500000000005
0.64 0.6250000000000004
0.64 0.6144500000000002
0.67 0.5833999999999999
0.83 0.5810999999999994
0.83 0.6076999999999996
0.84 0.6194500000000001
0.82 0.635
0.64 0.60305
0.64 0.6147000000000001
0.64 0.4022999999999981
0.85 0.4446999999999985
0.64 0.4655999999999987
0.85 0.5422999999999994
0.97 0.5286000000000002
0.97 0.5585500000000003
0.97 0.6087499999999997
0.97 0.6530000000000004
0.95 0.6278499999999998
0.96 0.6329
0.96 0.7059999999999995
0.96 0.7454500000000006
0.97 0.7870999999999997
0.97 0.8195499999999992
0.97 0.8289999999999997
0.98 0.8532500000000002
0.97 0.8185499999999987
0.98 0.8813500000000012
0.98 0.8573000000000006
0.99 0.8525999999999999
0.99 0.8725499999999999
0.99 0.8758000000000012
0.99 0.9010500000000006
0.99 0.9138999999999995
0.99 0.9337999999999983
0.99 0.9296499999999988
0.99 0.9523999999999979
0.99 0.9325499999999977
0.99 0.8845499999999993
0.99 0.9250499999999983
0.99 0.8079999999999983
0.99 0.8676499999999983
0.99 0.8764499999999997
0.99 0.8732999999999989
0.99 0.8970499999999996
0.99 0.9319499999999998
0.99 0.766399999999999
0.99 0.825399999999997
0.99 0.8723499999999993
0.99 0.6863000000000001
0.99 0.7633499999999991
0.99 0.7899499999999986
0.99 0.8139999999999986
0.99 0.8697999999999982
0.99 0.7463999999999991
0.99 0.8868999999999994
0.99 0.832599999999998
0.83 0.6018999999999994
0.97 0.6114499999999999
0.99 0.6862500000000011
0.99 0.8588499999999989
0.99 0.8943999999999995
0.99 0.9081499999999991
0.99 0.8580499999999985
0.99 0.9183999999999998
0.99 0.9377500000000006
0.99 0.958799999999998
0.99 0.9208500000000002
0.99 0.9564999999999985
0.99 0.9751499999999973
0.99 0.9371499999999986
0.99 0.956099999999999
0.99 0.957149999999999
0.99 0.9523499999999973
0.99 0.9561999999999982
0.99 0.9637999999999982
0.99 0.9416000000000012
0.99 0.9368
0.99 0.9564999999999988
0.99 0.951950000000001
0.99 0.9595999999999988
0.99 0.9446999999999999
0.99 0.9250999999999983
0.99 0.9218499999999996
0.99 0.9329500000000002
0.99 0.9575499999999998
0.99 0.957799999999997
0.99 0.9415999999999991
0.99 0.9598499999999985
0.99 0.9597999999999991
0.99 0.9474999999999987
0.83 0.6927499999999988
0.99 0.9279499999999996
0.99 0.9397999999999993
0.99 0.937499999999999
0.99 0.9403999999999992
0.99 0.9468499999999989
0.99 0.9425999999999987
0.99 0.894849999999999
0.99 0.9430999999999985
0.99 0.9604999999999984
0.99 0.9565499999999979
0.99 0.9430499999999982
0.99 0.8316999999999986
0.99 0.8894499999999996
0.99 0.8797
0.99 0.9471499999999979
0.99 0.9092999999999981
0.99 0.914899999999999
0.99 0.958299999999997
0.99 0.9660999999999982
0.99 0.9637499999999991
0.99 0.9084499999999979
0.99 0.9403999999999983
0.99 0.972799999999999
0.99 0.9823000000000007
0.99 0.9684000000000004
0.99 0.986250000000001
0.99 0.9779000000000008
0.99 0.9292999999999987
0.99 0.8836499999999975
0.99 0.8095499999999979
0.99 0.8432999999999977
0.99 0.9263999999999989
0.99 0.9632499999999993
0.99 0.9686500000000006
0.99 0.9760500000000003
0.99 0.9799000000000001
0.99 0.9829000000000009
0.99 0.9436999999999993
0.99 0.9675500000000002
0.99 0.9242999999999991
0.99 0.9364999999999989
0.99 0.93885
0.99 0.9771500000000007
0.99 0.984800000000001
0.99 0.9671000000000007
0.99 0.9240999999999993
0.99 0.906299999999998
0.99 0.9429499999999994
0.99 0.9116999999999982
0.99 0.9799
0.99 0.9799500000000007
0.99 0.986050000000001
0.99 0.9789000000000004
0.99 0.9761000000000007
0.99 0.8372499999999989
0.99 0.7319999999999988
0.99 0.7503499999999991
0.99 0.6996500000000003
0.99 0.7858999999999996
0.99 0.7443999999999994
0.99 0.6727999999999988
0.99 0.6692499999999992
0.99 0.724099999999998
0.99 0.8642499999999984
0.99 0.8627999999999979
0.99 0.8581999999999982
0.99 0.7938999999999982
0.99 0.9266499999999995
0.99 0.9645999999999987
0.99 0.9466999999999988
0.99 0.9522999999999994
0.99 0.9449499999999992
0.99 0.901299999999998
0.99 0.9381499999999988
0.99 0.8700499999999985
0.99 0.958199999999999
0.99 0.9588999999999992
0.99 0.9720999999999997
0.99 0.9278999999999981
0.99 0.947349999999998
0.99 0.8350499999999985
