0.12 0.5687800000000007
0.12 0.5246400000000001
0.18000000000000005 0.4902799999999995
0.12 0.4669599999999996
0.12 0.4417599999999996
0.07999999999999996 0.43720000000000014
0.07999999999999996 0.4170999999999999
0.07999999999999996 0.39191999999999894
0.07999999999999996 0.36901999999999874
0.07999999999999996 0.3528999999999986
0.06000000000000005 0.33347999999999856
0.06000000000000005 0.31701999999999847
0.06000000000000005 0.3156999999999984
0.06000000000000005 0.3201199999999983
0.06000000000000005 0.332019999999998
0.06000000000000005 0.30501999999999807
0.06000000000000005 0.31307999999999825
0.06000000000000005 0.2982999999999984
0.06000000000000005 0.30731999999999843
0.06000000000000005 0.29645999999999845
0.06000000000000005 0.28555999999999865
0.06000000000000005 0.27725999999999856
0.06000000000000005 0.27143999999999824
0.06000000000000005 0.2674799999999985
0.06000000000000005 0.25771999999999856
0.06000000000000005 0.26209999999999867
0.06000000000000005 0.25729999999999925
0.06000000000000005 0.26603999999999894
0.06000000000000005 0.2564599999999989
0.06000000000000005 0.247799999999999
0.06000000000000005 0.24859999999999893
0.06000000000000005 0.24069999999999916
0.06000000000000005 0.23401999999999906
0.06000000000000005 0.23067999999999922
0.06000000000000005 0.22781999999999933
0.06000000000000005 0.23415999999999917
0.06000000000000005 0.22857999999999928
0.06000000000000005 0.21689999999999948
0.06000000000000005 0.21185999999999922
0.06000000000000005 0.2183599999999992
0.06000000000000005 0.2163599999999996
0.06000000000000005 0.20631999999999937
0.06000000000000005 0.20103999999999933
0.06000000000000005 0.1959399999999993
0.06000000000000005 0.1997399999999995
0.06000000000000005 0.18687999999999938
0.06000000000000005 0.1711199999999997
0.06000000000000005 0.17297999999999972
0.06000000000000005 0.1800399999999997
0.06000000000000005 0.1894199999999997
0.06000000000000005 0.19015999999999955
0.06000000000000005 0.18563999999999975
0.06000000000000005 0.1799999999999998
0.06000000000000005 0.19509999999999963
0.06000000000000005 0.18355999999999967
0.06000000000000005 0.17545999999999934
0.06000000000000005 0.18033999999999972
0.06000000000000005 0.1853199999999996
0.06000000000000005 0.1857799999999996
0.06000000000000005 0.17231999999999992
0.06000000000000005 0.18339999999999973
0.06000000000000005 0.1863399999999999
0.06000000000000005 0.19277999999999962
0.06000000000000005 0.17903999999999964
0.06000000000000005 0.1856799999999997
0.06000000000000005 0.17851999999999973
0.06000000000000005 0.17047999999999947
0.06000000000000005 0.1665999999999997
0.06000000000000005 0.17069999999999957
0.06000000000000005 0.16883999999999966
0.06000000000000005 0.1698199999999996
0.06000000000000005 0.16241999999999948
0.06000000000000005 0.16143999999999953
0.06000000000000005 0.1543199999999991
0.06000000000000005 0.15543999999999922
0.06000000000000005 0.1575399999999996
0.06000000000000005 0.1606599999999995
0.06000000000000005 0.1596199999999995
0.06000000000000005 0.15805999999999953
0.06000000000000005 0.1551399999999997
0.06000000000000005 0.1398199999999995
0.06000000000000005 0.14761999999999936
0.06000000000000005 0.14037999999999956
0.06000000000000005 0.13605999999999954
0.06000000000000005 0.14557999999999963
0.06000000000000005 0.14765999999999962
0.06000000000000005 0.14179999999999962
0.06000000000000005 0.1420799999999993
0.06000000000000005 0.14917999999999934
0.06000000000000005 0.15037999999999943
0.06000000000000005 0.1542999999999996
0.06000000000000005 0.16063999999999962
0.06000000000000005 0.14999999999999927
0.06000000000000005 0.15219999999999953
0.06000000000000005 0.14977999999999939
0.06000000000000005 0.14941999999999966
0.06000000000000005 0.15099999999999977
0.06000000000000005 0.15217999999999948
0.06000000000000005 0.14421999999999943
0.06000000000000005 0.13947999999999935
