0.91 0.4042499999999961
0.91 0.4471599999999962
0.91 0.47812999999999756
0.91 0.5007199999999983
0.96 0.5387499999999993
0.96 0.5561000000000009
0.96 0.5822400000000004
0.98 0.5998299999999994
0.98 0.61401
0.98 0.628920000000001
0.98 0.6379800000000023
0.98 0.6544900000000002
0.98 0.6727599999999974
0.98 0.6782299999999978
0.98 0.6995299999999918
0.99 0.7060099999999965
0.99 0.7221599999999999
0.99 0.7236699999999993
0.99 0.7309999999999991
0.99 0.7446599999999982
0.99 0.7441499999999993
0.99 0.737540000000002
0.99 0.7416199999999993
0.99 0.7575600000000033
0.99 0.7554400000000033
0.99 0.7619400000000056
0.99 0.7731300000000072
0.99 0.7745000000000085
0.99 0.7734300000000055
0.99 0.7847900000000065
0.99 0.7830000000000048
0.99 0.7883400000000053
0.99 0.7855000000000067
0.99 0.7952500000000068
0.99 0.7994100000000064
0.99 0.7915300000000055
0.99 0.7907200000000042
0.99 0.7903600000000046
0.99 0.7911400000000042
0.99 0.7797300000000046
0.99 0.7707400000000046
0.99 0.7821700000000046
0.99 0.7903500000000045
0.99 0.7881500000000039
0.99 0.8005400000000059
0.99 0.8081700000000028
0.99 0.8028100000000042
0.99 0.7953700000000054
0.99 0.7961000000000026
0.99 0.8144200000000036
0.99 0.8183300000000036
0.99 0.8196300000000044
0.99 0.8251000000000049
0.99 0.8320100000000055
0.99 0.8247400000000048
0.99 0.837900000000005
0.99 0.8429200000000046
0.99 0.8381300000000046
0.99 0.8396100000000053
0.99 0.8284100000000049
0.99 0.8438200000000033
0.99 0.8330600000000047
0.99 0.8383800000000058
0.99 0.827450000000004
0.99 0.821400000000003
0.99 0.8266900000000039
0.99 0.8294700000000047
0.99 0.8258500000000045
0.99 0.8291700000000035
0.99 0.8236400000000058
0.99 0.8260900000000034
0.99 0.8259800000000052
0.99 0.8315400000000047
0.99 0.8219900000000047
0.99 0.8385700000000048
0.99 0.8519500000000052
0.99 0.8518200000000057
0.99 0.8595100000000016
0.99 0.8491000000000024
0.99 0.8632000000000034
0.99 0.859830000000003
0.99 0.860240000000003
0.99 0.8610300000000037
0.99 0.8587500000000018
0.99 0.8442500000000017
0.99 0.8526300000000013
0.99 0.8494000000000012
0.99 0.8382800000000014
0.99 0.8524600000000017
0.99 0.8607500000000025
0.99 0.8658000000000023
0.99 0.8751600000000048
0.99 0.8645500000000033
0.99 0.859400000000006
0.99 0.8694600000000064
0.99 0.870450000000007
0.99 0.8692600000000055
0.99 0.8664200000000085
0.99 0.8631900000000055
0.99 0.868020000000007
