0.67 0.37860000000000005
0.71 0.4025000000000001
0.71 0.3923500000000006
0.67 0.4180500000000002
0.67 0.43195000000000133
0.66 0.4170500000000014
0.66 0.4071000000000011
0.67 0.41005000000000097
0.68 0.4110500000000013
0.67 0.38150000000000134
0.67 0.39795000000000164
0.67 0.4017500000000014
0.67 0.4150500000000013
0.67 0.4336500000000012
0.67 0.4199000000000012
0.67 0.42810000000000076
0.67 0.44550000000000045
0.67 0.47005000000000025
0.76 0.4689000000000004
0.67 0.41860000000000136
0.67 0.4254000000000012
0.67 0.46385000000000043
0.82 0.4976500000000006
0.93 0.4943000000000004
0.67 0.5315000000000001
0.81 0.5464500000000004
0.67 0.4689500000000002
0.67 0.5199000000000007
0.67 0.5645000000000004
0.67 0.5002000000000009
0.67 0.5546000000000001
0.67 0.5850500000000001
0.67 0.5726
0.68 0.5842499999999997
0.7 0.6198499999999999
0.67 0.63635
0.67 0.6501499999999997
0.67 0.6417500000000012
0.67 0.630400000000001
0.67 0.6434000000000009
0.67 0.632800000000001
0.71 0.6515000000000011
0.67 0.61395
0.67 0.6007000000000007
0.67 0.6274500000000004
0.67 0.6253500000000004
0.67 0.605950000000001
0.67 0.5703500000000002
0.67 0.6290000000000007
0.67 0.5399500000000012
0.67 0.5999500000000006
0.67 0.6376000000000006
0.67 0.5460500000000007
0.67 0.6176000000000011
0.67 0.5657500000000012
0.67 0.5820500000000013
0.67 0.5607500000000009
0.7 0.5222000000000016
0.67 0.48385000000000056
0.67 0.45370000000000166
0.67 0.4982000000000012
0.67 0.49760000000000043
0.67 0.46674999999999967
0.67 0.5245499999999994
0.67 0.5699499999999998
0.67 0.6155000000000005
0.67 0.5565000000000002
0.67 0.5618000000000006
0.67 0.6297000000000004
0.67 0.5133500000000012
0.67 0.6267500000000004
0.67 0.6189500000000003
0.67 0.6568500000000003
0.67 0.6643000000000012
0.67 0.5757500000000013
0.67 0.6550500000000007
0.67 0.6486
0.67 0.5676999999999999
0.67 0.6218000000000005
0.67 0.5290500000000009
0.67 0.49300000000000205
0.67 0.5738
0.67 0.5280000000000011
0.67 0.45495000000000213
0.67 0.4701000000000021
0.67 0.44185000000000224
0.73 0.5565500000000009
0.67 0.5451000000000009
0.67 0.5434500000000017
0.7 0.6439500000000009
0.67 0.36665000000000203
0.67 0.4984000000000019
0.67 0.6557500000000013
0.67 0.5910000000000014
0.67 0.6375500000000015
0.67 0.6372500000000015
0.67 0.40495000000000236
0.67 0.4874500000000019
0.67 0.5614000000000016
0.67 0.5949000000000013
0.67 0.6415000000000013
0.67 0.6663000000000011
0.67 0.6624500000000012
0.67 0.5883500000000018
0.67 0.6403500000000015
0.67 0.5768000000000016
0.67 0.5364000000000007
0.67 0.5723500000000012
0.67 0.6521500000000011
0.67 0.6628000000000013
0.67 0.4701500000000015
0.67 0.5940500000000012
0.67 0.6537000000000012
0.67 0.6597500000000011
0.67 0.6609500000000011
0.67 0.666700000000001
0.67 0.6640500000000013
0.67 0.668300000000001
0.67 0.6663000000000012
0.67 0.6688000000000011
0.67 0.5844000000000015
0.67 0.6041500000000004
0.67 0.6437500000000004
0.67 0.657650000000001
0.67 0.6476500000000013
0.67 0.6590500000000011
0.67 0.6062500000000016
0.67 0.6470000000000015
0.67 0.6324500000000013
0.67 0.663400000000001
0.67 0.6653500000000012
0.67 0.6641000000000012
0.67 0.6666500000000013
0.67 0.6662500000000011
0.67 0.6692500000000011
0.67 0.668200000000001
0.67 0.6643000000000013
0.67 0.6652500000000013
0.67 0.5539000000000021
0.67 0.5032000000000021
0.67 0.6491500000000017
0.67 0.5450000000000021
0.67 0.5057500000000017
0.67 0.6317000000000016
0.67 0.6634500000000014
0.67 0.6532000000000014
0.67 0.6508500000000014
0.67 0.6652000000000012
0.67 0.6669500000000014
0.67 0.6671500000000014
0.67 0.6680500000000013
0.67 0.6638500000000014
0.67 0.6593000000000014
0.67 0.669350000000001
0.67 0.666950000000001
0.67 0.6544500000000013
0.67 0.6683000000000011
0.67 0.6362000000000012
0.67 0.6522000000000012
0.67 0.6599000000000015
0.67 0.6597000000000014
0.67 0.6659500000000013
0.67 0.6628500000000013
0.67 0.6663500000000014
0.67 0.6686500000000014
0.67 0.6644000000000011
0.67 0.6697500000000011
0.67 0.6700000000000008
0.67 0.6674000000000012
0.67 0.6660500000000014
0.67 0.6685500000000012
0.67 0.6696500000000009
0.67 0.6597000000000012
0.67 0.6699500000000009
0.67 0.6698000000000011
0.67 0.6696500000000009
0.67 0.668950000000001
0.67 0.669250000000001
0.67 0.6682500000000011
0.67 0.6636000000000017
0.67 0.6680000000000011
0.67 0.668200000000001
0.67 0.6695500000000011
0.67 0.6699000000000009
0.67 0.6699000000000009
0.67 0.6699500000000009
0.67 0.6699000000000009
0.67 0.6688500000000012
0.67 0.6652000000000016
0.67 0.6685000000000011
0.67 0.6593000000000013
0.67 0.6658500000000014
0.67 0.6581000000000011
0.67 0.6657500000000013
0.67 0.6668000000000014
0.67 0.6674500000000012
0.67 0.6657000000000014
0.67 0.6578000000000013
0.67 0.6665000000000011
0.67 0.6661500000000012
0.67 0.6700000000000008
0.67 0.6681500000000011
0.67 0.6681500000000011
0.67 0.6655500000000012
0.67 0.6696000000000012
0.67 0.668400000000001
0.67 0.6696500000000009
0.67 0.6641500000000015
0.67 0.6649000000000016
0.67 0.6681500000000011
0.67 0.6690500000000011
0.67 0.6688000000000011
0.67 0.6691500000000012
0.67 0.669750000000001
0.67 0.667850000000001
0.67 0.667900000000001
0.67 0.6617000000000012
0.67 0.6650000000000014
0.67 0.6692000000000013
0.67 0.669200000000001
0.67 0.6459500000000008
0.67 0.6581000000000009
0.67 0.6682500000000013
0.67 0.6692000000000013
0.67 0.6697500000000011
0.67 0.6689500000000013
0.67 0.6616000000000013
0.67 0.6676500000000012
0.67 0.667950000000001
0.67 0.668300000000001
0.67 0.6657000000000014
0.67 0.6674000000000012
0.67 0.6631500000000013
0.67 0.6666000000000011
0.67 0.6630500000000015
0.67 0.6690500000000011
0.67 0.6694000000000012
0.67 0.668950000000001
0.67 0.6687000000000011
0.67 0.6699000000000009
0.67 0.6699000000000009
0.67 0.6684000000000012
0.67 0.6680500000000013
0.67 0.6697500000000011
0.67 0.6672500000000012
0.67 0.6680000000000011
0.67 0.6648000000000012
0.67 0.6698000000000011
0.67 0.6599000000000013
0.67 0.6686000000000011
0.67 0.6590500000000012
0.67 0.6680000000000013
0.67 0.6689500000000009
0.67 0.669250000000001
0.67 0.668450000000001
0.67 0.6686000000000011
0.67 0.6674000000000012
0.67 0.669050000000001
0.67 0.6699500000000009
0.67 0.6696000000000011
0.67 0.6700000000000008
0.67 0.6620500000000014
0.67 0.6682500000000013
0.67 0.6675000000000011
0.67 0.6673000000000013
0.67 0.6698000000000011
0.67 0.6565000000000013
0.67 0.6684000000000013
0.67 0.6687000000000012
0.67 0.668950000000001
0.67 0.669400000000001
0.67 0.6693000000000009
0.67 0.667750000000001
0.67 0.6674500000000013
0.67 0.6699500000000009
0.67 0.6666500000000011
0.67 0.6647000000000012
0.67 0.6693500000000011
0.67 0.6365500000000016
0.67 0.6663000000000012
0.67 0.6650500000000014
0.67 0.6644000000000011
0.67 0.6496000000000012
0.67 0.6402500000000013
0.67 0.6565500000000014
0.67 0.6642000000000013
0.67 0.667950000000001
0.67 0.668650000000001
0.67 0.669700000000001
0.67 0.6693500000000011
0.67 0.669750000000001
0.67 0.6687500000000012
0.67 0.6675500000000012
0.67 0.6676000000000015
0.67 0.6699500000000009
0.67 0.6700000000000008
0.67 0.669150000000001
0.67 0.4805500000000024
0.67 0.4691000000000024
0.67 0.5974500000000017
0.67 0.6431000000000014
0.67 0.6690500000000011
0.67 0.6665000000000012
0.67 0.6676500000000013
0.67 0.6604000000000014
0.67 0.6695000000000012
0.67 0.6677000000000013
0.67 0.6382500000000014
0.67 0.6662000000000016
0.67 0.6554000000000011
0.67 0.6657000000000015
0.67 0.639900000000001
0.67 0.653650000000001
0.67 0.6600500000000011
0.67 0.6339000000000016
0.67 0.6446000000000016
0.67 0.6443000000000015
0.67 0.6507500000000015
0.67 0.6657500000000013
0.67 0.667950000000001
0.67 0.6677500000000011
0.67 0.6637500000000013
0.67 0.6530000000000006
0.67 0.5017000000000015
0.67 0.652050000000001
0.67 0.6532000000000014
0.67 0.6150500000000017
0.67 0.6138500000000016
0.67 0.5909500000000015
0.67 0.6456000000000014
0.67 0.6488500000000011
0.67 0.6498000000000015
0.67 0.6383000000000001
0.67 0.6674500000000012
0.67 0.6213500000000013
0.67 0.6581000000000014
0.67 0.6168000000000017
0.67 0.6136500000000016
0.67 0.6591000000000014
0.67 0.6582500000000014
0.67 0.635750000000001
0.67 0.6550000000000015
0.67 0.6602000000000013
0.67 0.6682000000000013
0.67 0.6564500000000014
0.67 0.6641500000000014
0.67 0.6666000000000014
0.67 0.6654000000000014
0.67 0.6668000000000011
0.67 0.664000000000001
0.67 0.5654500000000019
0.67 0.6616000000000011
0.67 0.6487500000000014
0.67 0.6545500000000015
0.67 0.3728000000000021
0.67 0.5651000000000019
0.67 0.6270500000000016
0.67 0.6048000000000016
0.67 0.6294000000000012
0.67 0.6477500000000014
0.67 0.6663000000000013
0.67 0.6574000000000013
0.67 0.5000000000000019
0.67 0.6284500000000014
0.67 0.6309000000000016
0.67 0.6481500000000014
0.67 0.6463000000000014
0.67 0.6478000000000015
0.67 0.5801000000000008
0.66 0.5345500000000007
0.67 0.6286500000000008
0.67 0.6627500000000013
0.67 0.656000000000001
0.67 0.6552500000000012
0.67 0.6342500000000011
0.67 0.5511000000000009
0.66 0.556050000000001
0.67 0.5654500000000001
0.67 0.5296
0.67 0.49445000000000033
0.67 0.5771000000000001
0.67 0.5983999999999999
0.67 0.5937000000000009
0.67 0.6060000000000008
0.67 0.6510500000000015
0.67 0.6608500000000016
0.67 0.6206500000000009
0.67 0.6208500000000011
0.67 0.4349999999999984
0.67 0.455349999999999
0.67 0.5133000000000015
0.67 0.5542500000000005
0.67 0.543650000000001
0.67 0.5974500000000004
0.67 0.6175999999999994
0.67 0.6147999999999996
0.67 0.6072499999999997
0.67 0.6190499999999998
0.67 0.62675
0.67 0.6365500000000004
0.67 0.63905
0.67 0.6417499999999996
0.67 0.5467499999999997
0.67 0.5766499999999994
0.67 0.6265999999999996
0.67 0.6295999999999997
0.67 0.6116499999999999
0.67 0.6266999999999995
0.67 0.5619000000000007
0.67 0.6145499999999999
0.67 0.5766000000000007
0.67 0.6350000000000001
0.67 0.6360499999999999
0.67 0.6469999999999996
0.67 0.6449499999999998
0.67 0.6445500000000003
0.67 0.6569000000000003
0.67 0.6602500000000008
0.67 0.6506500000000007
0.67 0.6418500000000005
0.67 0.638900000000001
0.67 0.6524000000000005
0.67 0.6394000000000005
0.67 0.6470000000000007
0.67 0.64325
0.67 0.6547999999999995
0.67 0.6526499999999992
0.67 0.6552499999999993
0.67 0.6445499999999997
0.67 0.6488499999999994
0.67 0.6536499999999998
0.67 0.6561
0.67 0.6500499999999999
0.67 0.6602000000000007
0.67 0.6674000000000003
0.67 0.6340500000000012
0.67 0.6659000000000013
0.67 0.5999500000000006
0.67 0.6197000000000008
0.67 0.6452000000000013
0.67 0.6687500000000012
0.67 0.6665500000000012
0.67 0.669600000000001
0.67 0.5823000000000007
0.67 0.5904500000000009
0.67 0.6605000000000015
0.67 0.6596000000000014
0.67 0.6685000000000012
0.67 0.6298000000000015
0.67 0.6564500000000011
0.67 0.6371000000000016
0.67 0.6682500000000011
0.67 0.6673000000000012
0.67 0.6680500000000009
0.67 0.45735
0.67 0.4643500000000007
0.67 0.4732500000000011
0.67 0.4381000000000013
0.67 0.4684000000000013
0.67 0.515250000000001
0.67 0.584850000000001
0.67 0.5722000000000008
0.67 0.5167500000000004
0.67 0.5349000000000002
0.67 0.5791499999999999
0.67 0.6167000000000007
0.67 0.6432000000000017
0.67 0.662950000000001
0.67 0.6682000000000009
0.67 0.6690500000000013
0.67 0.6699000000000009
0.67 0.6699500000000009
0.67 0.669000000000001
0.67 0.669850000000001
0.67 0.6630000000000016
0.67 0.6501500000000016
0.67 0.6260500000000021
0.67 0.6674500000000013
0.67 0.6656000000000014
0.67 0.6689500000000009
0.67 0.6690500000000008
0.67 0.6669000000000013
0.67 0.6641500000000012
0.67 0.6666000000000014
0.67 0.6679500000000015
0.67 0.6650500000000013
0.67 0.6691000000000011
0.67 0.6680500000000013
0.67 0.6631000000000011
0.67 0.6671500000000014
0.67 0.6486500000000014
0.67 0.6589000000000013
0.67 0.6212000000000015
0.67 0.5822000000000017
0.67 0.599350000000001
0.67 0.6615000000000012
0.67 0.6664500000000012
0.67 0.669750000000001
0.67 0.669000000000001
0.67 0.6693500000000011
