0.24 0.6324999999999997
0.06000000000000005 0.5984000000000004
0.36 0.6221999999999998
0.33999999999999997 0.6159
0.36 0.6014000000000002
0.36 0.5914000000000005
0.36 0.5994000000000004
0.18000000000000005 0.6131000000000005
0.38 0.6179000000000006
0.31999999999999995 0.580300000000001
0.24 0.5367000000000004
0.30000000000000004 0.5350000000000004
0.26 0.5644000000000006
0.36 0.5678000000000007
0.33999999999999997 0.5221000000000007
0.33999999999999997 0.5273000000000002
0.30000000000000004 0.5561000000000007
0.33999999999999997 0.5264000000000005
0.33999999999999997 0.5376000000000009
0.14 0.5248000000000003
0.28 0.5442000000000001
0.31999999999999995 0.5018000000000005
0.19999999999999996 0.4800000000000001
0.36 0.4556000000000002
0.26 0.45910000000000023
0.36 0.43320000000000003
0.36 0.4400999999999997
0.36 0.4557999999999998
0.16000000000000003 0.4167999999999998
0.16000000000000003 0.4075
0.36 0.42289999999999983
0.36 0.4022999999999996
0.36 0.38599999999999995
0.36 0.3859999999999998
0.36 0.3772
0.36 0.3725
0.36 0.3977999999999999
0.36 0.38549999999999984
0.36 0.46189999999999964
0.36 0.3748999999999998
0.36 0.3718999999999999
0.36 0.37249999999999994
0.36 0.38760000000000017
0.36 0.3706999999999994
0.36 0.3644999999999996
0.36 0.3660999999999997
0.36 0.3705
0.36 0.36649999999999977
0.36 0.36719999999999986
0.36 0.36449999999999944
0.38 0.3688999999999995
0.38 0.3849000000000001
0.38 0.3840000000000001
0.36 0.3812000000000001
0.36 0.39179999999999965
0.36 0.5094999999999988
0.36 0.4506999999999994
0.36 0.4025999999999996
0.36 0.3696999999999996
0.36 0.38379999999999986
0.36 0.4296000000000002
0.36 0.3659999999999995
0.36 0.3920999999999998
0.36 0.3873999999999997
0.36 0.3732999999999997
0.36 0.3678999999999997
0.36 0.3628999999999996
0.36 0.36669999999999964
0.36 0.3645999999999996
0.36 0.36639999999999967
0.36 0.3612999999999995
0.36 0.40659999999999996
0.36 0.36969999999999936
0.36 0.4117999999999995
0.36 0.4165999999999997
0.36 0.37149999999999983
0.36 0.3685999999999996
0.36 0.38219999999999976
0.36 0.4007999999999998
0.36 0.3756999999999998
0.36 0.4013999999999999
0.36 0.36309999999999953
0.36 0.3627999999999995
0.36 0.3618999999999996
0.36 0.36709999999999965
0.36 0.36919999999999964
0.36 0.3633999999999996
0.36 0.36259999999999964
0.36 0.3657999999999996
0.36 0.3797999999999998
0.36 0.4291000000000005
0.36 0.4278000000000003
0.36 0.36609999999999976
0.36 0.3630999999999996
0.36 0.40600000000000064
0.36 0.37129999999999996
0.36 0.38840000000000047
0.36 0.36649999999999994
0.36 0.3657999999999996
0.36 0.39489999999999986
0.36 0.3666999999999995
0.36 0.3621999999999996
0.36 0.3616999999999996
0.36 0.36339999999999956
0.36 0.3633999999999996
0.36 0.36289999999999956
0.36 0.36149999999999965
0.36 0.36309999999999965
0.36 0.3615999999999996
0.36 0.3629999999999996
0.36 0.3678999999999997
0.36 0.3619999999999996
0.36 0.3627999999999995
0.36 0.3635999999999995
0.36 0.3612999999999995
0.36 0.3617999999999995
0.36 0.3861999999999999
0.36 0.3776999999999997
0.36 0.3641999999999996
0.36 0.3645999999999996
0.36 0.36309999999999965
0.36 0.3757999999999996
0.36 0.44729999999999953
0.36 0.3741
0.36 0.36589999999999956
0.36 0.3719999999999999
0.36 0.3629999999999996
0.36 0.3664999999999997
0.36 0.3635999999999995
0.36 0.36639999999999967
0.36 0.37529999999999997
0.36 0.3713999999999995
0.36 0.3963999999999998
0.36 0.37089999999999973
0.36 0.3695999999999998
0.36 0.3705999999999996
0.36 0.3633999999999996
0.36 0.3693999999999996
0.36 0.3724999999999997
0.36 0.36309999999999965
0.36 0.36279999999999957
0.36 0.3646999999999997
0.36 0.36699999999999977
0.36 0.3649999999999997
0.36 0.3652999999999995
0.36 0.36719999999999975
0.38 0.3676999999999998
0.36 0.3648999999999997
0.36 0.3662999999999998
0.36 0.36439999999999967
0.36 0.36309999999999965
0.36 0.36940000000000006
0.36 0.3705999999999998
0.36 0.3627999999999997
0.36 0.36499999999999966
0.36 0.3632999999999997
0.36 0.36319999999999975
0.36 0.3700999999999997
0.36 0.37869999999999954
0.36 0.3690999999999998
0.36 0.3702999999999995
0.36 0.36239999999999967
0.36 0.36399999999999955
0.36 0.3633999999999997
0.36 0.3651999999999997
0.36 0.38439999999999974
0.36 0.3756999999999997
0.36 0.3629999999999997
0.36 0.3923999999999995
0.36 0.3759999999999995
0.38 0.3957999999999997
0.36 0.3825999999999999
0.38 0.3845999999999998
0.38 0.3649999999999997
0.36 0.3805999999999997
0.36 0.3783999999999996
0.36 0.3904999999999997
0.36 0.39659999999999956
0.38 0.4060999999999999
0.36 0.3730999999999996
0.36 0.4123999999999999
0.36 0.4215
0.36 0.3742999999999997
0.36 0.38009999999999977
0.36 0.3762999999999997
0.36 0.4855999999999993
0.36 0.47529999999999945
0.36 0.38689999999999974
0.36 0.38510000000000005
0.36 0.37129999999999974
0.36 0.36999999999999994
0.36 0.3684999999999996
0.36 0.3710999999999997
0.36 0.36779999999999985
0.38 0.3742999999999997
0.36 0.3911
0.36 0.3869000000000002
0.36 0.3760000000000001
0.36 0.37149999999999983
0.36 0.3762
0.42000000000000004 0.38300000000000006
0.36 0.3920000000000003
0.36 0.37009999999999993
0.36 0.36689999999999984
0.36 0.3682999999999997
0.36 0.36539999999999956
0.36 0.3674999999999997
0.36 0.3745999999999997
0.36 0.3730999999999999
0.36 0.3714999999999998
0.36 0.38719999999999993
0.36 0.37159999999999976
0.36 0.4020000000000001
0.36 0.37039999999999973
0.36 0.36499999999999966
0.36 0.36569999999999964
0.36 0.3679999999999996
0.36 0.36639999999999967
0.36 0.3680999999999996
0.36 0.36979999999999985
0.36 0.3665999999999996
0.36 0.39679999999999965
0.36 0.39929999999999966
0.36 0.37849999999999967
0.36 0.38969999999999994
0.36 0.4164999999999995
0.36 0.39099999999999985
0.36 0.36659999999999976
0.36 0.4432999999999994
0.36 0.3870000000000002
0.36 0.3738000000000001
0.36 0.38659999999999994
0.36 0.37350000000000017
0.36 0.37029999999999996
0.36 0.37129999999999996
0.36 0.37370000000000003
0.36 0.37390000000000007
0.36 0.36999999999999994
0.36 0.36949999999999983
0.36 0.3703
0.36 0.37129999999999996
0.36 0.3692999999999998
0.36 0.3666999999999998
0.36 0.3695999999999999
0.36 0.3704999999999999
0.36 0.3724999999999998
0.36 0.3703999999999998
0.36 0.3678999999999997
0.36 0.3689999999999998
0.36 0.36669999999999986
0.36 0.3647999999999997
0.36 0.3676
0.36 0.3656999999999997
0.36 0.3701999999999998
0.36 0.36809999999999976
0.36 0.36779999999999974
0.36 0.3650999999999998
0.36 0.3671999999999997
0.36 0.3671999999999997
0.36 0.3699
0.36 0.3653999999999998
0.36 0.3667999999999998
0.36 0.36529999999999974
0.36 0.36389999999999967
0.36 0.36509999999999976
0.36 0.36519999999999975
0.36 0.3716000000000001
0.36 0.3711999999999999
0.36 0.3669999999999998
0.36 0.3719999999999999
0.36 0.3718000000000001
0.36 0.37029999999999985
0.36 0.36649999999999994
0.36 0.3646999999999998
0.36 0.36669999999999964
0.36 0.37179999999999963
0.36 0.36429999999999974
0.36 0.3676999999999997
0.36 0.36699999999999966
0.36 0.3660999999999997
0.36 0.36399999999999966
0.36 0.3672999999999997
0.36 0.3653999999999997
0.36 0.3637999999999996
0.36 0.3622999999999996
0.36 0.36329999999999985
0.36 0.3632999999999997
0.36 0.3645999999999997
0.36 0.36459999999999965
0.36 0.3687999999999997
0.36 0.3653999999999997
0.36 0.38219999999999965
0.36 0.3710999999999997
0.36 0.3689999999999995
0.36 0.3681999999999997
0.36 0.36809999999999965
0.36 0.36299999999999977
0.36 0.3631999999999998
0.36 0.3638999999999998
0.36 0.3667999999999996
0.36 0.3643999999999996
0.36 0.36749999999999955
0.36 0.3654999999999997
0.36 0.3747999999999997
0.36 0.37679999999999964
0.36 0.36699999999999966
0.36 0.3759999999999996
0.36 0.3698999999999998
0.36 0.3721000000000001
0.36 0.3718999999999998
0.36 0.36909999999999976
0.36 0.37009999999999954
0.36 0.3693999999999995
0.36 0.36709999999999954
0.36 0.36619999999999964
0.36 0.3660999999999995
0.36 0.3763999999999996
0.36 0.3662999999999996
0.36 0.3616999999999997
0.36 0.3615999999999996
0.36 0.36309999999999965
0.36 0.36399999999999966
0.36 0.3620999999999996
0.36 0.3647999999999996
0.36 0.36619999999999964
0.36 0.36289999999999956
0.36 0.3631999999999996
0.36 0.3644999999999996
0.36 0.3640999999999997
0.36 0.36229999999999957
0.36 0.3628999999999996
0.36 0.36179999999999957
0.36 0.3622999999999996
0.36 0.3621999999999996
0.36 0.3626999999999997
0.36 0.36449999999999955
0.36 0.3626999999999995
0.36 0.3616999999999996
0.36 0.36339999999999956
0.36 0.3659999999999997
0.36 0.36299999999999955
0.36 0.36109999999999964
0.36 0.36089999999999955
0.36 0.3609999999999996
0.36 0.36089999999999955
0.36 0.36229999999999957
0.36 0.36059999999999953
0.36 0.36149999999999965
0.36 0.36149999999999965
0.36 0.36209999999999964
0.36 0.3612999999999995
0.36 0.3617999999999995
0.36 0.37269999999999975
0.36 0.38899999999999985
0.36 0.3660999999999996
0.36 0.3708999999999996
0.36 0.36339999999999956
0.36 0.37259999999999976
0.36 0.3908
0.36 0.36419999999999975
0.36 0.3828999999999999
0.36 0.37449999999999967
0.36 0.3810999999999998
0.36 0.36679999999999974
0.36 0.3657999999999997
0.36 0.3663999999999997
0.36 0.36149999999999965
0.36 0.36479999999999957
0.36 0.36389999999999956
0.36 0.3620999999999996
0.36 0.36509999999999965
0.36 0.3618999999999996
0.36 0.36569999999999964
0.36 0.36609999999999965
0.36 0.3651999999999996
0.36 0.3615999999999997
0.36 0.36399999999999955
0.36 0.36079999999999957
0.36 0.3612999999999995
0.36 0.36289999999999956
0.36 0.3665999999999996
0.36 0.3662999999999996
0.36 0.36329999999999957
0.36 0.3610999999999996
0.36 0.3627999999999995
0.36 0.3692999999999995
0.38 0.39259999999999984
0.38 0.3907999999999999
0.38 0.3677999999999997
0.38 0.36209999999999964
0.38 0.36219999999999963
0.38 0.36419999999999964
0.38 0.3663999999999997
0.38 0.36389999999999956
0.38 0.3669999999999999
0.38 0.36589999999999967
0.38 0.3662999999999997
0.38 0.3616999999999997
0.38 0.36149999999999965
0.38 0.36689999999999956
0.38 0.36489999999999967
0.38 0.3623999999999996
0.38 0.3635999999999996
0.38 0.36189999999999967
0.38 0.3670999999999998
0.38 0.36659999999999976
0.38 0.3638999999999998
0.36 0.511200000000001
0.36 0.5215000000000011
0.36 0.40900000000000014
0.36 0.45190000000000047
0.36 0.37989999999999996
0.36 0.3935
0.36 0.3738999999999998
0.36 0.36339999999999967
0.36 0.3666999999999996
0.36 0.3934
0.36 0.5448000000000012
0.36 0.36649999999999977
0.36 0.36369999999999963
0.36 0.3615999999999996
0.36 0.3615999999999996
0.36 0.3635999999999996
0.36 0.36209999999999964
0.36 0.3628999999999996
0.36 0.36259999999999953
0.36 0.3633999999999996
0.36 0.3676999999999996
0.36 0.3612999999999995
0.36 0.3624999999999995
0.36 0.3624999999999996
0.36 0.3709999999999998
0.36 0.3805999999999996
0.36 0.3654999999999997
0.36 0.3610999999999996
0.36 0.3619999999999996
0.36 0.37229999999999985
0.36 0.3663999999999998
0.36 0.3690999999999996
0.36 0.36679999999999974
0.36 0.3654999999999997
0.36 0.3653999999999996
0.36 0.3886
0.36 0.38609999999999994
0.36 0.3659999999999998
0.36 0.5667000000000012
0.36 0.4856000000000006
0.36 0.3673999999999999
0.36 0.3720999999999999
0.36 0.36479999999999974
0.36 0.36369999999999975
0.36 0.3638999999999997
0.36 0.36429999999999974
0.36 0.36579999999999985
0.36 0.3665999999999997
0.36 0.3658999999999997
0.36 0.37249999999999983
0.36 0.38099999999999995
0.36 0.36709999999999965
0.36 0.36299999999999955
0.38 0.6818000000000012
0.36 0.6763000000000012
0.36 0.6744000000000011
0.36 0.5229000000000008
0.36 0.37769999999999976
0.36 0.5504000000000011
0.36 0.38079999999999975
0.36 0.3666999999999996
0.36 0.3634999999999996
0.36 0.3665999999999996
0.36 0.36099999999999954
0.36 0.36399999999999966
0.36 0.36079999999999957
0.36 0.36049999999999954
0.36 0.3626999999999996
0.36 0.3623999999999996
0.36 0.3623999999999996
0.36 0.3610999999999996
0.36 0.36259999999999953
0.36 0.3687999999999996
0.36 0.3624999999999995
0.36 0.3876999999999999
0.36 0.4995000000000007
0.36 0.5651000000000012
0.36 0.42680000000000023
0.36 0.3889999999999999
0.36 0.37279999999999974
0.36 0.3749999999999995
0.36 0.3682999999999997
0.36 0.3622999999999996
0.36 0.36259999999999964
0.36 0.36619999999999964
0.36 0.36559999999999965
0.36 0.36389999999999967
0.36 0.37219999999999975
0.36 0.3663999999999998
0.36 0.3645999999999997
0.36 0.36529999999999974
0.36 0.3678999999999998
0.36 0.3632999999999997
