0.16000000000000003 0.5907599999999994
0.16000000000000003 0.5551999999999994
0.06000000000000005 0.5286399999999999
0.06000000000000005 0.5082799999999994
0.06000000000000005 0.49201999999999924
0.06000000000000005 0.45739999999999914
0.06000000000000005 0.4309399999999997
0.06000000000000005 0.41334000000000065
0.06000000000000005 0.38536000000000104
0.06000000000000005 0.37538000000000127
0.06000000000000005 0.35148000000000146
0.06000000000000005 0.3456400000000023
0.06000000000000005 0.3493200000000027
0.06000000000000005 0.3459600000000036
0.06000000000000005 0.3364000000000031
0.06000000000000005 0.3311400000000031
0.06000000000000005 0.31946000000000246
0.06000000000000005 0.3132800000000025
0.040000000000000036 0.2957600000000028
0.040000000000000036 0.2885400000000024
0.040000000000000036 0.2898200000000026
0.040000000000000036 0.289560000000003
0.040000000000000036 0.28268000000000265
0.040000000000000036 0.2864600000000027
0.040000000000000036 0.274620000000003
0.040000000000000036 0.2815600000000024
0.040000000000000036 0.28026000000000206
0.040000000000000036 0.26370000000000215
0.040000000000000036 0.2605400000000018
0.040000000000000036 0.2654400000000018
0.040000000000000036 0.24816000000000143
0.040000000000000036 0.2371600000000013
0.040000000000000036 0.2522600000000012
0.040000000000000036 0.24718000000000143
0.040000000000000036 0.23916000000000082
0.040000000000000036 0.23024000000000094
0.040000000000000036 0.22548000000000049
0.040000000000000036 0.2180000000000005
0.040000000000000036 0.21224000000000032
0.07999999999999996 0.2197400000000004
0.07999999999999996 0.21658000000000016
0.07999999999999996 0.20870000000000044
0.07999999999999996 0.2002200000000001
0.07999999999999996 0.20528000000000018
0.07999999999999996 0.19291999999999998
0.040000000000000036 0.1975000000000001
0.040000000000000036 0.20261999999999986
0.040000000000000036 0.1869399999999999
0.040000000000000036 0.1791399999999999
0.040000000000000036 0.17787999999999998
0.040000000000000036 0.16535999999999978
0.040000000000000036 0.15349999999999975
0.040000000000000036 0.15201999999999985
0.040000000000000036 0.16605999999999974
0.040000000000000036 0.16591999999999965
0.040000000000000036 0.17373999999999962
0.040000000000000036 0.1656399999999997
0.040000000000000036 0.15879999999999977
0.040000000000000036 0.16145999999999963
0.040000000000000036 0.1570399999999997
0.040000000000000036 0.15721999999999978
0.040000000000000036 0.16965999999999964
0.040000000000000036 0.17113999999999963
0.040000000000000036 0.15549999999999958
0.040000000000000036 0.16693999999999956
0.040000000000000036 0.1640199999999997
0.040000000000000036 0.16197999999999957
0.040000000000000036 0.1522199999999996
0.040000000000000036 0.14863999999999958
0.040000000000000036 0.15553999999999968
0.040000000000000036 0.15683999999999979
0.040000000000000036 0.14953999999999956
0.040000000000000036 0.1476599999999997
0.040000000000000036 0.14445999999999967
0.040000000000000036 0.14503999999999972
0.040000000000000036 0.14291999999999977
0.040000000000000036 0.15647999999999987
0.040000000000000036 0.1623599999999997
0.040000000000000036 0.16547999999999963
0.040000000000000036 0.15837999999999983
0.040000000000000036 0.15001999999999976
0.040000000000000036 0.15315999999999957
0.040000000000000036 0.15469999999999962
0.040000000000000036 0.1512599999999997
0.040000000000000036 0.15487999999999966
0.040000000000000036 0.15605999999999967
0.040000000000000036 0.15363999999999964
0.040000000000000036 0.1499199999999997
0.040000000000000036 0.13661999999999977
0.040000000000000036 0.13697999999999982
0.040000000000000036 0.14047999999999972
0.040000000000000036 0.14515999999999982
0.040000000000000036 0.13833999999999977
0.040000000000000036 0.12711999999999982
0.040000000000000036 0.1284399999999999
0.040000000000000036 0.1325799999999997
0.040000000000000036 0.15251999999999952
0.040000000000000036 0.1421199999999997
0.040000000000000036 0.12203999999999963
0.040000000000000036 0.1322199999999996
