0.26 0.6251000000000019
0.26 0.6167000000000017
0.30000000000000004 0.5862000000000017
0.38 0.6127000000000017
0.38 0.6170000000000015
0.09999999999999998 0.5719000000000009
0.19999999999999996 0.5792000000000015
0.19999999999999996 0.583400000000001
0.4 0.5761000000000011
0.30000000000000004 0.5784000000000009
0.33999999999999997 0.6053000000000014
0.33999999999999997 0.5746000000000009
0.26 0.5767000000000013
0.31999999999999995 0.5976000000000014
0.21999999999999997 0.5938000000000013
0.16000000000000003 0.5940000000000015
0.31999999999999995 0.6172000000000015
0.24 0.5958000000000017
0.31999999999999995 0.6341000000000019
0.31999999999999995 0.6241000000000018
0.36 0.5863000000000014
0.43999999999999995 0.5663000000000009
0.36 0.5837000000000012
0.30000000000000004 0.5599000000000008
0.33999999999999997 0.6226000000000017
0.24 0.5790000000000015
0.31999999999999995 0.6174000000000018
0.33999999999999997 0.6037000000000016
0.31999999999999995 0.6083000000000014
0.26 0.5874000000000015
0.38 0.6382000000000015
0.33999999999999997 0.6108000000000013
0.33999999999999997 0.5947000000000013
0.30000000000000004 0.6175000000000018
0.21999999999999997 0.5683000000000012
0.19999999999999996 0.5798000000000014
0.19999999999999996 0.5662000000000013
0.36 0.572300000000001
0.36 0.5675000000000012
0.38 0.5416000000000009
0.38 0.5217000000000014
0.38 0.5512000000000014
0.31999999999999995 0.49880000000000096
0.28 0.4446000000000008
0.31999999999999995 0.5666000000000015
0.36 0.6540000000000019
0.31999999999999995 0.6390000000000018
0.38 0.641300000000002
0.31999999999999995 0.5912000000000015
0.31999999999999995 0.5812000000000013
0.31999999999999995 0.5969000000000012
0.36 0.5340000000000006
0.31999999999999995 0.48840000000000067
0.31999999999999995 0.45090000000000047
0.36 0.4487000000000004
0.31999999999999995 0.3998000000000003
0.06000000000000005 0.3961
0.06000000000000005 0.38940000000000086
0.12 0.3779000000000005
0.14 0.36040000000000044
0.06000000000000005 0.3506000000000005
0.18000000000000005 0.4215000000000008
0.14 0.4775000000000007
0.26 0.5134000000000013
0.26 0.518100000000001
0.14 0.44300000000000045
0.31999999999999995 0.5564000000000007
0.14 0.4957000000000003
0.31999999999999995 0.5720000000000008
0.14 0.4475000000000003
0.21999999999999997 0.5390000000000007
0.26 0.49840000000000073
0.31999999999999995 0.5039000000000009
0.31999999999999995 0.47290000000000054
0.31999999999999995 0.41500000000000026
0.31999999999999995 0.40140000000000037
0.19999999999999996 0.37450000000000033
0.31999999999999995 0.45520000000000066
0.31999999999999995 0.38030000000000075
0.31999999999999995 0.3797000000000007
0.31999999999999995 0.36040000000000055
0.31999999999999995 0.34940000000000154
0.31999999999999995 0.3436000000000016
0.31999999999999995 0.33790000000000103
0.31999999999999995 0.3437000000000011
0.31999999999999995 0.3619000000000009
0.31999999999999995 0.35100000000000087
0.19999999999999996 0.3305000000000007
0.19999999999999996 0.32540000000000047
0.31999999999999995 0.34130000000000055
0.31999999999999995 0.3295000000000005
0.31999999999999995 0.3375000000000008
0.31999999999999995 0.3438000000000006
0.31999999999999995 0.34370000000000084
0.31999999999999995 0.3522000000000007
0.31999999999999995 0.34060000000000057
0.31999999999999995 0.34120000000000067
0.31999999999999995 0.32990000000000047
0.31999999999999995 0.3326000000000004
0.31999999999999995 0.3431000000000003
0.31999999999999995 0.3407000000000005
0.31999999999999995 0.3436000000000004
0.31999999999999995 0.34070000000000034
0.31999999999999995 0.33870000000000033
0.31999999999999995 0.3424000000000003
0.31999999999999995 0.3415000000000004
0.31999999999999995 0.3392000000000004
0.31999999999999995 0.33760000000000034
0.31999999999999995 0.36270000000000047
0.31999999999999995 0.3387000000000004
0.31999999999999995 0.34070000000000034
0.31999999999999995 0.33830000000000043
0.31999999999999995 0.3449000000000004
0.31999999999999995 0.3397000000000003
0.31999999999999995 0.33740000000000026
0.31999999999999995 0.33540000000000036
0.31999999999999995 0.3332000000000005
0.31999999999999995 0.33030000000000037
0.31999999999999995 0.3279000000000004
0.31999999999999995 0.32930000000000026
0.31999999999999995 0.32630000000000037
0.31999999999999995 0.3369000000000003
0.31999999999999995 0.3414000000000004
0.31999999999999995 0.3319000000000003
0.31999999999999995 0.3258000000000003
0.31999999999999995 0.5635000000000012
0.31999999999999995 0.5552000000000015
0.31999999999999995 0.3867000000000005
0.31999999999999995 0.37310000000000093
0.31999999999999995 0.3519000000000006
0.31999999999999995 0.3540000000000004
0.31999999999999995 0.33880000000000055
0.31999999999999995 0.3408000000000003
0.31999999999999995 0.32820000000000027
0.31999999999999995 0.33750000000000036
0.31999999999999995 0.3284000000000003
0.31999999999999995 0.33700000000000024
0.31999999999999995 0.3303000000000003
0.31999999999999995 0.32550000000000034
0.31999999999999995 0.3353000000000004
0.31999999999999995 0.32750000000000035
0.31999999999999995 0.33350000000000046
0.31999999999999995 0.33350000000000035
0.31999999999999995 0.3303000000000002
0.31999999999999995 0.3413000000000002
0.31999999999999995 0.33950000000000036
0.31999999999999995 0.34180000000000044
0.31999999999999995 0.33900000000000025
0.31999999999999995 0.3314000000000003
0.31999999999999995 0.3347000000000003
0.31999999999999995 0.33570000000000016
0.31999999999999995 0.33790000000000026
0.31999999999999995 0.3431000000000004
0.31999999999999995 0.34140000000000037
0.31999999999999995 0.3398000000000003
0.31999999999999995 0.3278000000000002
0.31999999999999995 0.3274000000000003
0.31999999999999995 0.3358000000000003
0.31999999999999995 0.32970000000000027
0.31999999999999995 0.32690000000000025
0.31999999999999995 0.3276000000000004
0.31999999999999995 0.3320000000000003
0.31999999999999995 0.3277000000000003
0.31999999999999995 0.3386000000000005
0.31999999999999995 0.3348000000000004
0.31999999999999995 0.3411000000000004
0.31999999999999995 0.3380000000000004
0.31999999999999995 0.33260000000000034
0.31999999999999995 0.3275000000000004
0.31999999999999995 0.32710000000000045
0.31999999999999995 0.3419000000000003
0.31999999999999995 0.3396000000000003
0.31999999999999995 0.3380000000000005
0.31999999999999995 0.3308000000000005
0.31999999999999995 0.3371000000000003
0.31999999999999995 0.3282000000000005
0.31999999999999995 0.3388000000000004
0.31999999999999995 0.33320000000000044
0.31999999999999995 0.3312000000000004
0.31999999999999995 0.32760000000000034
0.31999999999999995 0.32570000000000027
0.31999999999999995 0.3293000000000005
0.31999999999999995 0.3325000000000005
0.31999999999999995 0.3292000000000003
0.31999999999999995 0.3331000000000004
0.31999999999999995 0.32650000000000035
0.31999999999999995 0.32990000000000025
0.31999999999999995 0.33090000000000025
0.31999999999999995 0.3266000000000002
0.31999999999999995 0.3289000000000002
0.31999999999999995 0.33130000000000026
0.31999999999999995 0.3292000000000003
0.31999999999999995 0.32720000000000027
0.31999999999999995 0.33590000000000025
0.31999999999999995 0.3344000000000004
0.31999999999999995 0.3306000000000003
0.31999999999999995 0.3308000000000003
0.31999999999999995 0.32910000000000034
0.31999999999999995 0.3321000000000003
0.31999999999999995 0.3428000000000002
0.31999999999999995 0.33510000000000034
0.31999999999999995 0.3308000000000002
0.31999999999999995 0.3396000000000003
0.31999999999999995 0.3316000000000004
0.31999999999999995 0.33400000000000035
0.31999999999999995 0.33790000000000026
0.31999999999999995 0.3267000000000003
0.31999999999999995 0.3242000000000003
0.31999999999999995 0.32360000000000033
0.31999999999999995 0.3236000000000003
0.31999999999999995 0.32740000000000025
0.31999999999999995 0.3251000000000003
0.31999999999999995 0.3217000000000003
0.31999999999999995 0.3289000000000003
0.31999999999999995 0.3249000000000003
0.31999999999999995 0.3266000000000002
0.31999999999999995 0.33380000000000026
0.31999999999999995 0.32470000000000027
0.31999999999999995 0.3242000000000003
0.31999999999999995 0.37510000000000027
0.31999999999999995 0.34280000000000027
0.31999999999999995 0.32980000000000026
0.31999999999999995 0.3319000000000002
0.31999999999999995 0.3259000000000003
0.31999999999999995 0.32680000000000037
0.31999999999999995 0.32600000000000035
0.31999999999999995 0.32470000000000043
0.31999999999999995 0.3318000000000004
0.31999999999999995 0.32230000000000025
0.31999999999999995 0.3351000000000003
0.31999999999999995 0.35810000000000036
0.31999999999999995 0.33050000000000035
0.31999999999999995 0.43860000000000077
0.31999999999999995 0.36400000000000043
0.31999999999999995 0.37760000000000005
0.31999999999999995 0.3412000000000004
0.31999999999999995 0.34310000000000046
0.31999999999999995 0.3305000000000004
0.31999999999999995 0.32540000000000036
0.31999999999999995 0.32560000000000044
0.31999999999999995 0.3295000000000005
0.31999999999999995 0.32340000000000046
0.31999999999999995 0.3233000000000004
0.31999999999999995 0.34260000000000024
0.31999999999999995 0.35200000000000026
0.31999999999999995 0.3383000000000003
0.31999999999999995 0.34020000000000034
0.31999999999999995 0.33990000000000037
0.33999999999999997 0.4592999999999999
0.33999999999999997 0.39069999999999977
0.33999999999999997 0.35330000000000034
0.31999999999999995 0.40950000000000025
0.31999999999999995 0.3614000000000012
0.31999999999999995 0.3484000000000014
0.31999999999999995 0.37600000000000094
0.31999999999999995 0.3671000000000013
0.31999999999999995 0.3430000000000014
0.31999999999999995 0.33870000000000094
0.31999999999999995 0.34200000000000036
0.31999999999999995 0.3358000000000002
0.31999999999999995 0.3306000000000003
0.31999999999999995 0.3280000000000002
0.31999999999999995 0.3310000000000003
0.31999999999999995 0.32910000000000034
0.31999999999999995 0.33790000000000026
0.31999999999999995 0.3395000000000003
0.31999999999999995 0.37470000000000026
0.31999999999999995 0.3582000000000006
0.31999999999999995 0.3427000000000006
0.31999999999999995 0.34350000000000036
0.31999999999999995 0.33580000000000026
0.31999999999999995 0.33650000000000024
0.31999999999999995 0.33290000000000025
0.31999999999999995 0.3378000000000003
0.31999999999999995 0.33050000000000024
0.31999999999999995 0.3308000000000003
0.31999999999999995 0.6346000000000018
0.31999999999999995 0.5718000000000015
0.31999999999999995 0.505500000000001
0.31999999999999995 0.498200000000001
0.31999999999999995 0.4049000000000004
0.31999999999999995 0.3941000000000004
0.31999999999999995 0.5009000000000002
0.31999999999999995 0.45809999999999973
0.31999999999999995 0.3548000000000002
0.31999999999999995 0.41180000000000094
0.31999999999999995 0.3754000000000011
0.31999999999999995 0.33000000000000057
0.31999999999999995 0.32450000000000045
0.31999999999999995 0.3255000000000004
0.31999999999999995 0.3558000000000008
0.31999999999999995 0.32430000000000037
0.31999999999999995 0.32740000000000047
0.31999999999999995 0.32510000000000033
0.31999999999999995 0.3359000000000005
0.31999999999999995 0.3350000000000004
0.31999999999999995 0.3210000000000003
0.31999999999999995 0.3241000000000003
0.31999999999999995 0.3431000000000004
0.31999999999999995 0.3203000000000003
0.31999999999999995 0.3210000000000004
0.31999999999999995 0.3223000000000003
0.31999999999999995 0.3217000000000003
0.31999999999999995 0.3222000000000003
0.31999999999999995 0.34120000000000045
0.31999999999999995 0.32440000000000035
0.31999999999999995 0.33570000000000033
0.31999999999999995 0.3585000000000005
0.31999999999999995 0.3342000000000003
0.31999999999999995 0.32690000000000036
0.31999999999999995 0.3232000000000004
0.31999999999999995 0.32310000000000033
0.31999999999999995 0.3227000000000003
0.31999999999999995 0.3269000000000004
0.31999999999999995 0.32320000000000043
0.31999999999999995 0.34490000000000054
0.31999999999999995 0.3266000000000004
0.31999999999999995 0.3223000000000004
0.31999999999999995 0.32220000000000043
0.31999999999999995 0.3251000000000004
0.31999999999999995 0.32280000000000036
0.31999999999999995 0.3234000000000003
0.31999999999999995 0.3224000000000003
0.31999999999999995 0.32220000000000026
0.31999999999999995 0.3220000000000003
0.31999999999999995 0.3381000000000003
0.31999999999999995 0.32620000000000027
0.31999999999999995 0.3211000000000003
0.31999999999999995 0.32500000000000034
0.31999999999999995 0.32100000000000023
0.31999999999999995 0.3228000000000003
0.31999999999999995 0.3213000000000003
0.31999999999999995 0.3217000000000003
0.31999999999999995 0.3217000000000002
0.31999999999999995 0.32520000000000016
0.31999999999999995 0.37170000000000053
0.31999999999999995 0.5808000000000012
0.31999999999999995 0.5128000000000005
0.31999999999999995 0.44280000000000025
0.31999999999999995 0.5247000000000004
0.31999999999999995 0.3960000000000003
0.31999999999999995 0.34160000000000035
0.31999999999999995 0.3647000000000004
0.31999999999999995 0.32680000000000037
0.31999999999999995 0.3308000000000003
0.31999999999999995 0.3234000000000003
0.31999999999999995 0.3223000000000003
0.31999999999999995 0.32240000000000024
0.31999999999999995 0.32260000000000033
0.31999999999999995 0.32090000000000024
0.31999999999999995 0.3206000000000002
0.31999999999999995 0.32020000000000026
0.31999999999999995 0.32020000000000026
0.31999999999999995 0.32080000000000025
0.31999999999999995 0.32000000000000023
0.31999999999999995 0.32030000000000025
0.31999999999999995 0.32030000000000025
0.31999999999999995 0.32030000000000025
0.31999999999999995 0.32120000000000026
0.31999999999999995 0.32000000000000023
0.31999999999999995 0.3213000000000003
0.31999999999999995 0.3212000000000003
0.31999999999999995 0.3217000000000003
0.31999999999999995 0.3204000000000003
0.31999999999999995 0.32300000000000034
0.31999999999999995 0.32070000000000026
0.31999999999999995 0.32050000000000034
0.31999999999999995 0.3211000000000003
0.31999999999999995 0.32110000000000033
0.31999999999999995 0.32070000000000026
0.31999999999999995 0.32080000000000025
0.31999999999999995 0.32130000000000025
0.31999999999999995 0.3204000000000003
0.31999999999999995 0.32060000000000033
0.31999999999999995 0.3206000000000002
0.31999999999999995 0.3201000000000002
0.31999999999999995 0.3215000000000003
0.31999999999999995 0.32100000000000023
0.31999999999999995 0.32080000000000025
0.31999999999999995 0.3206000000000002
0.31999999999999995 0.32060000000000033
0.31999999999999995 0.3401000000000004
0.31999999999999995 0.33040000000000036
0.31999999999999995 0.3242000000000002
0.31999999999999995 0.32220000000000026
0.31999999999999995 0.32070000000000026
0.31999999999999995 0.32080000000000025
0.31999999999999995 0.32060000000000033
0.31999999999999995 0.3204000000000003
0.31999999999999995 0.3207000000000002
0.31999999999999995 0.3249000000000003
0.31999999999999995 0.32020000000000026
0.31999999999999995 0.32050000000000023
0.31999999999999995 0.42100000000000093
0.31999999999999995 0.3437000000000004
0.31999999999999995 0.3450000000000004
0.31999999999999995 0.3356000000000004
0.31999999999999995 0.33350000000000035
0.31999999999999995 0.3353000000000004
0.31999999999999995 0.3306000000000003
0.31999999999999995 0.32390000000000024
0.31999999999999995 0.3204000000000002
0.31999999999999995 0.3201000000000003
0.31999999999999995 0.3204000000000003
0.31999999999999995 0.32020000000000026
0.31999999999999995 0.32050000000000023
0.31999999999999995 0.32250000000000045
0.31999999999999995 0.3201000000000003
0.31999999999999995 0.32080000000000025
0.31999999999999995 0.32020000000000026
0.31999999999999995 0.3228000000000002
0.31999999999999995 0.32020000000000026
0.31999999999999995 0.3578000000000005
0.31999999999999995 0.32090000000000024
0.31999999999999995 0.32030000000000025
0.31999999999999995 0.33640000000000037
0.31999999999999995 0.33990000000000054
0.31999999999999995 0.32140000000000035
0.31999999999999995 0.3207000000000004
0.31999999999999995 0.32490000000000036
0.31999999999999995 0.3348000000000004
0.31999999999999995 0.3206000000000002
0.31999999999999995 0.32120000000000026
0.31999999999999995 0.3203000000000003
0.31999999999999995 0.32080000000000025
0.31999999999999995 0.32030000000000025
0.31999999999999995 0.32050000000000023
0.31999999999999995 0.3207000000000002
0.31999999999999995 0.32290000000000035
0.31999999999999995 0.3211000000000003
0.31999999999999995 0.3213000000000003
0.31999999999999995 0.34970000000000057
0.31999999999999995 0.32390000000000024
0.31999999999999995 0.32190000000000024
0.31999999999999995 0.32050000000000023
0.31999999999999995 0.3546000000000005
0.31999999999999995 0.3252000000000003
0.31999999999999995 0.3419000000000004
0.31999999999999995 0.3242000000000003
0.31999999999999995 0.32000000000000023
0.31999999999999995 0.32050000000000023
0.31999999999999995 0.32240000000000024
0.31999999999999995 0.3718000000000006
0.31999999999999995 0.3209000000000003
0.31999999999999995 0.3340000000000003
0.31999999999999995 0.41130000000000044
0.31999999999999995 0.3578000000000005
0.31999999999999995 0.3260000000000003
0.31999999999999995 0.3204000000000003
0.31999999999999995 0.3261000000000003
0.31999999999999995 0.32070000000000026
0.31999999999999995 0.32100000000000023
0.31999999999999995 0.32220000000000026
0.31999999999999995 0.33010000000000034
0.31999999999999995 0.3204000000000003
0.31999999999999995 0.32130000000000025
0.31999999999999995 0.3637000000000004
0.31999999999999995 0.3789000000000005
0.31999999999999995 0.32200000000000023
0.31999999999999995 0.3206000000000002
0.31999999999999995 0.3206000000000002
0.31999999999999995 0.3208000000000002
0.31999999999999995 0.32100000000000023
0.31999999999999995 0.3303000000000003
0.31999999999999995 0.33480000000000026
0.31999999999999995 0.33890000000000037
0.31999999999999995 0.3607000000000003
0.31999999999999995 0.33600000000000024
0.31999999999999995 0.45520000000000105
0.31999999999999995 0.5859000000000016
0.31999999999999995 0.5308000000000015
0.31999999999999995 0.5960000000000018
0.31999999999999995 0.448300000000001
0.31999999999999995 0.43110000000000087
0.31999999999999995 0.4971000000000014
0.31999999999999995 0.6401000000000018
0.31999999999999995 0.6876000000000011
0.31999999999999995 0.5224000000000014
0.31999999999999995 0.4877000000000013
0.31999999999999995 0.3859000000000006
0.31999999999999995 0.4807000000000013
0.31999999999999995 0.3338000000000003
0.31999999999999995 0.3247000000000003
0.31999999999999995 0.4471000000000008
0.31999999999999995 0.3568000000000005
0.31999999999999995 0.6537000000000016
0.31999999999999995 0.5921000000000017
0.31999999999999995 0.3613000000000006
0.31999999999999995 0.6187000000000018
0.31999999999999995 0.6403000000000019
0.6599999999999999 0.7009000000000009
0.7 0.7000000000000008
0.7 0.7000000000000008
0.6799999999999999 0.7014000000000009
0.6799999999999999 0.702800000000001
0.6799999999999999 0.7026000000000012
0.31999999999999995 0.6138000000000019
0.31999999999999995 0.6713000000000018
0.7 0.7453000000000014
0.45999999999999996 0.6970000000000022
