0.74 0.38624999999999937
0.74 0.4038999999999996
0.74 0.43619999999999914
0.74 0.41514999999999974
0.74 0.45059999999999856
0.71 0.40259999999999985
0.87 0.40484999999999943
0.67 0.4118499999999992
0.77 0.42554999999999893
0.68 0.4216499999999989
0.68 0.4216499999999989
0.68 0.4368499999999983
0.68 0.3983
0.68 0.41369999999999957
0.71 0.43219999999999864
0.77 0.44939999999999797
0.8 0.4211999999999987
0.92 0.46934999999999827
0.92 0.5276499999999982
0.88 0.5394499999999993
0.91 0.5096499999999992
0.89 0.5249499999999993
0.95 0.580399999999999
0.95 0.5885999999999986
0.95 0.6209499999999993
0.95 0.5852499999999989
0.89 0.5894499999999997
0.89 0.5558
0.88 0.5051499999999993
0.74 0.4943499999999996
0.84 0.5023000000000001
0.83 0.52615
0.84 0.5016999999999997
0.85 0.5084
0.9 0.5737499999999998
0.84 0.52195
0.76 0.5124499999999994
0.88 0.5342499999999998
0.79 0.5576999999999994
0.88 0.5442
0.74 0.5515000000000001
0.86 0.5749999999999995
0.87 0.51225
0.75 0.5284499999999995
0.77 0.5619000000000001
0.88 0.5549999999999994
0.83 0.5395000000000005
0.88 0.6141499999999998
0.92 0.6201999999999994
0.92 0.6751000000000005
0.97 0.6842500000000007
0.97 0.660900000000001
0.95 0.5805999999999996
0.94 0.5910499999999996
0.94 0.6110499999999998
0.96 0.6772
0.95 0.6725500000000011
0.95 0.7331000000000012
0.96 0.7569500000000005
0.96 0.7681500000000008
0.88 0.6287500000000006
0.95 0.7560500000000008
0.93 0.7151500000000012
0.95 0.7361000000000003
0.96 0.8377999999999994
0.96 0.8448499999999993
0.97 0.8763000000000011
0.97 0.8767000000000016
0.97 0.8537000000000002
0.96 0.8421999999999987
0.97 0.8217499999999999
0.97 0.8643500000000001
0.97 0.8902500000000022
0.97 0.8982000000000001
0.97 0.9295500000000001
0.97 0.9292000000000002
0.97 0.894050000000001
0.97 0.9218500000000012
0.97 0.9242500000000007
0.89 0.6228999999999999
0.82 0.6262499999999995
0.74 0.6098500000000014
0.82 0.6146
0.96 0.6797500000000011
0.94 0.6489000000000006
0.82 0.6462500000000004
0.97 0.6598000000000006
0.96 0.7256500000000016
0.97 0.8352999999999992
0.97 0.8408000000000005
0.97 0.7863000000000021
0.97 0.7763500000000012
0.97 0.7697500000000016
0.86 0.7069000000000013
0.89 0.717600000000001
0.7 0.6467500000000023
0.69 0.6669500000000026
0.68 0.671000000000003
0.68 0.6788000000000028
0.79 0.6849500000000027
0.85 0.7089000000000009
0.93 0.7543999999999997
0.85 0.7017000000000023
0.76 0.6796500000000024
0.92 0.6967000000000029
0.8 0.6445500000000021
0.81 0.6580000000000026
0.86 0.669750000000003
0.8 0.6644500000000029
0.81 0.6706000000000027
0.86 0.6887500000000027
0.92 0.7189000000000033
0.88 0.6967000000000031
0.91 0.7247500000000033
0.94 0.7510000000000021
0.93 0.7798500000000012
0.93 0.7847499999999998
0.92 0.7337000000000008
0.95 0.8293499999999991
0.96 0.8473999999999997
0.96 0.8754000000000015
0.97 0.8553000000000003
0.97 0.8736500000000004
0.95 0.8805000000000003
0.97 0.9076000000000001
0.97 0.89445
0.97 0.8979000000000003
0.97 0.9171500000000009
0.97 0.9323000000000004
0.97 0.9411499999999998
0.98 0.9431499999999999
0.97 0.9317000000000013
0.97 0.9431999999999989
0.97 0.9420999999999984
0.97 0.9316499999999972
0.97 0.9477999999999954
0.97 0.9354999999999972
0.98 0.9295999999999984
0.98 0.9073499999999997
0.98 0.7479500000000003
0.98 0.8052500000000006
0.97 0.7978000000000008
0.96 0.596849999999999
0.64 0.5686499999999989
0.64 0.5944999999999995
0.96 0.5752000000000003
0.97 0.6149500000000008
0.96 0.6640500000000013
0.98 0.7745500000000005
0.98 0.8070999999999998
0.98 0.8530500000000016
0.98 0.9141000000000008
0.97 0.7555500000000009
0.95 0.6654999999999996
0.96 0.7071500000000002
0.95 0.5876999999999999
0.98 0.6911999999999996
0.98 0.7214499999999995
0.95 0.45619999999999694
0.64 0.4321499999999974
0.64 0.4738499999999981
0.64 0.534899999999999
0.64 0.5731999999999984
0.98 0.7242999999999999
0.98 0.7503999999999991
0.64 0.5866499999999992
0.64 0.5838999999999993
0.65 0.5843000000000003
0.64 0.5880499999999986
0.65 0.5888999999999991
0.64 0.6020999999999993
0.64 0.6019999999999999
0.64 0.60735
0.64 0.6139500000000004
0.64 0.609800000000001
0.64 0.6070500000000013
0.64 0.500499999999998
0.64 0.5255499999999987
0.64 0.6005000000000006
0.64 0.6069000000000003
0.64 0.611000000000001
0.64 0.5959500000000003
0.63 0.59075
0.63 0.6052500000000005
0.64 0.5827999999999997
0.65 0.6012
0.64 0.5939999999999998
0.64 0.5842499999999994
0.64 0.5601999999999996
0.64 0.5835500000000006
0.65 0.58795
0.65 0.61355
0.65 0.6134999999999998
0.66 0.6325499999999998
0.66 0.6303499999999999
0.66 0.6346
0.66 0.6331000000000001
0.66 0.6271999999999998
0.66 0.6339499999999993
0.66 0.6296999999999989
0.66 0.6378499999999994
0.66 0.6432499999999997
0.66 0.6488999999999987
0.66 0.6500499999999981
0.66 0.6212999999999992
0.64 0.5824499999999985
0.64 0.5821499999999988
0.66 0.6160999999999998
0.66 0.6233999999999998
0.66 0.6160999999999991
0.66 0.6285499999999987
0.66 0.6266499999999988
0.66 0.6339499999999986
0.66 0.6469499999999984
0.64 0.5873999999999988
0.66 0.6401499999999986
0.66 0.6398499999999981
0.66 0.6394999999999983
0.66 0.6395499999999984
0.64 0.6167999999999993
0.64 0.5897999999999989
0.64 0.6189499999999994
0.64 0.6149499999999991
0.64 0.6269999999999984
0.64 0.6273499999999992
0.64 0.6263499999999995
0.64 0.5920499999999995
0.64 0.5973999999999995
0.65 0.6031499999999997
0.64 0.6263500000000002
0.64 0.6059
0.64 0.5915499999999999
0.64 0.6178
0.64 0.5988499999999994
0.64 0.6034499999999996
0.64 0.61735
0.64 0.6322000000000002
0.64 0.6100999999999999
0.64 0.6250000000000001
0.64 0.6093499999999998
0.64 0.5695999999999993
0.64 0.566149999999999
0.64 0.6126000000000001
0.64 0.5955999999999997
0.64 0.6024499999999999
0.64 0.5580499999999988
0.64 0.6247500000000001
0.64 0.6364500000000004
0.64 0.6377000000000004
0.64 0.6349000000000005
0.64 0.6171000000000002
0.64 0.6339000000000005
0.64 0.6026499999999997
0.64 0.6253000000000002
0.64 0.5669999999999992
0.64 0.3934999999999996
0.64 0.4183499999999987
0.64 0.5146499999999993
0.64 0.5584499999999996
0.64 0.5478999999999997
0.64 0.5500999999999991
0.64 0.5991999999999997
0.64 0.6172
0.64 0.6286000000000002
0.64 0.514249999999999
0.64 0.518849999999998
0.64 0.5864999999999995
0.64 0.6045999999999998
0.64 0.6326000000000002
0.64 0.6359000000000004
0.64 0.5095999999999977
0.64 0.6234000000000003
0.64 0.623
0.64 0.6359500000000002
0.64 0.6315000000000004
0.64 0.6357000000000003
0.64 0.6370000000000003
0.64 0.6390500000000005
0.64 0.6284000000000002
0.64 0.6340000000000005
0.64 0.6379000000000004
0.64 0.6359500000000003
0.64 0.6172
0.64 0.5910999999999992
0.64 0.5878499999999992
0.64 0.6121499999999996
0.64 0.6246000000000003
0.64 0.6269500000000005
0.64 0.6327500000000004
0.64 0.6383000000000004
0.64 0.6352000000000004
0.64 0.6315000000000004
0.64 0.6072
0.64 0.6047999999999997
0.64 0.5658499999999989
0.64 0.6222500000000003
0.64 0.6035999999999995
0.64 0.6204500000000001
0.64 0.6223000000000001
0.64 0.6198000000000001
0.64 0.62555
0.64 0.6148499999999999
0.64 0.6116499999999997
0.64 0.6156499999999998
0.64 0.6225499999999999
0.64 0.6267500000000003
0.64 0.6215500000000002
0.64 0.6261500000000002
0.64 0.6334000000000003
0.64 0.6347500000000003
0.64 0.6359500000000003
0.64 0.6310500000000004
0.64 0.6315000000000004
0.64 0.6313000000000004
0.64 0.6336500000000005
0.64 0.6368500000000005
0.65 0.6344500000000003
0.65 0.6291000000000002
0.65 0.6293500000000003
0.65 0.6336500000000003
0.65 0.62765
0.65 0.62335
0.64 0.5824499999999991
0.64 0.6039499999999993
0.64 0.565699999999999
0.65 0.524499999999999
0.72 0.5598499999999994
0.65 0.5865499999999997
0.65 0.6040999999999996
0.72 0.6025999999999994
0.75 0.6272999999999996
0.65 0.6308000000000002
0.72 0.5790999999999993
0.72 0.6029999999999998
0.72 0.5888499999999991
0.76 0.5974999999999994
0.75 0.6197499999999999
0.89 0.6142999999999995
0.96 0.6480499999999992
0.96 0.6626999999999994
0.97 0.6953500000000001
0.97 0.7016500000000003
0.97 0.7223500000000006
0.97 0.7678999999999994
0.97 0.8339499999999995
0.97 0.84545
0.97 0.8583500000000004
0.97 0.8241500000000008
0.97 0.8779000000000017
0.97 0.9212500000000002
0.97 0.9415499999999979
0.97 0.9450499999999995
0.97 0.9480000000000003
0.97 0.9562999999999998
0.97 0.9597499999999993
0.97 0.9584499999999996
0.97 0.9602499999999998
0.97 0.9643499999999997
0.97 0.9575499999999999
0.97 0.9562999999999994
0.97 0.9621499999999993
0.97 0.9527499999999995
0.97 0.9577499999999998
0.97 0.9521499999999993
0.97 0.9430999999999995
0.97 0.9603999999999998
0.97 0.9559999999999995
0.97 0.9583999999999997
0.97 0.9317499999999991
0.97 0.9603499999999994
0.97 0.9569999999999994
0.97 0.9617999999999992
0.97 0.7465000000000037
0.97 0.9402499999999995
0.97 0.9538499999999995
0.97 0.9643499999999992
0.97 0.9655999999999989
0.97 0.9640499999999989
0.97 0.9550999999999991
0.97 0.9611999999999992
0.97 0.7215500000000038
0.97 0.8837500000000003
0.97 0.9459499999999993
0.97 0.9184499999999994
0.97 0.935099999999999
0.97 0.9379999999999995
0.97 0.8860999999999993
0.97 0.8590499999999985
0.97 0.8994499999999984
0.97 0.8065999999999995
0.97 0.858149999999999
0.97 0.91875
0.97 0.9473499999999998
0.97 0.9527500000000001
0.97 0.9573999999999998
0.97 0.9483999999999998
0.97 0.8608000000000001
0.97 0.9094999999999999
0.97 0.8262000000000015
0.97 0.9467499999999996
0.97 0.9522499999999997
0.97 0.952649999999999
0.97 0.9608999999999989
0.97 0.9461999999999994
0.97 0.9627499999999993
0.97 0.945399999999999
0.97 0.9512999999999993
0.97 0.9185499999999999
0.97 0.881149999999999
0.97 0.9420999999999983
0.97 0.9503499999999991
0.97 0.9662499999999988
0.97 0.9584499999999995
0.97 0.8883999999999993
0.97 0.8604999999999992
0.97 0.921999999999999
0.97 0.8822999999999993
0.97 0.9318999999999992
0.97 0.9272499999999999
0.97 0.8004500000000034
0.97 0.9368499999999996
0.97 0.9507499999999992
0.97 0.9505499999999992
0.97 0.9502999999999996
0.97 0.9481999999999995
0.97 0.9556999999999995
0.97 0.880050000000001
0.97 0.9128999999999999
0.97 0.7890500000000032
0.97 0.7237500000000032
0.97 0.7891500000000033
0.97 0.801450000000003
0.97 0.9220999999999997
0.97 0.8616999999999996
0.97 0.8944999999999973
0.97 0.926699999999999
0.97 0.9510499999999986
0.97 0.9550999999999985
0.97 0.9599999999999987
0.97 0.9560499999999993
0.97 0.9580999999999991
0.97 0.9585999999999991
0.97 0.9625499999999992
0.97 0.9614499999999991
0.97 0.952649999999999
0.97 0.9585999999999991
0.97 0.9650999999999991
0.97 0.9639999999999992
0.97 0.9618999999999991
0.97 0.9621999999999992
0.97 0.9656999999999989
0.97 0.9612499999999987
0.97 0.9649499999999989
0.97 0.968249999999999
0.97 0.962099999999999
0.97 0.9597499999999988
0.97 0.9369999999999996
0.97 0.9581999999999993
0.97 0.9617499999999991
0.97 0.9669999999999993
0.97 0.9624999999999989
0.97 0.958449999999999
0.97 0.9404499999999996
0.97 0.954699999999999
0.97 0.961349999999999
0.97 0.9653499999999989
0.97 0.968049999999999
0.97 0.962499999999999
0.97 0.9649499999999991
0.97 0.9665999999999991
0.97 0.9684999999999989
0.97 0.9677499999999991
0.97 0.9673499999999992
0.97 0.9656999999999989
0.97 0.9621499999999992
0.97 0.9648999999999988
0.97 0.966099999999999
0.97 0.965399999999999
0.97 0.9679999999999991
0.97 0.9674999999999991
0.97 0.9634499999999991
0.97 0.9649499999999992
0.97 0.9620999999999991
0.97 0.9591499999999992
0.97 0.9606999999999991
0.97 0.9657499999999988
0.97 0.965049999999999
0.97 0.962799999999999
0.97 0.963249999999999
0.97 0.964999999999999
0.97 0.9645999999999989
0.97 0.9660999999999992
0.97 0.9645499999999991
0.97 0.9636999999999992
0.97 0.9606499999999992
0.97 0.9647499999999993
0.97 0.9619999999999992
0.97 0.965749999999999
0.97 0.968799999999999
0.97 0.9651499999999988
