0.07999999999999996 0.5816400000000068
0.07999999999999996 0.5491800000000057
0.06000000000000005 0.5187000000000049
0.06000000000000005 0.4926200000000049
0.06000000000000005 0.4621600000000046
0.020000000000000018 0.4418800000000029
0.020000000000000018 0.4189600000000022
0.020000000000000018 0.3967400000000017
0.020000000000000018 0.37436000000000147
0.020000000000000018 0.3515400000000009
0.020000000000000018 0.3421200000000009
0.020000000000000018 0.330740000000001
0.020000000000000018 0.3372600000000014
0.020000000000000018 0.33130000000000126
0.020000000000000018 0.3046600000000013
0.09999999999999998 0.29866000000000115
0.09999999999999998 0.3013600000000013
0.09999999999999998 0.30146000000000156
0.09999999999999998 0.29996000000000134
0.09999999999999998 0.29180000000000145
0.09999999999999998 0.27610000000000107
0.09999999999999998 0.28070000000000117
0.09999999999999998 0.26932000000000095
0.09999999999999998 0.2709400000000013
0.09999999999999998 0.27618000000000115
0.09999999999999998 0.27656000000000086
0.09999999999999998 0.2732200000000009
0.09999999999999998 0.28058000000000094
0.09999999999999998 0.27586000000000116
0.09999999999999998 0.275540000000001
0.09999999999999998 0.2791000000000008
0.09999999999999998 0.26938000000000073
0.09999999999999998 0.2517600000000002
0.09999999999999998 0.2555400000000005
0.09999999999999998 0.2476000000000003
0.09999999999999998 0.2392400000000002
0.09999999999999998 0.2423200000000004
0.09999999999999998 0.24002000000000046
0.09999999999999998 0.24670000000000092
0.09999999999999998 0.24070000000000055
0.09999999999999998 0.24654000000000062
0.09999999999999998 0.24796000000000026
0.09999999999999998 0.24218000000000026
0.09999999999999998 0.24108
0.09999999999999998 0.23178000000000024
0.09999999999999998 0.23358000000000018
0.09999999999999998 0.2251200000000001
0.09999999999999998 0.23352000000000028
0.09999999999999998 0.22062000000000034
0.09999999999999998 0.2236400000000003
0.09999999999999998 0.22788000000000025
0.09999999999999998 0.22723999999999983
0.09999999999999998 0.23232000000000014
0.09999999999999998 0.23542000000000035
0.09999999999999998 0.2373600000000004
0.09999999999999998 0.23208000000000018
0.09999999999999998 0.24053999999999987
0.09999999999999998 0.23684000000000005
0.09999999999999998 0.24180000000000032
0.09999999999999998 0.22920000000000043
0.09999999999999998 0.23502000000000034
0.09999999999999998 0.2403000000000003
0.09999999999999998 0.24870000000000034
0.09999999999999998 0.22782000000000052
0.09999999999999998 0.23416000000000023
0.09999999999999998 0.2391000000000002
0.09999999999999998 0.24396000000000023
0.09999999999999998 0.24295999999999998
0.09999999999999998 0.23852000000000018
0.09999999999999998 0.22858000000000026
0.09999999999999998 0.21833999999999998
0.09999999999999998 0.20990000000000003
0.09999999999999998 0.22384
0.09999999999999998 0.22260000000000013
0.09999999999999998 0.22625999999999988
0.09999999999999998 0.22849999999999987
0.09999999999999998 0.21975999999999993
0.09999999999999998 0.21619999999999992
0.09999999999999998 0.21670000000000014
0.09999999999999998 0.2211799999999999
0.09999999999999998 0.23302
0.09999999999999998 0.2191399999999999
0.09999999999999998 0.2149199999999999
0.09999999999999998 0.20977999999999983
0.09999999999999998 0.2079
0.09999999999999998 0.20644000000000007
0.09999999999999998 0.20911999999999997
0.09999999999999998 0.21200000000000024
0.09999999999999998 0.21176000000000028
0.09999999999999998 0.20952000000000023
0.09999999999999998 0.21031999999999976
0.09999999999999998 0.21692000000000014
0.09999999999999998 0.21013999999999985
0.09999999999999998 0.2267999999999997
0.09999999999999998 0.21069999999999978
0.09999999999999998 0.21812000000000015
0.09999999999999998 0.21230000000000016
0.09999999999999998 0.21064
0.09999999999999998 0.21653999999999995
0.09999999999999998 0.2047799999999999
