0.38 0.6439000000000025
0.4 0.6584000000000025
0.38 0.6671000000000025
0.38 0.6340000000000018
0.4 0.6468000000000019
0.38 0.6505000000000016
0.38 0.6541000000000019
0.38 0.6504000000000022
0.4 0.6730000000000018
0.4 0.6654000000000021
0.4 0.6681000000000016
0.4 0.6777000000000016
0.4 0.664400000000002
0.4 0.6669000000000019
0.4 0.6643000000000021
0.38 0.6829000000000021
0.38 0.6696000000000021
0.28 0.640700000000002
0.28 0.661300000000002
0.16000000000000003 0.678100000000002
0.16000000000000003 0.6661000000000021
0.38 0.6618000000000017
0.16000000000000003 0.654000000000002
0.42000000000000004 0.686200000000002
0.38 0.6790000000000022
0.38 0.6668000000000016
0.31999999999999995 0.6575000000000021
0.38 0.6320000000000019
0.31999999999999995 0.5924000000000017
0.31999999999999995 0.6122000000000017
0.24 0.5967000000000017
0.14 0.6005000000000017
0.38 0.6099000000000019
0.16000000000000003 0.5988000000000019
0.19999999999999996 0.601000000000002
0.24 0.5940000000000017
0.24 0.5763000000000014
0.16000000000000003 0.5607000000000011
0.16000000000000003 0.5842000000000015
0.09999999999999998 0.5964000000000017
0.09999999999999998 0.5994000000000016
0.09999999999999998 0.5867000000000017
0.06000000000000005 0.5816000000000014
0.06000000000000005 0.530300000000001
0.09999999999999998 0.5551000000000015
0.38 0.5487000000000013
0.38 0.5615000000000016
0.28 0.5636000000000013
0.26 0.5663000000000012
0.26 0.5358000000000012
0.26 0.5286000000000012
0.26 0.5179000000000009
0.18000000000000005 0.5197000000000007
0.30000000000000004 0.5492000000000015
0.09999999999999998 0.48710000000000064
0.18000000000000005 0.43850000000000056
0.18000000000000005 0.5271000000000011
0.28 0.5156000000000011
0.12 0.5231000000000011
0.12 0.5635000000000017
0.12 0.5357000000000013
0.12 0.658300000000002
0.12 0.6495000000000019
0.12 0.6165000000000019
0.12 0.6088000000000019
0.12 0.6069000000000019
0.4 0.6127000000000019
0.12 0.5855000000000018
0.12 0.5504000000000018
0.12 0.571500000000002
0.12 0.5297000000000014
0.07999999999999996 0.4846000000000013
0.07999999999999996 0.4654000000000009
0.12 0.43100000000000077
0.12 0.3937000000000003
0.21999999999999997 0.4058000000000007
0.16000000000000003 0.41350000000000053
0.12 0.43660000000000054
0.12 0.3084
0.12 0.28779999999999983
0.14 0.3114000000000001
0.12 0.2937000000000001
0.12 0.31379999999999997
0.12 0.3059999999999999
0.07999999999999996 0.3193
0.07999999999999996 0.31210000000000004
0.07999999999999996 0.40040000000000064
0.07999999999999996 0.3029
0.07999999999999996 0.3048999999999999
0.07999999999999996 0.25920000000000004
0.07999999999999996 0.2728
0.07999999999999996 0.2335000000000001
0.07999999999999996 0.25659999999999983
0.12 0.2959999999999998
0.07999999999999996 0.27259999999999984
0.14 0.2464999999999999
0.14 0.2107999999999999
0.14 0.18759999999999988
0.14 0.20049999999999987
0.14 0.2489
0.14 0.23889999999999995
0.14 0.22559999999999988
0.14 0.22040000000000004
0.14 0.22390000000000015
0.14 0.23290000000000002
0.14 0.23289999999999997
0.14 0.24250000000000005
0.14 0.21289999999999998
0.14 0.2305
0.14 0.23929999999999993
0.14 0.25219999999999987
0.14 0.2602999999999999
0.14 0.24989999999999996
0.14 0.3190000000000001
0.14 0.37430000000000063
0.14 0.2609
0.14 0.30440000000000017
0.14 0.32099999999999995
0.14 0.3258999999999999
0.14 0.2857999999999999
0.14 0.2877
0.14 0.3212
0.14 0.2878
0.14 0.2962
0.14 0.28250000000000003
0.14 0.26520000000000005
0.14 0.2308
0.14 0.24119999999999997
0.14 0.24480000000000005
0.14 0.2348999999999998
0.14 0.23399999999999999
0.14 0.22819999999999985
0.14 0.2598999999999998
0.14 0.2533999999999999
0.14 0.21799999999999997
0.14 0.2486999999999999
0.14 0.25909999999999994
0.14 0.22250000000000003
0.14 0.1946000000000001
0.14 0.22030000000000002
0.09999999999999998 0.3364000000000001
0.09999999999999998 0.21609999999999996
0.09999999999999998 0.2058999999999999
0.09999999999999998 0.2096
0.09999999999999998 0.33390000000000003
0.09999999999999998 0.20039999999999997
0.09999999999999998 0.1954
0.09999999999999998 0.1851
0.09999999999999998 0.22830000000000003
0.09999999999999998 0.5552000000000024
0.09999999999999998 0.5245000000000019
0.07999999999999996 0.4713000000000014
0.07999999999999996 0.40700000000000086
0.09999999999999998 0.3900000000000006
0.09999999999999998 0.36140000000000017
0.09999999999999998 0.33149999999999985
0.09999999999999998 0.32389999999999985
0.09999999999999998 0.4101000000000004
0.09999999999999998 0.35360000000000014
0.09999999999999998 0.3605000000000002
0.06000000000000005 0.3312999999999999
0.09999999999999998 0.3103999999999999
0.06000000000000005 0.38100000000000017
0.06000000000000005 0.4699000000000007
0.06000000000000005 0.45470000000000077
0.36 0.492800000000001
0.4 0.49660000000000076
0.36 0.47890000000000055
0.36 0.4621000000000002
0.4 0.5003000000000004
0.4 0.5328000000000006
0.4 0.5138000000000008
0.4 0.510300000000001
0.4 0.5307000000000011
0.4 0.5111000000000011
0.4 0.5344000000000014
0.4 0.5149000000000014
0.36 0.48930000000000073
0.36 0.46620000000000056
0.24 0.46080000000000026
0.24 0.45760000000000045
0.24 0.45430000000000015
0.24 0.4491000000000003
0.07999999999999996 0.43630000000000035
0.07999999999999996 0.42840000000000017
0.07999999999999996 0.41680000000000056
0.040000000000000036 0.4036000000000004
0.12 0.4040000000000004
0.040000000000000036 0.39540000000000064
0.040000000000000036 0.3759000000000008
0.040000000000000036 0.39600000000000085
0.040000000000000036 0.388100000000001
0.040000000000000036 0.3841000000000008
0.040000000000000036 0.3820000000000005
0.040000000000000036 0.3654000000000006
0.040000000000000036 0.35180000000000083
0.040000000000000036 0.3345000000000005
0.040000000000000036 0.2961000000000006
0.07999999999999996 0.2860000000000006
0.07999999999999996 0.26910000000000034
0.07999999999999996 0.2478000000000003
0.07999999999999996 0.24990000000000034
0.07999999999999996 0.24920000000000037
0.07999999999999996 0.22900000000000026
0.07999999999999996 0.20540000000000014
0.07999999999999996 0.21030000000000001
0.07999999999999996 0.20399999999999985
0.07999999999999996 0.19260000000000005
0.07999999999999996 0.1825999999999999
0.07999999999999996 0.19369999999999987
0.07999999999999996 0.18429999999999988
0.07999999999999996 0.17169999999999994
0.12 0.15129999999999996
0.12 0.1611999999999999
0.12 0.16879999999999995
0.12 0.1583999999999999
0.12 0.14389999999999997
0.12 0.16090000000000004
0.12 0.17270000000000002
0.12 0.18129999999999996
0.12 0.17740000000000009
0.12 0.1592
0.12 0.14619999999999997
0.06000000000000005 0.1810999999999999
0.06000000000000005 0.17159999999999997
0.06000000000000005 0.16869999999999993
0.06000000000000005 0.17509999999999995
0.14 0.16619999999999993
0.14 0.18129999999999996
0.14 0.17199999999999996
0.14 0.1827
0.14 0.1589
0.14 0.17840000000000006
0.14 0.2046
0.06000000000000005 0.19599999999999995
0.14 0.18610000000000007
0.14 0.16400000000000012
0.14 0.17739999999999997
0.14 0.1795000000000001
0.14 0.17810000000000006
0.14 0.1825999999999999
0.14 0.1871999999999999
0.14 0.1841
0.14 0.18409999999999993
0.14 0.1845999999999999
0.14 0.19859999999999992
0.14 0.19459999999999986
0.14 0.17139999999999997
0.14 0.17500000000000007
0.14 0.16910000000000003
0.14 0.15680000000000008
0.14 0.15969999999999998
0.14 0.1522
0.14 0.1672
0.14 0.18499999999999986
0.14 0.16299999999999998
0.14 0.16409999999999994
0.14 0.1505
0.14 0.1646
0.14 0.1407
0.14 0.1576
0.14 0.1497
0.14 0.1344
0.14 0.1497000000000001
0.14 0.18250000000000002
0.14 0.15700000000000006
0.14 0.1595
0.14 0.16930000000000003
0.14 0.16679999999999995
0.14 0.18700000000000003
0.14 0.1725
0.14 0.15579999999999997
0.14 0.15929999999999991
0.14 0.1781999999999999
0.14 0.17969999999999994
0.14 0.16699999999999984
0.14 0.19109999999999985
0.14 0.17300000000000007
0.14 0.19939999999999994
0.14 0.21100000000000002
0.14 0.18599999999999997
0.14 0.1665
0.14 0.16010000000000002
0.14 0.1439
0.14 0.16709999999999994
0.14 0.23239999999999977
0.14 0.2060999999999999
0.14 0.1801999999999998
0.14 0.16719999999999988
0.14 0.15529999999999994
0.14 0.17939999999999995
0.14 0.26889999999999986
0.07999999999999996 0.28350000000000014
0.12 0.28640000000000004
0.12 0.2582
0.12 0.2371999999999999
0.12 0.21869999999999998
0.12 0.20289999999999986
0.12 0.2451999999999999
0.12 0.4923000000000006
0.020000000000000018 0.5360000000000009
0.07999999999999996 0.4665000000000006
0.12 0.41490000000000005
0.12 0.3884000000000001
0.07999999999999996 0.3454999999999998
0.07999999999999996 0.3456000000000002
0.07999999999999996 0.32420000000000004
0.07999999999999996 0.28400000000000014
0.07999999999999996 0.2955
0.07999999999999996 0.2504
0.07999999999999996 0.22400000000000012
0.07999999999999996 0.33050000000000024
0.07999999999999996 0.3162000000000005
0.07999999999999996 0.3133000000000003
0.07999999999999996 0.30610000000000015
0.07999999999999996 0.2886
0.07999999999999996 0.2684000000000001
0.07999999999999996 0.25850000000000006
0.040000000000000036 0.3827000000000009
0.06000000000000005 0.27129999999999993
0.06000000000000005 0.3406000000000008
0.06000000000000005 0.34170000000000056
0.06000000000000005 0.29560000000000025
0.06000000000000005 0.28339999999999976
0.06000000000000005 0.28059999999999996
0.06000000000000005 0.2802000000000001
0.06000000000000005 0.29050000000000015
0.06000000000000005 0.30570000000000014
0.06000000000000005 0.2995000000000003
0.06000000000000005 0.24879999999999988
0.06000000000000005 0.2607000000000001
0.07999999999999996 0.2657
0.07999999999999996 0.21219999999999992
0.07999999999999996 0.17799999999999994
0.06000000000000005 0.1963
0.06000000000000005 0.20679999999999996
0.06000000000000005 0.19779999999999998
0.06000000000000005 0.1917
0.06000000000000005 0.20549999999999993
0.06000000000000005 0.1845999999999999
0.06000000000000005 0.17869999999999994
0.06000000000000005 0.19059999999999996
0.06000000000000005 0.20309999999999992
0.06000000000000005 0.2066999999999999
0.06000000000000005 0.20179999999999987
0.06000000000000005 0.19939999999999983
0.06000000000000005 0.19969999999999988
0.06000000000000005 0.1945999999999999
0.06000000000000005 0.19129999999999994
0.06000000000000005 0.19009999999999994
0.06000000000000005 0.21820000000000006
0.06000000000000005 0.21470000000000014
0.06000000000000005 0.1905
0.06000000000000005 0.25780000000000003
0.06000000000000005 0.2569999999999999
0.06000000000000005 0.2687
0.06000000000000005 0.2522
0.06000000000000005 0.26609999999999995
0.06000000000000005 0.2919
0.06000000000000005 0.24389999999999998
0.06000000000000005 0.2975999999999999
0.06000000000000005 0.25439999999999996
0.06000000000000005 0.22229999999999983
0.06000000000000005 0.2168999999999999
0.06000000000000005 0.19949999999999996
0.06000000000000005 0.1833
0.06000000000000005 0.21909999999999993
0.06000000000000005 0.22210000000000002
0.06000000000000005 0.20870000000000005
0.06000000000000005 0.21249999999999994
0.06000000000000005 0.22109999999999996
0.06000000000000005 0.19859999999999997
0.06000000000000005 0.2281
0.06000000000000005 0.20259999999999995
0.06000000000000005 0.2073999999999999
0.06000000000000005 0.20679999999999998
0.06000000000000005 0.20290000000000002
0.06000000000000005 0.18139999999999998
0.06000000000000005 0.1656
0.06000000000000005 0.21020000000000005
0.06000000000000005 0.23870000000000002
0.06000000000000005 0.22470000000000007
0.06000000000000005 0.2446
0.06000000000000005 0.21489999999999987
0.06000000000000005 0.21749999999999997
0.06000000000000005 0.20629999999999996
0.06000000000000005 0.21069999999999997
0.06000000000000005 0.2095
0.07999999999999996 0.23859999999999984
0.06000000000000005 0.19959999999999986
0.06000000000000005 0.17309999999999998
0.06000000000000005 0.18330000000000005
0.06000000000000005 0.1888999999999999
0.06000000000000005 0.1822999999999999
0.14 0.19920000000000002
0.06000000000000005 0.1965
0.14 0.15369999999999995
0.14 0.16679999999999992
0.06000000000000005 0.19529999999999992
0.14 0.19029999999999994
0.14 0.199
0.14 0.21119999999999983
0.14 0.21539999999999998
0.14 0.21790000000000007
0.14 0.31070000000000025
0.14 0.22440000000000002
0.14 0.22560000000000002
0.14 0.24709999999999982
0.14 0.2577
0.14 0.19479999999999997
0.14 0.22349999999999998
0.14 0.25939999999999996
0.14 0.3253000000000001
0.14 0.3262000000000002
0.14 0.3024999999999998
0.14 0.3057000000000002
0.14 0.29830000000000007
0.14 0.2851000000000001
0.14 0.2547000000000001
0.14 0.24810000000000001
0.14 0.2622000000000002
0.14 0.25460000000000016
0.14 0.23530000000000015
0.14 0.23820000000000005
0.14 0.27869999999999995
0.14 0.2750000000000002
0.14 0.25900000000000006
0.14 0.2779
0.14 0.27479999999999977
0.14 0.2575
0.14 0.2303
0.14 0.2463
0.14 0.2674000000000001
0.14 0.2758000000000001
0.14 0.25360000000000005
0.14 0.3648000000000009
0.14 0.396600000000001
0.14 0.2870000000000001
0.14 0.32610000000000056
0.06000000000000005 0.27350000000000013
0.06000000000000005 0.25939999999999985
0.06000000000000005 0.2717000000000001
0.07999999999999996 0.2820999999999999
0.06000000000000005 0.26719999999999994
0.07999999999999996 0.23779999999999993
0.07999999999999996 0.22399999999999992
0.06000000000000005 0.23309999999999995
0.06000000000000005 0.2388999999999999
0.06000000000000005 0.23029999999999984
0.06000000000000005 0.23479999999999993
0.14 0.23469999999999996
0.14 0.2249999999999998
0.14 0.22880000000000006
0.14 0.2502000000000001
0.040000000000000036 0.3249000000000005
0.26 0.4086000000000013
0.38 0.4076000000000009
0.38 0.4076000000000011
0.38 0.4088000000000011
0.38 0.3953000000000009
0.38 0.40590000000000115
0.38 0.39660000000000073
0.38 0.3995000000000008
0.38 0.4020000000000008
0.12 0.39520000000000116
0.12 0.3283000000000005
0.12 0.3319000000000004
0.12 0.3847000000000012
0.12 0.4018000000000012
0.38 0.41510000000000125
0.38 0.400300000000001
0.12 0.37750000000000095
0.12 0.36950000000000105
0.12 0.3381000000000008
0.12 0.3176000000000007
0.12 0.29840000000000055
0.12 0.2771000000000005
0.12 0.30720000000000064
0.12 0.25330000000000036
0.12 0.23330000000000006
0.12 0.23050000000000018
0.12 0.23769999999999997
0.14 0.27440000000000014
0.14 0.26940000000000003
0.14 0.27020000000000016
0.14 0.2562000000000001
0.14 0.24219999999999994
0.14 0.24949999999999986
0.14 0.19840000000000008
0.14 0.17809999999999998
0.14 0.18149999999999994
0.14 0.2052000000000001
0.14 0.2243000000000001
0.14 0.33800000000000063
0.14 0.31880000000000025
0.14 0.23570000000000024
0.14 0.23090000000000008
0.14 0.26020000000000004
0.14 0.2835000000000004
0.14 0.26240000000000024
