0.36 0.6402000000000023
0.36 0.6271000000000023
0.36 0.6332000000000029
0.36 0.6361000000000024
0.36 0.6440000000000028
0.36 0.6438000000000027
0.36 0.6054000000000023
0.36 0.6363000000000029
0.12 0.6240000000000027
0.4 0.6564000000000028
0.36 0.6315000000000028
0.36 0.6163000000000025
0.36 0.5920000000000022
0.36 0.5901000000000022
0.33999999999999997 0.6011000000000025
0.28 0.6010000000000025
0.28 0.5839000000000023
0.28 0.5741000000000022
0.21999999999999997 0.5689000000000022
0.21999999999999997 0.5757000000000021
0.07999999999999996 0.5220000000000018
0.36 0.6009000000000027
0.26 0.5729000000000023
0.07999999999999996 0.5334000000000018
0.12 0.5321000000000019
0.07999999999999996 0.5242000000000018
0.07999999999999996 0.4787000000000014
0.21999999999999997 0.561000000000002
0.28 0.6096000000000025
0.14 0.48580000000000134
0.18000000000000005 0.4518000000000012
0.21999999999999997 0.43300000000000066
0.14 0.41130000000000067
0.21999999999999997 0.3861000000000003
0.14 0.48830000000000134
0.14 0.527900000000002
0.36 0.5711000000000024
0.26 0.526700000000002
0.16000000000000003 0.43240000000000056
0.16000000000000003 0.4459000000000008
0.16000000000000003 0.4169000000000006
0.16000000000000003 0.42590000000000056
0.16000000000000003 0.3840000000000005
0.12 0.37010000000000043
0.16000000000000003 0.39110000000000045
0.09999999999999998 0.37650000000000006
0.020000000000000018 0.3702000000000002
0.020000000000000018 0.3782000000000003
0.020000000000000018 0.3662
0.020000000000000018 0.33859999999999973
0.020000000000000018 0.36430000000000035
0.020000000000000018 0.3628
0.21999999999999997 0.5879000000000024
0.21999999999999997 0.5829000000000024
0.36 0.5837000000000024
0.26 0.5686000000000019
0.020000000000000018 0.4209000000000007
0.19999999999999996 0.4621000000000013
0.040000000000000036 0.41220000000000057
0.24 0.5855000000000024
0.31999999999999995 0.5637000000000013
0.38 0.6171000000000024
0.12 0.5857000000000019
0.36 0.6210000000000025
0.38 0.5523000000000013
0.36 0.5645000000000013
0.19999999999999996 0.5404000000000011
0.36 0.5594000000000016
0.36 0.542400000000001
0.28 0.5424000000000008
0.26 0.5650000000000017
0.4 0.5709000000000021
0.36 0.5567000000000016
0.040000000000000036 0.5388000000000019
0.040000000000000036 0.5187000000000017
0.19999999999999996 0.5365000000000015
0.36 0.5210000000000012
0.36 0.5323000000000014
0.36 0.5395000000000024
0.36 0.5433000000000021
0.36 0.5355000000000023
0.36 0.5098000000000021
0.36 0.49330000000000196
0.36 0.4797000000000016
0.36 0.5253000000000019
0.36 0.49970000000000175
0.36 0.47090000000000126
0.36 0.469500000000001
0.36 0.45320000000000105
0.36 0.434900000000001
0.36 0.42390000000000094
0.36 0.41580000000000084
0.36 0.4190000000000008
0.36 0.4214000000000008
0.36 0.4186000000000007
0.36 0.42450000000000104
0.36 0.4301000000000008
0.36 0.4254000000000009
0.36 0.42000000000000104
0.36 0.41010000000000074
0.36 0.4072000000000008
0.36 0.403500000000001
0.36 0.3892000000000009
0.36 0.3986000000000009
0.36 0.3846000000000003
0.36 0.38550000000000023
0.36 0.3798999999999998
0.36 0.3791999999999999
0.36 0.3828999999999998
0.36 0.3756999999999998
0.36 0.3792999999999999
0.36 0.39750000000000013
0.36 0.46100000000000074
0.36 0.4472000000000008
0.36 0.42620000000000047
0.36 0.4047000000000002
0.36 0.38389999999999985
0.36 0.37919999999999965
0.36 0.38870000000000005
0.36 0.38050000000000006
0.36 0.3868000000000002
0.36 0.37899999999999984
0.36 0.3745999999999996
0.36 0.37749999999999967
0.36 0.3699999999999998
0.36 0.5102000000000015
0.36 0.5338000000000013
0.36 0.41820000000000024
0.36 0.4686000000000009
0.36 0.42680000000000035
0.36 0.3842000000000001
0.36 0.38239999999999996
0.36 0.37749999999999967
0.36 0.3788999999999998
0.36 0.38960000000000006
0.36 0.43220000000000086
0.36 0.3899999999999999
0.36 0.38229999999999975
0.36 0.38219999999999993
0.36 0.37959999999999977
0.36 0.37269999999999975
0.36 0.3709999999999996
0.36 0.38319999999999976
0.38 0.4058000000000005
0.38 0.3742999999999998
0.38 0.38469999999999965
0.38 0.37199999999999966
0.38 0.37359999999999965
0.36 0.3960000000000003
0.36 0.38479999999999953
0.36 0.37779999999999986
0.36 0.38590000000000013
0.36 0.38079999999999986
0.36 0.37999999999999995
0.36 0.4527000000000011
0.36 0.4004000000000004
0.36 0.44700000000000095
0.36 0.4446000000000009
0.36 0.40640000000000037
0.36 0.3824999999999998
0.36 0.3729999999999996
0.36 0.47750000000000126
0.36 0.5589000000000022
0.36 0.5631000000000023
0.36 0.4418000000000007
0.36 0.4423000000000008
0.36 0.5239000000000018
0.36 0.5756000000000026
0.36 0.5958000000000027
0.36 0.5867000000000026
0.36 0.5956000000000027
0.36 0.5819000000000025
0.36 0.5722000000000024
0.36 0.5584000000000023
0.36 0.4995000000000016
0.36 0.47590000000000143
0.36 0.45580000000000104
0.36 0.4223000000000007
0.36 0.4150000000000004
0.36 0.40950000000000036
0.36 0.4176000000000004
0.36 0.40020000000000033
0.36 0.3948000000000001
0.36 0.3828999999999999
0.36 0.3853999999999999
0.36 0.3865999999999999
0.36 0.3879000000000001
0.36 0.39320000000000016
0.36 0.39800000000000024
0.36 0.4027000000000001
0.36 0.4091000000000004
0.36 0.4065000000000002
0.36 0.3905000000000001
0.36 0.37789999999999985
0.36 0.3729999999999996
0.36 0.3924
0.36 0.3803999999999999
0.36 0.3952999999999999
0.36 0.3855999999999997
0.36 0.40220000000000034
0.36 0.4017000000000002
0.36 0.39150000000000007
0.36 0.4129000000000005
0.36 0.3996000000000002
0.36 0.4192000000000003
0.36 0.4000000000000001
0.36 0.41740000000000066
0.36 0.4005000000000002
0.36 0.40000000000000013
0.36 0.4367000000000008
0.36 0.5633000000000024
0.36 0.5368000000000018
0.36 0.5043000000000016
0.36 0.4810000000000013
0.36 0.4525000000000011
0.36 0.439500000000001
0.36 0.44000000000000083
0.36 0.44250000000000056
0.36 0.44060000000000066
0.36 0.4197000000000003
0.36 0.4146000000000001
0.36 0.4189000000000005
0.36 0.40560000000000024
0.36 0.4252000000000007
0.36 0.40810000000000035
0.36 0.3976000000000002
0.36 0.40520000000000045
0.36 0.40370000000000045
0.36 0.40990000000000043
0.36 0.3966000000000002
0.36 0.39410000000000023
0.36 0.4003000000000003
0.36 0.3872
0.36 0.4099000000000007
0.36 0.4452000000000009
0.36 0.4227000000000007
0.36 0.41590000000000044
0.36 0.39980000000000016
0.36 0.38820000000000016
0.36 0.38179999999999986
0.36 0.3954000000000002
0.36 0.39480000000000004
0.36 0.3915999999999999
0.36 0.3938000000000001
0.36 0.39170000000000016
0.36 0.4066000000000006
0.36 0.3951000000000001
0.36 0.3855999999999999
0.36 0.39280000000000004
0.36 0.3890000000000002
0.36 0.39140000000000014
0.36 0.39180000000000026
0.36 0.3825
0.36 0.38400000000000006
0.36 0.3829999999999999
0.36 0.37749999999999995
0.36 0.3777
0.36 0.3745999999999998
0.36 0.38339999999999996
0.36 0.37609999999999977
0.36 0.3959000000000002
0.36 0.4195000000000006
0.36 0.39140000000000014
0.36 0.3874000000000001
0.36 0.3776999999999998
0.36 0.4514000000000011
0.36 0.49440000000000145
0.36 0.45450000000000096
0.36 0.41730000000000056
0.36 0.3986000000000003
0.36 0.4096000000000006
0.36 0.3966000000000004
0.36 0.3922000000000003
0.36 0.4012000000000003
0.36 0.4037000000000004
0.36 0.4177000000000006
0.36 0.4035000000000006
0.36 0.3857999999999999
0.36 0.4542000000000011
0.36 0.4026000000000003
0.36 0.39690000000000025
0.36 0.3859000000000002
0.36 0.38610000000000005
0.36 0.37739999999999974
0.36 0.3821999999999997
0.36 0.38139999999999996
0.36 0.4050000000000004
0.36 0.3985000000000003
0.36 0.38860000000000006
0.36 0.3792999999999999
0.36 0.37689999999999985
0.36 0.38770000000000016
0.36 0.3954000000000002
0.36 0.3879000000000001
0.36 0.3883999999999999
0.36 0.3918000000000002
0.36 0.3857
0.36 0.3949000000000001
0.36 0.3831999999999999
0.36 0.3889999999999999
0.36 0.3786999999999998
0.36 0.38380000000000003
0.36 0.3938000000000001
0.36 0.3801999999999998
0.36 0.3833999999999999
0.36 0.38890000000000013
0.36 0.38369999999999993
0.36 0.3914000000000003
0.36 0.3875000000000001
0.36 0.38189999999999996
0.36 0.3863000000000001
0.36 0.3949000000000003
0.36 0.38860000000000006
0.36 0.38819999999999993
0.36 0.3797999999999999
0.36 0.38449999999999995
0.36 0.38940000000000025
0.36 0.3921000000000002
0.36 0.3765999999999998
0.36 0.3825999999999999
0.36 0.3845
0.36 0.38380000000000003
0.36 0.39450000000000024
0.36 0.3879000000000001
0.36 0.3902000000000001
0.36 0.39450000000000024
0.36 0.40050000000000047
0.36 0.38850000000000007
0.36 0.38650000000000007
0.36 0.3873
0.36 0.38199999999999995
0.36 0.3828999999999999
0.36 0.37409999999999977
0.36 0.3724999999999997
0.36 0.3789999999999999
0.36 0.3711999999999997
0.36 0.3741999999999998
0.36 0.37239999999999973
0.36 0.3780999999999999
0.36 0.3809999999999999
0.36 0.3784999999999999
0.36 0.3888999999999999
0.36 0.38049999999999995
0.36 0.38130000000000003
0.36 0.47160000000000124
0.36 0.38940000000000013
0.36 0.38860000000000006
0.36 0.3906000000000002
0.36 0.3867000000000001
0.36 0.4004000000000004
0.36 0.3957000000000004
0.36 0.37839999999999985
0.36 0.38199999999999995
0.36 0.38599999999999995
0.36 0.4056000000000005
0.36 0.43050000000000077
0.36 0.40300000000000047
0.36 0.40210000000000046
0.36 0.3994000000000004
0.36 0.39360000000000006
0.36 0.46700000000000125
0.36 0.4089000000000005
0.36 0.42270000000000074
0.36 0.41640000000000055
0.36 0.39610000000000034
0.36 0.39080000000000004
0.36 0.3869
0.36 0.3934000000000001
0.36 0.38349999999999995
0.36 0.41340000000000054
0.36 0.43420000000000075
0.36 0.48390000000000133
0.36 0.47140000000000126
0.36 0.4687000000000011
0.36 0.4556000000000011
0.36 0.4083000000000006
0.36 0.4107000000000005
0.36 0.38249999999999995
0.36 0.37259999999999976
0.36 0.3720999999999998
0.36 0.3814999999999999
0.36 0.3817999999999999
0.36 0.38219999999999965
0.36 0.38029999999999986
0.36 0.3873000000000001
0.36 0.3995000000000002
0.36 0.4037000000000004
0.36 0.38330000000000003
0.36 0.39239999999999997
0.36 0.3789
0.36 0.4216000000000006
0.36 0.4016
0.36 0.4091000000000003
0.36 0.40330000000000027
0.36 0.39019999999999994
0.36 0.38470000000000004
0.36 0.38319999999999993
0.36 0.3787999999999997
0.36 0.3855000000000001
0.36 0.3813
0.36 0.38279999999999986
0.36 0.3891000000000001
0.36 0.3818999999999999
0.36 0.38660000000000005
0.36 0.3849
0.36 0.3853000000000001
0.36 0.3857
0.36 0.37389999999999973
0.36 0.3773999999999999
0.36 0.38590000000000013
0.36 0.3858
0.36 0.3894
0.36 0.37079999999999963
0.36 0.37549999999999983
0.36 0.3709999999999997
0.36 0.3736999999999998
0.36 0.38119999999999993
0.36 0.3820999999999999
0.36 0.37379999999999974
0.36 0.3797999999999998
0.36 0.3805999999999999
0.36 0.37749999999999984
0.36 0.37369999999999975
0.36 0.3696999999999996
0.36 0.3677999999999997
0.36 0.3772999999999999
0.36 0.37369999999999975
0.36 0.37769999999999987
0.36 0.3756999999999998
0.36 0.37559999999999966
0.36 0.3774999999999998
0.36 0.3682999999999997
0.36 0.37719999999999976
0.36 0.37549999999999983
0.36 0.36999999999999955
0.36 0.3683999999999996
0.36 0.36909999999999954
0.36 0.3773999999999998
0.36 0.3739999999999998
0.36 0.37619999999999976
0.36 0.3651999999999996
0.36 0.3748999999999998
0.36 0.3745999999999997
0.36 0.37689999999999985
0.36 0.3714999999999997
0.36 0.3729999999999998
0.36 0.3745999999999998
0.36 0.36869999999999964
0.36 0.37439999999999984
0.36 0.3698999999999997
0.36 0.37389999999999973
0.36 0.3767999999999998
0.36 0.36719999999999964
0.36 0.3712999999999995
0.36 0.3686999999999997
0.36 0.3784999999999997
0.36 0.3822999999999998
0.36 0.3717999999999998
0.36 0.37289999999999957
0.36 0.3702999999999996
0.36 0.36949999999999955
0.36 0.3691999999999996
0.36 0.3760999999999997
0.36 0.3709999999999995
0.36 0.3726999999999997
0.36 0.3762999999999996
0.36 0.37249999999999966
0.36 0.3662999999999995
0.36 0.36779999999999974
0.36 0.36839999999999967
0.36 0.36689999999999967
0.36 0.3706999999999998
0.36 0.37339999999999984
0.36 0.3764999999999997
0.36 0.37309999999999977
0.36 0.36649999999999955
0.36 0.3662999999999997
0.36 0.36639999999999956
0.36 0.3695999999999998
0.36 0.37319999999999953
0.36 0.37909999999999977
0.36 0.36699999999999955
0.36 0.3629999999999996
0.36 0.3683999999999996
0.36 0.3837999999999998
0.36 0.3743999999999997
0.36 0.37119999999999953
0.36 0.36539999999999956
0.36 0.3695999999999997
0.36 0.37099999999999966
0.36 0.37589999999999985
0.36 0.3801
0.36 0.37469999999999987
0.36 0.3672999999999997
0.36 0.37429999999999986
0.36 0.3647999999999997
0.36 0.36709999999999954
0.36 0.3647999999999996
0.36 0.3760999999999999
0.36 0.3713999999999997
