0.14 0.6158800000000074
0.040000000000000036 0.5825600000000064
0.12 0.5616800000000077
0.12 0.5251800000000066
0.12 0.4949400000000048
0.12 0.472160000000005
0.12 0.44422000000000345
0.09999999999999998 0.43138000000000293
0.09999999999999998 0.40264000000000144
0.06000000000000005 0.3933400000000014
0.06000000000000005 0.3880000000000011
0.06000000000000005 0.37914000000000175
0.06000000000000005 0.35364000000000073
0.06000000000000005 0.3474000000000005
0.06000000000000005 0.3414999999999998
0.06000000000000005 0.3182799999999996
0.06000000000000005 0.3151399999999996
0.06000000000000005 0.30739999999999973
0.06000000000000005 0.2952799999999993
0.06000000000000005 0.29555999999999943
0.06000000000000005 0.2891399999999993
0.06000000000000005 0.2746399999999992
0.06000000000000005 0.27517999999999937
0.06000000000000005 0.2597599999999989
0.06000000000000005 0.2592199999999989
0.06000000000000005 0.25325999999999893
0.06000000000000005 0.26341999999999904
0.06000000000000005 0.2677199999999992
0.06000000000000005 0.26455999999999913
0.06000000000000005 0.24823999999999902
0.06000000000000005 0.252779999999999
0.06000000000000005 0.24909999999999888
0.06000000000000005 0.245959999999999
0.06000000000000005 0.23737999999999915
0.06000000000000005 0.23031999999999905
0.06000000000000005 0.23475999999999925
0.06000000000000005 0.24557999999999938
0.06000000000000005 0.22389999999999932
0.06000000000000005 0.23883999999999941
0.06000000000000005 0.23519999999999922
0.06000000000000005 0.2336399999999993
0.06000000000000005 0.2374199999999994
0.06000000000000005 0.22941999999999915
0.06000000000000005 0.21799999999999967
0.06000000000000005 0.2093999999999994
0.06000000000000005 0.21081999999999937
0.040000000000000036 0.2133999999999993
0.040000000000000036 0.20499999999999938
0.040000000000000036 0.19935999999999937
0.040000000000000036 0.19985999999999923
0.040000000000000036 0.18481999999999954
0.040000000000000036 0.19351999999999922
0.040000000000000036 0.19449999999999928
0.040000000000000036 0.18063999999999936
0.040000000000000036 0.18577999999999942
0.040000000000000036 0.17951999999999932
0.040000000000000036 0.1848799999999993
0.040000000000000036 0.1879999999999995
0.040000000000000036 0.1870399999999993
0.040000000000000036 0.18751999999999952
0.040000000000000036 0.17389999999999953
0.040000000000000036 0.18183999999999959
0.040000000000000036 0.16683999999999957
0.040000000000000036 0.16249999999999973
0.040000000000000036 0.15709999999999974
0.040000000000000036 0.14717999999999992
0.040000000000000036 0.1497399999999998
0.040000000000000036 0.14211999999999975
0.040000000000000036 0.14983999999999967
0.040000000000000036 0.15671999999999972
0.040000000000000036 0.14215999999999973
0.040000000000000036 0.13889999999999983
0.040000000000000036 0.13655999999999965
0.040000000000000036 0.13259999999999963
0.040000000000000036 0.13599999999999962
0.040000000000000036 0.14329999999999962
0.040000000000000036 0.1469599999999995
0.040000000000000036 0.13049999999999948
0.040000000000000036 0.13051999999999953
0.040000000000000036 0.1346999999999996
0.040000000000000036 0.1358799999999995
0.040000000000000036 0.1498999999999995
0.040000000000000036 0.13825999999999938
0.040000000000000036 0.1400399999999997
0.040000000000000036 0.14181999999999967
0.040000000000000036 0.14003999999999953
0.040000000000000036 0.13345999999999952
0.040000000000000036 0.13561999999999963
0.040000000000000036 0.13707999999999948
0.040000000000000036 0.12715999999999952
0.040000000000000036 0.12627999999999984
0.040000000000000036 0.1302999999999997
0.040000000000000036 0.13395999999999972
0.040000000000000036 0.13277999999999954
0.040000000000000036 0.13065999999999955
0.040000000000000036 0.12963999999999967
0.040000000000000036 0.12193999999999959
0.040000000000000036 0.1186599999999998
0.040000000000000036 0.1248999999999998
0.040000000000000036 0.13001999999999964
