0.18000000000000005 0.6517199999999931
0.09999999999999998 0.6295799999999928
0.09999999999999998 0.6050999999999935
0.12 0.5702999999999948
0.06000000000000005 0.5307999999999976
0.06000000000000005 0.5047199999999988
0.040000000000000036 0.4749999999999985
0.040000000000000036 0.4616599999999983
0.040000000000000036 0.45053999999999866
0.040000000000000036 0.44141999999999804
0.040000000000000036 0.42825999999999725
0.040000000000000036 0.4048599999999977
0.040000000000000036 0.3966999999999967
0.040000000000000036 0.3934799999999968
0.040000000000000036 0.38739999999999714
0.040000000000000036 0.38555999999999635
0.06000000000000005 0.3712199999999971
0.06000000000000005 0.37161999999999656
0.06000000000000005 0.37495999999999685
0.06000000000000005 0.36449999999999677
0.06000000000000005 0.3561199999999969
0.06000000000000005 0.33289999999999675
0.06000000000000005 0.32869999999999755
0.06000000000000005 0.3176999999999976
0.06000000000000005 0.319759999999998
0.06000000000000005 0.3077199999999981
0.06000000000000005 0.29521999999999776
0.06000000000000005 0.2923599999999979
0.06000000000000005 0.277819999999999
0.06000000000000005 0.266599999999999
0.06000000000000005 0.27027999999999897
0.06000000000000005 0.26549999999999857
0.06000000000000005 0.2787999999999984
0.06000000000000005 0.258099999999999
0.06000000000000005 0.2557599999999988
0.06000000000000005 0.2641999999999988
0.06000000000000005 0.26965999999999885
0.06000000000000005 0.27477999999999897
0.06000000000000005 0.26577999999999924
0.06000000000000005 0.26387999999999906
0.06000000000000005 0.2574599999999992
0.06000000000000005 0.24345999999999934
0.06000000000000005 0.2485599999999993
0.06000000000000005 0.24881999999999954
0.06000000000000005 0.24813999999999964
0.06000000000000005 0.2449599999999996
0.06000000000000005 0.23707999999999974
0.06000000000000005 0.2243199999999999
0.06000000000000005 0.21497999999999975
0.06000000000000005 0.20799999999999955
0.06000000000000005 0.20601999999999923
0.06000000000000005 0.2168399999999996
0.06000000000000005 0.21197999999999956
0.06000000000000005 0.19943999999999987
0.06000000000000005 0.20459999999999973
0.06000000000000005 0.19741999999999968
0.06000000000000005 0.21481999999999982
0.06000000000000005 0.21063999999999983
0.06000000000000005 0.20914000000000027
0.06000000000000005 0.20430000000000026
0.06000000000000005 0.1920999999999999
0.06000000000000005 0.19137999999999974
0.06000000000000005 0.20361999999999988
0.06000000000000005 0.20125999999999988
0.06000000000000005 0.20687999999999956
0.06000000000000005 0.20599999999999966
0.06000000000000005 0.20527999999999968
0.06000000000000005 0.20828000000000002
0.06000000000000005 0.21257999999999996
0.06000000000000005 0.21156
0.06000000000000005 0.20701999999999984
0.06000000000000005 0.21033999999999997
0.06000000000000005 0.2119799999999998
0.06000000000000005 0.21362000000000012
0.06000000000000005 0.2115800000000001
0.06000000000000005 0.20773999999999998
0.06000000000000005 0.20976000000000022
0.06000000000000005 0.21317999999999993
0.06000000000000005 0.2088199999999998
0.06000000000000005 0.20472000000000004
0.06000000000000005 0.21440000000000023
0.06000000000000005 0.20587999999999998
0.06000000000000005 0.2009999999999995
0.06000000000000005 0.1888999999999999
0.06000000000000005 0.18336000000000005
0.06000000000000005 0.18531999999999965
0.06000000000000005 0.1885999999999997
0.06000000000000005 0.17797999999999994
0.06000000000000005 0.1806199999999996
0.06000000000000005 0.1854199999999997
0.06000000000000005 0.19063999999999967
0.06000000000000005 0.19560000000000005
0.06000000000000005 0.2041600000000004
0.06000000000000005 0.20108000000000006
0.06000000000000005 0.1900000000000001
0.06000000000000005 0.18841999999999975
0.06000000000000005 0.18684000000000006
0.06000000000000005 0.18241999999999964
0.06000000000000005 0.18841999999999984
0.06000000000000005 0.1946599999999997
