0.26 0.6218999999999996
0.19999999999999996 0.6391999999999998
0.19999999999999996 0.6099999999999995
0.4 0.6202999999999994
0.24 0.6084999999999998
0.4 0.5814999999999998
0.31999999999999995 0.6185999999999998
0.4 0.6189999999999997
0.4 0.6473999999999996
0.4 0.6308999999999998
0.4 0.5991
0.36 0.6569999999999996
0.28 0.6402999999999995
0.30000000000000004 0.6246999999999994
0.28 0.6541999999999996
0.30000000000000004 0.5940999999999993
0.30000000000000004 0.5993999999999993
0.30000000000000004 0.6147999999999992
0.28 0.5950999999999996
0.28 0.5652999999999997
0.4 0.6279999999999996
0.33999999999999997 0.6363999999999994
0.30000000000000004 0.6066999999999997
0.4 0.6458999999999996
0.4 0.5795999999999996
0.36 0.5105000000000001
0.31999999999999995 0.5898999999999993
0.31999999999999995 0.5590999999999995
0.31999999999999995 0.5490999999999996
0.09999999999999998 0.5142999999999998
0.31999999999999995 0.5165999999999997
0.31999999999999995 0.5048999999999996
0.36 0.47269999999999934
0.36 0.4776999999999994
0.21999999999999997 0.4749999999999994
0.24 0.4437000000000001
0.24 0.4368000000000004
0.31999999999999995 0.5338999999999999
0.21999999999999997 0.4743999999999998
0.21999999999999997 0.4417999999999998
0.12 0.4007999999999998
0.09999999999999998 0.38279999999999975
0.09999999999999998 0.3708999999999999
0.09999999999999998 0.38319999999999993
0.0 0.39160000000000006
