0.31999999999999995 0.6140000000000005
0.31999999999999995 0.5790000000000005
0.14 0.5786000000000014
0.14 0.6129000000000017
0.28 0.6104000000000015
0.31999999999999995 0.5837000000000014
0.31999999999999995 0.5952000000000023
0.21999999999999997 0.5664000000000019
0.16000000000000003 0.5306000000000012
0.09999999999999998 0.5034000000000014
0.09999999999999998 0.5398000000000016
0.19999999999999996 0.5544000000000017
0.19999999999999996 0.6011000000000016
0.24 0.5754000000000018
0.09999999999999998 0.5736000000000019
0.28 0.5766000000000019
0.21999999999999997 0.6107000000000015
0.28 0.5922000000000021
0.14 0.6014000000000017
0.21999999999999997 0.5472000000000016
0.31999999999999995 0.571700000000001
0.31999999999999995 0.6129000000000017
0.38 0.5967000000000009
0.42000000000000004 0.5781000000000011
0.18000000000000005 0.5367000000000005
0.31999999999999995 0.590100000000001
0.31999999999999995 0.5690000000000013
0.30000000000000004 0.5855000000000018
0.33999999999999997 0.5836000000000012
0.33999999999999997 0.5573000000000011
0.33999999999999997 0.5170000000000008
0.33999999999999997 0.5352000000000013
0.14 0.4377000000000006
0.14 0.405400000000001
0.28 0.4169000000000005
0.28 0.3970000000000007
0.19999999999999996 0.3662000000000008
0.21999999999999997 0.37840000000000074
0.09999999999999998 0.3764000000000008
0.09999999999999998 0.40300000000000064
0.14 0.3979000000000005
0.14 0.34920000000000073
0.24 0.45150000000000007
0.24 0.3887000000000002
0.30000000000000004 0.4775999999999999
0.18000000000000005 0.42359999999999987
0.19999999999999996 0.3727000000000002
0.14 0.4673000000000005
0.18000000000000005 0.4208000000000008
0.14 0.3541000000000004
0.31999999999999995 0.43450000000000055
0.18000000000000005 0.4486999999999999
0.33999999999999997 0.5000999999999997
0.33999999999999997 0.45519999999999944
0.30000000000000004 0.41979999999999956
0.33999999999999997 0.42589999999999983
0.28 0.4267
0.30000000000000004 0.44430000000000036
0.31999999999999995 0.4152000000000002
0.18000000000000005 0.3886000000000002
0.16000000000000003 0.38650000000000084
0.16000000000000003 0.3627000000000003
0.16000000000000003 0.34460000000000046
0.26 0.3500000000000006
0.31999999999999995 0.3402000000000004
0.31999999999999995 0.3329000000000005
0.31999999999999995 0.3797
0.19999999999999996 0.34790000000000015
0.24 0.32910000000000017
0.31999999999999995 0.3364000000000003
0.30000000000000004 0.33620000000000055
0.30000000000000004 0.32420000000000015
0.19999999999999996 0.33040000000000025
0.26 0.3234000000000004
0.26 0.3098000000000004
0.26 0.3323000000000005
0.09999999999999998 0.30230000000000035
0.07999999999999996 0.28200000000000036
0.07999999999999996 0.2949000000000002
0.26 0.5045
0.14 0.42719999999999986
0.09999999999999998 0.3789
0.09999999999999998 0.44890000000000013
0.24 0.5281000000000009
0.33999999999999997 0.5763000000000009
0.14 0.47300000000000053
0.14 0.3768000000000002
0.14 0.33550000000000046
0.14 0.31190000000000034
0.14 0.3060000000000004
0.14 0.3135000000000005
0.14 0.2900000000000003
0.16000000000000003 0.3542000000000003
0.14 0.3195000000000004
0.14 0.31440000000000046
0.07999999999999996 0.2955000000000005
0.18000000000000005 0.34610000000000035
0.07999999999999996 0.3085000000000004
0.07999999999999996 0.2591000000000002
0.09999999999999998 0.2654000000000004
0.09999999999999998 0.22090000000000018
0.07999999999999996 0.23630000000000004
0.07999999999999996 0.26210000000000017
0.07999999999999996 0.2344000000000003
0.07999999999999996 0.1923
0.07999999999999996 0.1605999999999999
0.07999999999999996 0.13429999999999992
0.07999999999999996 0.12129999999999982
0.07999999999999996 0.12019999999999996
0.07999999999999996 0.12639999999999996
0.07999999999999996 0.20060000000000003
0.07999999999999996 0.15350000000000003
0.12 0.31470000000000026
0.07999999999999996 0.2965000000000003
0.07999999999999996 0.30050000000000027
0.07999999999999996 0.2572000000000002
0.07999999999999996 0.20129999999999998
0.14 0.2951000000000001
0.19999999999999996 0.2944
0.14 0.2802999999999999
0.14 0.30190000000000017
0.14 0.3054000000000003
0.07999999999999996 0.3122000000000001
0.18000000000000005 0.31270000000000026
0.30000000000000004 0.3339000000000004
0.07999999999999996 0.25660000000000033
0.07999999999999996 0.18679999999999988
0.07999999999999996 0.14219999999999994
0.07999999999999996 0.2148
0.07999999999999996 0.2684000000000001
0.07999999999999996 0.2053000000000001
0.07999999999999996 0.16079999999999997
0.07999999999999996 0.13929999999999995
0.07999999999999996 0.12569999999999992
0.07999999999999996 0.11070000000000002
0.07999999999999996 0.2003000000000002
0.07999999999999996 0.11919999999999999
0.07999999999999996 0.11239999999999994
0.07999999999999996 0.1038
0.07999999999999996 0.10579999999999995
0.07999999999999996 0.10129999999999997
0.07999999999999996 0.10640000000000002
0.07999999999999996 0.19880000000000014
0.09999999999999998 0.1367
0.09999999999999998 0.11539999999999999
0.09999999999999998 0.11669999999999991
0.09999999999999998 0.1109
0.09999999999999998 0.10569999999999996
0.09999999999999998 0.09970000000000002
0.09999999999999998 0.09890000000000003
0.09999999999999998 0.10960000000000006
0.09999999999999998 0.09750000000000002
0.09999999999999998 0.09960000000000005
0.09999999999999998 0.09920000000000004
0.09999999999999998 0.10719999999999995
0.07999999999999996 0.20850000000000016
0.07999999999999996 0.16970000000000007
0.07999999999999996 0.13940000000000008
0.07999999999999996 0.11710000000000001
0.09999999999999998 0.1186000000000001
0.07999999999999996 0.11650000000000015
0.09999999999999998 0.1390000000000001
0.09999999999999998 0.16759999999999994
0.09999999999999998 0.11959999999999997
0.07999999999999996 0.18160000000000034
0.07999999999999996 0.12029999999999999
0.07999999999999996 0.11760000000000001
0.09999999999999998 0.14850000000000008
0.07999999999999996 0.15790000000000018
0.07999999999999996 0.14080000000000012
0.07999999999999996 0.16020000000000006
0.07999999999999996 0.12309999999999999
0.07999999999999996 0.10079999999999995
0.07999999999999996 0.11019999999999998
0.07999999999999996 0.11749999999999998
0.07999999999999996 0.09639999999999997
0.07999999999999996 0.10060000000000004
0.07999999999999996 0.08960000000000003
0.07999999999999996 0.09490000000000004
0.07999999999999996 0.09569999999999998
0.07999999999999996 0.09309999999999999
0.07999999999999996 0.09920000000000001
0.07999999999999996 0.08899999999999998
0.07999999999999996 0.1506000000000001
0.07999999999999996 0.21940000000000023
0.07999999999999996 0.19150000000000023
0.07999999999999996 0.20050000000000012
0.07999999999999996 0.10979999999999997
0.06000000000000005 0.15760000000000007
0.07999999999999996 0.11230000000000004
0.06000000000000005 0.3324999999999999
0.07999999999999996 0.2654999999999999
0.06000000000000005 0.31449999999999995
0.06000000000000005 0.2724999999999999
0.07999999999999996 0.21619999999999984
0.07999999999999996 0.11090000000000012
0.07999999999999996 0.2134999999999998
0.06000000000000005 0.2648000000000001
0.06000000000000005 0.15309999999999988
0.06000000000000005 0.2647
0.07999999999999996 0.2103
0.07999999999999996 0.3520999999999999
0.12 0.3887000000000003
0.14 0.36340000000000006
0.18000000000000005 0.47860000000000036
0.07999999999999996 0.45800000000000046
0.07999999999999996 0.3765000000000005
0.31999999999999995 0.38389999999999985
0.07999999999999996 0.30589999999999995
0.09999999999999998 0.2509000000000001
0.07999999999999996 0.3517
0.07999999999999996 0.2805999999999999
0.09999999999999998 0.2349999999999998
0.07999999999999996 0.20289999999999997
0.09999999999999998 0.14299999999999993
0.07999999999999996 0.1802999999999999
0.06000000000000005 0.19479999999999978
0.07999999999999996 0.19769999999999993
0.07999999999999996 0.18869999999999973
0.06000000000000005 0.2661999999999999
0.28 0.3297000000000002
0.18000000000000005 0.31240000000000023
0.21999999999999997 0.3061
0.26 0.3048
0.24 0.26889999999999986
0.24 0.26399999999999957
0.16000000000000003 0.3228000000000001
0.07999999999999996 0.2703999999999995
0.09999999999999998 0.2577999999999999
0.07999999999999996 0.23279999999999976
0.07999999999999996 0.2048999999999997
0.07999999999999996 0.3033
0.07999999999999996 0.2671999999999999
0.07999999999999996 0.22809999999999975
0.07999999999999996 0.2748000000000001
0.07999999999999996 0.1985
0.07999999999999996 0.1671999999999999
0.06000000000000005 0.16729999999999998
0.06000000000000005 0.15870000000000004
0.06000000000000005 0.20300000000000026
0.18000000000000005 0.4232999999999999
0.07999999999999996 0.4107
0.07999999999999996 0.28430000000000005
0.43999999999999995 0.5123
0.28 0.46079999999999993
0.43999999999999995 0.5398999999999997
0.06000000000000005 0.38620000000000027
0.19999999999999996 0.4179999999999998
0.06000000000000005 0.3720999999999999
0.06000000000000005 0.2667000000000001
0.06000000000000005 0.3385000000000003
0.06000000000000005 0.34130000000000016
0.19999999999999996 0.3947000000000005
0.06000000000000005 0.34840000000000015
0.24 0.5665999999999997
0.21999999999999997 0.5487000000000001
0.21999999999999997 0.49759999999999993
0.06000000000000005 0.44160000000000027
0.06000000000000005 0.4186000000000001
0.06000000000000005 0.376
0.21999999999999997 0.36260000000000003
0.06000000000000005 0.2984000000000003
0.06000000000000005 0.2603000000000001
0.09999999999999998 0.31690000000000007
0.24 0.4473000000000009
0.040000000000000036 0.44200000000000017
0.24 0.46580000000000077
0.09999999999999998 0.3774000000000003
0.09999999999999998 0.35940000000000016
0.12 0.3486000000000001
0.14 0.31570000000000015
0.09999999999999998 0.26130000000000014
0.09999999999999998 0.2254999999999999
0.09999999999999998 0.21299999999999972
0.12 0.19429999999999964
0.12 0.18749999999999983
0.12 0.19419999999999998
0.12 0.18960000000000002
0.12 0.17599999999999993
0.12 0.16449999999999995
0.28 0.19819999999999985
0.26 0.23700000000000007
0.16000000000000003 0.20809999999999984
0.07999999999999996 0.17600000000000002
0.16000000000000003 0.20079999999999976
0.12 0.19309999999999994
0.07999999999999996 0.16360000000000002
0.07999999999999996 0.1607
0.07999999999999996 0.13659999999999994
0.09999999999999998 0.30469999999999986
0.12 0.2826999999999998
0.07999999999999996 0.2537999999999997
0.07999999999999996 0.22429999999999983
0.07999999999999996 0.1724999999999999
0.07999999999999996 0.16279999999999992
0.09999999999999998 0.1859999999999997
0.040000000000000036 0.1803999999999998
0.06000000000000005 0.16859999999999975
0.07999999999999996 0.15529999999999985
0.040000000000000036 0.15899999999999978
0.06000000000000005 0.23799999999999996
0.040000000000000036 0.22049999999999997
0.06000000000000005 0.17920000000000003
0.06000000000000005 0.1319
0.06000000000000005 0.1426999999999999
0.06000000000000005 0.1670999999999998
0.06000000000000005 0.18499999999999975
0.06000000000000005 0.1442999999999999
0.040000000000000036 0.12919999999999998
0.040000000000000036 0.12309999999999988
0.040000000000000036 0.12259999999999986
0.040000000000000036 0.11849999999999986
0.12 0.39190000000000064
0.06000000000000005 0.23090000000000008
0.06000000000000005 0.14699999999999983
0.06000000000000005 0.12469999999999982
0.06000000000000005 0.10919999999999991
0.06000000000000005 0.10679999999999996
0.06000000000000005 0.10669999999999981
0.06000000000000005 0.09669999999999986
0.06000000000000005 0.08849999999999988
0.06000000000000005 0.11509999999999994
0.06000000000000005 0.09779999999999996
0.040000000000000036 0.10640000000000001
0.040000000000000036 0.1075
0.040000000000000036 0.07650000000000007
0.040000000000000036 0.07140000000000009
0.040000000000000036 0.06330000000000008
0.040000000000000036 0.06270000000000008
0.040000000000000036 0.08390000000000018
0.040000000000000036 0.06140000000000005
0.040000000000000036 0.14439999999999992
0.040000000000000036 0.1508999999999999
0.040000000000000036 0.2597999999999998
0.040000000000000036 0.14329999999999998
0.040000000000000036 0.11500000000000003
0.040000000000000036 0.09810000000000008
0.040000000000000036 0.4772
0.040000000000000036 0.27419999999999994
0.040000000000000036 0.2970999999999999
0.040000000000000036 0.14360000000000003
0.040000000000000036 0.09900000000000003
0.040000000000000036 0.09000000000000012
0.040000000000000036 0.30890000000000006
0.040000000000000036 0.10510000000000005
0.07999999999999996 0.13500000000000015
0.06000000000000005 0.08680000000000009
0.07999999999999996 0.10660000000000018
0.040000000000000036 0.0868000000000002
0.040000000000000036 0.08090000000000015
0.040000000000000036 0.07270000000000015
0.040000000000000036 0.07160000000000012
0.040000000000000036 0.0709000000000001
0.040000000000000036 0.06880000000000011
0.040000000000000036 0.07450000000000007
0.07999999999999996 0.29540000000000005
0.07999999999999996 0.37620000000000003
0.07999999999999996 0.3898999999999998
0.040000000000000036 0.1841000000000001
0.07999999999999996 0.2014000000000001
0.07999999999999996 0.17420000000000016
0.36 0.5458000000000006
0.07999999999999996 0.48250000000000065
0.040000000000000036 0.3526000000000004
0.040000000000000036 0.24300000000000008
0.07999999999999996 0.42800000000000155
0.07999999999999996 0.18810000000000002
0.07999999999999996 0.15089999999999995
0.07999999999999996 0.11440000000000015
0.07999999999999996 0.09590000000000012
0.07999999999999996 0.0851000000000001
0.07999999999999996 0.08340000000000009
0.07999999999999996 0.0826000000000001
0.07999999999999996 0.08550000000000008
0.07999999999999996 0.08190000000000008
0.07999999999999996 0.08400000000000007
0.07999999999999996 0.08150000000000007
0.07999999999999996 0.20659999999999998
0.07999999999999996 0.19439999999999993
0.07999999999999996 0.09600000000000004
0.07999999999999996 0.19330000000000008
0.07999999999999996 0.21720000000000014
0.07999999999999996 0.18900000000000014
0.07999999999999996 0.2478999999999999
0.07999999999999996 0.1087000000000001
0.07999999999999996 0.1388000000000001
0.07999999999999996 0.16490000000000002
0.07999999999999996 0.3596999999999997
0.07999999999999996 0.3366999999999999
0.07999999999999996 0.2752999999999998
0.07999999999999996 0.20019999999999988
0.07999999999999996 0.14589999999999997
0.07999999999999996 0.10140000000000005
0.07999999999999996 0.11510000000000006
0.07999999999999996 0.10050000000000006
0.09999999999999998 0.30470000000000047
0.07999999999999996 0.28450000000000003
0.07999999999999996 0.17749999999999996
0.07999999999999996 0.10080000000000001
0.07999999999999996 0.08540000000000009
0.07999999999999996 0.10300000000000002
0.07999999999999996 0.08260000000000006
0.07999999999999996 0.08710000000000007
0.07999999999999996 0.11739999999999996
0.07999999999999996 0.14160000000000003
0.07999999999999996 0.09119999999999999
0.07999999999999996 0.18669999999999998
0.07999999999999996 0.0846
0.07999999999999996 0.08740000000000006
0.07999999999999996 0.08430000000000007
0.07999999999999996 0.10500000000000007
0.07999999999999996 0.08740000000000006
0.07999999999999996 0.17449999999999993
0.07999999999999996 0.11090000000000007
0.07999999999999996 0.10240000000000002
0.07999999999999996 0.31639999999999996
0.07999999999999996 0.22210000000000002
0.07999999999999996 0.4591000000000005
0.18000000000000005 0.49000000000000005
0.18000000000000005 0.45969999999999944
0.16000000000000003 0.4210999999999997
0.16000000000000003 0.3936999999999995
0.21999999999999997 0.4408000000000007
0.21999999999999997 0.36620000000000025
0.19999999999999996 0.36410000000000026
0.19999999999999996 0.32760000000000034
0.18000000000000005 0.2777000000000002
0.18000000000000005 0.25609999999999966
0.18000000000000005 0.2452999999999998
0.18000000000000005 0.24929999999999977
0.19999999999999996 0.22689999999999982
0.19999999999999996 0.3491000000000002
0.16000000000000003 0.32720000000000016
0.19999999999999996 0.2691999999999999
0.19999999999999996 0.21879999999999972
0.19999999999999996 0.2114999999999997
0.19999999999999996 0.20609999999999976
0.16000000000000003 0.20479999999999976
0.16000000000000003 0.20599999999999966
0.16000000000000003 0.19579999999999967
0.07999999999999996 0.2009999999999996
0.07999999999999996 0.17619999999999986
0.07999999999999996 0.1538000000000001
0.07999999999999996 0.14570000000000016
0.07999999999999996 0.1993
0.07999999999999996 0.14490000000000022
0.16000000000000003 0.19389999999999985
0.16000000000000003 0.18889999999999987
0.07999999999999996 0.1459000000000001
0.07999999999999996 0.15469999999999998
0.18000000000000005 0.1900999999999998
0.07999999999999996 0.14030000000000029
0.07999999999999996 0.1503000000000001
0.16000000000000003 0.19469999999999982
0.07999999999999996 0.15449999999999997
0.07999999999999996 0.1465000000000001
0.09999999999999998 0.16249999999999992
0.09999999999999998 0.15829999999999994
0.21999999999999997 0.21719999999999953
0.21999999999999997 0.20949999999999988
0.21999999999999997 0.20589999999999992
0.21999999999999997 0.20549999999999988
0.21999999999999997 0.20610000000000003
0.21999999999999997 0.2061
0.16000000000000003 0.2042999999999999
0.07999999999999996 0.20019999999999993
0.07999999999999996 0.206
0.07999999999999996 0.2038999999999998
0.07999999999999996 0.20069999999999993
0.07999999999999996 0.19199999999999984
0.07999999999999996 0.18549999999999975
0.07999999999999996 0.1855999999999997
0.07999999999999996 0.17839999999999967
0.21999999999999997 0.21939999999999993
0.21999999999999997 0.21249999999999997
0.21999999999999997 0.20889999999999995
0.16000000000000003 0.19199999999999992
0.16000000000000003 0.1894999999999999
0.07999999999999996 0.18449999999999986
0.19999999999999996 0.21079999999999996
0.19999999999999996 0.2084999999999999
0.19999999999999996 0.2103
0.19999999999999996 0.2056000000000001
0.19999999999999996 0.2042000000000002
0.19999999999999996 0.20510000000000006
0.19999999999999996 0.20939999999999984
0.19999999999999996 0.2052
0.19999999999999996 0.20610000000000003
0.16000000000000003 0.19429999999999986
0.16000000000000003 0.19059999999999985
0.19999999999999996 0.20270000000000002
0.19999999999999996 0.20350000000000004
0.19999999999999996 0.1979
0.19999999999999996 0.20029999999999998
0.19999999999999996 0.2038999999999999
0.19999999999999996 0.20429999999999995
0.16000000000000003 0.18469999999999978
0.16000000000000003 0.19019999999999979
0.16000000000000003 0.16889999999999983
0.07999999999999996 0.17169999999999985
