0.86 0.42014999999999947
0.86 0.4700900000000012
0.92 0.4997000000000011
0.96 0.5306600000000007
0.96 0.558649999999999
0.96 0.5725799999999989
0.96 0.6014100000000002
0.97 0.6184100000000012
0.97 0.6332699999999989
0.97 0.6564299999999996
0.97 0.6709299999999979
0.97 0.6899999999999907
0.97 0.7040099999999935
0.97 0.7124299999999939
0.98 0.7196899999999982
0.98 0.7238499999999967
0.98 0.7275699999999984
0.98 0.7425800000000001
0.98 0.7516600000000004
0.98 0.7438200000000014
0.98 0.7570400000000027
0.98 0.7537000000000016
0.98 0.7707700000000038
0.98 0.7738900000000044
0.98 0.7761000000000049
0.98 0.7822800000000036
0.98 0.7899900000000024
0.99 0.7956800000000042
0.99 0.802390000000003
0.99 0.7998700000000007
0.99 0.8110299999999999
0.99 0.7979500000000009
0.99 0.8063400000000008
0.99 0.8126100000000025
0.99 0.8139300000000026
0.99 0.816870000000003
0.99 0.8184100000000017
0.99 0.8201100000000021
0.99 0.8282100000000046
0.99 0.8297600000000042
0.99 0.8417400000000034
0.99 0.8467700000000047
0.99 0.8386300000000024
0.99 0.8476000000000034
0.99 0.8471600000000002
0.99 0.8512299999999999
0.99 0.8374300000000012
0.99 0.845180000000002
0.99 0.8510800000000015
0.99 0.8508999999999989
0.99 0.8550999999999964
0.99 0.8548099999999965
0.99 0.8489199999999977
0.99 0.8594399999999979
0.99 0.8563299999999984
0.99 0.8531699999999973
0.99 0.8549799999999962
0.99 0.8653899999999974
0.99 0.8718999999999981
0.99 0.8660599999999948
0.99 0.8582099999999947
0.99 0.8618699999999986
0.99 0.8708899999999983
0.99 0.86545
0.99 0.8729999999999983
0.99 0.8696199999999986
0.99 0.8593599999999999
0.99 0.856529999999997
0.99 0.8484500000000005
0.99 0.8604199999999965
0.99 0.8618899999999969
0.99 0.8696299999999997
0.99 0.8694799999999988
0.99 0.8600499999999982
0.99 0.8559200000000001
0.99 0.8624999999999996
0.99 0.8683099999999981
0.99 0.8642599999999973
0.99 0.8553399999999994
0.99 0.8552200000000001
0.99 0.8539500000000001
0.99 0.8640700000000008
0.99 0.8517500000000016
0.99 0.8568300000000021
0.99 0.8655300000000028
0.99 0.8615100000000031
0.99 0.8681600000000045
0.99 0.871370000000003
0.99 0.8656800000000051
0.99 0.8609100000000037
0.99 0.8572800000000013
0.99 0.8525099999999998
0.99 0.856890000000001
0.99 0.8598199999999994
0.99 0.8678499999999998
0.99 0.8636500000000013
0.99 0.8788600000000061
0.99 0.8792100000000056
0.99 0.8704300000000081
0.99 0.8697700000000057
