0.69 0.38385000000000064
0.69 0.4218999999999997
0.7 0.44334999999999875
0.7 0.43229999999999946
0.69 0.40675000000000056
0.7 0.4090999999999997
0.69 0.42689999999999906
0.69 0.4247499999999993
0.67 0.4204499999999994
0.75 0.427799999999999
0.69 0.46184999999999804
0.71 0.4442499999999982
0.7 0.4370499999999986
0.71 0.3992999999999999
0.71 0.39160000000000045
0.68 0.4049499999999997
0.69 0.4437499999999982
0.69 0.4288999999999984
0.7 0.45494999999999775
0.72 0.48234999999999767
0.72 0.44229999999999814
0.78 0.44654999999999795
0.69 0.45164999999999816
0.91 0.45864999999999817
0.67 0.45869999999999805
0.69 0.5022499999999992
0.7 0.5236499999999995
0.7 0.5032499999999995
0.9 0.5615499999999994
0.93 0.5517999999999997
0.94 0.5739499999999986
0.9 0.5874999999999997
0.91 0.5573999999999996
0.92 0.567449999999999
0.9 0.5958999999999992
0.97 0.6762499999999995
0.94 0.6657499999999997
0.95 0.7132999999999994
0.96 0.6854500000000001
0.96 0.7389499999999997
0.97 0.7423999999999995
0.96 0.6790999999999998
0.96 0.6952000000000003
0.97 0.7802999999999998
0.98 0.7731000000000009
0.97 0.6755000000000002
0.94 0.6558999999999992
0.98 0.7071999999999996
0.97 0.6832499999999985
0.97 0.7459999999999986
0.97 0.8084499999999991
0.99 0.8395999999999997
0.96 0.7618999999999991
0.87 0.6403499999999993
0.96 0.7310999999999998
0.8 0.6520999999999987
0.76 0.6475499999999986
0.94 0.6069499999999995
0.96 0.6740499999999991
0.74 0.5906999999999991
0.81 0.6044999999999988
0.96 0.7552499999999998
0.96 0.7577499999999995
0.96 0.7730499999999991
0.96 0.7634499999999999
0.95 0.6145500000000003
0.96 0.8029999999999998
0.96 0.8515500000000003
0.97 0.864400000000001
0.96 0.8535500000000007
0.97 0.7057999999999985
0.97 0.7611999999999993
0.97 0.7052499999999992
0.97 0.7456499999999994
0.96 0.61965
0.96 0.6222999999999999
0.74 0.6255499999999998
0.75 0.6619999999999997
0.96 0.7188500000000001
0.96 0.5995499999999996
0.96 0.7002500000000005
0.97 0.7255000000000006
0.96 0.6762999999999996
0.73 0.5592499999999996
0.96 0.7093999999999993
0.95 0.72625
0.96 0.7841999999999991
0.96 0.8213999999999987
0.96 0.8419000000000001
0.94 0.6628500000000013
0.98 0.6673500000000016
0.96 0.8729000000000005
0.95 0.6869000000000007
0.97 0.8799500000000003
0.96 0.7104499999999999
0.93 0.7145999999999995
0.98 0.7275999999999994
0.98 0.5603500000000003
0.98 0.7514500000000003
0.98 0.6740000000000005
0.98 0.7368000000000007
0.98 0.7284000000000007
0.86 0.4052500000000003
0.98 0.7471499999999998
0.83 0.46030000000000015
0.87 0.4817
0.87 0.48110000000000047
0.95 0.5262499999999997
0.94 0.5519999999999997
0.87 0.5925499999999992
0.87 0.6174999999999996
0.95 0.6163999999999995
0.94 0.6505999999999994
0.95 0.6816500000000006
0.95 0.6022999999999997
0.95 0.7101500000000003
0.96 0.7112000000000002
0.96 0.7296
0.96 0.7466999999999999
0.96 0.7725499999999991
0.96 0.8000999999999999
0.96 0.8756000000000016
0.96 0.8361000000000005
0.96 0.8636499999999998
0.97 0.9152499999999983
0.96 0.8369999999999973
0.96 0.8710499999999984
0.97 0.8175499999999997
0.97 0.8748000000000009
0.96 0.720299999999999
0.97 0.8776500000000012
0.99 0.9155500000000002
0.97 0.8617999999999998
0.96 0.7189500000000005
0.98 0.8906500000000008
0.99 0.9211499999999997
0.96 0.9158999999999987
0.96 0.90075
0.96 0.7470499999999991
0.96 0.8839500000000009
0.96 0.9303
0.96 0.9208999999999983
0.96 0.9185499999999992
0.96 0.8638999999999986
0.96 0.6052499999999996
0.97 0.63315
0.97 0.5967999999999996
0.96 0.5572499999999988
0.96 0.594799999999999
0.97 0.8909500000000008
0.97 0.8935000000000027
0.97 0.8618000000000012
0.97 0.8098499999999997
0.97 0.7597499999999995
0.97 0.8978499999999996
0.97 0.9236499999999976
0.97 0.8705499999999986
0.97 0.8760499999999979
0.97 0.9294999999999999
0.97 0.9451000000000007
0.97 0.8787499999999991
0.97 0.8973499999999993
0.97 0.7620499999999986
0.97 0.9334500000000002
0.97 0.9457499999999996
0.97 0.9618499999999993
0.97 0.9569999999999991
0.97 0.8052999999999981
0.97 0.826199999999999
0.97 0.9387000000000002
0.97 0.9333499999999997
0.97 0.7921499999999991
0.9 0.6973999999999986
0.97 0.7766499999999992
0.97 0.823549999999999
0.97 0.7296499999999989
0.97 0.7589999999999987
0.85 0.6829999999999992
0.97 0.8087999999999995
0.97 0.8136499999999984
0.97 0.844299999999999
0.97 0.6945499999999986
0.97 0.8150999999999988
0.97 0.8813999999999992
0.97 0.911799999999999
0.97 0.8459999999999991
0.97 0.5535000000000019
0.97 0.6101000000000013
0.97 0.8133499999999992
0.97 0.7163000000000004
0.97 0.8426000000000002
0.97 0.8841999999999992
0.97 0.8410499999999992
0.97 0.9132499999999989
0.97 0.8664499999999999
0.97 0.7723499999999989
0.95 0.7751499999999995
0.95 0.8034500000000001
0.95 0.797300000000001
0.95 0.8356499999999994
0.95 0.8524999999999988
0.97 0.8618499999999999
0.97 0.8615999999999998
0.97 0.8795500000000009
0.97 0.8807999999999997
0.97 0.8890499999999999
0.97 0.8996000000000002
0.97 0.9138499999999987
0.97 0.9133499999999993
0.97 0.9299000000000004
0.97 0.9409499999999977
0.97 0.9311999999999968
0.97 0.9359499999999977
0.97 0.9357999999999993
0.97 0.9535500000000008
0.97 0.9590000000000002
0.97 0.9468499999999996
0.97 0.8510999999999975
0.97 0.9068999999999989
0.97 0.9384999999999999
0.97 0.9569499999999995
0.97 0.951049999999999
0.97 0.9629499999999992
0.97 0.9458499999999992
0.97 0.950399999999999
0.97 0.9015999999999995
0.97 0.74135
0.97 0.920149999999999
0.97 0.8767999999999997
0.97 0.9560999999999994
0.97 0.9567499999999994
0.97 0.9566499999999994
0.97 0.9640999999999991
0.97 0.9653999999999993
0.97 0.961599999999999
0.97 0.957549999999999
0.97 0.8683499999999992
0.97 0.8940499999999991
0.97 0.9196499999999992
0.97 0.916599999999999
0.97 0.9285999999999988
0.97 0.9307999999999989
0.97 0.9390999999999989
0.97 0.9289499999999993
0.97 0.9446499999999992
0.97 0.9412999999999994
0.97 0.9518999999999997
0.97 0.9599999999999993
0.97 0.9531499999999989
0.97 0.9486999999999992
0.97 0.968349999999999
0.97 0.961849999999999
0.97 0.9650499999999991
0.97 0.9595499999999988
0.97 0.949849999999999
0.97 0.960799999999999
0.97 0.9563499999999991
0.97 0.953949999999999
0.97 0.957299999999999
0.97 0.9470000000000002
0.97 0.9371000000000006
0.97 0.9447000000000007
0.97 0.9388500000000007
0.97 0.9566999999999999
0.97 0.9291999999999996
0.97 0.9603999999999995
0.97 0.9524999999999987
0.97 0.957599999999999
0.97 0.965399999999999
0.97 0.9221499999999986
0.97 0.9410999999999988
0.97 0.9467499999999991
0.97 0.9578999999999993
0.97 0.9587999999999991
0.97 0.9643999999999993
0.97 0.9603499999999989
0.97 0.9542999999999995
0.97 0.966099999999999
0.97 0.965099999999999
0.97 0.9619999999999991
0.97 0.9556499999999991
0.97 0.9573999999999989
0.97 0.961099999999999
0.97 0.957449999999999
0.97 0.9520999999999991
0.97 0.949349999999999
0.97 0.9527999999999992
0.97 0.9538999999999992
0.97 0.9530499999999992
0.97 0.9500999999999992
0.97 0.952499999999999
0.97 0.9539999999999991
0.97 0.9595499999999991
0.97 0.9625499999999988
0.97 0.9636999999999989
0.97 0.943299999999999
0.97 0.9432499999999991
0.97 0.9592999999999994
0.97 0.964099999999999
0.97 0.9646999999999991
0.97 0.964849999999999
0.97 0.957649999999999
0.97 0.9539499999999991
0.97 0.952499999999999
0.97 0.9448499999999987
0.97 0.9326499999999992
0.97 0.9257499999999989
0.97 0.9299499999999992
0.97 0.9110499999999989
0.97 0.8388499999999982
0.97 0.8837999999999994
0.97 0.8864499999999991
0.97 0.9100999999999996
0.97 0.9220499999999994
0.97 0.9264499999999988
0.97 0.9494999999999995
0.97 0.9590999999999993
0.97 0.9516499999999997
0.97 0.83565
0.97 0.952599999999999
0.97 0.9218999999999994
0.97 0.9543499999999991
0.97 0.9568499999999992
0.97 0.957349999999999
0.97 0.943999999999999
0.97 0.9547499999999992
0.97 0.9576999999999988
0.97 0.9360499999999992
0.97 0.9554499999999994
0.97 0.9573999999999991
0.97 0.9625499999999991
0.97 0.962449999999999
0.97 0.9522999999999991
0.97 0.9554999999999992
0.97 0.9427000000000001
0.97 0.9403499999999996
0.97 0.9540999999999988
0.97 0.9609999999999991
0.97 0.9523999999999994
0.97 0.9627999999999993
0.97 0.9436999999999993
0.97 0.9639999999999992
0.97 0.9583999999999995
0.97 0.9618499999999992
0.97 0.9525499999999992
0.97 0.962899999999999
0.97 0.961399999999999
0.97 0.960049999999999
0.97 0.9527999999999988
0.97 0.9409499999999992
0.97 0.932799999999999
0.97 0.9332999999999988
0.97 0.9374499999999988
0.97 0.9419999999999991
0.97 0.9371999999999988
0.97 0.9458999999999987
0.97 0.9524999999999992
0.97 0.9340999999999989
0.97 0.9312999999999991
0.97 0.9350999999999992
0.97 0.941249999999999
0.97 0.956349999999999
0.97 0.9532499999999992
0.97 0.9638499999999993
0.97 0.9637999999999992
0.97 0.9546999999999993
0.97 0.953899999999999
0.97 0.9572499999999989
0.97 0.9608499999999991
0.97 0.963549999999999
0.97 0.9553499999999989
0.97 0.9529999999999991
0.97 0.9492499999999997
0.97 0.9550499999999994
0.97 0.9542999999999993
0.97 0.9635499999999992
0.97 0.9505499999999992
0.97 0.9609999999999992
0.97 0.9632999999999989
0.97 0.9458499999999991
0.97 0.958649999999999
0.97 0.960449999999999
0.97 0.955799999999999
0.97 0.953049999999999
0.97 0.9515499999999993
0.97 0.958949999999999
0.97 0.959199999999999
0.97 0.9569999999999992
0.97 0.9612499999999992
0.97 0.962199999999999
0.97 0.9609999999999991
0.97 0.9031999999999989
0.97 0.9576499999999991
0.97 0.9645999999999991
0.97 0.9517999999999991
0.97 0.9489999999999992
0.97 0.959849999999999
0.97 0.9520999999999993
0.97 0.9271999999999991
0.97 0.9476499999999993
0.97 0.9489499999999991
0.97 0.9623499999999992
0.97 0.948749999999999
0.97 0.939499999999999
0.97 0.9614499999999992
0.97 0.953399999999999
0.97 0.9562999999999989
0.97 0.9584999999999989
0.97 0.9619499999999988
0.97 0.9345499999999991
0.97 0.9559999999999992
0.97 0.9488499999999992
0.97 0.9358999999999988
0.97 0.9576499999999988
0.97 0.9612999999999987
0.97 0.958949999999999
0.97 0.956049999999999
0.97 0.9601499999999988
0.97 0.958949999999999
0.97 0.9626499999999989
0.97 0.9442999999999994
0.97 0.9561999999999992
0.97 0.9605999999999991
0.97 0.944299999999999
0.97 0.9501999999999993
0.97 0.960199999999999
0.97 0.967699999999999
0.97 0.9678999999999991
0.97 0.960499999999999
0.97 0.9614499999999991
0.97 0.9595499999999992
0.97 0.9654999999999992
0.97 0.9628999999999991
0.97 0.955799999999999
0.97 0.9558999999999993
0.97 0.9427999999999993
0.97 0.9613999999999989
0.97 0.9616999999999989
0.97 0.9601499999999992
0.97 0.9645499999999991
0.97 0.956049999999999
0.97 0.954199999999999
0.97 0.8100999999999999
0.97 0.9589999999999996
0.97 0.9312999999999989
0.97 0.9185499999999991
0.97 0.9203499999999992
0.97 0.9291499999999993
0.97 0.938599999999999
0.97 0.9634999999999989
0.97 0.919399999999999
0.97 0.8672999999999991
0.97 0.6433500000000002
0.97 0.8942499999999994
0.97 0.8305499999999997
0.97 0.7852499999999992
0.97 0.8201499999999992
0.97 0.7674999999999998
0.97 0.8129000000000002
0.97 0.7446499999999996
0.97 0.66055
0.97 0.7159000000000002
0.97 0.6125
0.97 0.6896499999999998
0.67 0.32865000000000094
0.46 0.32310000000000094
0.69 0.33545000000000114
0.97 0.6150999999999999
0.97 0.7778000000000007
0.97 0.8200500000000004
0.97 0.8097500000000005
0.97 0.8154
0.97 0.8556999999999997
0.97 0.7860000000000003
0.97 0.7162500000000002
0.97 0.8066999999999993
0.97 0.8708499999999989
0.97 0.829399999999999
0.46 0.31250000000000083
0.36 0.31300000000000083
0.36 0.31495000000000084
0.97 0.5526500000000005
0.97 0.7192000000000003
0.97 0.8034500000000002
0.97 0.7492500000000015
0.97 0.8144000000000011
0.97 0.8464999999999995
0.97 0.8464999999999998
0.97 0.8832500000000002
0.97 0.9253999999999994
0.97 0.9193499999999998
0.97 0.8956999999999996
0.97 0.9136499999999995
0.97 0.8959499999999992
0.97 0.902999999999999
0.97 0.9036499999999991
0.97 0.9020999999999992
0.97 0.8958499999999997
0.97 0.8621499999999992
0.97 0.8823999999999989
