0.69 0.38565000000000077
0.69 0.4143999999999997
0.69 0.39430000000000104
0.91 0.43039999999999945
0.69 0.4018000000000002
0.69 0.4337499999999991
0.72 0.4303999999999992
0.69 0.4299499999999986
0.67 0.4053499999999995
0.72 0.4255499999999992
0.69 0.45849999999999796
0.69 0.4251999999999993
0.69 0.41569999999999896
0.69 0.4342499999999985
0.69 0.46579999999999805
0.76 0.488649999999999
0.69 0.46519999999999917
0.71 0.42514999999999914
0.71 0.4874999999999984
0.69 0.45144999999999824
0.69 0.46899999999999836
0.77 0.4514499999999982
0.76 0.4812499999999985
0.76 0.47424999999999806
0.76 0.5185499999999985
0.71 0.5279499999999989
0.69 0.5124499999999981
0.71 0.43310000000000004
0.73 0.46289999999999915
0.69 0.45344999999999913
0.69 0.46449999999999875
0.69 0.4725999999999991
0.69 0.479699999999999
0.68 0.39525000000000005
0.69 0.42144999999999966
0.69 0.43874999999999886
0.69 0.42739999999999895
0.69 0.4271499999999992
0.69 0.4684499999999982
0.69 0.48539999999999817
0.69 0.49790000000000006
0.69 0.481099999999999
0.7 0.49170000000000036
0.69 0.4349499999999998
0.69 0.45404999999999923
0.67 0.5041999999999991
0.73 0.45474999999999915
0.73 0.48815000000000003
0.73 0.4792499999999989
0.73 0.40874999999999967
0.73 0.42209999999999964
0.72 0.4445499999999993
0.73 0.46059999999999923
0.73 0.4827500000000004
0.73 0.49760000000000076
0.72 0.5294000000000006
0.73 0.5778500000000006
0.72 0.5060000000000004
0.69 0.5509499999999999
0.73 0.5589499999999997
0.7 0.5402499999999997
0.68 0.4956999999999987
0.69 0.5470999999999987
0.69 0.3948999999999996
0.66 0.39239999999999975
0.66 0.39074999999999993
0.66 0.5039999999999983
0.66 0.5235499999999981
0.69 0.5634499999999998
0.69 0.6068500000000001
0.89 0.622999999999998
0.69 0.6089499999999995
0.69 0.6231999999999975
0.69 0.6329499999999976
0.69 0.6373999999999974
0.66 0.34085000000000143
0.66 0.5779499999999974
0.68 0.6037499999999976
0.66 0.6058499999999999
0.69 0.6314499999999997
0.69 0.6398999999999995
0.69 0.6334999999999991
0.69 0.6319499999999986
0.69 0.636149999999998
0.69 0.6472499999999978
0.69 0.634699999999998
0.66 0.6154499999999984
0.66 0.6020999999999984
0.66 0.6120499999999983
0.66 0.6307499999999981
0.31 0.30985000000000074
0.31 0.31000000000000083
0.31 0.31000000000000083
0.58 0.32840000000000097
0.44 0.3181500000000009
0.44 0.31755000000000083
0.79 0.4976999999999998
0.66 0.5206999999999998
0.66 0.5623499999999991
0.66 0.5876499999999987
0.66 0.6076499999999985
0.66 0.6246499999999979
0.31 0.3098000000000008
0.67 0.6149999999999981
0.67 0.5676499999999982
0.69 0.612349999999998
0.69 0.6417999999999977
0.66 0.6397499999999977
0.66 0.6407999999999977
0.66 0.6493499999999977
0.66 0.621749999999998
0.66 0.6227499999999981
0.69 0.633549999999998
0.69 0.6436999999999977
0.69 0.6129499999999981
0.69 0.6220999999999983
0.69 0.5818999999999988
0.69 0.6272499999999986
0.69 0.6360499999999984
0.69 0.6584499999999983
0.69 0.6637999999999987
0.69 0.6657499999999987
0.69 0.6616499999999985
0.69 0.6689499999999984
0.69 0.6587999999999985
0.66 0.6372499999999979
0.69 0.6520999999999979
0.66 0.6485999999999976
0.66 0.6416999999999977
0.65 0.3510000000000008
0.66 0.35585000000000067
0.69 0.6187999999999982
0.69 0.6228999999999985
0.72 0.6316999999999979
0.66 0.6356499999999978
0.69 0.6502499999999983
0.69 0.6567499999999985
0.66 0.6182999999999982
0.66 0.6210499999999982
0.66 0.6382499999999978
0.31 0.31000000000000083
0.66 0.6129999999999981
0.31 0.3099000000000008
0.31 0.31000000000000083
0.31 0.31000000000000083
0.31 0.31000000000000083
0.31 0.31000000000000083
0.31 0.31000000000000083
0.46 0.31400000000000083
0.48 0.3217500000000008
0.51 0.3294000000000009
0.31 0.31000000000000083
0.31 0.31000000000000083
0.31 0.31000000000000083
0.44 0.3368000000000012
0.31 0.31000000000000083
0.31 0.31000000000000083
0.45 0.3175500000000009
0.45 0.32135000000000086
0.46 0.3600500000000013
0.45 0.3442500000000013
0.46 0.36030000000000123
0.46 0.38850000000000096
0.46 0.4113999999999996
0.46 0.33775000000000105
0.46 0.41320000000000023
0.46 0.3483000000000013
0.31 0.31000000000000083
0.45 0.31800000000000084
0.31 0.31000000000000083
0.55 0.3481000000000013
0.46 0.384550000000001
0.55 0.3832000000000009
0.55 0.33885000000000143
0.46 0.37415000000000076
0.46 0.39520000000000033
0.46 0.41504999999999975
0.46 0.42669999999999964
0.46 0.4376000000000011
0.46 0.44600000000000134
0.46 0.4465500000000013
0.55 0.4552500000000013
0.46 0.4500500000000009
0.46 0.45110000000000094
0.46 0.43935000000000085
0.46 0.4470000000000002
0.46 0.44949999999999946
0.46 0.4515499999999992
0.46 0.44964999999999955
0.46 0.38900000000000146
0.46 0.4149000000000012
0.31 0.3094000000000008
0.31 0.31000000000000083
0.46 0.4310500000000014
0.46 0.45080000000000076
0.46 0.4450500000000002
0.46 0.44025
0.31 0.31000000000000083
0.31 0.31000000000000083
0.31 0.31000000000000083
0.31 0.31000000000000083
0.31 0.31000000000000083
0.31 0.31000000000000083
0.46 0.42495000000000105
0.46 0.4352000000000011
0.46 0.43200000000000105
0.46 0.4501499999999997
0.46 0.4576999999999991
0.46 0.4218500000000015
0.46 0.4340000000000011
0.55 0.45009999999999983
0.6 0.47039999999999915
0.56 0.44335000000000074
0.56 0.45775000000000005
0.56 0.4804999999999983
0.46 0.44484999999999986
0.59 0.3512500000000018
0.68 0.35670000000000174
0.68 0.3938000000000023
0.68 0.4068500000000021
0.68 0.43185000000000157
0.56 0.44745000000000007
0.51 0.4452999999999998
0.46 0.44570000000000065
0.46 0.44934999999999975
0.46 0.45224999999999954
0.46 0.4538999999999993
0.46 0.4535499999999992
0.52 0.43665000000000065
0.53 0.47824999999999807
0.56 0.481999999999999
0.56 0.38110000000000144
0.56 0.4101000000000009
0.59 0.49335
0.31 0.31000000000000083
0.56 0.30475000000000035
0.63 0.31375000000000053
0.69 0.3264500000000009
0.31 0.31000000000000083
0.59 0.4174500000000007
0.6 0.439700000000001
0.6 0.43865000000000093
0.6 0.4648500000000007
0.6 0.4729500000000004
0.6 0.5099500000000005
0.6 0.5197000000000005
0.6 0.5362500000000002
0.6 0.5572500000000015
0.6 0.5625000000000013
0.6 0.5613500000000016
0.6 0.5626500000000008
0.6 0.41805000000000114
0.6 0.43065000000000053
0.6 0.5260000000000009
0.6 0.510050000000001
0.6 0.5307500000000005
0.6 0.5459999999999999
0.6 0.5664999999999994
0.6 0.5758499999999992
0.6 0.5741999999999997
0.6 0.582849999999999
0.6 0.5863499999999988
0.6 0.5884499999999987
0.6 0.5876999999999986
0.6 0.5854499999999988
0.6 0.5874499999999988
0.6 0.5915499999999985
0.6 0.5879999999999989
0.6 0.5839999999999987
0.6 0.5897999999999984
0.6 0.5893999999999984
0.6 0.581799999999999
0.6 0.5778499999999993
0.6 0.5811999999999988
0.6 0.5823999999999989
0.6 0.5902499999999986
0.6 0.5942999999999983
0.6 0.5944999999999984
0.6 0.5961499999999982
0.6 0.5899999999999984
0.6 0.596549999999998
0.6 0.5971499999999981
0.6 0.5953999999999983
0.6 0.5526499999999993
0.6 0.5724499999999988
0.6 0.4976000000000005
0.6 0.4997500000000018
0.6 0.4431000000000018
0.6 0.3901500000000017
0.6 0.373250000000002
0.6 0.35660000000000186
0.6 0.35420000000000196
0.6 0.37890000000000174
0.6 0.40950000000000153
0.6 0.4773500000000018
0.6 0.4799500000000016
0.6 0.5360000000000016
0.6 0.55915
0.6 0.5911499999999993
0.6 0.5271000000000012
0.6 0.5654499999999996
0.6 0.4249500000000016
0.6 0.40154999999999935
0.6 0.4189999999999994
0.6 0.43685000000000085
0.6 0.5519000000000016
0.6 0.5728500000000009
0.6 0.5001000000000012
0.6 0.5838000000000002
0.6 0.5801999999999998
0.6 0.5943499999999987
0.6 0.5990999999999981
0.6 0.5957999999999983
0.6 0.5852499999999984
0.6 0.5576499999999995
0.6 0.5638999999999994
0.6 0.5085500000000017
0.6 0.3429500000000018
0.6 0.5034000000000018
0.6 0.36215000000000197
0.59 0.3425000000000018
0.34 0.3379500000000015
0.34 0.3400000000000017
0.34 0.33990000000000165
0.34 0.3400000000000017
0.6 0.43610000000000215
0.34 0.3354500000000016
0.6 0.3937000000000015
0.6 0.4360500000000019
0.6 0.48955000000000126
0.34 0.3400000000000017
0.6 0.42325000000000146
0.6 0.5025000000000015
0.6 0.5327000000000014
0.6 0.5721999999999998
0.6 0.56235
0.6 0.5799499999999995
0.34 0.3399500000000017
0.6 0.5822499999999996
0.43 0.34180000000000177
0.43 0.34495000000000176
0.43 0.3465500000000018
0.48 0.3495000000000018
0.48 0.34825000000000167
0.55 0.34945000000000176
0.56 0.3599500000000019
0.56 0.3652500000000021
0.56 0.37085000000000207
0.56 0.3860000000000013
0.56 0.38930000000000087
0.57 0.4070500000000004
0.56 0.3872000000000002
0.58 0.4181999999999996
0.58 0.4415500000000005
0.58 0.40720000000000056
0.6 0.4624999999999999
0.6 0.46545000000000025
0.6 0.48719999999999963
0.6 0.4779499999999998
0.67 0.5107499999999995
0.67 0.5320999999999999
0.67 0.5511500000000001
0.67 0.5627999999999996
0.67 0.5816000000000001
0.6 0.5717500000000001
0.67 0.5899499999999991
0.63 0.5469499999999998
0.65 0.534
0.53 0.3682000000000004
0.54 0.39469999999999883
0.69 0.5133500000000006
0.69 0.5206500000000005
0.69 0.5456
0.69 0.5464000000000006
0.69 0.5955499999999982
0.69 0.6147999999999979
0.69 0.6193999999999977
0.69 0.6296999999999978
0.69 0.6498500000000008
0.69 0.6556500000000014
0.69 0.6590000000000011
0.69 0.6630500000000012
0.69 0.6749499999999999
0.69 0.6684999999999998
0.69 0.6705999999999996
0.69 0.6862999999999988
0.69 0.6366999999999998
0.69 0.5821999999999994
0.69 0.5856500000000001
0.69 0.6726999999999989
0.69 0.6561999999999987
0.69 0.5666500000000002
0.8 0.5394499999999993
0.8 0.5664499999999997
0.8 0.6651499999999991
0.8 0.5277000000000005
0.8 0.5925499999999999
0.8 0.6045000000000001
0.69 0.6725999999999991
0.69 0.6522499999999992
0.69 0.52765
0.69 0.46315000000000034
0.69 0.48120000000000096
0.69 0.5174500000000014
0.69 0.561000000000002
0.69 0.5829500000000014
0.69 0.6006500000000008
0.69 0.6347000000000013
0.69 0.6432000000000009
0.69 0.6510500000000005
0.69 0.6518000000000002
0.69 0.664099999999999
0.69 0.6724499999999988
0.69 0.6604999999999991
0.69 0.6741999999999984
0.69 0.6747999999999983
0.69 0.6869999999999983
0.69 0.6469499999999988
0.69 0.6716999999999986
0.69 0.6000499999999983
0.69 0.4180499999999991
0.69 0.4552499999999985
0.69 0.6285499999999988
0.69 0.6432499999999993
0.69 0.6331499999999994
0.69 0.599399999999999
0.69 0.5512499999999995
0.69 0.6324999999999995
0.69 0.657199999999999
0.69 0.6679999999999986
0.69 0.6796499999999982
0.69 0.6837999999999985
0.69 0.6551999999999996
0.69 0.5652999999999998
0.69 0.6181999999999999
0.69 0.6469000000000001
0.69 0.5915999999999998
0.69 0.6188999999999995
0.69 0.6364999999999996
0.69 0.6554499999999993
0.69 0.6608499999999989
0.69 0.6766499999999991
0.69 0.6740499999999986
0.69 0.6771999999999986
0.69 0.6846999999999983
0.69 0.6776499999999983
0.69 0.6784999999999983
0.69 0.6781499999999983
0.69 0.6813999999999985
0.69 0.6643499999999988
0.69 0.6779999999999984
0.69 0.6732999999999985
0.69 0.6768999999999987
0.69 0.6768499999999986
0.69 0.6818499999999986
0.69 0.6681999999999987
0.69 0.6752499999999982
0.69 0.6691999999999981
0.69 0.6709499999999987
0.69 0.6815499999999984
0.69 0.6800499999999983
0.69 0.6650499999999979
0.69 0.6662499999999985
0.69 0.6619499999999984
0.69 0.6769999999999982
0.69 0.6543999999999989
0.69 0.666849999999998
0.69 0.6804999999999984
0.69 0.6834999999999986
0.69 0.6293999999999984
0.69 0.649449999999999
0.69 0.5920999999999986
0.69 0.6267499999999991
0.69 0.6507999999999987
0.69 0.6667999999999981
0.39 0.3504000000000007
0.69 0.3679500000000004
0.69 0.416799999999999
0.69 0.5022499999999999
0.69 0.5576000000000007
0.69 0.6024000000000005
0.69 0.6250499999999997
0.69 0.36225000000000096
0.59 0.3578000000000008
0.69 0.38085000000000013
0.69 0.3946499999999999
0.69 0.4620999999999988
0.69 0.4863999999999978
0.69 0.5600499999999993
0.69 0.5859499999999999
0.69 0.6259499999999996
0.69 0.6201499999999993
0.69 0.4193999999999995
0.69 0.4828999999999977
0.69 0.5557999999999991
0.69 0.5417499999999991
0.69 0.5861499999999996
0.69 0.4696000000000003
0.69 0.4732500000000006
0.69 0.556550000000001
