0.12 0.6036000000000015
0.12 0.561920000000001
0.12 0.5258400000000006
0.12 0.49578000000000144
0.06000000000000005 0.48300000000000165
0.06000000000000005 0.4520200000000003
0.06000000000000005 0.4378000000000006
0.06000000000000005 0.4271800000000008
0.06000000000000005 0.41328000000000004
0.07999999999999996 0.3961599999999993
0.07999999999999996 0.39373999999999887
0.07999999999999996 0.38907999999999865
0.07999999999999996 0.3871999999999987
0.07999999999999996 0.3792799999999987
0.07999999999999996 0.36587999999999854
0.040000000000000036 0.354279999999999
0.040000000000000036 0.34495999999999855
0.040000000000000036 0.34209999999999885
0.040000000000000036 0.3305999999999985
0.040000000000000036 0.33217999999999837
0.040000000000000036 0.3213199999999985
0.040000000000000036 0.3157199999999986
0.040000000000000036 0.3135999999999987
0.040000000000000036 0.302639999999999
0.040000000000000036 0.29679999999999906
0.040000000000000036 0.2951599999999989
0.040000000000000036 0.2977199999999986
0.040000000000000036 0.29801999999999884
0.040000000000000036 0.29075999999999885
0.040000000000000036 0.28281999999999885
0.040000000000000036 0.27753999999999934
0.040000000000000036 0.2760999999999991
0.040000000000000036 0.27607999999999894
0.040000000000000036 0.27077999999999924
0.040000000000000036 0.26425999999999955
0.040000000000000036 0.2435599999999992
0.040000000000000036 0.24065999999999949
0.040000000000000036 0.24329999999999982
0.040000000000000036 0.22831999999999963
0.040000000000000036 0.2202399999999996
0.040000000000000036 0.21931999999999982
0.040000000000000036 0.2206599999999994
0.040000000000000036 0.21761999999999979
0.040000000000000036 0.2240999999999997
0.040000000000000036 0.20781999999999978
0.040000000000000036 0.21839999999999993
0.040000000000000036 0.20851999999999962
0.040000000000000036 0.20733999999999983
0.040000000000000036 0.21539999999999995
0.040000000000000036 0.22308000000000006
0.040000000000000036 0.21255999999999964
0.040000000000000036 0.21217999999999967
0.040000000000000036 0.20959999999999998
0.040000000000000036 0.20723999999999956
0.040000000000000036 0.21397999999999975
0.040000000000000036 0.20936
0.040000000000000036 0.20329999999999993
0.040000000000000036 0.20199999999999976
0.040000000000000036 0.21193999999999952
0.040000000000000036 0.20437999999999942
0.040000000000000036 0.20063999999999946
0.040000000000000036 0.20231999999999944
0.040000000000000036 0.19359999999999972
0.040000000000000036 0.18697999999999979
0.040000000000000036 0.18817999999999985
0.040000000000000036 0.18399999999999966
0.040000000000000036 0.20415999999999998
0.040000000000000036 0.20321999999999993
0.040000000000000036 0.18687999999999957
0.040000000000000036 0.18007999999999974
0.040000000000000036 0.18016
0.040000000000000036 0.18523999999999996
0.040000000000000036 0.18123999999999965
0.040000000000000036 0.19396000000000002
0.040000000000000036 0.1873399999999998
0.040000000000000036 0.1760799999999997
0.040000000000000036 0.17679999999999976
0.040000000000000036 0.18225999999999978
0.040000000000000036 0.16925999999999977
0.040000000000000036 0.17113999999999968
0.040000000000000036 0.17889999999999978
0.040000000000000036 0.17713999999999994
0.040000000000000036 0.18363999999999986
0.040000000000000036 0.17953999999999992
0.040000000000000036 0.16945999999999972
0.040000000000000036 0.16937999999999975
0.040000000000000036 0.16311999999999988
0.040000000000000036 0.16711999999999946
0.040000000000000036 0.16991999999999957
0.040000000000000036 0.16939999999999944
0.040000000000000036 0.15835999999999936
0.040000000000000036 0.15003999999999929
0.040000000000000036 0.16095999999999944
0.040000000000000036 0.16063999999999953
0.040000000000000036 0.15621999999999928
0.040000000000000036 0.1641799999999995
0.040000000000000036 0.15881999999999924
0.040000000000000036 0.1578799999999994
0.040000000000000036 0.16757999999999945
0.040000000000000036 0.17129999999999973
