0.87 0.4057899999999934
0.87 0.4457999999999959
0.89 0.49198999999999726
0.93 0.4971199999999968
0.93 0.5273499999999985
0.93 0.5592600000000038
0.94 0.5862400000000018
0.95 0.6121600000000021
0.95 0.6295300000000045
0.95 0.6428700000000066
0.96 0.6549300000000078
0.96 0.6748300000000073
0.96 0.6771000000000048
0.96 0.687370000000002
0.96 0.692960000000002
0.97 0.7006100000000017
0.98 0.7095999999999982
0.98 0.7121199999999989
0.98 0.7129199999999977
0.98 0.7247899999999943
0.98 0.7179099999999957
0.98 0.7259699999999943
0.98 0.726639999999995
0.98 0.7285199999999953
0.98 0.728269999999996
0.98 0.738809999999992
0.98 0.7404899999999917
0.98 0.7389599999999923
0.98 0.7480999999999915
0.98 0.7436599999999925
0.98 0.752259999999992
0.98 0.7616699999999897
0.98 0.7750499999999902
0.98 0.7671599999999884
0.98 0.7752399999999907
0.98 0.7677399999999887
0.98 0.7700199999999885
0.98 0.7927499999999927
0.98 0.777049999999993
0.98 0.778109999999994
0.98 0.7980599999999937
0.98 0.7943399999999945
0.98 0.7991999999999929
0.98 0.7946899999999956
0.98 0.7960199999999961
0.98 0.8102699999999944
0.98 0.8039199999999945
0.98 0.8002999999999946
0.98 0.8032999999999935
0.98 0.8160999999999957
0.98 0.8101599999999934
0.98 0.8127599999999963
0.98 0.8163399999999951
0.98 0.8038899999999934
0.98 0.816289999999997
0.98 0.8148399999999962
0.98 0.8179099999999961
0.98 0.8182999999999944
0.98 0.8259899999999952
0.98 0.8124199999999938
0.98 0.8157299999999935
0.98 0.8176499999999948
0.98 0.8304499999999939
0.98 0.8173299999999925
0.98 0.8238599999999946
0.98 0.8300799999999943
0.98 0.8366399999999964
0.98 0.8214099999999953
0.98 0.8222799999999961
0.98 0.8271799999999947
0.98 0.8386599999999934
0.98 0.8340799999999952
0.98 0.843179999999994
0.98 0.8445499999999941
0.98 0.8476599999999913
0.98 0.8410999999999927
0.98 0.841909999999992
0.98 0.838039999999992
0.98 0.8430399999999919
0.98 0.8435999999999898
0.98 0.8476399999999911
0.98 0.8342299999999939
0.98 0.8375199999999936
0.98 0.8451399999999913
0.98 0.8461899999999903
0.98 0.8438899999999911
0.98 0.8496299999999891
0.98 0.8562199999999889
0.98 0.8597099999999896
0.98 0.8609399999999902
0.98 0.8590499999999908
0.98 0.8576799999999906
0.98 0.8584999999999924
0.98 0.8471699999999903
0.98 0.8520799999999917
0.98 0.8578799999999945
0.98 0.8556999999999892
0.98 0.8540499999999899
0.98 0.852879999999991
0.98 0.8494199999999889
