0.38 0.6527000000000008
0.4 0.646600000000001
0.38 0.639
0.38 0.6490999999999996
0.38 0.6555999999999991
0.38 0.6908999999999983
0.38 0.692699999999998
0.38 0.6928999999999981
0.38 0.6913999999999986
0.38 0.690799999999998
0.38 0.6978999999999975
0.38 0.7066999999999978
0.24 0.6597999999999982
0.38 0.6506999999999991
0.21999999999999997 0.6417999999999988
0.24 0.6290999999999989
0.38 0.6448999999999984
0.26 0.661199999999998
0.38 0.6784999999999981
0.38 0.6632999999999981
0.38 0.6655999999999981
0.38 0.6788999999999977
0.26 0.6696999999999982
0.31999999999999995 0.6688999999999982
0.24 0.6782999999999981
0.31999999999999995 0.6371999999999985
0.28 0.6388999999999988
0.38 0.6241999999999982
0.38 0.6254999999999985
0.38 0.6486999999999981
0.4 0.6267999999999986
0.38 0.6139999999999985
0.38 0.5693999999999991
0.38 0.5639999999999986
0.19999999999999996 0.5619999999999991
0.38 0.5894999999999992
0.38 0.557499999999999
0.38 0.5528999999999994
0.38 0.5473999999999991
0.38 0.5347999999999992
0.38 0.526299999999999
0.38 0.5259999999999987
0.14 0.49949999999999956
0.38 0.4940999999999995
0.38 0.45689999999999975
0.26 0.45769999999999955
0.38 0.5278999999999994
0.38 0.5080999999999993
0.38 0.651299999999999
0.38 0.6850999999999979
0.43999999999999995 0.6903999999999977
0.4 0.6501999999999982
0.42000000000000004 0.6274999999999991
0.43999999999999995 0.6424999999999997
0.38 0.5953999999999993
0.38 0.610499999999999
0.38 0.6344999999999996
0.42000000000000004 0.5776999999999998
0.38 0.5865999999999987
0.38 0.6020999999999985
0.38 0.5595999999999991
0.38 0.6013999999999985
0.38 0.5884999999999987
0.38 0.5979999999999988
0.38 0.5439999999999985
0.38 0.6020999999999987
0.38 0.5266999999999988
0.38 0.5919999999999986
0.38 0.4839999999999997
0.38 0.48389999999999955
0.38 0.47529999999999967
0.38 0.44989999999999986
0.38 0.4401000000000003
0.38 0.43940000000000023
0.38 0.42840000000000045
0.38 0.48099999999999965
0.38 0.49950000000000006
0.38 0.46939999999999954
0.38 0.4829
0.38 0.6280000000000004
0.38 0.5588
0.4 0.5655000000000002
0.4 0.5943000000000003
0.4 0.5706000000000007
0.4 0.5687000000000002
0.38 0.5440000000000006
0.4 0.5266999999999991
0.4 0.526699999999999
0.4 0.5046999999999993
0.4 0.5031999999999989
0.38 0.48149999999999904
0.38 0.4589999999999997
0.38 0.45219999999999977
0.38 0.441
0.38 0.43289999999999984
0.38 0.4171000000000004
0.38 0.4281000000000006
0.38 0.43060000000000054
0.38 0.42460000000000037
0.38 0.4052000000000001
0.38 0.40800000000000014
0.38 0.4048999999999999
0.38 0.4125
0.38 0.4133999999999998
0.38 0.4163000000000001
0.38 0.4192000000000003
0.38 0.42129999999999995
0.38 0.42410000000000037
0.38 0.4373000000000003
0.38 0.4441000000000003
0.38 0.41690000000000077
0.38 0.41110000000000047
0.38 0.409300000000001
0.38 0.40070000000000056
0.38 0.4056000000000002
0.38 0.41560000000000036
0.38 0.41070000000000023
0.38 0.4712000000000007
0.38 0.42820000000000036
0.38 0.42040000000000044
0.38 0.42190000000000055
0.38 0.41510000000000025
0.38 0.5230000000000004
0.38 0.5350000000000005
0.38 0.5199000000000003
0.38 0.6215999999999999
0.38 0.5953999999999998
0.38 0.5047000000000001
0.38 0.5620000000000003
0.38 0.5374000000000005
0.38 0.5312000000000003
0.38 0.5064000000000002
0.38 0.4751999999999995
0.38 0.4573999999999996
0.38 0.4426000000000002
0.38 0.43930000000000013
0.38 0.4426000000000002
0.38 0.42850000000000044
0.38 0.46899999999999964
0.38 0.43860000000000016
0.38 0.4184000000000006
0.38 0.45349999999999985
0.38 0.4243000000000003
0.38 0.4065000000000004
0.38 0.4035000000000006
0.38 0.4175000000000006
0.38 0.41740000000000066
0.38 0.43050000000000055
0.38 0.4195000000000006
0.38 0.40220000000000083
0.38 0.4072000000000009
0.38 0.4013000000000007
0.38 0.40280000000000044
0.38 0.4014000000000003
0.38 0.4040000000000006
0.38 0.41240000000000054
0.38 0.41650000000000076
0.38 0.4101000000000006
0.38 0.3912000000000005
0.38 0.4041000000000004
0.38 0.4119000000000007
0.38 0.4227000000000005
0.38 0.4248000000000002
0.38 0.4252000000000005
0.38 0.4083000000000006
0.38 0.4610999999999998
0.38 0.4321000000000007
0.38 0.4741999999999998
0.38 0.4075000000000005
0.38 0.3957000000000004
0.38 0.39860000000000073
0.38 0.3991000000000006
0.38 0.40650000000000086
0.38 0.41430000000000056
0.38 0.4251000000000003
0.38 0.4202000000000006
0.38 0.4152000000000007
0.38 0.4050000000000004
0.38 0.41350000000000087
0.38 0.4615999999999999
0.38 0.40840000000000076
0.38 0.4849999999999996
0.38 0.4038000000000006
0.38 0.42520000000000024
0.38 0.7125999999999988
0.4 0.661099999999998
0.4 0.523299999999999
0.38 0.5893999999999987
0.38 0.4671999999999997
0.38 0.5533999999999987
0.38 0.4804999999999993
0.38 0.6982999999999987
0.38 0.6779999999999986
0.38 0.6658999999999984
0.38 0.6336999999999984
0.38 0.5549999999999984
0.38 0.5422999999999986
0.38 0.497099999999999
0.38 0.5004999999999992
0.38 0.45890000000000003
0.38 0.4940999999999994
0.38 0.49059999999999954
0.38 0.4629999999999995
0.38 0.46439999999999954
0.38 0.5325999999999987
0.38 0.4778999999999997
0.38 0.6115999999999995
0.38 0.4767999999999995
0.38 0.43859999999999993
0.38 0.4567999999999997
0.38 0.4614999999999997
0.38 0.4578999999999997
0.38 0.4300999999999998
0.38 0.4330000000000001
0.38 0.4190000000000003
0.38 0.4449000000000003
0.38 0.4306000000000003
0.38 0.4063000000000003
0.4 0.4258000000000006
0.4 0.4082000000000008
0.4 0.4040000000000006
0.4 0.39890000000000086
0.4 0.41010000000000063
0.4 0.4802999999999994
0.4 0.4208000000000004
0.4 0.42890000000000006
0.4 0.4272000000000002
0.4 0.4665999999999996
0.4 0.4600999999999997
0.38 0.6077999999999986
0.38 0.44920000000000004
0.38 0.4336000000000002
0.38 0.4329000000000004
0.38 0.44780000000000014
0.38 0.4195000000000003
0.38 0.4183000000000004
0.38 0.40460000000000024
0.38 0.40950000000000075
0.38 0.4170000000000005
0.38 0.46959999999999985
0.38 0.4254000000000003
0.38 0.41560000000000075
0.38 0.4282000000000006
0.38 0.40650000000000047
0.38 0.40850000000000036
0.38 0.4130000000000005
0.38 0.4109000000000006
0.38 0.4005
0.38 0.3997000000000004
0.38 0.4039000000000001
0.38 0.39550000000000013
0.38 0.41200000000000037
0.38 0.4060000000000003
0.38 0.4033000000000002
0.38 0.40210000000000035
0.38 0.41560000000000036
0.38 0.4141
0.38 0.41600000000000037
0.38 0.40390000000000037
0.38 0.4085000000000004
0.38 0.40270000000000067
0.38 0.3977000000000006
0.38 0.40630000000000044
0.38 0.39310000000000045
0.38 0.40800000000000053
0.38 0.3928000000000005
0.38 0.4007000000000007
0.38 0.39900000000000035
0.38 0.3974000000000004
0.38 0.40240000000000065
0.38 0.4092000000000003
0.38 0.4050000000000003
0.38 0.3937000000000005
0.38 0.4261000000000007
0.38 0.4177000000000006
0.38 0.4058000000000003
0.38 0.39820000000000044
0.21999999999999997 0.39710000000000045
0.21999999999999997 0.40500000000000047
0.21999999999999997 0.40430000000000044
0.30000000000000004 0.4077000000000005
0.30000000000000004 0.4119000000000004
0.30000000000000004 0.41770000000000024
0.24 0.41370000000000046
0.24 0.4025000000000005
0.24 0.39900000000000024
0.16000000000000003 0.3889000000000005
0.16000000000000003 0.40110000000000057
0.16000000000000003 0.4094000000000007
0.16000000000000003 0.40400000000000047
0.16000000000000003 0.4036000000000004
0.16000000000000003 0.41730000000000056
0.06000000000000005 0.4226000000000005
0.06000000000000005 0.40510000000000057
0.06000000000000005 0.39230000000000076
0.06000000000000005 0.3940000000000008
0.06000000000000005 0.40240000000000065
0.06000000000000005 0.40300000000000075
0.06000000000000005 0.3743000000000009
0.06000000000000005 0.5584999999999986
0.06000000000000005 0.5766999999999985
0.30000000000000004 0.6097999999999986
0.06000000000000005 0.5775999999999988
0.06000000000000005 0.5510999999999986
0.06000000000000005 0.49759999999999915
0.06000000000000005 0.43449999999999994
0.06000000000000005 0.4233000000000004
0.06000000000000005 0.4204000000000001
0.06000000000000005 0.38360000000000044
0.06000000000000005 0.38090000000000024
0.06000000000000005 0.36860000000000026
0.06000000000000005 0.36690000000000017
0.06000000000000005 0.3448
0.06000000000000005 0.3086
0.16000000000000003 0.3544000000000004
0.06000000000000005 0.3091000000000001
0.06000000000000005 0.24359999999999984
0.06000000000000005 0.2908999999999999
0.06000000000000005 0.31340000000000034
0.06000000000000005 0.29920000000000047
0.06000000000000005 0.3313000000000001
0.09999999999999998 0.3620000000000001
0.06000000000000005 0.3435000000000004
0.07999999999999996 0.32830000000000026
0.07999999999999996 0.26810000000000017
0.07999999999999996 0.24410000000000007
0.07999999999999996 0.23510000000000006
0.06000000000000005 0.3190000000000004
0.06000000000000005 0.2823
0.06000000000000005 0.25660000000000016
0.06000000000000005 0.22939999999999977
0.06000000000000005 0.2341000000000001
0.06000000000000005 0.21
0.06000000000000005 0.20289999999999997
0.06000000000000005 0.21659999999999993
0.06000000000000005 0.20330000000000006
0.06000000000000005 0.3088000000000001
0.26 0.28449999999999986
0.26 0.29469999999999996
0.26 0.30560000000000004
0.26 0.30300000000000005
0.06000000000000005 0.2539
0.09999999999999998 0.2765000000000001
0.30000000000000004 0.2978000000000003
0.06000000000000005 0.2831000000000001
0.06000000000000005 0.30159999999999987
0.26 0.3040000000000001
0.06000000000000005 0.2910000000000002
0.06000000000000005 0.2749000000000001
0.06000000000000005 0.26409999999999967
0.06000000000000005 0.27399999999999997
0.06000000000000005 0.24319999999999983
0.06000000000000005 0.2906000000000001
0.06000000000000005 0.30290000000000017
0.26 0.3072
0.26 0.2934
0.26 0.28979999999999995
0.06000000000000005 0.28509999999999996
0.26 0.29669999999999996
0.26 0.3094000000000002
0.26 0.3055000000000001
0.26 0.2947000000000002
0.26 0.3013000000000002
0.26 0.3177000000000001
0.26 0.3078000000000001
0.26 0.3146000000000001
0.21999999999999997 0.4396000000000005
0.64 0.6400000000000005
0.26 0.5459000000000003
0.64 0.6400000000000005
0.64 0.6400000000000005
0.5800000000000001 0.6394000000000005
0.5800000000000001 0.6380000000000006
0.18000000000000005 0.5493000000000001
0.31999999999999995 0.5639000000000004
0.21999999999999997 0.5369000000000003
0.16000000000000003 0.5452000000000001
0.16000000000000003 0.5279
0.07999999999999996 0.5293000000000001
0.09999999999999998 0.5137000000000003
0.09999999999999998 0.5174000000000002
0.040000000000000036 0.3767000000000004
0.040000000000000036 0.4393000000000002
0.040000000000000036 0.4770000000000003
0.040000000000000036 0.4096000000000003
0.040000000000000036 0.28070000000000017
0.040000000000000036 0.24189999999999998
0.040000000000000036 0.2230000000000001
0.040000000000000036 0.22260000000000013
0.040000000000000036 0.19380000000000017
0.040000000000000036 0.2018000000000001
0.040000000000000036 0.27690000000000015
0.040000000000000036 0.26350000000000007
0.040000000000000036 0.18350000000000005
0.040000000000000036 0.17240000000000008
0.040000000000000036 0.17369999999999994
0.040000000000000036 0.1943
0.040000000000000036 0.16820000000000004
0.040000000000000036 0.16169999999999998
0.040000000000000036 0.19210000000000016
0.040000000000000036 0.23130000000000017
0.040000000000000036 0.1506
0.040000000000000036 0.23510000000000017
0.040000000000000036 0.23010000000000003
0.040000000000000036 0.23199999999999998
0.040000000000000036 0.21629999999999983
0.040000000000000036 0.23219999999999982
0.040000000000000036 0.1889999999999998
0.040000000000000036 0.15929999999999991
0.040000000000000036 0.15499999999999997
0.040000000000000036 0.1290000000000001
0.040000000000000036 0.13460000000000003
0.040000000000000036 0.14200000000000007
0.040000000000000036 0.21260000000000012
0.040000000000000036 0.18190000000000006
0.040000000000000036 0.19640000000000005
0.040000000000000036 0.18989999999999996
0.040000000000000036 0.18729999999999997
0.040000000000000036 0.17079999999999995
0.040000000000000036 0.17259999999999998
0.040000000000000036 0.1717
0.040000000000000036 0.1579
0.040000000000000036 0.18759999999999993
0.040000000000000036 0.18209999999999993
0.040000000000000036 0.16949999999999993
0.040000000000000036 0.17709999999999992
0.06000000000000005 0.1776999999999999
0.06000000000000005 0.19080000000000003
0.06000000000000005 0.1585999999999999
0.06000000000000005 0.1294
0.06000000000000005 0.1279
0.040000000000000036 0.22280000000000005
0.040000000000000036 0.23330000000000006
0.040000000000000036 0.20450000000000018
0.040000000000000036 0.1526
0.06000000000000005 0.15230000000000002
0.06000000000000005 0.1526000000000001
0.06000000000000005 0.17120000000000002
0.06000000000000005 0.15980000000000005
0.06000000000000005 0.17300000000000004
0.06000000000000005 0.1517000000000001
0.06000000000000005 0.1574
0.06000000000000005 0.16010000000000002
0.06000000000000005 0.14710000000000004
0.06000000000000005 0.14890000000000003
0.06000000000000005 0.1711
0.06000000000000005 0.15890000000000004
0.06000000000000005 0.1558
0.06000000000000005 0.16560000000000005
0.06000000000000005 0.16069999999999995
0.06000000000000005 0.15270000000000009
0.06000000000000005 0.17
0.06000000000000005 0.16799999999999998
0.06000000000000005 0.14059999999999995
0.06000000000000005 0.16019999999999993
0.06000000000000005 0.15860000000000005
0.06000000000000005 0.1665000000000001
0.06000000000000005 0.12730000000000002
0.06000000000000005 0.1265000000000001
0.06000000000000005 0.13219999999999998
0.06000000000000005 0.11830000000000006
0.06000000000000005 0.13819999999999996
0.06000000000000005 0.14480000000000007
0.06000000000000005 0.11190000000000014
0.06000000000000005 0.11370000000000006
0.06000000000000005 0.1451
0.06000000000000005 0.31090000000000045
0.06000000000000005 0.16140000000000007
0.06000000000000005 0.15010000000000004
0.06000000000000005 0.16100000000000006
0.06000000000000005 0.16
0.06000000000000005 0.14320000000000002
0.06000000000000005 0.1770999999999999
0.06000000000000005 0.1697999999999999
0.06000000000000005 0.14939999999999998
0.06000000000000005 0.14609999999999995
0.06000000000000005 0.1776999999999999
0.06000000000000005 0.2481
0.06000000000000005 0.20469999999999997
0.06000000000000005 0.15209999999999999
0.06000000000000005 0.14169999999999994
0.06000000000000005 0.2263999999999998
0.06000000000000005 0.1924999999999998
0.06000000000000005 0.1600999999999999
0.06000000000000005 0.22619999999999998
0.06000000000000005 0.18720000000000003
0.040000000000000036 0.2930000000000001
0.06000000000000005 0.3098000000000002
0.06000000000000005 0.19640000000000002
0.06000000000000005 0.1923999999999999
0.06000000000000005 0.16699999999999998
0.06000000000000005 0.17669999999999988
0.06000000000000005 0.1769
0.06000000000000005 0.1529000000000001
0.040000000000000036 0.4590999999999992
0.07999999999999996 0.45029999999999964
0.040000000000000036 0.2724999999999999
0.040000000000000036 0.23800000000000002
0.040000000000000036 0.24999999999999983
0.040000000000000036 0.21109999999999993
