0.21999999999999997 0.5946200000000071
0.040000000000000036 0.553120000000006
0.040000000000000036 0.5228800000000059
0.040000000000000036 0.4933000000000043
0.040000000000000036 0.4708000000000039
0.040000000000000036 0.43834000000000417
0.040000000000000036 0.4059600000000026
0.040000000000000036 0.3879000000000021
0.040000000000000036 0.3739600000000016
0.020000000000000018 0.3595200000000013
0.020000000000000018 0.3416800000000006
0.020000000000000018 0.3292400000000005
0.020000000000000018 0.3292600000000002
0.020000000000000018 0.3142800000000002
0.020000000000000018 0.2906599999999999
0.020000000000000018 0.29344000000000003
0.020000000000000018 0.28335999999999995
0.020000000000000018 0.27951999999999977
0.020000000000000018 0.27314000000000005
0.020000000000000018 0.27176000000000006
0.020000000000000018 0.2676599999999999
0.020000000000000018 0.24383999999999997
0.020000000000000018 0.24151999999999976
0.020000000000000018 0.23015999999999973
0.020000000000000018 0.22977999999999976
0.020000000000000018 0.22329999999999997
0.020000000000000018 0.21177999999999997
0.020000000000000018 0.20939999999999995
0.020000000000000018 0.20401999999999998
0.020000000000000018 0.20854000000000014
0.020000000000000018 0.18693999999999994
0.020000000000000018 0.1823799999999998
0.020000000000000018 0.1800400000000001
0.020000000000000018 0.16517999999999988
0.020000000000000018 0.17063999999999993
0.020000000000000018 0.16777999999999993
0.020000000000000018 0.15627999999999997
0.020000000000000018 0.16518000000000005
0.020000000000000018 0.17228000000000013
0.020000000000000018 0.1580799999999999
0.020000000000000018 0.15627999999999978
0.020000000000000018 0.15407999999999994
0.020000000000000018 0.15303999999999984
0.020000000000000018 0.14473999999999992
0.020000000000000018 0.12611999999999987
0.020000000000000018 0.13953999999999991
0.020000000000000018 0.13487999999999992
0.020000000000000018 0.13643999999999984
0.020000000000000018 0.13943999999999984
0.020000000000000018 0.13071999999999984
0.020000000000000018 0.12627999999999986
0.020000000000000018 0.12079999999999977
0.020000000000000018 0.12655999999999987
0.020000000000000018 0.1291399999999999
0.020000000000000018 0.13779999999999995
0.020000000000000018 0.14080000000000004
0.020000000000000018 0.14163999999999988
0.020000000000000018 0.1559599999999999
0.020000000000000018 0.1368599999999999
0.020000000000000018 0.14115999999999973
0.020000000000000018 0.1320199999999999
0.020000000000000018 0.1258
0.020000000000000018 0.12741999999999987
0.020000000000000018 0.12885999999999986
0.020000000000000018 0.1309399999999998
0.020000000000000018 0.13549999999999984
0.020000000000000018 0.13573999999999994
0.020000000000000018 0.1303999999999998
0.020000000000000018 0.13155999999999987
0.020000000000000018 0.13927999999999985
0.020000000000000018 0.14201999999999984
0.020000000000000018 0.13491999999999998
0.020000000000000018 0.12945999999999985
0.020000000000000018 0.12955999999999984
0.020000000000000018 0.1375800000000001
0.020000000000000018 0.1363999999999999
0.020000000000000018 0.13839999999999994
0.020000000000000018 0.13334000000000001
0.020000000000000018 0.13152000000000003
0.020000000000000018 0.1323999999999998
0.020000000000000018 0.13999999999999996
0.020000000000000018 0.13207999999999995
0.020000000000000018 0.13013999999999987
0.020000000000000018 0.1456199999999999
0.020000000000000018 0.13613999999999984
0.020000000000000018 0.14259999999999995
0.020000000000000018 0.13161999999999976
0.020000000000000018 0.12843999999999983
0.020000000000000018 0.11377999999999983
0.020000000000000018 0.12293999999999994
0.020000000000000018 0.12596
0.020000000000000018 0.11953999999999987
0.020000000000000018 0.1202199999999999
0.020000000000000018 0.12479999999999988
0.020000000000000018 0.12940000000000002
0.020000000000000018 0.12317999999999997
0.020000000000000018 0.12363999999999992
0.020000000000000018 0.1272399999999999
0.020000000000000018 0.13042000000000006
0.020000000000000018 0.13150000000000003
