0.26 0.6239599999999993
0.26 0.5910600000000017
0.26 0.5603800000000022
0.06000000000000005 0.5314200000000018
0.06000000000000005 0.5044200000000023
0.06000000000000005 0.4950800000000016
0.06000000000000005 0.47234000000000204
0.06000000000000005 0.45060000000000167
0.06000000000000005 0.4300800000000016
0.06000000000000005 0.41286000000000117
0.06000000000000005 0.4132400000000018
0.06000000000000005 0.3958800000000005
0.07999999999999996 0.3865200000000002
0.07999999999999996 0.38516000000000056
0.07999999999999996 0.3807000000000006
0.07999999999999996 0.36110000000000014
0.07999999999999996 0.36719999999999997
0.07999999999999996 0.35167999999999977
0.07999999999999996 0.3483799999999999
0.07999999999999996 0.3413200000000001
0.07999999999999996 0.32956000000000046
0.07999999999999996 0.3227800000000003
0.07999999999999996 0.3197199999999999
0.07999999999999996 0.32082000000000005
0.07999999999999996 0.31658000000000047
0.07999999999999996 0.2923400000000002
0.07999999999999996 0.29342000000000024
0.07999999999999996 0.2957800000000002
0.07999999999999996 0.2752199999999999
0.07999999999999996 0.26839999999999997
0.07999999999999996 0.27478000000000025
0.06000000000000005 0.25180000000000036
0.06000000000000005 0.2410800000000004
0.06000000000000005 0.23054000000000058
0.06000000000000005 0.21054000000000025
0.06000000000000005 0.2181000000000006
0.06000000000000005 0.2232800000000004
0.06000000000000005 0.22130000000000005
0.06000000000000005 0.21222000000000027
0.06000000000000005 0.20953999999999995
0.06000000000000005 0.2136200000000001
0.06000000000000005 0.2097400000000004
0.06000000000000005 0.19700000000000012
0.06000000000000005 0.2092800000000002
0.06000000000000005 0.2015
0.06000000000000005 0.17865999999999993
0.06000000000000005 0.18345999999999985
0.06000000000000005 0.1875799999999998
0.06000000000000005 0.1883000000000002
0.06000000000000005 0.17141999999999988
0.06000000000000005 0.18703999999999993
0.06000000000000005 0.19105999999999987
0.06000000000000005 0.18700000000000017
0.06000000000000005 0.17800000000000013
0.06000000000000005 0.17659999999999998
0.06000000000000005 0.17333999999999977
0.06000000000000005 0.17081999999999964
0.06000000000000005 0.16777999999999968
0.06000000000000005 0.17376000000000022
0.06000000000000005 0.17427999999999996
0.06000000000000005 0.17270000000000002
0.06000000000000005 0.1649599999999997
0.06000000000000005 0.15943999999999953
0.06000000000000005 0.1641599999999997
0.06000000000000005 0.1605999999999995
0.06000000000000005 0.1692399999999995
0.06000000000000005 0.1631799999999998
0.06000000000000005 0.1587599999999996
0.06000000000000005 0.1416799999999995
0.06000000000000005 0.15093999999999946
0.06000000000000005 0.14487999999999934
0.06000000000000005 0.1538199999999995
0.06000000000000005 0.16367999999999938
0.06000000000000005 0.15875999999999962
0.06000000000000005 0.16209999999999947
0.06000000000000005 0.1563999999999995
0.06000000000000005 0.15169999999999956
0.06000000000000005 0.15583999999999976
0.06000000000000005 0.16229999999999947
0.06000000000000005 0.16207999999999945
0.06000000000000005 0.16987999999999948
0.06000000000000005 0.16359999999999952
0.06000000000000005 0.1595199999999996
0.06000000000000005 0.15563999999999986
0.06000000000000005 0.1571999999999997
0.06000000000000005 0.15433999999999953
0.06000000000000005 0.15999999999999942
0.06000000000000005 0.16417999999999983
0.06000000000000005 0.15883999999999968
0.06000000000000005 0.16149999999999967
0.06000000000000005 0.16757999999999973
0.06000000000000005 0.17197999999999966
0.06000000000000005 0.17403999999999958
0.06000000000000005 0.1671399999999996
0.06000000000000005 0.17852000000000012
0.06000000000000005 0.17620000000000022
0.06000000000000005 0.1783
0.06000000000000005 0.16864000000000015
0.06000000000000005 0.16722
0.06000000000000005 0.1698
