0.42000000000000004 0.6512999999999994
0.42000000000000004 0.6295000000000001
0.42000000000000004 0.6551000000000003
0.42000000000000004 0.6320000000000006
0.42000000000000004 0.650200000000001
0.42000000000000004 0.6671000000000015
0.26 0.6889000000000008
0.4 0.6709000000000013
0.4 0.6794000000000011
0.30000000000000004 0.6744000000000014
0.30000000000000004 0.6858000000000013
0.36 0.6744000000000011
0.31999999999999995 0.6612000000000012
0.33999999999999997 0.6954000000000014
0.16000000000000003 0.6612000000000016
0.31999999999999995 0.6547000000000013
0.4 0.6671000000000017
0.4 0.6846000000000013
0.36 0.6452000000000016
0.4 0.6519000000000014
0.4 0.6140000000000017
0.38 0.6282000000000013
0.42000000000000004 0.6111000000000019
0.4 0.6237000000000017
0.30000000000000004 0.626800000000002
0.43999999999999995 0.6529000000000019
0.4 0.6410000000000018
0.4 0.6461000000000016
0.4 0.6732000000000015
0.4 0.6871000000000013
0.4 0.6125000000000014
0.4 0.6019000000000017
0.4 0.6046000000000016
0.14 0.5392000000000012
0.16000000000000003 0.5484000000000012
0.09999999999999998 0.4908000000000007
0.18000000000000005 0.4863000000000004
0.4 0.48760000000000053
0.31999999999999995 0.49870000000000025
0.09999999999999998 0.5106000000000006
0.14 0.46710000000000024
0.07999999999999996 0.4559
0.09999999999999998 0.42179999999999956
0.18000000000000005 0.42479999999999984
0.18000000000000005 0.4121000000000003
0.26 0.4273999999999999
0.07999999999999996 0.41409999999999964
0.16000000000000003 0.41309999999999925
0.18000000000000005 0.40819999999999956
0.12 0.41229999999999956
0.16000000000000003 0.4077999999999997
0.24 0.4134999999999999
0.12 0.39460000000000023
0.12 0.38159999999999994
0.09999999999999998 0.3771999999999999
0.06000000000000005 0.3802000000000001
0.040000000000000036 0.34489999999999965
0.14 0.32169999999999993
0.07999999999999996 0.4287000000000007
0.07999999999999996 0.3256999999999997
0.07999999999999996 0.29679999999999956
0.07999999999999996 0.31669999999999965
0.07999999999999996 0.2925999999999996
0.07999999999999996 0.35259999999999975
0.07999999999999996 0.3416999999999999
0.07999999999999996 0.3053
0.07999999999999996 0.2790000000000001
0.040000000000000036 0.21409999999999996
0.040000000000000036 0.15949999999999992
0.040000000000000036 0.1703999999999998
0.06000000000000005 0.22529999999999967
0.06000000000000005 0.1876
0.040000000000000036 0.18579999999999985
0.040000000000000036 0.1176999999999999
0.040000000000000036 0.11459999999999992
0.06000000000000005 0.11250000000000002
0.06000000000000005 0.1015
0.06000000000000005 0.15899999999999984
0.06000000000000005 0.17750000000000005
0.06000000000000005 0.30289999999999995
0.09999999999999998 0.21749999999999992
0.06000000000000005 0.14620000000000008
0.07999999999999996 0.14590000000000006
0.07999999999999996 0.1315000000000001
0.09999999999999998 0.18989999999999999
0.07999999999999996 0.2413999999999996
0.07999999999999996 0.17679999999999985
0.040000000000000036 0.17029999999999995
0.040000000000000036 0.3170999999999999
0.07999999999999996 0.21579999999999985
0.06000000000000005 0.3153999999999996
0.07999999999999996 0.42109999999999914
0.07999999999999996 0.3873999999999993
0.07999999999999996 0.37919999999999915
0.07999999999999996 0.3364999999999994
0.07999999999999996 0.372399999999999
0.07999999999999996 0.3375999999999994
0.07999999999999996 0.30019999999999963
0.07999999999999996 0.27169999999999983
0.09999999999999998 0.29669999999999963
0.07999999999999996 0.25089999999999985
0.07999999999999996 0.20239999999999977
0.07999999999999996 0.1815999999999999
0.07999999999999996 0.2343
0.07999999999999996 0.19329999999999992
0.07999999999999996 0.16690000000000005
0.07999999999999996 0.17750000000000005
0.07999999999999996 0.19350000000000012
0.07999999999999996 0.2077000000000001
0.07999999999999996 0.1690000000000002
0.07999999999999996 0.16730000000000003
0.07999999999999996 0.14440000000000006
0.07999999999999996 0.12210000000000008
0.09999999999999998 0.19250000000000003
0.09999999999999998 0.15719999999999998
0.09999999999999998 0.17220000000000016
0.07999999999999996 0.13930000000000012
0.07999999999999996 0.23070000000000002
0.09999999999999998 0.2812999999999995
0.09999999999999998 0.3207
0.09999999999999998 0.1203999999999999
0.09999999999999998 0.20039999999999997
0.07999999999999996 0.11979999999999988
0.07999999999999996 0.11759999999999991
0.09999999999999998 0.12599999999999997
0.09999999999999998 0.22899999999999957
0.09999999999999998 0.12109999999999983
0.09999999999999998 0.16929999999999976
0.07999999999999996 0.2137
0.07999999999999996 0.17460000000000023
0.07999999999999996 0.20100000000000012
0.07999999999999996 0.1692999999999998
0.07999999999999996 0.15600000000000003
0.07999999999999996 0.15579999999999994
0.07999999999999996 0.1539
0.07999999999999996 0.1281
0.07999999999999996 0.13060000000000005
0.07999999999999996 0.17330000000000007
0.07999999999999996 0.18760000000000002
0.07999999999999996 0.12490000000000005
0.07999999999999996 0.1298
0.07999999999999996 0.10680000000000003
0.09999999999999998 0.1079999999999999
0.09999999999999998 0.10029999999999994
0.07999999999999996 0.0975
0.07999999999999996 0.09219999999999995
0.07999999999999996 0.09720000000000002
0.07999999999999996 0.09050000000000004
0.07999999999999996 0.10040000000000006
0.07999999999999996 0.10150000000000006
0.07999999999999996 0.09080000000000002
0.07999999999999996 0.11870000000000001
0.07999999999999996 0.10569999999999999
0.07999999999999996 0.08780000000000004
0.07999999999999996 0.102
0.07999999999999996 0.2548999999999996
0.07999999999999996 0.27189999999999953
0.07999999999999996 0.3195999999999993
0.07999999999999996 0.2987999999999993
0.07999999999999996 0.15189999999999992
0.07999999999999996 0.135
0.07999999999999996 0.09730000000000005
0.07999999999999996 0.1144
0.07999999999999996 0.115
0.07999999999999996 0.09160000000000007
0.07999999999999996 0.10540000000000005
0.07999999999999996 0.11000000000000004
0.07999999999999996 0.11290000000000014
0.07999999999999996 0.12090000000000015
0.07999999999999996 0.1356000000000002
0.07999999999999996 0.12790000000000007
0.07999999999999996 0.12580000000000008
0.07999999999999996 0.12400000000000003
0.07999999999999996 0.14160000000000003
0.07999999999999996 0.1341000000000002
0.07999999999999996 0.11400000000000009
0.07999999999999996 0.08490000000000006
0.07999999999999996 0.11379999999999982
0.07999999999999996 0.0916
0.07999999999999996 0.08370000000000007
0.07999999999999996 0.09670000000000004
0.07999999999999996 0.09380000000000005
0.07999999999999996 0.09760000000000003
0.07999999999999996 0.1296999999999999
0.07999999999999996 0.09660000000000002
0.07999999999999996 0.08800000000000004
0.07999999999999996 0.09780000000000001
0.07999999999999996 0.31959999999999955
0.07999999999999996 0.2574999999999998
0.07999999999999996 0.1854999999999999
0.07999999999999996 0.16590000000000005
0.07999999999999996 0.13190000000000013
0.07999999999999996 0.1156000000000001
0.07999999999999996 0.10920000000000005
0.07999999999999996 0.21919999999999992
0.07999999999999996 0.2700999999999996
0.07999999999999996 0.32769999999999944
0.07999999999999996 0.19469999999999976
0.07999999999999996 0.13839999999999986
0.07999999999999996 0.1304999999999999
0.07999999999999996 0.14149999999999985
0.07999999999999996 0.20410000000000036
0.07999999999999996 0.1982000000000001
0.07999999999999996 0.23709999999999962
0.07999999999999996 0.19929999999999948
0.07999999999999996 0.13620000000000002
0.07999999999999996 0.1189
0.07999999999999996 0.11890000000000005
0.07999999999999996 0.11510000000000005
0.07999999999999996 0.10400000000000002
0.07999999999999996 0.12180000000000005
0.07999999999999996 0.14389999999999983
0.07999999999999996 0.11469999999999995
0.07999999999999996 0.2112
0.07999999999999996 0.17009999999999983
0.07999999999999996 0.15079999999999985
0.07999999999999996 0.12499999999999993
0.07999999999999996 0.1357000000000001
0.07999999999999996 0.15780000000000002
0.07999999999999996 0.1262999999999999
0.07999999999999996 0.12240000000000001
0.07999999999999996 0.13219999999999993
0.07999999999999996 0.11540000000000003
0.07999999999999996 0.3250000000000001
0.07999999999999996 0.3118000000000001
0.07999999999999996 0.3035
0.07999999999999996 0.2463999999999999
0.07999999999999996 0.2087999999999997
0.07999999999999996 0.18069999999999983
0.07999999999999996 0.16419999999999998
0.07999999999999996 0.16720000000000002
0.07999999999999996 0.14650000000000002
0.07999999999999996 0.13939999999999986
0.07999999999999996 0.14149999999999996
0.07999999999999996 0.1093
0.07999999999999996 0.10459999999999986
0.07999999999999996 0.10039999999999992
0.07999999999999996 0.09949999999999996
0.07999999999999996 0.12199999999999989
0.07999999999999996 0.14830000000000015
0.07999999999999996 0.14960000000000018
0.4 0.3953999999999997
0.07999999999999996 0.1345
0.4 0.3986999999999996
0.4 0.40020000000000006
0.07999999999999996 0.12739999999999999
0.07999999999999996 0.11430000000000007
0.4 0.4022999999999999
0.07999999999999996 0.11149999999999997
0.4 0.3951999999999998
0.4 0.3899999999999996
0.07999999999999996 0.10909999999999999
0.07999999999999996 0.11040000000000003
0.07999999999999996 0.10629999999999999
0.07999999999999996 0.10789999999999995
0.07999999999999996 0.10179999999999996
0.07999999999999996 0.10559999999999997
0.07999999999999996 0.10079999999999996
0.07999999999999996 0.09600000000000002
0.07999999999999996 0.10590000000000005
0.07999999999999996 0.1373000000000001
0.07999999999999996 0.1167
0.07999999999999996 0.09580000000000002
0.4 0.40259999999999907
0.4 0.3942999999999995
0.09999999999999998 0.1195
0.09999999999999998 0.10469999999999999
0.09999999999999998 0.10860000000000003
0.09999999999999998 0.11399999999999999
0.09999999999999998 0.10739999999999997
0.09999999999999998 0.10159999999999993
0.09999999999999998 0.1013
0.09999999999999998 0.11190000000000007
0.09999999999999998 0.12180000000000003
0.09999999999999998 0.09739999999999997
0.09999999999999998 0.10000000000000002
0.09999999999999998 0.11069999999999991
0.09999999999999998 0.11320000000000001
0.09999999999999998 0.12029999999999992
0.09999999999999998 0.1374
0.09999999999999998 0.14020000000000002
0.09999999999999998 0.12849999999999995
0.09999999999999998 0.1301
0.09999999999999998 0.12800000000000003
0.09999999999999998 0.1459
0.09999999999999998 0.14949999999999997
0.09999999999999998 0.1457
0.12 0.15770000000000015
0.12 0.12379999999999992
0.12 0.11889999999999994
0.09999999999999998 0.10880000000000001
0.12 0.135
0.12 0.11799999999999994
0.09999999999999998 0.1431000000000001
0.09999999999999998 0.12239999999999998
0.09999999999999998 0.12390000000000004
0.09999999999999998 0.13980000000000012
0.09999999999999998 0.11600000000000006
0.09999999999999998 0.09770000000000005
0.09999999999999998 0.1001
0.09999999999999998 0.10740000000000004
0.09999999999999998 0.09509999999999998
0.09999999999999998 0.09989999999999993
0.09999999999999998 0.10529999999999998
0.09999999999999998 0.11
0.09999999999999998 0.0983
0.09999999999999998 0.1027
0.09999999999999998 0.10440000000000006
0.09999999999999998 0.10070000000000003
0.09999999999999998 0.09330000000000002
0.09999999999999998 0.11250000000000002
0.09999999999999998 0.12410000000000006
0.26 0.26500000000000007
0.26 0.25550000000000006
0.09999999999999998 0.10210000000000001
0.09999999999999998 0.09059999999999997
0.09999999999999998 0.10519999999999992
0.09999999999999998 0.10889999999999994
0.26 0.26269999999999993
0.09999999999999998 0.1252
0.09999999999999998 0.10969999999999995
0.26 0.25729999999999986
0.09999999999999998 0.22360000000000035
0.26 0.3363999999999998
0.26 0.26380000000000015
0.09999999999999998 0.13209999999999997
0.26 0.2588999999999999
0.26 0.2931
0.26 0.2712000000000001
0.26 0.2557
0.26 0.26609999999999995
0.26 0.2669
0.26 0.2745000000000002
0.26 0.27180000000000015
0.26 0.2604000000000003
0.26 0.2713000000000002
0.26 0.26130000000000014
0.26 0.2634000000000001
0.26 0.2671000000000001
0.26 0.26140000000000024
0.26 0.2581000000000001
0.26 0.25580000000000014
0.26 0.25070000000000003
0.19999999999999996 0.2642999999999999
0.24 0.2656000000000002
0.24 0.2593
0.19999999999999996 0.25470000000000004
0.19999999999999996 0.25639999999999996
0.19999999999999996 0.24600000000000002
0.19999999999999996 0.2581
0.12 0.24540000000000003
0.07999999999999996 0.2362999999999998
0.07999999999999996 0.23029999999999995
0.07999999999999996 0.21639999999999993
0.07999999999999996 0.19109999999999985
0.24 0.2559000000000001
0.07999999999999996 0.18449999999999986
0.07999999999999996 0.16219999999999993
0.07999999999999996 0.1586
0.07999999999999996 0.13129999999999994
0.07999999999999996 0.12129999999999995
0.07999999999999996 0.11629999999999996
0.07999999999999996 0.12009999999999998
0.07999999999999996 0.13209999999999997
0.07999999999999996 0.12819999999999993
0.07999999999999996 0.12739999999999999
0.07999999999999996 0.1356
0.07999999999999996 0.11799999999999997
0.07999999999999996 0.12610000000000002
0.07999999999999996 0.12680000000000002
0.07999999999999996 0.1237
0.07999999999999996 0.11340000000000001
0.07999999999999996 0.12049999999999997
0.07999999999999996 0.11259999999999998
0.07999999999999996 0.11699999999999999
0.07999999999999996 0.138
0.07999999999999996 0.1335
0.07999999999999996 0.14750000000000005
0.07999999999999996 0.15309999999999996
0.07999999999999996 0.13359999999999997
0.07999999999999996 0.12909999999999988
0.07999999999999996 0.13279999999999992
0.07999999999999996 0.17570000000000005
0.07999999999999996 0.1477
0.07999999999999996 0.11140000000000003
0.07999999999999996 0.09170000000000002
0.07999999999999996 0.11970000000000006
0.07999999999999996 0.107
0.07999999999999996 0.11250000000000002
0.24 0.4772000000000004
0.30000000000000004 0.42389999999999994
0.09999999999999998 0.3853999999999998
0.07999999999999996 0.34329999999999955
0.12 0.36179999999999957
0.12 0.33939999999999954
0.12 0.3182000000000002
0.12 0.30400000000000005
0.12 0.27800000000000025
0.07999999999999996 0.2617000000000003
0.12 0.3795000000000001
0.07999999999999996 0.34869999999999995
0.07999999999999996 0.32030000000000014
0.07999999999999996 0.27770000000000006
0.07999999999999996 0.2621000000000004
0.07999999999999996 0.2596000000000001
0.07999999999999996 0.23560000000000028
0.06000000000000005 0.2595000000000003
0.06000000000000005 0.31709999999999977
0.06000000000000005 0.23319999999999996
0.07999999999999996 0.1557999999999999
0.07999999999999996 0.13599999999999998
0.07999999999999996 0.1272999999999999
0.07999999999999996 0.16320000000000007
0.09999999999999998 0.21990000000000012
0.09999999999999998 0.19090000000000007
0.09999999999999998 0.17569999999999994
0.09999999999999998 0.1611999999999999
0.09999999999999998 0.14910000000000007
0.09999999999999998 0.14189999999999994
0.09999999999999998 0.13859999999999997
0.09999999999999998 0.1457999999999999
0.07999999999999996 0.11209999999999992
0.07999999999999996 0.13429999999999984
0.07999999999999996 0.13899999999999985
0.07999999999999996 0.1279999999999999
0.07999999999999996 0.11719999999999992
0.07999999999999996 0.10679999999999991
0.07999999999999996 0.11379999999999996
0.07999999999999996 0.11920000000000008
0.07999999999999996 0.10940000000000001
0.07999999999999996 0.094
0.07999999999999996 0.1036
0.07999999999999996 0.1727999999999998
0.07999999999999996 0.09819999999999998
0.07999999999999996 0.13519999999999988
0.07999999999999996 0.12459999999999984
0.07999999999999996 0.11199999999999986
0.07999999999999996 0.10689999999999991
0.07999999999999996 0.09829999999999998
0.07999999999999996 0.10529999999999987
0.07999999999999996 0.1124999999999999
0.38 0.45020000000000027
0.33999999999999997 0.379699999999999
0.07999999999999996 0.10669999999999995
0.33999999999999997 0.3973999999999993
0.36 0.3756999999999994
0.31999999999999995 0.3737999999999993
0.26 0.37359999999999915
0.26 0.3760999999999997
0.26 0.36339999999999967
0.24 0.35869999999999974
0.24 0.33710000000000007
0.24 0.31880000000000047
0.07999999999999996 0.3474999999999994
0.07999999999999996 0.3324999999999999
0.07999999999999996 0.3137000000000003
0.07999999999999996 0.32180000000000036
0.07999999999999996 0.3269000000000002
0.07999999999999996 0.30420000000000047
0.07999999999999996 0.2790000000000006
0.09999999999999998 0.27010000000000056
0.09999999999999998 0.26820000000000027
0.09999999999999998 0.24699999999999997
0.07999999999999996 0.2215000000000002
0.020000000000000018 0.21990000000000026
0.020000000000000018 0.19750000000000006
0.020000000000000018 0.18169999999999997
0.020000000000000018 0.17049999999999982
0.020000000000000018 0.15669999999999995
0.020000000000000018 0.145
0.020000000000000018 0.12519999999999992
0.020000000000000018 0.10229999999999999
0.020000000000000018 0.10670000000000003
0.020000000000000018 0.08960000000000001
0.020000000000000018 0.06360000000000002
0.020000000000000018 0.056200000000000035
0.020000000000000018 0.05310000000000003
0.020000000000000018 0.05110000000000003
0.020000000000000018 0.044200000000000024
0.020000000000000018 0.04780000000000003
0.020000000000000018 0.052600000000000036
0.020000000000000018 0.05490000000000002
0.020000000000000018 0.03930000000000002
0.020000000000000018 0.04310000000000002
0.020000000000000018 0.05150000000000002
0.020000000000000018 0.04130000000000003
0.020000000000000018 0.04360000000000004
0.020000000000000018 0.18319999999999984
0.020000000000000018 0.13899999999999987
0.020000000000000018 0.053500000000000034
0.07999999999999996 0.06950000000000008
0.07999999999999996 0.07269999999999997
0.07999999999999996 0.07189999999999991
0.07999999999999996 0.054700000000000054
0.07999999999999996 0.06730000000000003
0.07999999999999996 0.06670000000000001
0.24 0.24210000000000015
0.24 0.2442000000000001
0.07999999999999996 0.07370000000000006
0.07999999999999996 0.057200000000000036
