0.34 0.3400000000000017
0.34 0.3395500000000017
0.34 0.3400000000000017
0.34 0.3400000000000017
0.47 0.3435000000000018
0.47 0.34455000000000174
0.47 0.3478000000000018
0.47 0.3507500000000018
0.57 0.3432000000000017
0.62 0.34515000000000184
0.6 0.3768500000000021
0.68 0.3998000000000018
0.66 0.37660000000000216
0.62 0.3749000000000022
0.68 0.49050000000000105
0.68 0.5569000000000002
0.68 0.6151500000000009
0.68 0.6477500000000016
0.68 0.6688000000000024
0.68 0.6638500000000025
0.68 0.6747500000000031
0.68 0.6533000000000001
0.68 0.676750000000003
0.72 0.6803500000000033
0.72 0.6789000000000023
0.72 0.6779500000000023
0.68 0.5989999999999985
0.72 0.682100000000003
0.72 0.6768500000000028
0.72 0.6863000000000034
0.68 0.5692499999999986
0.68 0.6635000000000023
0.68 0.6780500000000032
0.68 0.6192499999999985
0.68 0.6384999999999991
0.68 0.6011999999999994
0.68 0.6399499999999999
0.68 0.6214499999999995
0.68 0.6352499999999996
0.68 0.6449999999999996
0.68 0.6504500000000004
0.68 0.6648000000000016
0.68 0.6672500000000025
0.68 0.6758000000000031
0.68 0.6697000000000024
0.68 0.6735000000000027
0.68 0.675850000000003
0.68 0.6625500000000011
0.68 0.658250000000002
0.68 0.6765000000000028
0.68 0.6788000000000028
0.68 0.6795000000000033
0.68 0.6791000000000029
0.68 0.6798500000000034
0.68 0.6798000000000033
0.68 0.678200000000003
0.68 0.6760500000000029
0.68 0.6792500000000031
0.45 0.3467500000000019
0.68 0.6797000000000033
0.68 0.6765500000000033
0.64 0.355500000000002
0.64 0.36200000000000215
0.76 0.5617000000000014
0.64 0.40119999999999967
0.64 0.4260000000000011
0.7 0.6013000000000011
0.75 0.46050000000000113
0.81 0.6475000000000002
0.85 0.6564500000000002
0.86 0.6641499999999998
0.73 0.6394000000000005
0.91 0.5715500000000002
0.94 0.6571499999999993
0.94 0.7238500000000013
0.9 0.6953500000000024
0.94 0.7527500000000009
0.93 0.711000000000003
0.93 0.7319000000000012
0.94 0.7498500000000005
0.69 0.6745500000000013
0.77 0.6764500000000027
0.82 0.6856000000000029
0.82 0.6841500000000028
0.93 0.7449500000000002
0.96 0.8391499999999997
0.96 0.8714500000000007
0.96 0.8994000000000034
0.96 0.9231000000000026
0.96 0.9338500000000012
0.96 0.9467999999999986
0.92 0.7079000000000012
0.96 0.9424999999999991
0.93 0.7205999999999981
0.94 0.7385999999999975
0.95 0.7708499999999988
0.95 0.7968500000000008
0.98 0.8162000000000019
0.98 0.8538000000000011
0.98 0.8809500000000015
0.98 0.9022500000000025
0.98 0.9177500000000026
0.98 0.9278000000000014
0.98 0.9342500000000012
0.98 0.94175
0.98 0.9530499999999974
0.95 0.9145000000000025
0.95 0.9282500000000014
0.95 0.9370500000000003
0.95 0.9397000000000004
0.95 0.9438500000000011
0.95 0.9445499999999999
0.66 0.6598999999999974
0.66 0.6598499999999974
0.66 0.6595499999999975
0.66 0.6593999999999974
0.92 0.7447499999999994
0.94 0.7892500000000001
0.94 0.8086499999999992
0.9 0.7697999999999992
0.95 0.8360499999999995
0.95 0.8577999999999986
0.94 0.8412999999999985
0.95 0.8557500000000009
0.95 0.8746500000000001
0.95 0.9230500000000005
0.95 0.9026000000000012
0.95 0.9332499999999989
0.95 0.9377499999999996
0.95 0.9387500000000003
0.95 0.9428500000000005
0.95 0.94125
0.95 0.9426499999999991
0.95 0.9404999999999992
0.95 0.9431999999999985
0.95 0.9463499999999982
0.95 0.9470999999999986
0.95 0.9431999999999985
0.95 0.9450499999999987
0.95 0.9460999999999982
0.95 0.9491499999999979
0.95 0.9467499999999981
0.95 0.9451999999999983
0.95 0.9458999999999981
0.95 0.9475999999999979
0.95 0.9491499999999978
0.95 0.9486999999999979
0.95 0.9481999999999978
0.95 0.9471499999999982
0.95 0.9478999999999981
0.95 0.9494499999999978
0.95 0.945699999999998
0.95 0.9476999999999979
0.95 0.9485499999999979
0.95 0.9451499999999985
0.95 0.9472999999999979
0.95 0.9457999999999979
0.95 0.9439000000000006
0.95 0.9468499999999992
0.95 0.9423499999999986
0.95 0.9326500000000008
0.95 0.9391999999999997
0.95 0.9415499999999989
0.95 0.9473999999999979
0.95 0.9463499999999982
0.95 0.9469499999999982
0.95 0.9484999999999981
0.95 0.9490999999999978
0.95 0.9484999999999978
0.95 0.9426999999999982
0.95 0.946449999999998
0.95 0.9472499999999979
0.95 0.9478499999999983
0.95 0.9479499999999981
0.95 0.9486499999999978
0.95 0.9451999999999982
0.95 0.9479999999999978
0.95 0.9471499999999982
0.95 0.9451499999999982
0.68 0.669600000000001
0.68 0.6711000000000008
0.68 0.6726500000000005
0.68 0.670300000000001
0.68 0.6737000000000006
0.68 0.676000000000001
0.68 0.6773000000000018
0.68 0.6788500000000022
0.95 0.8431999999999994
0.95 0.8715499999999996
0.95 0.8981500000000007
0.68 0.6757500000000007
0.68 0.6767000000000017
0.68 0.6771500000000026
0.68 0.6749000000000026
0.68 0.6792500000000028
0.95 0.8531000000000003
0.95 0.8763000000000014
0.95 0.896850000000002
0.95 0.9149500000000006
0.95 0.9312000000000005
0.68 0.6733500000000002
0.68 0.6771000000000013
0.68 0.678050000000002
0.68 0.6792000000000025
0.68 0.6791000000000028
0.68 0.6793500000000027
0.68 0.6777000000000032
0.68 0.6782500000000034
0.68 0.6788500000000031
0.68 0.6796500000000032
0.68 0.6773000000000028
0.68 0.6786500000000032
0.68 0.6796500000000032
0.68 0.6800000000000034
0.68 0.6800000000000034
0.68 0.6778000000000033
0.68 0.6798000000000033
0.68 0.6800000000000034
0.68 0.6791500000000034
0.95 0.8247499999999995
0.95 0.8650999999999995
0.95 0.9031500000000016
0.95 0.9251
0.95 0.9372500000000007
0.68 0.6768500000000026
0.68 0.6733000000000026
0.68 0.6772500000000032
0.68 0.6778000000000034
0.68 0.6786500000000031
0.68 0.6787500000000033
0.68 0.6788500000000035
0.68 0.6787000000000029
0.68 0.6800000000000034
0.68 0.678000000000003
0.68 0.6328999999999971
0.68 0.6481999999999978
0.68 0.6588499999999984
0.68 0.6666499999999997
0.68 0.6683500000000008
0.68 0.6688500000000016
0.68 0.6738500000000023
0.68 0.677550000000003
0.68 0.677350000000003
0.68 0.6784500000000029
0.68 0.6793500000000031
0.68 0.6794500000000029
0.68 0.6796000000000032
0.68 0.6794500000000033
0.68 0.6790500000000032
0.68 0.6798500000000033
0.68 0.6794500000000033
0.68 0.6799000000000034
0.68 0.6789000000000033
0.68 0.6797500000000034
0.68 0.6789500000000029
0.68 0.6787000000000031
0.68 0.6786500000000032
0.68 0.6799000000000032
0.68 0.6800000000000034
0.68 0.6799000000000034
0.68 0.6799000000000034
0.68 0.6788000000000031
0.68 0.6791500000000031
0.68 0.6766000000000034
0.68 0.6789500000000033
0.68 0.6775000000000033
0.68 0.6799500000000033
0.68 0.6798000000000033
0.68 0.6790500000000033
0.68 0.6794000000000033
0.68 0.6796000000000033
0.68 0.6759000000000035
0.68 0.6764000000000034
0.68 0.6795500000000031
0.68 0.6796500000000033
0.68 0.6799000000000032
0.68 0.6785000000000032
0.68 0.6794500000000032
0.68 0.6797500000000034
0.68 0.6798000000000032
0.68 0.6798500000000033
0.68 0.6798000000000033
0.68 0.6798500000000033
0.68 0.6797000000000033
0.68 0.6800000000000034
0.68 0.6799000000000034
0.68 0.6800000000000034
0.68 0.6793000000000032
0.68 0.6788000000000032
0.68 0.6800000000000034
0.68 0.6799000000000034
0.68 0.6798500000000032
0.68 0.6800000000000034
0.68 0.6785000000000033
0.68 0.6794500000000032
0.68 0.6796500000000032
0.68 0.6794500000000033
0.68 0.6781500000000031
0.68 0.6798000000000033
0.68 0.6796500000000033
0.68 0.6798500000000032
0.68 0.6799000000000034
0.68 0.6799000000000034
0.68 0.6790000000000034
0.68 0.6796500000000033
0.68 0.6794000000000033
0.68 0.6785000000000033
0.68 0.6796500000000034
0.68 0.6798000000000032
0.68 0.6798000000000032
0.68 0.6796000000000031
0.95 0.7464500000000024
0.95 0.7647500000000014
0.95 0.8000500000000008
0.95 0.8493500000000005
0.95 0.8724000000000005
0.95 0.897400000000001
0.95 0.9152000000000001
0.95 0.9391499999999994
0.95 0.9375999999999999
0.95 0.940499999999999
0.95 0.9421499999999994
0.95 0.9451499999999986
0.95 0.9438999999999983
0.95 0.947449999999998
0.95 0.9488999999999979
0.95 0.948099999999998
0.95 0.9455499999999982
0.95 0.9412999999999986
0.95 0.9469999999999982
0.95 0.9479999999999978
0.95 0.9475999999999979
0.95 0.9463999999999977
0.95 0.9407999999999985
0.95 0.9423499999999986
0.68 0.6784000000000031
0.95 0.9443499999999981
0.95 0.9453499999999982
0.68 0.6779000000000027
0.68 0.6760000000000029
0.68 0.6788500000000032
0.95 0.944699999999998
0.95 0.9458999999999983
0.95 0.9455499999999979
0.68 0.6754000000000029
0.68 0.6797000000000029
0.68 0.6793500000000033
0.68 0.6798000000000031
0.68 0.6773000000000029
0.68 0.6788500000000033
0.68 0.6785000000000032
0.68 0.6468999999999993
0.68 0.6633500000000015
0.57 0.35185000000000166
0.68 0.6733500000000023
0.95 0.920500000000002
0.68 0.6752500000000023
0.68 0.6779000000000026
0.5 0.3557000000000018
0.68 0.6785000000000031
0.68 0.676350000000003
0.68 0.6777000000000032
0.68 0.6773000000000029
0.68 0.6778500000000028
0.68 0.6769000000000029
0.68 0.679500000000003
0.68 0.39310000000000167
0.68 0.42110000000000125
0.68 0.5276
0.68 0.5042000000000008
0.68 0.5394500000000001
0.68 0.6360999999999991
0.68 0.6578499999999997
0.68 0.6646500000000003
0.68 0.6719000000000008
0.68 0.6757500000000014
0.68 0.6781000000000019
0.68 0.6794000000000024
0.68 0.6772500000000029
0.68 0.6797000000000031
0.68 0.6591000000000017
0.68 0.6797500000000032
0.68 0.6745500000000029
0.68 0.6800000000000034
0.68 0.6797000000000033
0.68 0.6800000000000034
0.68 0.6777000000000034
0.68 0.6800000000000034
0.68 0.6800000000000034
0.68 0.6799500000000033
0.68 0.6798500000000034
0.68 0.6781500000000033
0.68 0.6777500000000033
0.68 0.6800000000000034
0.68 0.6798500000000034
0.68 0.6796500000000034
0.68 0.6799500000000033
0.68 0.6799500000000033
0.68 0.6797000000000033
0.68 0.6797000000000031
0.68 0.6798500000000033
0.68 0.6800000000000034
0.68 0.6799000000000032
0.68 0.6797500000000032
0.68 0.6666000000000025
0.68 0.6799500000000033
0.68 0.6737500000000028
0.68 0.6795500000000034
0.68 0.6795500000000034
0.68 0.6772000000000026
0.68 0.6469500000000012
0.68 0.6799000000000032
0.68 0.665300000000002
0.68 0.6726000000000028
0.68 0.677300000000003
0.68 0.6794000000000033
0.68 0.6798500000000034
0.68 0.6770000000000033
0.68 0.6800000000000034
0.68 0.6798000000000031
0.68 0.6799500000000033
0.68 0.6800000000000034
0.68 0.6796000000000032
0.68 0.6800000000000034
0.68 0.6776000000000033
0.68 0.677150000000003
0.68 0.6782500000000034
0.68 0.673850000000003
0.68 0.6800000000000034
0.68 0.6792500000000034
0.68 0.6796000000000033
0.68 0.6799500000000033
0.68 0.6798500000000033
0.68 0.6796500000000034
0.68 0.6794000000000032
0.68 0.6799500000000033
0.68 0.6795000000000033
0.68 0.6785000000000033
0.68 0.6791500000000034
0.68 0.6799000000000034
0.68 0.6798000000000033
0.68 0.6754000000000032
0.68 0.6773500000000032
0.68 0.6795500000000032
0.68 0.6777500000000031
0.68 0.6782500000000035
0.68 0.6782000000000034
0.68 0.6753500000000032
0.68 0.6800000000000034
0.68 0.6798000000000033
0.68 0.6798000000000033
0.68 0.6794500000000033
0.68 0.6769500000000032
0.68 0.6785500000000033
0.68 0.6785500000000033
0.68 0.6795500000000034
0.68 0.6787500000000033
0.68 0.6782500000000031
0.68 0.6799500000000033
0.68 0.6799000000000034
0.68 0.6787000000000033
0.68 0.6775000000000033
0.68 0.6745000000000033
0.68 0.6768000000000035
0.68 0.678050000000003
0.68 0.6783000000000032
0.68 0.6800000000000034
0.88 0.6909500000000014
0.68 0.6798500000000032
0.68 0.6799500000000033
0.68 0.6800000000000034
0.68 0.6800000000000034
0.68 0.6799000000000032
0.68 0.6799500000000033
0.68 0.6800000000000034
0.88 0.7078000000000023
0.94 0.7347000000000022
0.68 0.6791500000000031
0.68 0.6795500000000032
0.68 0.6783000000000033
0.68 0.6798500000000034
0.68 0.6797500000000034
0.9 0.7564000000000007
0.95 0.7918999999999999
0.95 0.8053
0.95 0.8276000000000003
0.68 0.6789500000000025
0.68 0.6799000000000032
0.68 0.6790500000000032
0.68 0.679050000000003
0.93 0.8103500000000001
0.68 0.6797000000000029
0.68 0.6800000000000034
0.68 0.6799500000000033
0.68 0.6798500000000034
0.68 0.6799500000000033
0.68 0.6797000000000031
0.68 0.6787500000000029
0.68 0.6784500000000031
0.68 0.6800000000000034
