0.91 0.40513999999999917
0.91 0.45029000000000036
0.95 0.4822800000000009
0.95 0.5055600000000008
0.95 0.5366800000000003
0.95 0.5619900000000011
0.95 0.5722300000000007
0.95 0.5901099999999999
0.97 0.6080900000000009
0.97 0.6236400000000006
0.97 0.639940000000003
0.97 0.6481600000000034
0.97 0.6569800000000035
0.97 0.6669700000000033
0.97 0.6675700000000027
0.97 0.6724500000000029
0.98 0.6879600000000006
0.98 0.68977
0.98 0.7006699999999981
0.98 0.7021199999999972
0.98 0.7164599999999947
0.98 0.7107099999999936
0.98 0.715699999999994
0.98 0.7220699999999919
0.98 0.7281499999999919
0.98 0.7326499999999916
0.98 0.7352999999999908
0.98 0.7511899999999881
0.98 0.7676099999999856
0.98 0.7729499999999859
0.98 0.7716499999999897
0.98 0.7726599999999887
0.98 0.7705099999999893
0.98 0.774599999999992
0.98 0.7771399999999912
0.98 0.7850299999999918
0.98 0.7826799999999924
0.98 0.7980899999999936
0.98 0.8176299999999956
0.98 0.8252199999999937
0.98 0.8412599999999945
0.98 0.8314599999999945
0.98 0.8335499999999934
0.98 0.831789999999994
0.98 0.8393599999999933
0.98 0.8482499999999924
0.98 0.8517299999999919
0.98 0.8423099999999923
0.98 0.8554999999999926
0.98 0.8541099999999925
0.98 0.8488199999999957
0.98 0.8477599999999961
0.98 0.8459299999999956
0.98 0.8448899999999954
0.98 0.8463899999999911
0.98 0.8425399999999895
0.98 0.8344599999999925
0.98 0.8493899999999913
0.98 0.8584999999999934
0.98 0.8664799999999916
0.98 0.8723199999999928
0.98 0.8584499999999924
0.98 0.8656099999999937
0.98 0.8719899999999966
0.98 0.8705899999999959
0.98 0.8638999999999929
0.98 0.8700799999999932
0.98 0.8732199999999927
0.98 0.875769999999995
0.98 0.8655699999999924
0.98 0.8574599999999921
0.98 0.8598799999999933
0.98 0.860699999999993
0.98 0.8641099999999913
0.98 0.8679099999999955
0.98 0.8649799999999929
0.98 0.8693599999999921
0.98 0.8649299999999926
0.98 0.8662399999999932
0.98 0.8646099999999921
0.98 0.8649199999999958
0.98 0.8792899999999974
0.98 0.867369999999996
0.98 0.861349999999996
0.98 0.8672099999999928
0.98 0.8602699999999942
0.98 0.8604099999999917
0.98 0.8573499999999918
0.98 0.8559199999999906
0.98 0.8659699999999926
0.98 0.8571099999999937
0.98 0.8486399999999921
0.98 0.8626299999999933
0.98 0.8635399999999943
0.98 0.8623199999999935
0.98 0.8600299999999929
0.98 0.8592799999999895
0.98 0.8537799999999903
0.98 0.8562899999999918
0.98 0.8625599999999957
