0.7 0.38950000000000096
0.7 0.43034999999999984
0.77 0.4308499999999992
0.82 0.41065000000000007
0.7 0.3943000000000005
0.7 0.4173499999999995
0.69 0.4268499999999987
0.69 0.4265999999999992
0.75 0.44979999999999815
0.77 0.44519999999999876
0.73 0.4435499999999989
0.71 0.42349999999999943
0.71 0.4390999999999984
0.72 0.46324999999999866
0.74 0.44884999999999864
0.73 0.4725499999999989
0.72 0.4602499999999988
0.75 0.4952499999999992
0.76 0.5282999999999997
0.73 0.44164999999999816
0.72 0.5125499999999995
0.71 0.5221499999999996
0.72 0.5488500000000005
0.7 0.4736999999999996
0.77 0.5363999999999995
0.69 0.5229999999999998
0.78 0.5555499999999994
0.74 0.49159999999999987
0.84 0.6140500000000004
0.86 0.6293000000000004
0.8 0.6488499999999995
0.83 0.6335000000000001
0.89 0.6768000000000002
0.7 0.4869499999999997
0.89 0.6214999999999997
0.75 0.5130499999999995
0.93 0.6113999999999987
0.92 0.6406999999999995
0.94 0.6177499999999996
0.86 0.6921500000000002
0.8 0.5498499999999995
0.87 0.5952000000000001
0.91 0.5466500000000001
0.86 0.5935500000000005
0.89 0.6579999999999996
0.83 0.5670499999999999
0.89 0.6195000000000002
0.91 0.6634000000000003
0.82 0.6481499999999994
0.88 0.6894999999999992
0.94 0.7222999999999995
0.94 0.6983000000000006
0.94 0.7924499999999994
0.95 0.7844499999999998
0.94 0.7074999999999999
0.96 0.7570499999999999
0.96 0.7630500000000007
0.92 0.6751499999999995
0.82 0.7115499999999997
0.82 0.7302499999999992
0.81 0.7001499999999997
0.81 0.7094500000000002
0.84 0.7507499999999996
0.85 0.7354
0.94 0.7524999999999993
0.89 0.7494500000000004
0.64 0.5835999999999983
0.81 0.5882999999999985
0.83 0.64385
0.83 0.7302499999999996
0.93 0.7501499999999998
0.94 0.7252000000000013
0.84 0.7599499999999999
0.87 0.7825500000000001
0.93 0.795500000000001
0.93 0.7891499999999999
0.92 0.7814499999999996
0.82 0.6053499999999989
0.93 0.7893000000000003
0.93 0.7729500000000002
0.88 0.60485
0.91 0.7088500000000009
0.93 0.7429999999999999
0.94 0.7977999999999997
0.89 0.7536000000000002
0.9 0.7816499999999997
0.9 0.6904499999999999
0.9 0.6123000000000001
0.93 0.7625000000000002
0.92 0.69855
0.93 0.6511499999999998
0.93 0.7091999999999997
0.92 0.6855999999999999
0.92 0.7221000000000002
0.92 0.7132000000000008
0.92 0.6918000000000007
0.92 0.7319500000000002
0.93 0.7802499999999998
0.82 0.7259000000000013
0.82 0.7279000000000014
0.82 0.7264500000000013
0.91 0.7751499999999995
0.82 0.7833999999999987
0.89 0.783799999999999
0.82 0.7916500000000003
0.82 0.7929500000000003
0.82 0.6697500000000015
0.82 0.6844000000000023
0.69 0.6035999999999997
0.82 0.7695499999999997
0.82 0.7392500000000014
0.82 0.5929499999999991
0.82 0.576999999999999
0.69 0.6639500000000024
0.82 0.6823500000000028
0.82 0.7255500000000014
0.82 0.7172500000000009
0.82 0.8021999999999996
0.82 0.8108499999999982
0.82 0.6426999999999987
0.82 0.7691499999999982
0.82 0.36475
0.82 0.43414999999999815
0.82 0.5064999999999982
0.82 0.5112499999999992
0.82 0.6099499999999993
0.82 0.7211000000000004
0.82 0.44400000000000006
0.82 0.7694500000000004
0.82 0.7888499999999995
0.82 0.6810999999999994
0.82 0.7031500000000008
0.82 0.7494499999999991
0.82 0.774999999999999
0.82 0.7882999999999976
0.82 0.6742999999999989
0.82 0.5460000000000003
0.83 0.6415999999999988
0.9 0.7624999999999987
0.82 0.7314499999999995
0.69 0.6792999999999997
0.82 0.8001499999999975
0.82 0.8055499999999973
0.82 0.7544499999999985
0.82 0.41380000000000045
0.82 0.7188999999999993
0.82 0.776649999999998
0.82 0.7532999999999979
0.82 0.7525999999999989
0.82 0.7328499999999988
0.82 0.7155999999999983
0.82 0.7942499999999977
0.82 0.7181999999999985
0.69 0.6837999999999984
0.82 0.6910999999999984
0.82 0.7060999999999984
0.82 0.7332999999999988
0.82 0.6869499999999985
0.82 0.7048499999999984
0.69 0.6897999999999986
0.82 0.6965499999999984
0.69 0.6841499999999984
0.82 0.7018999999999984
0.9 0.6365999999999982
0.9 0.5965499999999981
0.95 0.686799999999999
0.92 0.6313499999999983
0.82 0.5558499999999975
0.9 0.6526499999999983
0.88 0.6441999999999982
0.82 0.7587499999999987
0.96 0.761150000000001
0.82 0.5401499999999969
0.95 0.4941499999999973
0.95 0.6719499999999993
0.69 0.42974999999999886
0.96 0.7331499999999991
0.82 0.6716499999999997
0.95 0.7402999999999987
0.8 0.6772999999999993
0.82 0.5791499999999974
0.82 0.4964499999999971
0.66 0.3593000000000003
0.79 0.38649999999999984
0.35 0.3500000000000004
0.66 0.36915000000000014
0.35 0.3500000000000004
0.66 0.36550000000000016
0.77 0.4334999999999987
0.66 0.4784999999999975
0.66 0.5254499999999984
0.66 0.40794999999999937
0.69 0.3703500000000001
0.69 0.38804999999999984
0.69 0.38075
0.69 0.4024999999999994
0.69 0.41584999999999916
0.69 0.45194999999999813
0.82 0.5574499999999981
0.95 0.6047499999999993
0.92 0.6398500000000001
0.93 0.6749999999999998
0.69 0.6333999999999996
0.95 0.6935999999999996
0.89 0.6882499999999994
0.69 0.6364000000000006
0.69 0.6522
0.69 0.6636499999999999
0.84 0.6665000000000006
0.69 0.6461500000000008
0.69 0.6618499999999993
0.69 0.667349999999999
0.69 0.6767999999999986
0.69 0.6856999999999986
0.69 0.6864999999999984
0.79 0.6810499999999985
0.69 0.6820999999999984
0.8 0.6847999999999986
0.8 0.7052999999999986
0.81 0.650149999999999
0.89 0.6898499999999987
0.96 0.7819499999999998
0.95 0.7219999999999983
0.85 0.6645499999999989
0.85 0.7005499999999985
0.96 0.7357499999999991
0.96 0.764950000000001
0.93 0.77335
0.93 0.7822000000000009
0.95 0.7994500000000013
0.95 0.7778000000000007
0.95 0.8136500000000012
0.91 0.7755000000000005
0.93 0.7378499999999987
0.97 0.8133499999999998
0.97 0.7365
0.97 0.7352999999999992
0.69 0.6894499999999986
0.94 0.7172499999999985
0.97 0.7472499999999996
0.91 0.64005
0.74 0.6136499999999999
0.95 0.6267499999999994
0.87 0.59565
0.66 0.6223999999999996
0.94 0.7114000000000016
0.95 0.7972999999999996
0.96 0.7390000000000009
0.96 0.7382500000000007
0.96 0.8254499999999995
0.95 0.8302500000000006
0.95 0.8640000000000011
0.95 0.6749999999999988
0.95 0.8648
0.95 0.8460499999999999
0.95 0.8607999999999998
0.95 0.8802000000000004
0.95 0.6748999999999988
0.95 0.6850999999999994
0.94 0.6577499999999986
0.95 0.7656999999999993
0.96 0.782249999999999
0.75 0.6360499999999999
0.75 0.6495000000000001
0.95 0.8672999999999996
0.95 0.61235
0.76 0.5838499999999998
0.95 0.8393499999999995
0.76 0.6235499999999999
0.64 0.6246000000000002
0.75 0.6415500000000001
0.74 0.6508500000000003
0.64 0.5925500000000005
0.95 0.74845
0.9 0.684050000000002
0.96 0.7209500000000024
0.94 0.6137000000000006
0.95 0.7917499999999993
0.81 0.6877999999999996
0.95 0.6403499999999996
0.95 0.7786999999999996
0.95 0.7904000000000001
0.95 0.7316999999999996
0.95 0.7560499999999998
0.94 0.6834500000000001
0.95 0.7149999999999993
0.95 0.6327499999999985
0.95 0.7412999999999991
0.95 0.8179499999999997
0.69 0.6784999999999983
0.69 0.6822999999999984
0.69 0.6834499999999983
0.86 0.6808999999999986
0.9 0.681899999999999
0.95 0.8356000000000001
0.96 0.8780500000000009
0.96 0.8945499999999995
0.96 0.9120499999999986
0.96 0.8958499999999985
0.96 0.8766500000000005
0.95 0.7798499999999992
0.95 0.8457999999999994
0.95 0.7451999999999985
0.96 0.8280999999999996
0.96 0.8040999999999993
0.95 0.7571999999999999
0.95 0.70155
0.94 0.5588999999999976
0.69 0.47769999999999757
0.69 0.5683499999999984
0.69 0.6337999999999987
0.71 0.6269499999999983
0.69 0.5299999999999978
0.71 0.3975499999999996
0.71 0.5489999999999977
0.71 0.6629999999999987
0.71 0.6820999999999985
0.71 0.6848499999999988
0.69 0.6887999999999985
0.71 0.6398999999999981
0.69 0.3590500000000003
0.69 0.3659500000000001
0.69 0.39819999999999994
0.69 0.37570000000000037
0.69 0.38939999999999986
0.36 0.3480000000000008
0.69 0.48129999999999784
0.69 0.6569999999999991
0.69 0.6771999999999987
0.71 0.6778999999999982
0.71 0.6845499999999983
0.69 0.6825499999999985
0.72 0.6823999999999986
0.72 0.6844499999999982
0.71 0.6806499999999985
0.71 0.6830499999999984
0.72 0.6914499999999982
0.74 0.6355999999999983
0.69 0.6585999999999984
0.69 0.5391999999999977
0.69 0.6450999999999982
0.69 0.6519999999999986
0.69 0.6822499999999984
0.71 0.6904499999999983
0.71 0.6841499999999986
0.71 0.6914999999999983
0.71 0.6753999999999983
0.88 0.6111999999999985
0.88 0.6640499999999989
0.88 0.6777499999999986
0.72 0.6811499999999985
0.72 0.6881999999999987
0.94 0.6813999999999986
0.94 0.6930499999999986
0.88 0.5216999999999985
0.79 0.5705499999999989
0.79 0.5267499999999975
0.94 0.6202499999999987
0.94 0.5486999999999982
0.94 0.642749999999999
0.93 0.5384499999999981
0.79 0.49339999999999806
0.8 0.5769499999999986
0.8 0.6102499999999986
0.82 0.659699999999999
0.82 0.6671000000000002
0.82 0.6593999999999995
0.94 0.7569499999999999
0.94 0.7508499999999992
0.94 0.7735500000000001
0.94 0.7946499999999997
0.94 0.83205
0.94 0.8090499999999997
0.94 0.7758000000000006
0.94 0.7269499999999995
0.95 0.7220999999999995
0.95 0.7873500000000001
0.94 0.7084999999999982
0.95 0.8257999999999991
0.95 0.8070499999999994
0.95 0.8562500000000002
0.95 0.8828500000000004
0.95 0.8934499999999995
0.95 0.8977999999999987
0.95 0.9042999999999987
0.82 0.5222999999999992
0.82 0.6242999999999994
0.81 0.6367499999999986
0.82 0.6585499999999997
0.82 0.6900999999999994
0.82 0.7048999999999994
0.82 0.7200499999999996
0.82 0.7372499999999992
0.82 0.7532000000000008
0.82 0.7627500000000004
0.82 0.7626500000000008
0.82 0.7714000000000009
0.79 0.6085499999999999
0.81 0.6301500000000003
0.81 0.6539000000000006
0.81 0.7110000000000005
0.81 0.6772000000000005
0.82 0.6995500000000007
0.82 0.6786500000000005
0.82 0.642300000000001
0.82 0.669600000000001
0.82 0.6916500000000009
0.82 0.7186499999999999
0.82 0.71375
0.82 0.7495999999999996
0.79 0.5915000000000002
0.67 0.5703
0.75 0.6047499999999999
0.81 0.6443499999999994
0.75 0.6315499999999998
0.76 0.6461500000000001
0.76 0.6682000000000003
0.76 0.6800500000000008
0.76 0.6971000000000004
0.76 0.7142999999999996
0.79 0.72115
0.79 0.7338999999999999
0.79 0.72885
0.79 0.7119000000000004
0.82 0.6839499999999995
0.82 0.708399999999999
0.82 0.7219499999999995
0.82 0.733899999999999
0.76 0.7029499999999992
0.76 0.6966499999999992
0.76 0.7052499999999994
0.76 0.6510499999999976
0.64 0.5798499999999972
0.65 0.5922999999999977
0.65 0.6038499999999987
0.65 0.6137499999999991
0.65 0.6156500000000001
0.67 0.6244999999999999
0.7 0.6345000000000001
0.76 0.6436999999999999
0.76 0.6617500000000004
0.74 0.6537
0.74 0.6670000000000003
0.76 0.6679500000000006
0.76 0.6814500000000011
0.76 0.6924500000000005
0.77 0.7023999999999994
0.77 0.7152999999999998
0.77 0.7097499999999991
0.8 0.7165499999999997
0.8 0.7278499999999994
0.8 0.7353499999999991
0.81 0.748650000000001
0.81 0.7097500000000007
0.81 0.7286500000000004
0.81 0.7488499999999999
0.82 0.77625
0.82 0.784599999999999
0.82 0.7872499999999993
0.82 0.7881999999999988
0.82 0.7785499999999993
0.82 0.7984500000000009
0.82 0.8000500000000015
0.82 0.8051000000000025
0.82 0.8075000000000031
0.82 0.8106500000000014
0.82 0.8064999999999994
0.82 0.8093499999999978
0.82 0.7713000000000007
0.82 0.8109499999999974
0.82 0.8162999999999966
0.82 0.8128999999999965
0.82 0.8021499999999975
0.82 0.8161999999999965
0.82 0.8129499999999963
0.82 0.8148499999999962
0.82 0.8179999999999968
0.82 0.8042499999999976
0.82 0.8088999999999978
0.82 0.8058999999999992
0.82 0.8094499999999978
0.82 0.8068499999999998
0.82 0.8034500000000007
0.82 0.6924499999999999
0.82 0.7736499999999998
0.82 0.8037499999999979
0.82 0.8118999999999977
0.82 0.8136999999999976
0.82 0.7900999999999974
0.82 0.7898999999999975
0.82 0.8106999999999968
0.82 0.8124499999999967
0.82 0.8116499999999967
0.82 0.8111999999999964
0.82 0.8119999999999965
0.82 0.8046499999999966
0.82 0.8099999999999965
0.82 0.8147999999999963
0.82 0.8170499999999963
0.82 0.8135499999999963
