0.67 0.3758499999999993
0.72 0.38494999999999846
0.7 0.4032499999999986
0.69 0.3800999999999987
0.69 0.40099999999999936
0.69 0.3982999999999993
0.69 0.3904999999999991
0.68 0.38384999999999925
0.69 0.3914999999999995
0.69 0.40805
0.71 0.4089999999999997
0.71 0.4007499999999997
0.66 0.3781999999999989
0.68 0.3933999999999995
0.65 0.38874999999999943
0.69 0.38684999999999997
0.7 0.41014999999999996
0.67 0.38604999999999995
0.68 0.4106999999999998
0.69 0.4307000000000003
0.69 0.4058499999999998
0.68 0.3939999999999996
0.69 0.39574999999999994
0.69 0.41619999999999996
0.69 0.39814999999999934
0.69 0.4113999999999997
0.69 0.3886999999999999
0.69 0.4072
0.69 0.4405000000000004
0.69 0.42585
0.69 0.4226500000000002
0.69 0.4290500000000001
0.69 0.43080000000000007
0.69 0.4179
0.69 0.40925000000000006
0.69 0.39489999999999975
0.69 0.3986499999999996
0.69 0.39844999999999975
0.69 0.39354999999999984
0.69 0.39809999999999973
0.69 0.40599999999999964
0.69 0.40279999999999966
0.69 0.4132499999999999
0.69 0.40835
0.69 0.43560000000000043
0.69 0.47260000000000174
0.69 0.4916500000000019
0.69 0.4572000000000011
0.69 0.4545000000000008
0.69 0.46650000000000164
0.69 0.47085000000000155
0.69 0.5119000000000014
0.69 0.5258000000000007
0.69 0.5537000000000009
0.7 0.5593500000000007
0.69 0.576150000000001
0.69 0.5780500000000006
0.69 0.581750000000001
0.83 0.582700000000001
0.83 0.5934000000000005
0.69 0.5948000000000001
0.69 0.6022000000000005
0.69 0.6396500000000005
0.69 0.6634499999999995
0.69 0.6633499999999993
0.82 0.6509999999999992
0.82 0.666649999999999
0.82 0.6503499999999992
0.86 0.6597499999999996
0.96 0.6746499999999992
0.96 0.6797999999999988
0.96 0.6748999999999987
0.96 0.6652499999999987
0.95 0.649599999999999
0.95 0.6592499999999992
0.95 0.6663999999999989
0.95 0.669049999999999
0.95 0.6733499999999988
0.95 0.6954499999999983
0.95 0.6975999999999983
0.95 0.6547499999999994
0.95 0.6702999999999993
0.95 0.6493499999999989
0.69 0.6522499999999992
0.69 0.658099999999999
0.69 0.6668499999999992
0.69 0.6587999999999989
0.69 0.6307499999999989
0.69 0.6102499999999992
0.69 0.6168499999999991
0.69 0.6122999999999988
0.84 0.6184499999999993
0.86 0.6335999999999995
0.69 0.5793500000000008
0.69 0.5525000000000008
0.72 0.5631500000000004
0.72 0.5738500000000003
0.69 0.4868500000000017
0.69 0.5506500000000009
0.69 0.5769500000000005
0.69 0.4570000000000009
0.69 0.5852500000000004
0.69 0.5926500000000009
0.69 0.6034000000000003
0.95 0.6038499999999997
0.95 0.5917999999999999
0.69 0.5560500000000007
0.69 0.6196999999999998
0.69 0.6190999999999999
0.69 0.6254999999999995
0.69 0.6460999999999997
0.69 0.6365499999999993
0.69 0.6402499999999992
0.69 0.6421999999999993
0.69 0.6531999999999989
0.69 0.5683000000000008
0.69 0.6234999999999996
0.69 0.6490499999999991
0.69 0.5957500000000007
0.69 0.5871999999999997
0.69 0.6359999999999993
0.69 0.5963999999999983
0.69 0.608499999999999
0.97 0.625749999999999
0.69 0.5849000000000003
0.69 0.5931500000000001
0.69 0.6320499999999991
0.69 0.6090999999999999
0.81 0.619649999999999
0.81 0.621349999999999
0.93 0.6626499999999993
0.94 0.6610999999999989
0.94 0.6622499999999992
0.94 0.6657999999999993
0.94 0.6679999999999989
0.95 0.6177499999999997
0.95 0.654699999999999
0.95 0.6590499999999989
0.95 0.6448499999999995
0.95 0.6741999999999989
0.95 0.6750499999999987
0.95 0.6585499999999991
0.95 0.6657999999999992
0.95 0.6716499999999986
0.95 0.6691499999999982
0.95 0.6313999999999994
0.69 0.5807500000000005
0.69 0.6318999999999998
0.69 0.6302999999999992
0.69 0.6484999999999989
0.69 0.6631999999999987
0.69 0.6725499999999981
0.69 0.6728999999999986
0.69 0.6655499999999986
0.69 0.6643499999999986
0.69 0.6718499999999985
0.69 0.6625999999999987
0.69 0.6604999999999989
0.69 0.6618499999999989
0.69 0.655099999999999
0.69 0.6644999999999984
0.69 0.6756499999999984
0.69 0.6750499999999983
0.69 0.6667999999999984
0.69 0.6739499999999982
0.69 0.6623999999999988
0.69 0.6759499999999983
0.69 0.6691499999999987
0.69 0.6712499999999981
0.69 0.6710499999999985
0.69 0.6784999999999985
0.69 0.6832999999999985
0.69 0.6669999999999985
0.69 0.6719499999999985
0.69 0.6645999999999982
0.69 0.6715999999999984
0.69 0.6723499999999984
0.69 0.6784499999999986
0.69 0.6790499999999985
0.69 0.6717999999999984
0.69 0.6690999999999983
0.69 0.6743499999999985
0.69 0.6629999999999983
0.69 0.679149999999998
0.69 0.6779499999999983
0.69 0.672899999999998
0.69 0.6706499999999984
0.69 0.6678999999999982
0.69 0.6636999999999985
0.69 0.6667999999999985
0.69 0.6728999999999985
0.69 0.6629999999999988
0.69 0.6662499999999985
0.69 0.6786499999999981
0.69 0.6687499999999987
0.69 0.6640499999999985
0.69 0.6736499999999982
0.69 0.6696499999999983
0.69 0.6635999999999983
0.69 0.6651999999999987
0.69 0.6715999999999983
0.69 0.6748999999999985
0.69 0.6714999999999987
0.69 0.6694499999999985
0.69 0.6707999999999987
0.69 0.6770499999999988
0.69 0.6598999999999987
0.69 0.6720499999999983
0.69 0.6728999999999982
0.69 0.6633499999999982
0.69 0.6657999999999984
0.69 0.6719999999999984
0.69 0.6674499999999983
0.69 0.6639499999999984
0.69 0.6542499999999986
0.69 0.6679999999999984
0.9 0.6678999999999985
0.69 0.6789499999999985
0.69 0.6696499999999986
0.69 0.6760499999999985
0.88 0.6812999999999988
0.69 0.6686499999999982
0.94 0.6733999999999984
0.94 0.6746499999999982
0.97 0.6926999999999987
0.97 0.7054999999999986
0.97 0.7081999999999988
0.97 0.741849999999999
0.97 0.7663499999999989
0.97 0.7637499999999987
0.98 0.7637999999999988
0.98 0.7722999999999991
0.98 0.8003999999999997
0.98 0.7376499999999987
0.98 0.8218999999999991
0.98 0.8009999999999988
0.98 0.7986999999999991
0.98 0.8211999999999994
0.69 0.6758999999999982
0.95 0.689149999999998
0.69 0.6804499999999983
0.97 0.7084499999999991
0.98 0.765099999999999
0.98 0.7507499999999991
0.69 0.6502499999999982
0.98 0.7247999999999998
0.98 0.7419499999999999
0.98 0.6517999999999999
0.98 0.648
0.98 0.6739999999999996
0.98 0.7095
0.98 0.7416999999999994
0.98 0.7393999999999985
0.98 0.7895499999999989
0.98 0.8182499999999986
0.98 0.8234999999999992
0.98 0.8527000000000001
0.98 0.8561500000000002
0.98 0.8646500000000007
0.98 0.8569499999999998
0.98 0.8667000000000007
0.98 0.8574500000000004
0.98 0.8666499999999998
0.98 0.875
0.98 0.8701000000000003
0.98 0.85565
0.98 0.8707500000000006
0.98 0.9018499999999992
0.98 0.9030499999999989
0.98 0.8963999999999989
0.98 0.892999999999999
0.98 0.8520999999999987
0.98 0.8694999999999989
0.98 0.8734999999999986
0.98 0.8750499999999992
0.98 0.8824999999999993
0.99 0.8700499999999991
0.99 0.8630999999999988
0.99 0.8818499999999989
0.99 0.8769999999999989
0.99 0.8640499999999994
0.98 0.8499500000000002
0.97 0.8500999999999997
0.99 0.8678499999999993
0.99 0.8847500000000005
0.99 0.8893999999999995
0.99 0.9022499999999998
0.99 0.8819499999999995
0.99 0.8864999999999991
0.99 0.9015499999999977
0.99 0.8969499999999989
0.99 0.8661499999999998
0.99 0.885299999999999
0.99 0.8862499999999998
0.99 0.90565
0.97 0.9001999999999991
0.97 0.9180999999999994
0.97 0.8989499999999994
0.97 0.8971499999999996
0.97 0.8903499999999991
0.97 0.8887999999999989
0.97 0.8864499999999995
0.97 0.89075
0.97 0.8596999999999997
0.97 0.8579499999999993
0.97 0.8717000000000005
0.97 0.8754499999999997
0.97 0.8977499999999995
0.97 0.8933499999999995
0.97 0.88555
0.97 0.8623499999999997
0.97 0.8563999999999994
0.97 0.9087000000000001
0.97 0.89795
0.97 0.9046000000000005
0.97 0.8989000000000001
0.97 0.9080999999999997
0.97 0.9048499999999996
0.97 0.8971999999999991
0.97 0.8953999999999986
0.97 0.9024499999999993
0.97 0.9009999999999988
0.97 0.906499999999999
0.97 0.8955999999999996
0.97 0.8942499999999991
0.97 0.9060999999999997
0.97 0.90675
0.97 0.8961999999999997
0.97 0.8940499999999997
0.97 0.8815499999999993
0.97 0.8822999999999993
0.97 0.9027999999999996
0.97 0.8901999999999994
0.97 0.9031999999999992
0.97 0.9083499999999993
0.97 0.8900499999999992
0.97 0.8742999999999994
0.97 0.8745499999999994
0.97 0.8711499999999995
0.97 0.88625
0.97 0.8888000000000001
0.97 0.8724499999999997
0.97 0.8633499999999996
0.97 0.8650499999999995
0.97 0.8649499999999998
0.97 0.8709499999999996
0.97 0.8800999999999997
0.97 0.8849499999999999
0.97 0.8932499999999994
0.97 0.8962499999999989
0.97 0.9019999999999989
0.97 0.9029999999999992
0.97 0.8912499999999993
0.97 0.8721499999999998
0.97 0.8756999999999997
0.97 0.8769
0.97 0.868549999999999
0.97 0.8821999999999995
0.97 0.8755499999999999
0.97 0.8834499999999994
0.97 0.8921999999999991
0.97 0.8896500000000002
0.97 0.8737999999999988
0.97 0.8687
0.97 0.8764999999999995
0.97 0.8812499999999992
0.97 0.8630500000000002
0.97 0.8823499999999997
0.97 0.8946499999999991
0.97 0.9058499999999993
0.97 0.9027999999999995
0.97 0.8782499999999991
0.97 0.8858999999999994
0.97 0.8846999999999987
0.97 0.8887499999999992
0.97 0.8764499999999985
0.97 0.8852999999999989
0.97 0.8890999999999994
0.97 0.8762999999999995
0.97 0.8604
0.97 0.8802499999999999
0.97 0.88075
0.97 0.8755499999999994
0.97 0.8721999999999993
0.97 0.8517999999999987
0.97 0.8715499999999993
0.97 0.8812499999999989
0.97 0.8536499999999988
0.97 0.8418999999999991
0.97 0.8657999999999991
0.97 0.8840999999999986
0.97 0.8867499999999999
0.97 0.8579499999999993
0.97 0.8570499999999995
0.97 0.8301999999999989
0.97 0.8239499999999998
0.97 0.8456999999999992
0.97 0.8590499999999989
0.97 0.8692499999999994
0.97 0.8662499999999997
0.97 0.8789999999999994
0.97 0.8810999999999996
0.97 0.8922999999999994
0.97 0.8753999999999986
0.97 0.8869499999999987
0.97 0.8410499999999996
0.97 0.8604499999999998
0.97 0.883299999999999
0.97 0.8884999999999986
0.97 0.9110499999999978
0.97 0.9044000000000001
0.97 0.9096999999999998
0.97 0.9248999999999998
0.97 0.9113999999999994
0.97 0.9052499999999998
0.97 0.8849999999999996
0.97 0.8644999999999993
0.97 0.8744499999999986
0.97 0.8758499999999991
0.97 0.8613
0.97 0.88015
0.97 0.8816999999999997
0.97 0.8823500000000002
0.97 0.8947499999999994
0.97 0.9173999999999995
0.97 0.9017999999999994
0.97 0.8971999999999993
0.97 0.8686499999999994
0.97 0.8824499999999997
0.97 0.8981999999999991
0.97 0.8631999999999982
0.97 0.870999999999999
0.97 0.8401499999999987
0.97 0.7604999999999983
0.97 0.8266499999999998
0.97 0.8485999999999995
0.97 0.7605999999999987
0.69 0.6557000000000006
0.69 0.6728999999999996
0.73 0.6694999999999994
0.69 0.6656999999999992
0.69 0.669949999999999
0.69 0.6734499999999987
0.69 0.6645999999999987
0.69 0.6387499999999989
0.69 0.6594999999999991
0.85 0.6828499999999981
0.85 0.6701999999999986
0.85 0.6732499999999988
0.85 0.6662499999999989
0.85 0.670599999999999
0.86 0.6866499999999988
0.96 0.7011499999999987
0.96 0.6833999999999988
0.96 0.676299999999999
0.96 0.7011999999999987
0.96 0.7023499999999983
0.97 0.7050999999999985
0.97 0.704399999999999
0.97 0.7131999999999991
0.97 0.7229499999999992
0.97 0.742849999999999
0.97 0.7328999999999987
0.97 0.7419999999999988
0.97 0.7677999999999989
0.97 0.788249999999999
0.97 0.7932999999999991
0.97 0.7866499999999984
0.97 0.8118499999999992
0.97 0.8136999999999993
0.97 0.8248000000000001
0.97 0.8028999999999994
0.97 0.8088999999999998
0.97 0.8229499999999994
0.97 0.8088499999999987
0.97 0.8436
0.97 0.8378499999999995
0.97 0.8604999999999996
0.97 0.8575
0.97 0.8464499999999988
0.97 0.8495999999999992
0.97 0.8675999999999998
0.97 0.88125
0.97 0.8688499999999993
0.97 0.886099999999998
0.97 0.890699999999998
0.97 0.8983999999999992
0.97 0.8824999999999984
0.97 0.8914999999999993
0.97 0.9029499999999991
0.97 0.8924999999999997
0.97 0.9062000000000004
0.97 0.89805
0.97 0.8857999999999987
0.97 0.8935999999999988
0.97 0.8583499999999994
0.97 0.8905499999999994
0.97 0.9004499999999993
0.97 0.8974999999999986
0.97 0.9005999999999991
