0.68 0.39610000000000123
0.67 0.4071000000000013
0.66 0.4124500000000012
0.68 0.4138500000000009
0.79 0.42300000000000076
0.67 0.426550000000001
0.64 0.4114500000000014
0.87 0.41170000000000107
0.86 0.4171000000000011
0.95 0.38750000000000184
0.95 0.4110500000000019
0.95 0.4464000000000015
0.68 0.446250000000001
0.88 0.4809000000000011
0.68 0.47805000000000125
0.7 0.44465000000000066
0.75 0.475800000000001
0.71 0.467200000000001
0.69 0.4880500000000001
0.68 0.5010500000000003
0.73 0.4951000000000008
0.68 0.5045500000000007
0.76 0.5280500000000002
0.9 0.5289500000000005
0.93 0.5218000000000002
0.73 0.51415
0.77 0.5024500000000003
0.81 0.5350000000000004
0.82 0.5660000000000005
0.81 0.5686000000000004
0.76 0.5747499999999998
0.9 0.6196
0.91 0.6240500000000002
0.82 0.570699999999999
0.79 0.5905
0.89 0.6246999999999999
0.89 0.5947499999999999
0.85 0.5499
0.93 0.6699499999999997
0.94 0.6776500000000003
0.94 0.6731000000000001
0.97 0.7690000000000006
0.97 0.7917999999999991
0.95 0.756150000000001
0.97 0.7824499999999998
0.96 0.6819000000000008
0.96 0.7168000000000014
0.94 0.7073500000000008
0.96 0.7751499999999999
0.97 0.8231999999999999
0.96 0.7372000000000013
0.96 0.7536500000000004
0.97 0.8046999999999995
0.96 0.8479000000000005
0.97 0.8806999999999996
0.96 0.8911999999999999
0.97 0.8727499999999999
0.87 0.7131999999999996
0.87 0.7288000000000008
0.96 0.7652500000000004
0.96 0.7958499999999993
0.96 0.8032499999999998
0.96 0.8250999999999996
0.96 0.8316000000000002
0.96 0.8498500000000017
0.97 0.6909500000000002
0.97 0.8607000000000005
0.97 0.8423999999999997
0.97 0.8582500000000007
0.97 0.8043000000000002
0.96 0.7690000000000008
0.95 0.7548
0.97 0.8222500000000004
0.97 0.8719000000000015
0.98 0.84525
0.98 0.9043000000000005
0.98 0.9258999999999985
0.97 0.9255999999999984
0.96 0.9129999999999987
0.96 0.7658500000000035
0.96 0.7985000000000002
0.96 0.8114499999999996
0.96 0.8152499999999994
0.97 0.8509499999999984
0.97 0.7721499999999994
0.97 0.7769499999999999
0.97 0.8168499999999997
0.96 0.870750000000001
0.96 0.90835
0.98 0.8955500000000001
0.98 0.8992999999999989
0.97 0.9036999999999993
0.98 0.8199999999999992
0.98 0.7289500000000012
0.97 0.6439499999999999
0.97 0.6371000000000001
0.96 0.6568999999999978
0.98 0.7184999999999975
0.98 0.7949500000000005
0.98 0.8384000000000005
0.98 0.7724999999999989
0.98 0.8370999999999994
0.98 0.8759999999999993
0.98 0.9303499999999982
0.98 0.9470499999999984
0.98 0.9052499999999998
0.98 0.9112999999999986
0.98 0.9179500000000005
0.98 0.8844000000000016
0.97 0.6554500000000003
0.98 0.6613000000000001
0.98 0.6981500000000008
0.98 0.7534000000000003
0.98 0.8624000000000003
0.98 0.9087999999999984
0.98 0.945149999999998
0.98 0.9249499999999987
0.98 0.7909499999999982
0.98 0.826749999999998
0.98 0.9315999999999982
0.98 0.9359499999999994
0.98 0.9112499999999999
0.98 0.9657999999999995
0.98 0.97245
0.98 0.9675999999999992
0.98 0.9682499999999986
0.98 0.9660999999999987
0.98 0.9711000000000003
0.98 0.7953999999999978
0.98 0.6761499999999979
0.98 0.7802999999999982
0.98 0.7544499999999976
0.98 0.713049999999998
0.98 0.7026499999999978
0.98 0.7338499999999983
0.98 0.785099999999998
0.98 0.8755999999999995
0.98 0.9440500000000001
0.98 0.9271499999999991
0.98 0.9350500000000004
0.98 0.9337999999999999
0.98 0.9095499999999997
0.98 0.8624499999999989
0.98 0.9099999999999991
0.98 0.7722499999999995
0.98 0.7437
0.98 0.6402500000000008
0.98 0.6911000000000007
0.98 0.7254999999999993
0.98 0.800699999999999
0.98 0.8553999999999995
0.98 0.8915499999999987
0.98 0.9241000000000003
0.98 0.7893499999999983
0.98 0.8599000000000006
0.98 0.7785499999999991
0.94 0.5322500000000011
0.98 0.8161999999999995
0.98 0.7167500000000008
0.97 0.8518999999999995
0.97 0.8761499999999982
0.97 0.9085499999999989
0.98 0.9037999999999994
0.97 0.9086499999999991
0.97 0.7860000000000003
0.94 0.8500999999999983
0.94 0.8870999999999983
0.97 0.9042499999999992
0.98 0.9127999999999994
0.98 0.9109499999999997
0.98 0.9155999999999997
0.98 0.9183999999999992
0.98 0.9169499999999993
0.98 0.9348999999999985
0.98 0.9267499999999993
0.98 0.9276999999999995
0.98 0.9148999999999993
0.98 0.9270499999999997
0.98 0.9193999999999994
0.98 0.921199999999999
0.98 0.9195999999999972
0.98 0.9152499999999988
0.98 0.9262499999999977
0.98 0.9004499999999978
0.98 0.8988999999999985
0.98 0.9196499999999986
0.98 0.9505499999999995
0.98 0.9440999999999985
0.98 0.9438499999999996
0.98 0.9434500000000005
0.98 0.9351499999999995
0.98 0.8780999999999992
0.98 0.744099999999998
0.96 0.6294999999999983
0.98 0.7304499999999985
0.98 0.7531499999999987
0.96 0.7987499999999987
0.96 0.7946499999999983
0.96 0.8040999999999996
0.96 0.8795499999999984
0.96 0.8587000000000002
0.96 0.8956499999999984
0.96 0.9218999999999977
0.96 0.9231999999999974
0.96 0.9213499999999977
0.96 0.9124499999999984
0.96 0.9303999999999991
0.96 0.911249999999999
0.96 0.934299999999999
0.96 0.9315999999999995
0.96 0.9227499999999997
0.96 0.9132999999999997
0.96 0.7138500000000011
0.96 0.6228999999999997
0.96 0.7225500000000005
0.96 0.9072999999999983
0.96 0.8942499999999991
0.96 0.8757499999999994
0.96 0.8536999999999999
0.96 0.8529500000000009
0.96 0.8872999999999998
0.96 0.8764500000000004
0.96 0.9149499999999985
0.96 0.9303499999999986
0.96 0.9262499999999992
0.96 0.918149999999999
0.96 0.9329999999999988
0.96 0.9361999999999996
0.96 0.9348999999999996
0.96 0.9274999999999999
0.8 0.3938500000000023
0.96 0.4172000000000018
0.96 0.5377000000000004
0.96 0.6413500000000011
0.96 0.6252000000000005
0.96 0.7124000000000013
0.96 0.6322500000000004
0.62 0.3593000000000014
0.7 0.3618000000000014
0.8 0.3948500000000012
0.61 0.36285000000000145
0.61 0.36355000000000126
0.36 0.3252000000000016
0.61 0.3520000000000011
0.34 0.3291000000000016
0.34 0.3305000000000016
0.34 0.33170000000000166
0.34 0.32695000000000163
0.59 0.3421500000000017
0.34 0.3270500000000017
0.62 0.4074000000000014
0.61 0.36445000000000194
0.61 0.3596000000000019
0.66 0.42865000000000114
0.66 0.4758500000000007
0.66 0.495850000000001
0.66 0.545350000000001
0.66 0.5934000000000001
0.66 0.618400000000001
0.66 0.5337500000000015
0.66 0.6065500000000005
0.66 0.49669999999999964
0.65 0.5322000000000002
0.65 0.5699500000000005
0.66 0.5698000000000003
0.66 0.6035999999999998
0.66 0.6007000000000009
0.66 0.6073500000000016
0.66 0.6166000000000004
0.66 0.6206999999999995
0.66 0.6242999999999997
0.66 0.6203500000000001
0.66 0.615900000000001
0.66 0.6228500000000015
0.66 0.6370500000000004
0.66 0.6378999999999985
0.66 0.6468999999999981
0.66 0.646149999999998
0.66 0.6280499999999979
0.66 0.6416999999999979
0.66 0.6286499999999985
0.66 0.6375999999999983
0.66 0.6363499999999983
0.66 0.6362999999999982
0.73 0.6419999999999993
0.66 0.6307999999999984
0.68 0.6372999999999993
0.66 0.5981999999999981
0.66 0.6300999999999981
0.66 0.6370999999999982
0.66 0.634199999999998
0.66 0.6346499999999979
0.66 0.6465499999999977
0.66 0.6562499999999976
0.66 0.6242999999999979
0.66 0.6431499999999979
0.66 0.6447999999999979
0.66 0.6519999999999976
0.66 0.6415499999999983
0.66 0.6400999999999983
0.66 0.6355499999999984
0.66 0.6494499999999976
0.66 0.6472999999999981
0.67 0.6448999999999978
0.67 0.6319999999999982
0.66 0.6240999999999984
0.66 0.637999999999998
0.66 0.6469999999999976
0.66 0.642799999999998
0.66 0.6381999999999979
0.66 0.6370999999999979
0.66 0.6485999999999977
0.66 0.6325499999999981
0.66 0.6439499999999978
0.66 0.3644000000000023
0.66 0.48500000000000015
0.66 0.49554999999999966
0.66 0.4993999999999992
0.66 0.5703999999999988
0.69 0.6361999999999979
0.72 0.6463499999999979
0.72 0.6570999999999977
0.73 0.6515999999999975
0.7 0.5284499999999981
0.76 0.5117999999999976
0.76 0.5663999999999976
0.76 0.5913999999999983
0.66 0.5856999999999983
0.7 0.6476999999999982
0.7 0.6578999999999978
0.7 0.6536999999999977
0.71 0.6575999999999977
0.71 0.643949999999998
0.71 0.6494999999999979
0.71 0.6517999999999976
0.76 0.6621999999999976
0.76 0.6637499999999976
0.76 0.6653999999999977
0.78 0.6624999999999973
0.76 0.6616999999999975
0.76 0.6677499999999982
0.8 0.666649999999999
0.8 0.6656499999999984
0.83 0.6572999999999983
0.95 0.6865499999999988
0.88 0.6966499999999995
0.92 0.7098999999999995
0.92 0.7200499999999992
0.93 0.7554499999999987
0.93 0.7765999999999995
0.95 0.7980500000000003
0.95 0.8207499999999992
0.95 0.8517999999999997
0.96 0.8522999999999995
0.97 0.8469999999999986
0.97 0.8556499999999998
0.97 0.8677000000000006
0.97 0.8788000000000008
0.97 0.9017000000000013
0.97 0.8597500000000021
0.97 0.867000000000002
0.97 0.8839000000000006
0.97 0.8982500000000005
0.97 0.9150500000000001
0.97 0.9181499999999987
0.97 0.9201999999999978
0.97 0.9304499999999973
0.97 0.9258499999999976
0.97 0.9258999999999987
0.97 0.9205999999999988
0.97 0.9335999999999993
0.97 0.9313999999999989
0.98 0.9365499999999986
0.98 0.9357499999999987
0.97 0.9281999999999989
0.97 0.9276499999999988
0.98 0.9321499999999996
0.98 0.8853999999999987
0.98 0.9089999999999985
0.98 0.9342499999999987
0.97 0.8762499999999982
0.97 0.9051499999999979
0.98 0.9296999999999987
0.98 0.9355999999999989
0.98 0.9508499999999996
0.96 0.9173999999999987
0.98 0.919699999999999
0.97 0.8845999999999985
0.96 0.856649999999999
0.96 0.8813499999999986
0.97 0.8704999999999987
0.96 0.8780499999999986
0.97 0.9221999999999987
0.97 0.9232999999999986
0.97 0.876349999999998
0.97 0.9299499999999984
0.97 0.9295999999999981
0.97 0.9248499999999987
0.97 0.9452499999999999
0.98 0.9409500000000002
0.98 0.9376000000000001
0.98 0.9240999999999999
0.98 0.92315
0.98 0.9421999999999996
0.98 0.9411499999999994
0.98 0.9505499999999995
0.98 0.9369499999999996
0.98 0.9495499999999995
0.98 0.7682000000000003
0.98 0.7769999999999997
0.97 0.7996499999999999
0.98 0.7791999999999996
0.98 0.8597999999999988
0.98 0.8823499999999995
0.98 0.9069999999999995
0.98 0.9006499999999993
0.98 0.9308999999999995
0.97 0.94085
0.97 0.92215
0.97 0.9273
0.97 0.9176499999999997
0.98 0.94935
0.98 0.9302000000000008
0.98 0.7770999999999999
0.98 0.9247
0.98 0.9272999999999996
0.98 0.9402999999999997
0.98 0.9497499999999991
0.98 0.949149999999999
0.98 0.9542499999999989
0.98 0.9540499999999994
0.98 0.9494499999999995
0.98 0.9541499999999989
0.98 0.9462499999999997
0.98 0.9499999999999997
0.98 0.951749999999999
0.98 0.9562500000000002
0.98 0.9455000000000007
0.98 0.9622499999999998
0.98 0.9576999999999997
0.98 0.9361999999999986
0.98 0.9373499999999982
0.98 0.9512999999999999
0.98 0.9668999999999993
0.98 0.9617499999999989
0.98 0.9661999999999991
0.98 0.957349999999999
0.98 0.9589499999999993
0.98 0.9662999999999987
0.98 0.9537999999999986
0.98 0.9397499999999995
0.98 0.9592499999999989
0.98 0.9457499999999993
0.98 0.9395499999999994
0.98 0.9433499999999995
0.98 0.9333999999999998
0.98 0.9089999999999983
0.96 0.8860499999999988
0.96 0.9121499999999989
0.96 0.9106999999999988
0.98 0.9363999999999983
0.98 0.9266500000000008
0.98 0.9402000000000004
0.98 0.9566999999999994
0.98 0.9510499999999997
0.98 0.9480500000000002
0.98 0.9596499999999989
0.98 0.9556499999999989
0.98 0.9527499999999983
0.98 0.9570499999999987
0.98 0.9401500000000003
0.98 0.9521499999999989
0.98 0.9377499999999999
0.95 0.9157499999999986
0.95 0.9158499999999983
0.95 0.8989999999999992
0.96 0.8867499999999988
0.96 0.914349999999999
0.96 0.8522999999999987
0.95 0.7374499999999995
0.96 0.7945000000000003
0.96 0.8756499999999993
0.96 0.86615
0.98 0.9105999999999997
0.98 0.9192000000000004
0.98 0.9325999999999987
0.98 0.9449499999999957
0.98 0.9422499999999961
0.98 0.9184999999999964
0.98 0.9403999999999983
0.98 0.939199999999999
0.98 0.9445000000000003
0.98 0.9272499999999995
0.98 0.9493999999999998
0.98 0.9656999999999996
0.98 0.9612499999999997
0.98 0.9619999999999992
0.98 0.9406499999999989
0.98 0.9316999999999984
0.98 0.9649499999999989
