0.75 0.3994000000000007
0.75 0.41514999999999963
0.77 0.40185000000000043
0.64 0.3809000000000008
0.69 0.3919500000000009
0.69 0.415
0.66 0.4034999999999998
0.68 0.4357999999999993
0.83 0.4171999999999991
0.83 0.4235499999999986
0.81 0.43509999999999904
0.69 0.43189999999999856
0.69 0.4608499999999986
0.66 0.4144499999999991
0.74 0.45059999999999817
0.66 0.42904999999999904
0.66 0.41419999999999924
0.66 0.4134999999999991
0.72 0.4197999999999988
0.8 0.4119999999999991
0.93 0.4209999999999987
0.92 0.4288499999999982
0.68 0.42059999999999936
0.68 0.41244999999999943
0.69 0.4361499999999983
0.69 0.43364999999999854
0.69 0.4539499999999979
0.95 0.45124999999999815
