0.7 0.38369999999999904
0.7 0.39969999999999883
0.67 0.3934499999999986
0.7 0.39849999999999874
0.7 0.43605000000000005
0.67 0.43099999999999994
0.78 0.46005000000000107
0.77 0.44820000000000093
0.81 0.46685000000000115
0.88 0.4238999999999998
0.88 0.41655000000000003
0.88 0.44190000000000074
0.84 0.4475500000000011
0.91 0.43100000000000016
0.82 0.4327000000000002
0.7 0.4091499999999999
0.65 0.4159999999999999
0.83 0.4365000000000005
0.67 0.44355000000000105
0.67 0.4443000000000012
0.67 0.4626000000000017
0.73 0.4895500000000012
0.97 0.5229500000000006
0.97 0.530400000000001
0.97 0.5472500000000009
0.76 0.5590000000000006
0.67 0.45975000000000066
0.89 0.4795000000000013
0.89 0.46970000000000134
0.74 0.48790000000000133
0.84 0.5432500000000009
0.8 0.55255
0.89 0.5549499999999996
0.81 0.5684499999999995
0.78 0.5582499999999999
0.78 0.5572999999999995
0.89 0.6175999999999999
0.83 0.5903500000000004
0.94 0.6580499999999994
0.84 0.6270499999999994
0.9 0.6890999999999997
0.91 0.6899500000000002
0.93 0.6931999999999995
0.94 0.7143000000000002
0.94 0.7385500000000005
0.96 0.6814500000000002
0.91 0.6551500000000003
0.96 0.6402999999999999
0.96 0.6491999999999999
0.96 0.6875000000000003
0.91 0.6812999999999997
0.91 0.6375499999999998
0.91 0.688849999999999
0.9 0.6094999999999999
0.91 0.7134000000000005
0.9 0.6707999999999997
0.91 0.7178500000000005
0.9 0.6502
0.9 0.5633999999999999
0.88 0.46374999999999916
0.76 0.45749999999999913
0.76 0.48684999999999923
0.64 0.4321499999999995
0.64 0.4752999999999999
0.88 0.58785
0.9 0.6489
0.91 0.6399999999999992
0.91 0.7369500000000017
0.91 0.7434000000000013
0.91 0.6484999999999996
0.91 0.7233500000000006
0.91 0.7100500000000003
0.9 0.6868000000000013
0.91 0.6364500000000002
0.91 0.6539500000000001
0.91 0.6686499999999995
0.94 0.701350000000001
0.95 0.64205
0.91 0.64735
0.91 0.6215999999999993
0.88 0.6136999999999996
0.65 0.6021500000000005
0.65 0.6180999999999993
0.69 0.5969000000000005
0.9 0.6086500000000001
0.65 0.6211999999999998
0.65 0.6238499999999998
0.64 0.3586999999999982
0.66 0.3488999999999981
0.66 0.4194999999999991
0.89 0.5918999999999995
0.91 0.5995999999999999
0.9 0.6458499999999995
0.79 0.5316000000000002
0.9 0.6782999999999995
0.9 0.7277000000000002
0.91 0.7299499999999998
0.91 0.7031500000000012
0.65 0.5898499999999997
0.91 0.7138000000000008
0.89 0.6214999999999984
0.91 0.7133999999999997
0.89 0.669449999999999
0.89 0.7196499999999995
0.91 0.7465000000000002
0.91 0.7854499999999994
0.91 0.7803500000000008
0.91 0.7983499999999997
0.92 0.8413000000000008
0.92 0.8539500000000012
0.92 0.8563499999999997
0.92 0.8662999999999996
0.81 0.7626500000000003
0.87 0.7708499999999999
0.8 0.43944999999999934
0.87 0.5075500000000001
0.87 0.5969000000000001
0.88 0.6425500000000004
0.87 0.6458500000000004
0.81 0.6699499999999996
0.89 0.6636500000000004
0.89 0.6815999999999999
0.9 0.6962499999999997
0.9 0.7169999999999996
0.9 0.7513499999999996
0.9 0.7558499999999994
0.9 0.7665999999999995
0.88 0.6968000000000003
0.87 0.6491500000000009
0.88 0.6435499999999993
0.89 0.6834000000000003
0.9 0.6047
0.86 0.6461000000000001
0.9 0.6475499999999996
0.9 0.7633999999999996
0.9 0.780649999999999
0.9 0.7867499999999995
0.9 0.8138499999999995
0.9 0.6753499999999997
0.9 0.8025500000000004
0.9 0.7207500000000006
0.88 0.6825999999999998
0.86 0.6025499999999991
0.87 0.6427
0.9 0.7322000000000009
0.9 0.7847500000000001
0.9 0.7494500000000004
0.92 0.8312000000000012
0.92 0.8077499999999997
0.92 0.8288500000000009
0.92 0.8267499999999994
0.92 0.8552500000000002
0.92 0.76325
0.92 0.8580000000000007
0.92 0.8873000000000009
0.92 0.8836500000000009
0.92 0.881300000000001
0.92 0.8806500000000008
0.92 0.7231000000000016
0.92 0.8575000000000013
0.92 0.8463000000000015
0.92 0.8837000000000007
0.92 0.8844500000000017
0.92 0.8316000000000003
0.89 0.657900000000002
0.79 0.6496000000000006
0.92 0.7217500000000001
0.92 0.5895999999999995
0.92 0.6518000000000002
0.75 0.5220499999999993
0.75 0.5208999999999984
0.88 0.5998499999999996
0.92 0.6308499999999995
0.93 0.734700000000001
0.93 0.7936999999999993
0.88 0.6423000000000003
0.74 0.6330999999999999
0.93 0.6926000000000008
0.93 0.6754000000000001
0.9 0.4722000000000011
0.92 0.5672000000000009
0.88 0.49135000000000195
0.66 0.4734000000000016
0.37 0.36984999999999957
0.64 0.3861999999999998
0.66 0.5991500000000003
0.66 0.6102500000000001
0.66 0.46740000000000004
0.75 0.5166499999999985
0.64 0.4885999999999988
0.66 0.5414999999999983
0.67 0.5424499999999989
0.66 0.5189999999999998
0.64 0.48044999999999893
0.66 0.5786000000000006
0.66 0.5994000000000003
0.66 0.6077499999999997
0.75 0.39115
0.65 0.40785000000000016
0.64 0.38739999999999986
0.37 0.36999999999999966
0.66 0.4616000000000014
0.48 0.3786999999999997
0.51 0.39854999999999996
0.76 0.4407000000000017
0.68 0.46315000000000134
0.55 0.40099999999999963
0.78 0.4676500000000006
0.78 0.4041999999999985
0.71 0.4469000000000009
0.81 0.5127500000000002
0.84 0.5104500000000013
0.73 0.5134000000000006
0.81 0.57565
0.85 0.6054
0.9 0.6266999999999999
0.9 0.6260999999999998
0.92 0.7204500000000009
0.93 0.6575
0.87 0.5798499999999993
0.89 0.6243499999999996
0.89 0.6078499999999993
0.89 0.7037000000000004
0.91 0.7487999999999998
0.92 0.7467500000000001
0.92 0.74375
0.91 0.6583000000000006
0.92 0.7374499999999992
0.95 0.8101999999999986
0.95 0.788149999999999
0.95 0.7674999999999996
0.92 0.7540499999999994
0.91 0.7762999999999978
0.91 0.8121499999999994
0.95 0.8384500000000008
0.92 0.83285
0.91 0.8679500000000024
0.94 0.8629500000000009
0.95 0.8661000000000016
0.94 0.8569000000000015
0.91 0.8671000000000018
0.94 0.885750000000001
0.92 0.8779500000000011
0.92 0.8785499999999993
0.92 0.8084000000000006
0.92 0.8598499999999987
0.92 0.8786999999999979
0.92 0.8989499999999978
0.92 0.8710499999999977
0.92 0.6919000000000003
0.94 0.7668999999999978
0.94 0.8603999999999986
0.94 0.8933499999999975
0.94 0.9009999999999981
0.94 0.9072999999999979
0.94 0.9067999999999992
0.94 0.8740000000000008
0.94 0.8956000000000004
0.94 0.8900000000000007
0.94 0.8989500000000017
0.94 0.8899000000000014
0.95 0.7625500000000024
0.95 0.820500000000001
0.96 0.809350000000001
0.92 0.8805500000000014
0.95 0.9014000000000002
0.96 0.8661000000000001
0.94 0.8677000000000007
0.94 0.7836500000000014
0.96 0.9032999999999997
0.92 0.9059999999999998
0.94 0.9057999999999997
0.96 0.87825
0.92 0.8817500000000009
0.94 0.9106499999999987
0.92 0.9150499999999977
0.92 0.9167999999999976
0.92 0.9158499999999978
0.92 0.9007499999999989
0.94 0.9162499999999977
0.94 0.9170499999999975
0.94 0.9130499999999977
0.94 0.9207999999999972
0.92 0.9140499999999979
0.92 0.9161499999999977
0.92 0.8651499999999995
0.92 0.9078499999999983
0.92 0.9040499999999986
0.92 0.9007999999999987
0.92 0.8853499999999991
0.92 0.8636999999999999
0.92 0.8546000000000009
0.92 0.7600000000000026
0.92 0.901199999999999
0.92 0.8979499999999995
0.92 0.8659500000000012
0.92 0.8666000000000011
0.92 0.9064999999999986
0.96 0.9133499999999978
0.96 0.902949999999998
0.96 0.7119000000000015
0.96 0.912599999999998
0.96 0.8965499999999982
0.92 0.6409500000000024
0.96 0.927199999999997
0.96 0.9305499999999968
0.96 0.7955500000000028
0.96 0.8323500000000008
0.96 0.6882499999999986
0.97 0.7245000000000013
0.96 0.646449999999999
0.97 0.828549999999999
0.97 0.871550000000001
0.97 0.9220999999999987
0.97 0.8224000000000012
0.97 0.8117500000000016
0.97 0.8911000000000002
0.97 0.9413499999999977
0.97 0.9494999999999979
0.97 0.9550499999999993
0.97 0.9353000000000001
0.97 0.9478500000000005
0.97 0.956750000000001
0.97 0.9446499999999973
0.97 0.9154000000000014
0.97 0.9118500000000013
0.97 0.9238000000000003
0.97 0.9110500000000016
0.97 0.9134500000000015
0.92 0.9037000000000013
0.97 0.9090499999999999
0.92 0.8232000000000003
0.92 0.7955999999999994
0.96 0.7868999999999992
0.92 0.6825999999999988
0.96 0.7267499999999998
0.96 0.9062499999999974
0.96 0.9297999999999961
0.92 0.9114999999999988
0.96 0.9269499999999975
0.96 0.8542500000000014
0.96 0.8579000000000019
0.96 0.8802500000000024
0.97 0.92135
0.96 0.7943999999999996
0.81 0.6629999999999978
0.67 0.6587499999999982
0.67 0.662749999999999
0.67 0.6661499999999998
0.96 0.7414500000000004
0.96 0.6945000000000009
0.96 0.7749500000000005
0.96 0.7301500000000023
0.96 0.8174999999999985
0.96 0.8659
0.97 0.86535
0.95 0.8556000000000005
0.96 0.8717000000000007
0.96 0.8846000000000009
0.92 0.8121499999999972
0.92 0.8334499999999977
0.92 0.8806000000000008
0.92 0.9000500000000002
0.92 0.8973499999999995
0.92 0.9082500000000004
0.92 0.9094499999999992
0.92 0.8978499999999988
0.92 0.899599999999999
0.92 0.8589500000000005
0.92 0.7853000000000017
0.92 0.7570500000000021
0.92 0.5389000000000028
0.92 0.5916500000000011
0.92 0.5254500000000024
0.46 0.3713499999999996
0.92 0.5018000000000019
0.92 0.5929000000000014
0.92 0.7055499999999999
0.86 0.4389000000000001
0.89 0.5109
0.92 0.649
0.92 0.6131500000000001
0.92 0.7674999999999984
0.92 0.6635499999999986
0.92 0.6662999999999998
0.92 0.6714500000000008
0.92 0.7410000000000005
0.92 0.6228500000000013
0.92 0.4891000000000013
0.92 0.586850000000002
0.92 0.43140000000000017
0.6 0.4169500000000002
0.6 0.4249000000000004
0.6 0.4888999999999997
0.61 0.5202999999999999
0.61 0.43679999999999936
0.61 0.3293999999999999
0.61 0.5404500000000004
0.62 0.5569000000000002
0.62 0.5767499999999999
0.62 0.5914999999999986
0.62 0.5978999999999988
0.62 0.5943999999999988
0.62 0.6085499999999991
0.62 0.6114499999999992
0.62 0.6133499999999993
0.93 0.6165499999999996
0.94 0.6334500000000001
0.95 0.6748000000000008
0.95 0.7067000000000011
0.95 0.7229000000000023
0.95 0.8615500000000017
0.95 0.9098500000000006
0.95 0.9226500000000012
0.95 0.8354000000000009
0.95 0.8848000000000009
0.95 0.8995500000000008
0.95 0.8734000000000002
0.95 0.9087000000000003
0.95 0.9079500000000006
0.95 0.8885500000000012
0.95 0.7388000000000029
0.62 0.6047999999999994
0.62 0.6101500000000004
0.62 0.616500000000001
0.62 0.615000000000001
0.62 0.6165500000000014
0.62 0.6193500000000015
0.62 0.6196000000000015
0.62 0.6179500000000014
0.62 0.6152000000000014
0.62 0.6173000000000015
0.62 0.6158000000000013
0.62 0.6174000000000014
0.62 0.6196500000000015
0.62 0.6154000000000014
0.62 0.6173500000000015
0.95 0.6403000000000018
0.96 0.685650000000002
0.96 0.7718500000000027
0.96 0.7682000000000024
0.96 0.8320500000000023
0.96 0.850150000000002
0.96 0.8626000000000026
0.96 0.7430499999999993
0.96 0.598349999999998
0.96 0.6331999999999989
0.64 0.5081499999999989
0.64 0.5036999999999989
0.64 0.4807999999999991
0.96 0.5315499999999986
0.64 0.543049999999999
0.64 0.5564999999999988
0.95 0.563549999999999
0.64 0.5454000000000002
0.64 0.5670500000000002
0.64 0.5799499999999992
0.64 0.5873999999999989
0.64 0.561249999999999
0.64 0.5564999999999998
0.62 0.4529499999999988
0.62 0.4730999999999995
0.62 0.506049999999999
0.62 0.5091999999999999
0.62 0.5459500000000007
0.62 0.5683000000000002
0.62 0.5489999999999994
0.62 0.5923499999999984
0.51 0.3064999999999989
0.53 0.3123499999999988
0.53 0.31789999999999874
0.53 0.3335499999999986
0.53 0.3579999999999986
0.6 0.38929999999999937
0.67 0.40734999999999927
0.66 0.4601999999999988
0.67 0.4889999999999997
0.67 0.36329999999999857
0.76 0.4310499999999987
0.67 0.4144499999999994
0.67 0.43529999999999935
0.67 0.47970000000000157
0.67 0.5134000000000005
0.89 0.6326000000000007
0.9 0.6595000000000004
0.91 0.7080500000000002
0.86 0.58575
0.91 0.6481500000000004
0.62 0.4236499999999985
0.7 0.5462499999999997
0.91 0.616
0.62 0.5174999999999996
0.67 0.489149999999999
0.67 0.31614999999999877
0.71 0.3857499999999982
0.67 0.4710999999999991
0.71 0.4523999999999987
0.67 0.390349999999999
0.45 0.3110499999999988
0.59 0.3095999999999989
