0.88 0.3852599999999975
0.88 0.419599999999997
0.91 0.45540000000000086
0.91 0.48640000000000183
0.91 0.5127400000000016
0.97 0.5437700000000015
0.97 0.5622699999999988
0.97 0.5838499999999955
0.97 0.6025299999999938
0.97 0.6174899999999925
0.97 0.6286499999999943
0.98 0.64664
0.98 0.659780000000004
0.98 0.6751000000000063
0.98 0.6994700000000051
0.98 0.7115600000000027
0.98 0.7246200000000009
0.98 0.7367199999999984
0.98 0.7379699999999979
0.98 0.745059999999996
0.98 0.7681299999999978
0.98 0.7764099999999986
0.99 0.778699999999999
0.99 0.7719499999999999
0.99 0.7802900000000005
0.99 0.7834999999999988
0.99 0.8019399999999978
0.99 0.7993099999999974
0.99 0.8056699999999988
0.99 0.8085799999999981
0.99 0.8060799999999996
0.99 0.8262299999999991
0.99 0.8300199999999986
0.99 0.8333699999999984
0.99 0.8279499999999999
0.99 0.8253100000000015
0.99 0.8329900000000011
0.99 0.828610000000003
0.99 0.8251799999999998
0.99 0.8269300000000014
0.99 0.8251999999999997
0.99 0.8290299999999996
0.99 0.83976
0.99 0.8365799999999972
0.99 0.8357499999999969
0.99 0.8396299999999983
0.99 0.8415399999999985
0.99 0.8359599999999991
0.99 0.8500799999999998
0.99 0.8550199999999989
0.99 0.8585999999999988
0.99 0.8496599999999974
0.99 0.851819999999997
0.99 0.8539199999999955
0.99 0.8499799999999971
0.99 0.8486899999999988
0.99 0.8410199999999998
0.99 0.8428899999999997
0.99 0.8441899999999991
0.99 0.8446800000000007
0.99 0.8456400000000006
0.99 0.8547799999999995
0.99 0.8567899999999977
0.99 0.8566199999999963
0.99 0.8630299999999985
0.99 0.8665799999999981
0.99 0.8659399999999974
0.99 0.8493599999999982
0.99 0.8460900000000002
0.99 0.8423399999999992
0.99 0.8401499999999975
0.99 0.8430599999999984
0.99 0.8444599999999988
0.99 0.8553399999999984
0.99 0.8612399999999967
0.99 0.8580599999999972
0.99 0.8524899999999968
0.99 0.8541099999999979
0.99 0.8578599999999971
0.99 0.8552399999999977
0.99 0.8542099999999972
0.99 0.8552699999999966
0.99 0.8517799999999955
0.99 0.8514699999999978
0.99 0.8528099999999983
0.99 0.8541699999999953
0.99 0.8404799999999993
0.99 0.8498199999999994
0.99 0.853719999999997
0.99 0.8579099999999966
0.99 0.8506599999999993
0.99 0.8557399999999998
0.99 0.8527200000000008
0.99 0.8584999999999975
0.99 0.8577600000000001
0.99 0.8618499999999981
0.99 0.8504799999999995
0.99 0.8478400000000015
0.99 0.84488
0.99 0.8440399999999998
