0.36 0.6623000000000002
0.30000000000000004 0.6691999999999994
0.31999999999999995 0.6646999999999992
0.38 0.6860999999999988
0.38 0.677399999999999
0.38 0.6839999999999986
0.38 0.6869999999999985
0.42000000000000004 0.7013999999999981
0.38 0.6935999999999983
0.38 0.6919999999999985
0.33999999999999997 0.6844999999999979
0.33999999999999997 0.6973999999999982
0.4 0.7100999999999976
0.38 0.6968999999999979
0.42000000000000004 0.7084999999999981
0.42000000000000004 0.7190999999999991
0.26 0.6874999999999984
0.4 0.7134999999999987
0.4 0.6927999999999984
0.4 0.6748999999999985
0.42000000000000004 0.6936999999999982
0.36 0.7009999999999978
0.38 0.7050999999999982
0.38 0.676599999999998
0.38 0.6978999999999974
0.38 0.6856999999999978
0.38 0.7121999999999986
0.38 0.6934999999999986
0.38 0.6606999999999982
0.38 0.673699999999998
0.38 0.6803999999999985
0.38 0.6725999999999982
0.38 0.6617999999999982
0.38 0.681599999999998
0.38 0.6946999999999985
0.38 0.7068999999999983
0.38 0.6947999999999981
0.38 0.7033999999999984
0.38 0.7063999999999987
0.38 0.6998999999999984
0.38 0.6865999999999981
0.38 0.692299999999998
0.38 0.6798999999999984
0.38 0.6916999999999986
0.38 0.656799999999998
0.38 0.6170999999999982
0.38 0.5905999999999986
0.38 0.6340999999999982
0.38 0.6369999999999983
0.38 0.6263999999999982
0.38 0.6209999999999983
0.38 0.5752999999999987
0.38 0.5426999999999991
0.38 0.5254999999999993
0.28 0.5168999999999992
0.38 0.5002999999999991
0.38 0.5036999999999989
0.38 0.5005999999999989
0.12 0.4900999999999992
0.12 0.4830999999999996
0.38 0.4773999999999997
0.4 0.4729
0.38 0.4384
0.4 0.41300000000000026
0.4 0.4135000000000004
0.33999999999999997 0.42540000000000033
0.33999999999999997 0.4102000000000005
0.33999999999999997 0.4252000000000003
0.09999999999999998 0.4133000000000002
0.07999999999999996 0.3959000000000005
0.07999999999999996 0.3931000000000005
0.07999999999999996 0.39740000000000075
0.07999999999999996 0.4050000000000007
0.040000000000000036 0.4168000000000006
0.040000000000000036 0.40260000000000046
0.040000000000000036 0.40430000000000055
0.040000000000000036 0.3994000000000009
0.040000000000000036 0.3961000000000008
0.040000000000000036 0.3676000000000006
0.040000000000000036 0.3662000000000007
0.040000000000000036 0.41220000000000007
0.040000000000000036 0.3968000000000004
0.06000000000000005 0.4170000000000006
0.38 0.4190000000000005
0.38 0.4129000000000005
0.4 0.4061000000000005
0.4 0.41380000000000067
0.4 0.4376000000000005
0.38 0.45710000000000006
0.38 0.45130000000000003
0.38 0.4506
0.07999999999999996 0.4454
0.06000000000000005 0.4294000000000001
0.38 0.4884999999999989
0.38 0.5120999999999987
0.26 0.5136999999999988
0.26 0.4971999999999991
0.38 0.5966999999999986
0.38 0.5315999999999985
0.38 0.5018999999999991
0.38 0.6347999999999985
0.38 0.49589999999999895
0.38 0.490099999999999
0.38 0.4781999999999993
0.040000000000000036 0.45479999999999976
0.040000000000000036 0.4761999999999994
0.38 0.5211999999999986
0.38 0.45189999999999997
0.38 0.4524999999999999
0.38 0.4436000000000002
0.38 0.42360000000000025
0.38 0.43100000000000027
0.38 0.4294000000000003
0.38 0.42700000000000016
0.38 0.4229000000000008
0.38 0.5178999999999987
0.38 0.45469999999999955
0.38 0.42560000000000026
0.38 0.48569999999999924
0.38 0.4752
0.38 0.42510000000000053
0.38 0.45610000000000034
0.38 0.4545000000000001
0.06000000000000005 0.43949999999999995
0.38 0.48619999999999947
0.38 0.47669999999999957
0.38 0.43440000000000034
0.38 0.4575999999999998
0.14 0.43630000000000024
0.14 0.43640000000000023
0.14 0.40130000000000066
0.040000000000000036 0.4021000000000006
0.040000000000000036 0.4013000000000007
0.040000000000000036 0.39680000000000065
0.040000000000000036 0.4022000000000008
0.040000000000000036 0.45109999999999995
0.040000000000000036 0.41230000000000033
0.040000000000000036 0.4016000000000006
0.040000000000000036 0.4192000000000001
0.040000000000000036 0.38740000000000085
0.040000000000000036 0.3905000000000007
0.040000000000000036 0.4088000000000005
0.040000000000000036 0.39690000000000064
0.040000000000000036 0.38870000000000055
0.040000000000000036 0.38990000000000063
0.040000000000000036 0.4345999999999999
0.38 0.4992999999999993
0.38 0.44100000000000017
0.38 0.4350000000000003
0.38 0.4167000000000007
0.38 0.40630000000000055
0.38 0.3955000000000004
0.38 0.3946000000000005
0.38 0.40020000000000056
0.38 0.4014000000000006
0.38 0.39640000000000064
0.38 0.4032000000000007
0.38 0.40630000000000066
0.38 0.40350000000000086
0.38 0.4136000000000006
0.38 0.4032000000000005
0.38 0.39220000000000027
0.38 0.39200000000000046
0.38 0.39730000000000065
0.38 0.39300000000000074
0.38 0.4038000000000012
0.38 0.3924000000000005
0.38 0.39850000000000085
0.38 0.39650000000000046
0.38 0.3964000000000004
0.38 0.3904000000000003
0.38 0.3871000000000002
0.38 0.3985000000000006
0.38 0.3917000000000009
0.38 0.39800000000000063
0.38 0.39530000000000065
0.38 0.3935000000000008
0.38 0.38970000000000043
0.38 0.38910000000000033
0.38 0.3968000000000005
0.38 0.3967000000000005
0.38 0.3928000000000005
0.38 0.4001000000000007
0.38 0.38820000000000054
0.38 0.39020000000000044
0.38 0.39470000000000083
0.38 0.39980000000000054
0.38 0.4030000000000003
0.38 0.40650000000000036
0.38 0.40040000000000053
0.38 0.3936000000000005
0.38 0.4029000000000005
0.38 0.4004000000000005
0.38 0.3912000000000005
0.38 0.3983000000000008
0.38 0.4022000000000006
0.38 0.3974000000000004
0.38 0.40160000000000046
0.38 0.4022000000000005
0.38 0.40070000000000067
0.38 0.39660000000000045
0.38 0.39420000000000033
0.38 0.39900000000000047
0.38 0.39710000000000073
0.38 0.39610000000000084
0.38 0.39100000000000057
0.38 0.4036000000000007
0.38 0.39470000000000055
0.38 0.3939000000000005
0.38 0.40070000000000083
0.38 0.4008000000000005
0.38 0.3943000000000005
0.38 0.3961000000000006
0.38 0.3986000000000008
0.38 0.40730000000000066
0.38 0.39840000000000053
0.12 0.3997000000000005
0.38 0.38990000000000036
0.38 0.39530000000000065
0.38 0.3899000000000006
0.06000000000000005 0.3753000000000009
0.4 0.39740000000000053
0.040000000000000036 0.38420000000000093
0.040000000000000036 0.3864000000000006
0.06000000000000005 0.3599000000000006
0.06000000000000005 0.3416000000000006
0.06000000000000005 0.3420000000000007
0.06000000000000005 0.29360000000000047
0.06000000000000005 0.2673000000000003
0.06000000000000005 0.2740000000000002
0.06000000000000005 0.26289999999999997
0.040000000000000036 0.2618
0.040000000000000036 0.22999999999999993
0.040000000000000036 0.3078000000000005
0.040000000000000036 0.20399999999999985
0.06000000000000005 0.2261999999999999
0.040000000000000036 0.2278999999999999
0.040000000000000036 0.1979999999999998
0.38 0.39020000000000055
0.040000000000000036 0.37690000000000046
0.38 0.38760000000000033
0.06000000000000005 0.3387000000000004
0.040000000000000036 0.2669999999999999
0.040000000000000036 0.2949000000000002
0.38 0.4090000000000007
0.040000000000000036 0.31830000000000014
0.040000000000000036 0.30829999999999996
0.040000000000000036 0.3629000000000001
0.040000000000000036 0.3721000000000001
0.040000000000000036 0.3424999999999999
0.040000000000000036 0.31319999999999976
0.040000000000000036 0.2901999999999996
0.040000000000000036 0.2962999999999999
0.040000000000000036 0.2401
0.040000000000000036 0.1962999999999998
0.040000000000000036 0.19709999999999975
0.040000000000000036 0.15729999999999988
0.040000000000000036 0.14889999999999992
0.040000000000000036 0.13359999999999997
0.040000000000000036 0.15279999999999988
0.040000000000000036 0.15509999999999996
0.040000000000000036 0.17089999999999983
0.040000000000000036 0.1605999999999999
0.040000000000000036 0.14689999999999995
0.040000000000000036 0.15039999999999992
0.040000000000000036 0.16709999999999986
0.040000000000000036 0.14849999999999994
0.040000000000000036 0.12009999999999992
0.040000000000000036 0.11919999999999994
0.040000000000000036 0.12709999999999996
0.040000000000000036 0.13119999999999993
0.040000000000000036 0.16899999999999987
0.040000000000000036 0.15749999999999992
0.040000000000000036 0.14679999999999996
0.040000000000000036 0.13900000000000004
0.040000000000000036 0.133
0.07999999999999996 0.14959999999999998
0.07999999999999996 0.16159999999999985
0.07999999999999996 0.14539999999999995
0.07999999999999996 0.1530999999999999
0.07999999999999996 0.16319999999999993
0.040000000000000036 0.1784
0.06000000000000005 0.18349999999999989
0.07999999999999996 0.1579999999999999
0.07999999999999996 0.14269999999999994
0.07999999999999996 0.1425999999999999
0.07999999999999996 0.13069999999999993
0.07999999999999996 0.1507999999999999
0.07999999999999996 0.14899999999999994
0.07999999999999996 0.1275
0.07999999999999996 0.12930000000000003
0.07999999999999996 0.15810000000000002
0.07999999999999996 0.14460000000000006
0.07999999999999996 0.14410000000000012
0.07999999999999996 0.1222000000000001
0.06000000000000005 0.1320000000000001
0.06000000000000005 0.11170000000000017
0.06000000000000005 0.13560000000000008
0.06000000000000005 0.1349000000000002
0.06000000000000005 0.1393000000000001
0.06000000000000005 0.13550000000000012
0.06000000000000005 0.14000000000000007
0.06000000000000005 0.13690000000000008
0.06000000000000005 0.17550000000000002
0.06000000000000005 0.18589999999999995
0.06000000000000005 0.16660000000000014
0.06000000000000005 0.15430000000000013
0.06000000000000005 0.1347000000000001
0.06000000000000005 0.13940000000000013
0.06000000000000005 0.14530000000000004
0.06000000000000005 0.1744
0.06000000000000005 0.177
0.06000000000000005 0.1240000000000001
0.06000000000000005 0.1352000000000001
0.06000000000000005 0.12730000000000014
0.06000000000000005 0.13400000000000012
0.06000000000000005 0.12060000000000017
0.06000000000000005 0.12730000000000014
0.06000000000000005 0.13280000000000017
0.06000000000000005 0.1321000000000001
0.06000000000000005 0.12130000000000014
0.06000000000000005 0.12630000000000008
0.06000000000000005 0.11980000000000007
0.06000000000000005 0.1306
0.06000000000000005 0.1370000000000001
0.06000000000000005 0.12500000000000008
0.06000000000000005 0.12390000000000011
0.06000000000000005 0.1314000000000001
0.06000000000000005 0.13550000000000015
0.06000000000000005 0.15030000000000016
0.06000000000000005 0.14890000000000014
0.06000000000000005 0.12530000000000013
0.06000000000000005 0.14160000000000017
0.06000000000000005 0.1285000000000002
0.06000000000000005 0.12420000000000021
0.06000000000000005 0.1414000000000002
0.06000000000000005 0.15350000000000016
0.06000000000000005 0.1573000000000002
0.06000000000000005 0.15810000000000007
0.06000000000000005 0.14560000000000012
0.06000000000000005 0.14480000000000007
0.06000000000000005 0.15820000000000012
0.06000000000000005 0.16500000000000012
0.06000000000000005 0.16899999999999987
0.06000000000000005 0.1616
0.06000000000000005 0.15570000000000006
0.06000000000000005 0.14400000000000002
0.06000000000000005 0.14420000000000002
0.06000000000000005 0.13590000000000008
0.06000000000000005 0.13240000000000007
0.06000000000000005 0.1274000000000002
0.06000000000000005 0.1255000000000002
0.06000000000000005 0.13310000000000013
0.06000000000000005 0.14750000000000005
0.06000000000000005 0.14420000000000002
0.06000000000000005 0.1497
0.06000000000000005 0.1629
0.06000000000000005 0.15350000000000003
0.06000000000000005 0.16129999999999994
0.06000000000000005 0.14700000000000002
0.06000000000000005 0.14110000000000006
0.06000000000000005 0.14200000000000013
0.06000000000000005 0.15880000000000016
0.06000000000000005 0.16240000000000013
0.06000000000000005 0.15740000000000004
0.06000000000000005 0.14810000000000006
0.06000000000000005 0.16149999999999998
0.06000000000000005 0.1444000000000001
0.06000000000000005 0.13290000000000007
0.06000000000000005 0.1211000000000001
0.06000000000000005 0.12230000000000019
0.06000000000000005 0.14580000000000012
0.06000000000000005 0.14170000000000013
0.06000000000000005 0.14650000000000005
0.06000000000000005 0.14110000000000014
0.06000000000000005 0.1485000000000001
0.06000000000000005 0.14370000000000005
0.06000000000000005 0.1309
0.06000000000000005 0.14950000000000002
0.06000000000000005 0.17079999999999995
0.06000000000000005 0.15389999999999995
0.06000000000000005 0.15389999999999993
0.06000000000000005 0.16069999999999993
0.06000000000000005 0.1604999999999999
0.06000000000000005 0.1845999999999998
0.06000000000000005 0.1583
0.06000000000000005 0.15380000000000002
0.06000000000000005 0.18070000000000003
0.06000000000000005 0.18910000000000005
0.06000000000000005 0.1643000000000001
0.06000000000000005 0.13900000000000012
0.06000000000000005 0.13800000000000007
0.06000000000000005 0.16620000000000001
0.06000000000000005 0.17129999999999998
0.06000000000000005 0.20109999999999995
0.06000000000000005 0.2046000000000001
0.06000000000000005 0.18789999999999998
0.06000000000000005 0.17809999999999993
0.06000000000000005 0.16620000000000001
0.06000000000000005 0.17080000000000006
0.06000000000000005 0.1544
0.06000000000000005 0.1504000000000001
0.06000000000000005 0.1379000000000001
0.06000000000000005 0.1601
0.06000000000000005 0.14290000000000005
0.06000000000000005 0.1937000000000001
0.06000000000000005 0.1744
0.06000000000000005 0.14880000000000007
0.06000000000000005 0.14270000000000005
0.06000000000000005 0.11700000000000019
0.06000000000000005 0.12460000000000021
0.06000000000000005 0.12000000000000019
0.06000000000000005 0.10160000000000019
0.06000000000000005 0.11790000000000024
0.06000000000000005 0.12310000000000015
0.06000000000000005 0.14560000000000012
0.06000000000000005 0.17050000000000012
0.06000000000000005 0.15860000000000019
0.06000000000000005 0.15550000000000008
0.06000000000000005 0.1686
0.06000000000000005 0.1507
0.06000000000000005 0.1497
0.06000000000000005 0.1523
0.06000000000000005 0.13690000000000008
0.06000000000000005 0.11680000000000014
0.06000000000000005 0.13300000000000012
0.06000000000000005 0.1338000000000001
0.06000000000000005 0.16330000000000006
0.06000000000000005 0.15140000000000003
0.06000000000000005 0.13150000000000012
0.06000000000000005 0.17860000000000023
0.06000000000000005 0.16340000000000007
0.06000000000000005 0.20180000000000017
0.06000000000000005 0.2928999999999998
0.06000000000000005 0.2180999999999997
0.06000000000000005 0.1899999999999999
0.06000000000000005 0.2948999999999998
0.38 0.4281999999999998
0.38 0.40820000000000034
0.38 0.4078000000000005
0.42000000000000004 0.4082000000000005
0.42000000000000004 0.4039000000000007
0.42000000000000004 0.39720000000000055
0.42000000000000004 0.4063000000000007
0.42000000000000004 0.42940000000000056
0.42000000000000004 0.4117000000000007
0.16000000000000003 0.38900000000000035
0.16000000000000003 0.40260000000000035
0.16000000000000003 0.3991000000000005
0.16000000000000003 0.40240000000000037
0.16000000000000003 0.3942000000000006
0.16000000000000003 0.37680000000000063
0.06000000000000005 0.35770000000000074
0.06000000000000005 0.3718000000000008
0.06000000000000005 0.38590000000000024
0.06000000000000005 0.36080000000000045
0.06000000000000005 0.35710000000000053
0.06000000000000005 0.35160000000000025
0.06000000000000005 0.34790000000000015
0.06000000000000005 0.3358000000000002
0.06000000000000005 0.32910000000000006
0.06000000000000005 0.3012
0.06000000000000005 0.31490000000000007
0.06000000000000005 0.30390000000000006
0.06000000000000005 0.273
0.06000000000000005 0.2524000000000001
0.06000000000000005 0.24719999999999995
0.06000000000000005 0.25089999999999985
0.06000000000000005 0.22899999999999987
0.06000000000000005 0.22729999999999984
0.06000000000000005 0.21109999999999982
0.06000000000000005 0.23599999999999988
0.06000000000000005 0.22689999999999982
0.06000000000000005 0.21519999999999992
0.06000000000000005 0.22909999999999975
0.06000000000000005 0.18879999999999977
0.06000000000000005 0.19769999999999988
0.06000000000000005 0.17509999999999984
0.06000000000000005 0.1784999999999999
0.06000000000000005 0.19140000000000004
0.06000000000000005 0.1833999999999999
0.06000000000000005 0.16139999999999996
0.06000000000000005 0.14770000000000003
0.06000000000000005 0.16170000000000012
0.06000000000000005 0.13650000000000018
0.06000000000000005 0.13790000000000013
0.06000000000000005 0.1301000000000002
0.06000000000000005 0.1533000000000001
0.06000000000000005 0.14390000000000003
0.06000000000000005 0.12820000000000012
0.06000000000000005 0.13990000000000016
0.06000000000000005 0.12300000000000018
0.06000000000000005 0.12760000000000013
0.06000000000000005 0.14750000000000002
0.06000000000000005 0.14170000000000008
0.06000000000000005 0.18359999999999996
0.06000000000000005 0.14
0.06000000000000005 0.1283000000000001
0.06000000000000005 0.12950000000000012
0.06000000000000005 0.12840000000000018
