0.16000000000000003 0.6235999999999966
0.16000000000000003 0.5864399999999962
0.16000000000000003 0.571399999999997
0.09999999999999998 0.5380799999999973
0.06000000000000005 0.5212399999999989
0.06000000000000005 0.4988799999999984
0.06000000000000005 0.4854199999999988
0.06000000000000005 0.4779799999999986
0.06000000000000005 0.4624599999999993
0.06000000000000005 0.46157999999999894
0.06000000000000005 0.4579599999999987
0.06000000000000005 0.4525999999999985
0.06000000000000005 0.4422799999999981
0.06000000000000005 0.4391999999999988
0.06000000000000005 0.4349399999999992
0.06000000000000005 0.4304599999999996
0.06000000000000005 0.4141000000000004
0.06000000000000005 0.4101799999999997
0.06000000000000005 0.39501999999999976
0.06000000000000005 0.3844599999999992
0.06000000000000005 0.3865399999999991
0.06000000000000005 0.3658399999999991
0.06000000000000005 0.3690599999999989
0.020000000000000018 0.36123999999999856
0.020000000000000018 0.35135999999999895
0.020000000000000018 0.3487599999999983
0.020000000000000018 0.3443999999999989
0.020000000000000018 0.34013999999999844
0.020000000000000018 0.3244399999999986
0.020000000000000018 0.31903999999999855
0.020000000000000018 0.32235999999999915
0.020000000000000018 0.3107799999999991
0.020000000000000018 0.2994199999999992
0.020000000000000018 0.29165999999999936
0.020000000000000018 0.29005999999999904
0.020000000000000018 0.28901999999999906
0.020000000000000018 0.2931999999999993
0.020000000000000018 0.28803999999999946
0.020000000000000018 0.28423999999999955
0.020000000000000018 0.2901599999999991
0.020000000000000018 0.28457999999999894
0.020000000000000018 0.2867399999999991
0.020000000000000018 0.2751399999999989
0.020000000000000018 0.2787599999999992
0.020000000000000018 0.27751999999999943
0.020000000000000018 0.2569199999999992
0.020000000000000018 0.25583999999999923
0.020000000000000018 0.24177999999999905
0.020000000000000018 0.23487999999999926
0.020000000000000018 0.23287999999999948
0.020000000000000018 0.24201999999999957
0.020000000000000018 0.21975999999999943
0.020000000000000018 0.2273799999999996
0.020000000000000018 0.22687999999999983
0.020000000000000018 0.2222999999999997
0.020000000000000018 0.20814000000000002
0.020000000000000018 0.21435999999999966
0.06000000000000005 0.2145399999999997
0.06000000000000005 0.21275999999999967
0.06000000000000005 0.22075999999999946
0.06000000000000005 0.21717999999999987
0.06000000000000005 0.21848000000000004
0.06000000000000005 0.2239199999999999
0.06000000000000005 0.22206000000000004
0.06000000000000005 0.21387999999999996
0.06000000000000005 0.2154199999999998
0.06000000000000005 0.22175999999999974
0.06000000000000005 0.20326000000000005
0.06000000000000005 0.20909999999999995
0.06000000000000005 0.19436000000000006
0.06000000000000005 0.18918000000000004
0.06000000000000005 0.18489999999999998
0.06000000000000005 0.17890000000000006
0.06000000000000005 0.1800200000000002
0.06000000000000005 0.17678000000000021
0.06000000000000005 0.18506000000000006
0.06000000000000005 0.19404000000000016
0.06000000000000005 0.18918000000000013
0.06000000000000005 0.18372000000000016
0.06000000000000005 0.18914000000000003
0.06000000000000005 0.17712000000000006
0.06000000000000005 0.1758600000000002
0.06000000000000005 0.1785200000000004
0.06000000000000005 0.17743999999999982
0.06000000000000005 0.18278000000000008
0.06000000000000005 0.18466000000000019
0.06000000000000005 0.19004000000000007
0.06000000000000005 0.17488000000000015
0.06000000000000005 0.17258000000000015
0.06000000000000005 0.18816000000000024
0.06000000000000005 0.1852000000000002
0.06000000000000005 0.17552000000000018
0.06000000000000005 0.17444000000000046
0.06000000000000005 0.16764000000000037
0.06000000000000005 0.16464000000000029
0.06000000000000005 0.17516000000000023
0.06000000000000005 0.17710000000000034
0.06000000000000005 0.17626000000000033
0.06000000000000005 0.18260000000000026
0.06000000000000005 0.17447999999999994
