0.09999999999999998 0.5880200000000043
0.06000000000000005 0.5533200000000037
0.07999999999999996 0.5181200000000029
0.07999999999999996 0.49112000000000133
0.07999999999999996 0.4538600000000014
0.07999999999999996 0.4392200000000007
0.07999999999999996 0.4206400000000016
0.07999999999999996 0.3962600000000017
0.12 0.37466000000000216
0.12 0.3670200000000023
0.12 0.3567400000000017
0.12 0.35694000000000203
0.12 0.3414800000000024
0.12 0.3298800000000021
0.12 0.3178800000000018
0.12 0.2963000000000017
0.12 0.29726000000000224
0.07999999999999996 0.29578000000000193
0.07999999999999996 0.291140000000002
0.07999999999999996 0.2798400000000018
0.07999999999999996 0.2738600000000014
0.07999999999999996 0.2556400000000017
0.07999999999999996 0.24562000000000134
0.07999999999999996 0.22990000000000083
0.07999999999999996 0.22748000000000115
0.07999999999999996 0.21582000000000076
0.07999999999999996 0.20578000000000024
0.07999999999999996 0.19594000000000072
0.07999999999999996 0.18894000000000016
0.07999999999999996 0.1836800000000002
0.07999999999999996 0.17844000000000004
0.07999999999999996 0.17805999999999989
0.07999999999999996 0.17991999999999966
0.07999999999999996 0.17859999999999965
0.07999999999999996 0.17689999999999992
0.07999999999999996 0.17655999999999972
0.07999999999999996 0.17479999999999982
0.07999999999999996 0.17265999999999954
0.07999999999999996 0.16811999999999974
0.07999999999999996 0.16215999999999964
0.07999999999999996 0.16049999999999975
0.07999999999999996 0.1612599999999998
0.07999999999999996 0.15749999999999978
0.07999999999999996 0.16077999999999937
0.07999999999999996 0.1654199999999995
0.07999999999999996 0.16905999999999963
0.07999999999999996 0.1688399999999993
0.07999999999999996 0.16401999999999944
0.07999999999999996 0.15803999999999951
0.07999999999999996 0.16137999999999958
0.07999999999999996 0.15113999999999958
0.07999999999999996 0.14463999999999963
0.07999999999999996 0.15075999999999928
0.07999999999999996 0.15361999999999928
0.07999999999999996 0.15365999999999952
0.07999999999999996 0.1591799999999995
0.07999999999999996 0.1558599999999995
0.07999999999999996 0.15549999999999906
0.07999999999999996 0.14465999999999915
0.07999999999999996 0.14851999999999924
0.07999999999999996 0.14999999999999947
0.07999999999999996 0.14917999999999937
0.07999999999999996 0.15391999999999934
0.07999999999999996 0.15503999999999946
0.07999999999999996 0.15191999999999947
0.07999999999999996 0.14255999999999927
0.07999999999999996 0.14337999999999929
0.07999999999999996 0.15057999999999963
0.07999999999999996 0.14939999999999945
0.07999999999999996 0.1542799999999993
0.07999999999999996 0.1470999999999992
0.07999999999999996 0.14163999999999943
0.07999999999999996 0.14559999999999962
0.07999999999999996 0.1495199999999993
0.07999999999999996 0.15037999999999926
0.07999999999999996 0.15157999999999947
0.07999999999999996 0.1530199999999998
0.07999999999999996 0.1547799999999991
0.07999999999999996 0.15421999999999966
0.07999999999999996 0.14299999999999935
0.07999999999999996 0.14297999999999927
0.07999999999999996 0.14449999999999955
0.07999999999999996 0.15071999999999924
0.07999999999999996 0.15439999999999926
0.07999999999999996 0.1583399999999995
0.07999999999999996 0.15491999999999928
0.07999999999999996 0.15525999999999918
0.07999999999999996 0.15445999999999915
0.07999999999999996 0.15437999999999913
0.07999999999999996 0.15197999999999923
0.07999999999999996 0.14433999999999944
0.07999999999999996 0.14061999999999925
0.07999999999999996 0.14129999999999934
0.07999999999999996 0.1394799999999993
0.07999999999999996 0.1454199999999994
0.07999999999999996 0.1422599999999994
0.07999999999999996 0.13997999999999927
0.07999999999999996 0.1359999999999993
0.07999999999999996 0.13887999999999917
0.07999999999999996 0.14093999999999918
