0.43999999999999995 0.6587000000000013
0.43999999999999995 0.6829000000000016
0.45999999999999996 0.6666000000000003
0.43999999999999995 0.653800000000001
0.43999999999999995 0.6743000000000005
0.43999999999999995 0.6883999999999996
0.45999999999999996 0.7087999999999979
0.43999999999999995 0.692699999999998
0.45999999999999996 0.6891999999999979
0.5 0.6951999999999979
0.43999999999999995 0.7054999999999981
0.43999999999999995 0.6646999999999982
0.43999999999999995 0.6925999999999981
0.43999999999999995 0.6876999999999986
0.43999999999999995 0.722999999999999
0.43999999999999995 0.7087999999999988
0.43999999999999995 0.7172999999999985
0.43999999999999995 0.6997999999999982
0.43999999999999995 0.7134999999999987
0.43999999999999995 0.7083999999999988
0.43999999999999995 0.6975999999999984
0.43999999999999995 0.6905999999999985
0.43999999999999995 0.6841999999999985
0.43999999999999995 0.7216999999999988
0.43999999999999995 0.684199999999998
0.43999999999999995 0.6686999999999981
0.43999999999999995 0.6664999999999979
0.19999999999999996 0.6798999999999983
0.19999999999999996 0.6106999999999987
0.43999999999999995 0.6655999999999993
0.28 0.6413999999999986
0.28 0.6251999999999984
0.19999999999999996 0.6140999999999983
0.43999999999999995 0.6638999999999982
0.43999999999999995 0.6422999999999986
0.18000000000000005 0.6375999999999987
0.48 0.6543999999999984
0.040000000000000036 0.5762999999999991
0.43999999999999995 0.612199999999999
0.43999999999999995 0.6683999999999987
0.43999999999999995 0.7000999999999982
0.6 0.7328999999999991
0.43999999999999995 0.7283999999999987
0.43999999999999995 0.7241999999999984
0.43999999999999995 0.6993999999999977
0.43999999999999995 0.6911999999999981
0.43999999999999995 0.7058999999999975
0.43999999999999995 0.6919999999999982
0.43999999999999995 0.7187999999999982
0.43999999999999995 0.7025999999999987
0.43999999999999995 0.6981999999999986
0.43999999999999995 0.6881999999999988
0.43999999999999995 0.7157999999999984
0.43999999999999995 0.6833999999999986
0.43999999999999995 0.7235999999999989
0.43999999999999995 0.719699999999999
0.43999999999999995 0.7317999999999988
0.43999999999999995 0.7216999999999986
0.43999999999999995 0.7108999999999986
0.43999999999999995 0.7297999999999989
0.43999999999999995 0.7228999999999985
0.43999999999999995 0.726299999999999
0.43999999999999995 0.7341999999999991
0.43999999999999995 0.7248999999999988
0.43999999999999995 0.7217999999999991
0.43999999999999995 0.7104999999999988
0.43999999999999995 0.7170999999999988
0.43999999999999995 0.715499999999999
0.43999999999999995 0.716099999999999
0.43999999999999995 0.713999999999999
0.72 0.7397999999999992
0.18000000000000005 0.7207999999999989
0.18000000000000005 0.717299999999999
0.72 0.7397999999999992
0.18000000000000005 0.724899999999999
0.18000000000000005 0.6971999999999987
0.18000000000000005 0.6804999999999982
0.45999999999999996 0.727999999999999
0.45999999999999996 0.719999999999999
0.74 0.7399999999999993
0.31999999999999995 0.6963999999999987
0.31999999999999995 0.6685999999999983
0.43999999999999995 0.6919999999999986
0.09999999999999998 0.7021999999999986
0.48 0.7295999999999992
0.21999999999999997 0.7095999999999988
0.21999999999999997 0.7045999999999989
0.6 0.7392999999999992
0.21999999999999997 0.724799999999999
0.19999999999999996 0.7117999999999989
0.19999999999999996 0.6942999999999985
0.16000000000000003 0.6832999999999986
0.16000000000000003 0.6676999999999985
0.16000000000000003 0.6238999999999983
0.040000000000000036 0.5958999999999992
0.12 0.6804999999999981
0.74 0.7399999999999993
0.43999999999999995 0.6803999999999982
0.07999999999999996 0.6939999999999986
0.19999999999999996 0.5789999999999987
0.16000000000000003 0.5624999999999992
0.21999999999999997 0.6446999999999982
0.16000000000000003 0.5737999999999993
0.19999999999999996 0.6788999999999983
0.040000000000000036 0.6566999999999981
0.040000000000000036 0.6542999999999983
0.16000000000000003 0.6162999999999986
0.16000000000000003 0.6164999999999985
0.16000000000000003 0.668799999999998
0.28 0.7334999999999993
0.18000000000000005 0.7313999999999992
0.74 0.7399999999999993
0.74 0.7399999999999993
0.33999999999999997 0.727599999999999
0.30000000000000004 0.7028999999999987
0.07999999999999996 0.6971999999999983
0.07999999999999996 0.7355999999999991
0.45999999999999996 0.721699999999999
0.74 0.7399999999999993
0.74 0.7399999999999993
0.36 0.7339999999999992
0.06000000000000005 0.7149999999999989
0.74 0.7399999999999993
0.18000000000000005 0.713199999999999
0.18000000000000005 0.707899999999999
0.18000000000000005 0.6984999999999988
0.18000000000000005 0.7016999999999988
0.18000000000000005 0.7088999999999984
0.06000000000000005 0.7054999999999988
0.06000000000000005 0.7062999999999988
0.06000000000000005 0.6809999999999985
0.5800000000000001 0.7391999999999993
0.16000000000000003 0.6828999999999984
0.74 0.7399999999999993
0.74 0.7399999999999993
0.74 0.7399999999999993
0.74 0.7399999999999993
0.74 0.7399999999999993
0.74 0.7399999999999993
0.74 0.7399999999999993
0.74 0.7399999999999993
0.74 0.7399999999999993
0.74 0.7399999999999993
0.38 0.7357999999999992
0.74 0.7399999999999993
0.30000000000000004 0.7123999999999983
0.19999999999999996 0.6881999999999978
0.19999999999999996 0.7024999999999987
0.06000000000000005 0.6728999999999982
0.06000000000000005 0.6833999999999983
0.06000000000000005 0.6594999999999982
0.06000000000000005 0.6416999999999982
0.06000000000000005 0.6307999999999985
0.06000000000000005 0.6047999999999987
0.040000000000000036 0.5818999999999984
0.040000000000000036 0.5573999999999986
0.040000000000000036 0.5157999999999986
0.040000000000000036 0.47729999999999906
0.040000000000000036 0.5285999999999987
0.040000000000000036 0.6280999999999982
0.19999999999999996 0.6938999999999987
0.74 0.7399999999999993
0.74 0.7399999999999993
0.74 0.7399999999999993
0.74 0.7399999999999993
0.74 0.7399999999999993
0.74 0.7399999999999993
0.74 0.7399999999999993
0.74 0.7402999999999993
0.74 0.7399999999999993
0.74 0.7399999999999993
0.74 0.7402999999999993
0.74 0.7399999999999993
0.74 0.7399999999999993
0.74 0.7399999999999993
0.74 0.7399999999999993
0.74 0.7399999999999993
0.74 0.7399999999999993
0.74 0.7399999999999993
0.74 0.7399999999999993
0.74 0.7399999999999993
0.74 0.7399999999999993
0.7 0.7409999999999991
0.7 0.7389999999999992
0.7 0.7389999999999992
0.7 0.7389999999999992
0.7 0.7379999999999992
0.74 0.7399999999999993
0.7 0.7391999999999993
0.74 0.7399999999999993
0.74 0.7399999999999993
0.74 0.7399999999999993
0.74 0.7399999999999993
0.52 0.7377999999999993
0.74 0.7399999999999993
0.74 0.7399999999999993
0.74 0.7399999999999993
0.74 0.7399999999999993
0.74 0.7399999999999993
0.74 0.7399999999999993
0.74 0.7399999999999993
0.74 0.7399999999999993
0.52 0.7366999999999994
0.52 0.7366999999999994
0.74 0.7399999999999993
0.52 0.7377999999999993
0.52 0.7377999999999993
0.52 0.7377999999999993
0.43999999999999995 0.7332999999999993
0.43999999999999995 0.7278999999999991
0.43999999999999995 0.7369999999999993
0.74 0.7399999999999993
0.74 0.7399999999999993
0.74 0.7399999999999993
0.43999999999999995 0.720099999999999
0.43999999999999995 0.7329999999999992
0.43999999999999995 0.713399999999999
0.43999999999999995 0.7294999999999991
0.74 0.7399999999999993
0.43999999999999995 0.7320999999999992
0.74 0.7399999999999993
0.74 0.7399999999999993
0.74 0.7399999999999993
0.74 0.7399999999999993
0.43999999999999995 0.7332999999999993
0.43999999999999995 0.7336999999999992
0.74 0.7399999999999993
0.74 0.7399999999999993
0.74 0.7399999999999993
0.74 0.7399999999999993
0.74 0.7399999999999993
0.74 0.7399999999999993
0.74 0.7399999999999993
0.74 0.7399999999999993
0.74 0.7399999999999993
0.74 0.7399999999999993
0.74 0.7399999999999993
0.74 0.7399999999999993
0.74 0.7399999999999993
0.74 0.7399999999999993
0.74 0.7399999999999993
0.74 0.7399999999999993
0.74 0.7399999999999993
0.74 0.7399999999999993
0.74 0.7399999999999993
0.74 0.7399999999999993
0.74 0.7399999999999993
0.74 0.7399999999999993
0.74 0.7399999999999993
0.74 0.7399999999999993
0.74 0.7399999999999993
0.74 0.7399999999999993
0.74 0.7399999999999993
0.62 0.7367999999999992
0.43999999999999995 0.7364999999999992
0.74 0.7399999999999993
0.74 0.7399999999999993
0.74 0.7399999999999993
0.74 0.7399999999999993
0.74 0.7399999999999993
0.74 0.7399999999999993
0.74 0.7399999999999993
0.74 0.7399999999999993
0.74 0.7399999999999993
0.74 0.7399999999999993
0.74 0.7399999999999993
0.74 0.7399999999999993
0.74 0.7399999999999993
0.74 0.7399999999999993
0.74 0.7399999999999993
0.74 0.7399999999999993
0.74 0.7399999999999993
0.74 0.7399999999999993
0.74 0.7399999999999993
0.74 0.7399999999999993
0.74 0.7399999999999993
0.74 0.7399999999999993
0.74 0.7399999999999993
0.74 0.7399999999999993
0.74 0.7399999999999993
0.74 0.7399999999999993
0.74 0.7399999999999993
0.74 0.7399999999999993
0.74 0.7399999999999993
0.74 0.7399999999999993
0.74 0.7399999999999993
0.74 0.7399999999999993
0.74 0.7399999999999993
0.74 0.7399999999999993
0.74 0.7399999999999993
0.74 0.7399999999999993
0.74 0.7399999999999993
0.74 0.7399999999999993
0.74 0.7399999999999993
0.74 0.7399999999999993
0.74 0.7405999999999993
0.74 0.7400999999999992
0.43999999999999995 0.7198999999999978
0.43999999999999995 0.7356999999999992
0.43999999999999995 0.7384999999999993
0.74 0.7399999999999993
0.74 0.7399999999999993
0.43999999999999995 0.7354999999999993
0.43999999999999995 0.7199999999999988
0.43999999999999995 0.7101999999999988
0.43999999999999995 0.7018999999999987
0.43999999999999995 0.6718999999999979
0.43999999999999995 0.6630999999999984
0.43999999999999995 0.6844999999999984
0.43999999999999995 0.6528999999999985
0.43999999999999995 0.6601999999999982
0.43999999999999995 0.6407999999999984
0.43999999999999995 0.6282999999999983
0.43999999999999995 0.5875999999999987
0.43999999999999995 0.5745999999999986
0.43999999999999995 0.5405999999999986
0.43999999999999995 0.5207999999999989
0.43999999999999995 0.5065999999999986
0.43999999999999995 0.516399999999999
0.43999999999999995 0.4876999999999989
0.43999999999999995 0.4873999999999986
0.43999999999999995 0.4821999999999991
0.43999999999999995 0.4752999999999987
0.43999999999999995 0.4742999999999987
0.48 0.47129999999999866
0.48 0.48269999999999863
0.48 0.47759999999999864
0.48 0.4756999999999988
0.48 0.46359999999999874
0.48 0.6296999999999984
0.43999999999999995 0.720199999999999
0.43999999999999995 0.7279999999999991
0.43999999999999995 0.5508999999999983
0.43999999999999995 0.5378999999999984
0.74 0.7399999999999993
0.74 0.7399999999999993
0.43999999999999995 0.6331999999999984
0.43999999999999995 0.5833999999999986
0.43999999999999995 0.5330999999999988
0.43999999999999995 0.6225999999999986
0.43999999999999995 0.6883999999999986
0.43999999999999995 0.5982999999999985
0.43999999999999995 0.6147999999999985
0.43999999999999995 0.5318999999999988
0.74 0.7399999999999993
0.74 0.7399999999999993
0.74 0.7399999999999993
0.74 0.7399999999999993
0.74 0.7399999999999993
0.74 0.7399999999999993
0.74 0.7399999999999993
0.74 0.7399999999999993
0.74 0.7399999999999993
0.74 0.7399999999999993
0.74 0.7399999999999993
0.74 0.7399999999999993
0.43999999999999995 0.730999999999999
0.43999999999999995 0.7124999999999985
0.43999999999999995 0.7109999999999985
0.43999999999999995 0.6471999999999984
0.43999999999999995 0.7239999999999991
0.43999999999999995 0.6311999999999984
0.43999999999999995 0.5887999999999984
0.43999999999999995 0.5594999999999988
0.43999999999999995 0.5370999999999987
0.43999999999999995 0.5122999999999989
0.43999999999999995 0.4849999999999984
0.43999999999999995 0.46529999999999844
0.43999999999999995 0.5336999999999983
0.43999999999999995 0.4702999999999984
0.43999999999999995 0.4714999999999984
0.43999999999999995 0.47609999999999864
0.43999999999999995 0.48819999999999836
0.43999999999999995 0.49449999999999833
0.43999999999999995 0.5138999999999982
0.43999999999999995 0.5690999999999984
0.43999999999999995 0.5134999999999982
0.43999999999999995 0.4719999999999984
0.43999999999999995 0.4777999999999986
0.43999999999999995 0.4706999999999987
0.43999999999999995 0.5448999999999983
0.74 0.7399999999999993
0.74 0.7412999999999993
0.74 0.7399999999999993
0.74 0.7406999999999992
0.74 0.7399999999999993
0.74 0.7413999999999991
0.74 0.7400999999999992
0.74 0.7399999999999993
0.74 0.7399999999999993
0.74 0.7399999999999993
0.74 0.7399999999999993
0.74 0.7399999999999993
0.74 0.7399999999999993
0.62 0.7386999999999992
0.43999999999999995 0.7324999999999982
0.43999999999999995 0.7257000000000015
0.43999999999999995 0.6755999999999986
0.43999999999999995 0.6477999999999985
0.43999999999999995 0.6189999999999982
0.43999999999999995 0.5913999999999983
0.43999999999999995 0.6555999999999982
0.43999999999999995 0.5409999999999987
0.43999999999999995 0.5161999999999988
0.43999999999999995 0.6226999999999985
0.43999999999999995 0.5978999999999985
0.43999999999999995 0.6836999999999986
0.43999999999999995 0.6797999999999985
0.43999999999999995 0.7254999999999991
0.74 0.7399999999999993
0.74 0.7399999999999993
0.74 0.7399999999999993
0.74 0.7399999999999993
0.74 0.7399999999999993
0.74 0.7399999999999993
0.74 0.7399999999999993
0.74 0.7399999999999993
0.74 0.7399999999999993
0.74 0.7399999999999993
0.74 0.7399999999999993
0.74 0.7399999999999993
0.74 0.7399999999999993
0.74 0.7399999999999993
0.74 0.7399999999999993
0.74 0.7399999999999993
0.74 0.7399999999999993
0.74 0.7399999999999993
0.74 0.7399999999999993
0.74 0.7399999999999993
0.74 0.7399999999999993
0.74 0.7399999999999993
0.74 0.7399999999999993
0.74 0.7399999999999993
0.74 0.7399999999999993
0.74 0.7399999999999993
0.74 0.7399999999999993
0.74 0.7399999999999993
0.74 0.7399999999999993
0.74 0.7399999999999993
0.74 0.7399999999999993
0.74 0.7399999999999993
0.74 0.7399999999999993
0.74 0.7399999999999993
0.74 0.7399999999999993
0.74 0.7399999999999993
0.74 0.7399999999999993
0.74 0.7399999999999993
0.74 0.7399999999999993
0.74 0.7399999999999993
0.74 0.7399999999999993
0.74 0.7399999999999993
0.74 0.7399999999999993
0.74 0.7399999999999993
0.74 0.7399999999999993
0.74 0.7399999999999993
0.74 0.7399999999999993
0.74 0.7399999999999993
0.74 0.7399999999999993
0.74 0.7399999999999993
0.74 0.7399999999999993
0.74 0.7399999999999993
0.74 0.7399999999999993
0.74 0.7399999999999993
0.74 0.7399999999999993
0.74 0.7399999999999993
0.74 0.7399999999999993
0.74 0.7399999999999993
0.74 0.7399999999999993
0.74 0.7399999999999993
0.74 0.7399999999999993
0.74 0.7399999999999993
0.74 0.7399999999999993
0.74 0.7399999999999993
0.74 0.7399999999999993
0.74 0.7399999999999993
0.74 0.7399999999999993
0.74 0.7399999999999993
0.74 0.7399999999999993
0.74 0.7399999999999993
0.74 0.7399999999999993
0.74 0.7399999999999993
0.74 0.7399999999999993
0.74 0.7399999999999993
0.74 0.7399999999999993
0.74 0.7399999999999993
0.74 0.7399999999999993
0.74 0.7399999999999993
0.74 0.7399999999999993
0.74 0.7399999999999993
0.74 0.7399999999999993
0.74 0.7399999999999993
0.74 0.7399999999999993
0.74 0.7399999999999993
0.74 0.7399999999999993
0.74 0.7399999999999993
0.74 0.7399999999999993
0.74 0.7399999999999993
0.74 0.7399999999999993
0.74 0.7399999999999993
0.74 0.7399999999999993
