0.6799999999999999 0.6800000000000034
0.6799999999999999 0.6805000000000034
0.6799999999999999 0.6800000000000034
0.6799999999999999 0.6800000000000034
0.64 0.6785000000000035
0.64 0.6786000000000034
0.64 0.6776000000000034
0.64 0.6751000000000029
0.43999999999999995 0.6741000000000031
0.48 0.674600000000003
0.48 0.6495000000000032
0.36 0.6322000000000031
0.38 0.6486000000000028
0.48 0.6501000000000026
0.36 0.5351000000000015
0.36 0.4729000000000007
0.36 0.41810000000000047
0.36 0.3882
0.36 0.3715999999999995
0.36 0.37389999999999957
0.36 0.36439999999999956
0.36 0.40769999999999906
0.36 0.3630999999999996
0.30000000000000004 0.3597999999999996
0.30000000000000004 0.3603999999999995
0.30000000000000004 0.36159999999999975
0.36 0.4539000000000005
0.30000000000000004 0.35509999999999947
0.30000000000000004 0.35939999999999955
0.30000000000000004 0.35009999999999963
0.36 0.4799000000000002
0.36 0.37549999999999983
0.36 0.3617999999999996
0.36 0.44270000000000037
0.36 0.41639999999999966
0.36 0.4444999999999999
0.36 0.40550000000000014
0.38 0.4329000000000001
0.38 0.4134999999999998
0.38 0.4065000000000001
0.38 0.3963000000000001
0.38 0.3839000000000001
0.38 0.3800000000000001
0.38 0.36979999999999985
0.38 0.3786000000000005
0.38 0.3738000000000002
0.38 0.3726
0.36 0.3868999999999999
0.36 0.38569999999999977
0.36 0.3647999999999997
0.36 0.3631999999999999
0.36 0.3626999999999996
0.36 0.36409999999999987
0.36 0.3632999999999997
0.36 0.36389999999999967
0.36 0.3654999999999998
0.36 0.3648999999999997
0.36 0.36259999999999964
0.62 0.6709000000000035
0.36 0.3622999999999996
0.36 0.36499999999999966
0.38 0.6682000000000033
0.38 0.6628000000000029
0.18000000000000005 0.44230000000000025
0.38 0.6207999999999997
0.38 0.5981999999999998
0.36 0.4113000000000004
0.33999999999999997 0.5701
0.24 0.3676000000000005
0.19999999999999996 0.3658000000000006
0.24 0.37060000000000004
0.21999999999999997 0.37800000000000045
0.16000000000000003 0.4794000000000004
0.06000000000000005 0.3931000000000001
0.06000000000000005 0.33130000000000026
0.14 0.3300999999999999
0.06000000000000005 0.30229999999999985
0.12 0.31289999999999996
0.12 0.287
0.12 0.2723999999999999
0.33999999999999997 0.36830000000000007
0.30000000000000004 0.3635000000000002
0.18000000000000005 0.35529999999999995
0.18000000000000005 0.3548999999999999
0.12 0.2611000000000001
0.06000000000000005 0.18639999999999993
0.06000000000000005 0.15800000000000003
0.06000000000000005 0.13449999999999998
0.06000000000000005 0.11349999999999989
0.06000000000000005 0.10099999999999992
0.06000000000000005 0.08160000000000003
0.040000000000000036 0.31390000000000046
0.06000000000000005 0.07730000000000009
0.040000000000000036 0.28950000000000015
0.06000000000000005 0.2683000000000002
0.06000000000000005 0.23240000000000008
0.06000000000000005 0.2047000000000001
0.06000000000000005 0.18200000000000002
0.06000000000000005 0.14020000000000002
0.06000000000000005 0.11110000000000002
0.06000000000000005 0.08910000000000004
0.06000000000000005 0.07570000000000002
0.06000000000000005 0.06860000000000001
0.06000000000000005 0.0667
0.06000000000000005 0.06700000000000007
0.06000000000000005 0.06760000000000005
0.06000000000000005 0.08130000000000003
0.06000000000000005 0.06760000000000008
0.06000000000000005 0.05590000000000007
0.06000000000000005 0.05700000000000006
0.06000000000000005 0.055800000000000044
0.06000000000000005 0.05780000000000011
0.31999999999999995 0.32310000000000044
0.31999999999999995 0.3237000000000004
0.31999999999999995 0.32460000000000055
0.31999999999999995 0.3247000000000005
0.040000000000000036 0.23840000000000006
0.06000000000000005 0.15830000000000022
0.06000000000000005 0.14160000000000006
0.07999999999999996 0.16430000000000003
0.07999999999999996 0.11420000000000002
0.07999999999999996 0.1029000000000001
0.040000000000000036 0.11679999999999996
0.040000000000000036 0.10369999999999997
0.040000000000000036 0.09359999999999997
0.040000000000000036 0.056500000000000015
0.040000000000000036 0.07810000000000002
0.040000000000000036 0.05370000000000011
0.040000000000000036 0.05180000000000006
0.040000000000000036 0.05230000000000002
0.040000000000000036 0.05030000000000003
0.040000000000000036 0.05350000000000005
0.040000000000000036 0.05180000000000001
0.040000000000000036 0.05560000000000003
0.040000000000000036 0.05380000000000004
0.040000000000000036 0.04950000000000004
0.040000000000000036 0.04880000000000002
0.040000000000000036 0.05320000000000002
0.040000000000000036 0.05279999999999998
0.040000000000000036 0.0492
0.040000000000000036 0.04610000000000001
0.040000000000000036 0.050000000000000044
0.040000000000000036 0.049600000000000026
0.040000000000000036 0.04790000000000003
0.040000000000000036 0.04820000000000009
0.040000000000000036 0.04800000000000007
0.040000000000000036 0.04820000000000005
0.040000000000000036 0.049
0.040000000000000036 0.05020000000000005
0.040000000000000036 0.05060000000000007
0.040000000000000036 0.04829999999999999
0.040000000000000036 0.051500000000000046
0.040000000000000036 0.04920000000000005
0.040000000000000036 0.04860000000000006
0.040000000000000036 0.04920000000000004
0.040000000000000036 0.0483
0.040000000000000036 0.04890000000000001
0.040000000000000036 0.04550000000000003
0.040000000000000036 0.044300000000000034
0.040000000000000036 0.04960000000000005
0.040000000000000036 0.05840000000000006
0.040000000000000036 0.05360000000000003
0.040000000000000036 0.05240000000000003
0.040000000000000036 0.04799999999999999
0.040000000000000036 0.0484
0.040000000000000036 0.04690000000000004
0.040000000000000036 0.04400000000000001
0.040000000000000036 0.044700000000000045
0.040000000000000036 0.04440000000000002
0.040000000000000036 0.05030000000000003
0.040000000000000036 0.04760000000000002
0.040000000000000036 0.045000000000000054
0.040000000000000036 0.043000000000000045
0.040000000000000036 0.042800000000000046
0.040000000000000036 0.042200000000000015
0.040000000000000036 0.04750000000000004
0.040000000000000036 0.04370000000000002
0.040000000000000036 0.04520000000000001
0.040000000000000036 0.04790000000000001
0.36 0.3629999999999997
0.36 0.3624999999999997
0.36 0.3626999999999996
0.36 0.3649999999999997
0.36 0.36309999999999953
0.36 0.36209999999999964
0.36 0.36319999999999963
0.36 0.3616999999999997
0.040000000000000036 0.1519999999999998
0.040000000000000036 0.12709999999999996
0.040000000000000036 0.09760000000000002
0.36 0.36089999999999955
0.36 0.36209999999999964
0.36 0.3616999999999996
0.36 0.36459999999999965
0.36 0.36109999999999964
0.040000000000000036 0.15179999999999993
0.040000000000000036 0.12420000000000005
0.040000000000000036 0.10200000000000012
0.040000000000000036 0.08400000000000013
0.040000000000000036 0.06520000000000005
0.36 0.3611999999999995
0.36 0.3601999999999995
0.36 0.36079999999999957
0.36 0.36029999999999957
0.36 0.36059999999999953
0.36 0.36019999999999963
0.36 0.3621999999999996
0.36 0.3616999999999995
0.36 0.3610999999999996
0.36 0.36089999999999955
0.36 0.3629999999999995
0.36 0.3612999999999996
0.36 0.3602999999999995
0.36 0.3601999999999995
0.36 0.36029999999999957
0.36 0.36199999999999943
0.36 0.3599999999999996
0.36 0.36019999999999963
0.36 0.3615999999999996
0.040000000000000036 0.19640000000000005
0.040000000000000036 0.15850000000000006
0.040000000000000036 0.11789999999999995
0.040000000000000036 0.09439999999999996
0.040000000000000036 0.07899999999999999
0.36 0.3617999999999995
0.36 0.3659999999999995
0.36 0.3624999999999996
0.36 0.36209999999999953
0.36 0.3611999999999995
0.36 0.3610999999999996
0.36 0.3610999999999996
0.36 0.3610999999999996
0.36 0.36009999999999953
0.36 0.36209999999999953
0.36 0.40629999999999944
0.36 0.3939999999999997
0.36 0.38299999999999995
0.36 0.3754999999999999
0.36 0.37250000000000005
0.36 0.37169999999999964
0.36 0.3670999999999996
0.36 0.3630999999999996
0.36 0.36309999999999965
0.36 0.3626999999999996
0.36 0.36149999999999965
0.36 0.36159999999999953
0.36 0.36139999999999955
0.36 0.3616999999999995
0.36 0.3609999999999996
0.36 0.36039999999999955
0.36 0.36079999999999957
0.36 0.3599999999999996
0.36 0.36079999999999957
0.36 0.36059999999999953
0.36 0.3606999999999995
0.36 0.3606999999999995
0.36 0.36089999999999955
0.36 0.3602999999999995
0.36 0.36029999999999957
0.36 0.3601999999999995
0.36 0.36079999999999957
0.36 0.36179999999999957
0.36 0.36149999999999954
0.36 0.36349999999999966
0.36 0.3610999999999996
0.36 0.36249999999999966
0.36 0.3604999999999996
0.36 0.36049999999999954
0.36 0.3621999999999996
0.36 0.36149999999999954
0.36 0.3612999999999996
0.36 0.3647999999999997
0.36 0.3634999999999996
0.36 0.3610999999999995
0.36 0.3610999999999996
0.36 0.36049999999999954
0.36 0.36209999999999953
0.36 0.36049999999999954
0.36 0.3601999999999995
0.36 0.36039999999999955
0.36 0.3605999999999996
0.36 0.36039999999999955
0.36 0.36039999999999955
0.36 0.3605999999999996
0.36 0.36009999999999953
0.36 0.3606999999999996
0.36 0.36079999999999957
0.36 0.3612999999999995
0.36 0.3616999999999995
0.36 0.36039999999999955
0.36 0.3603999999999995
0.36 0.3602999999999995
0.36 0.3599999999999996
0.36 0.3616999999999996
0.36 0.36009999999999953
0.36 0.36009999999999953
0.36 0.3605999999999996
0.36 0.3617999999999995
0.36 0.36029999999999957
0.36 0.36019999999999963
0.36 0.3599999999999996
0.36 0.3604999999999996
0.36 0.3602999999999995
0.36 0.3612999999999996
0.36 0.3610999999999996
0.36 0.36089999999999955
0.36 0.36239999999999944
0.36 0.36059999999999953
0.36 0.3604999999999996
0.36 0.36049999999999954
0.36 0.3606999999999996
0.06000000000000005 0.2850999999999999
0.06000000000000005 0.2716999999999999
0.06000000000000005 0.23649999999999996
0.06000000000000005 0.16859999999999992
0.06000000000000005 0.1605999999999999
0.06000000000000005 0.1291
0.06000000000000005 0.11309999999999992
0.06000000000000005 0.0667
0.06000000000000005 0.08139999999999992
0.06000000000000005 0.07959999999999995
0.06000000000000005 0.0791999999999999
0.06000000000000005 0.07569999999999992
0.06000000000000005 0.07769999999999988
0.06000000000000005 0.07009999999999988
0.06000000000000005 0.06479999999999991
0.06000000000000005 0.06459999999999994
0.06000000000000005 0.06619999999999994
0.06000000000000005 0.07259999999999993
0.06000000000000005 0.06309999999999998
0.06000000000000005 0.06309999999999992
0.06000000000000005 0.06399999999999995
0.06000000000000005 0.06629999999999989
0.06000000000000005 0.07149999999999988
0.06000000000000005 0.07039999999999991
0.36 0.3612999999999995
0.06000000000000005 0.06469999999999994
0.06000000000000005 0.06199999999999997
0.36 0.3617999999999995
0.36 0.36359999999999965
0.36 0.36119999999999963
0.06000000000000005 0.0687999999999999
0.06000000000000005 0.06219999999999993
0.06000000000000005 0.06139999999999996
0.36 0.36399999999999955
0.36 0.3599999999999996
0.36 0.36049999999999954
0.36 0.3599999999999996
0.36 0.36259999999999964
0.36 0.3608999999999996
0.36 0.3609999999999996
0.36 0.3936999999999997
0.36 0.37770000000000004
0.45999999999999996 0.6667000000000028
0.36 0.3682
0.040000000000000036 0.10139999999999989
0.36 0.36459999999999987
0.36 0.3621999999999997
0.5 0.6613000000000032
0.36 0.3616999999999996
0.36 0.3627999999999997
0.36 0.3629999999999997
0.36 0.3629999999999995
0.36 0.3622999999999997
0.36 0.3632999999999998
0.36 0.36079999999999957
0.36 0.6177000000000027
0.36 0.5890000000000029
0.36 0.49890000000000095
0.36 0.5048000000000011
0.36 0.4759000000000008
0.36 0.40079999999999977
0.36 0.3797999999999997
0.36 0.3717999999999997
0.36 0.3654999999999997
0.36 0.3623999999999995
0.36 0.36119999999999947
0.36 0.3603999999999995
0.36 0.3618999999999996
0.36 0.36019999999999963
0.36 0.3851000000000002
0.36 0.36029999999999957
0.36 0.37020000000000025
0.36 0.3599999999999996
0.36 0.3599999999999996
0.36 0.3599999999999996
0.36 0.3629999999999996
0.36 0.36049999999999954
0.36 0.36039999999999955
0.36 0.3608999999999996
0.36 0.3612999999999997
0.36 0.3632999999999996
0.36 0.3632999999999996
0.36 0.3607999999999995
0.36 0.3606999999999996
0.36 0.3613999999999995
0.36 0.3601999999999995
0.36 0.36029999999999957
0.36 0.3604999999999996
0.36 0.3607999999999996
0.36 0.3606999999999995
0.36 0.36009999999999953
0.36 0.3602999999999995
0.36 0.36079999999999957
0.36 0.37159999999999976
0.36 0.36009999999999953
0.36 0.36569999999999936
0.36 0.36049999999999954
0.36 0.3603999999999996
0.36 0.3619999999999996
0.36 0.38829999999999965
0.36 0.3599999999999996
0.36 0.37349999999999994
0.36 0.36750000000000005
0.36 0.36139999999999955
0.36 0.3603999999999996
0.36 0.36009999999999953
0.36 0.3620999999999996
0.36 0.3599999999999996
0.36 0.3599999999999996
0.36 0.3599999999999996
0.36 0.3599999999999996
0.36 0.36039999999999955
0.36 0.36009999999999953
0.36 0.36339999999999967
0.36 0.3637999999999997
0.36 0.3624999999999996
0.36 0.3663999999999997
0.36 0.3604999999999995
0.36 0.36079999999999957
0.36 0.36079999999999957
0.36 0.36049999999999954
0.36 0.36049999999999954
0.36 0.36139999999999967
0.36 0.3621999999999996
0.36 0.36199999999999966
0.36 0.36199999999999966
0.36 0.36229999999999957
0.36 0.3620999999999996
0.36 0.36249999999999966
0.36 0.3633999999999997
0.36 0.3679999999999998
0.36 0.3660999999999997
0.36 0.3636999999999999
0.36 0.3655999999999999
0.36 0.36419999999999964
0.36 0.36449999999999977
0.36 0.36669999999999975
0.36 0.3633999999999996
0.36 0.3634999999999997
0.36 0.3634999999999997
0.36 0.36439999999999967
0.36 0.3655999999999998
0.36 0.3652999999999998
0.36 0.36479999999999974
0.36 0.3632999999999997
0.36 0.36359999999999965
0.36 0.36509999999999976
0.36 0.3635999999999997
0.36 0.3633999999999997
0.36 0.36429999999999974
0.36 0.36499999999999966
0.36 0.3672999999999997
0.36 0.3657999999999998
0.36 0.36499999999999977
0.36 0.3649999999999997
0.36 0.36379999999999973
0.14 0.35230000000000017
0.38 0.3636999999999997
0.38 0.3626999999999997
0.36 0.36039999999999955
0.36 0.3602999999999995
0.36 0.3602999999999995
0.36 0.36009999999999953
0.36 0.3601999999999995
0.06000000000000005 0.3231999999999999
0.040000000000000036 0.29700000000000004
0.36 0.36079999999999957
0.36 0.36059999999999953
0.36 0.36179999999999957
0.36 0.36029999999999957
0.36 0.3601999999999995
0.07999999999999996 0.262
0.040000000000000036 0.22049999999999975
0.040000000000000036 0.2044999999999997
0.040000000000000036 0.18319999999999978
0.36 0.36079999999999957
0.36 0.3599999999999996
0.36 0.3610999999999996
0.36 0.36059999999999953
0.06000000000000005 0.19799999999999968
0.36 0.3599999999999996
0.36 0.3599999999999996
0.36 0.3599999999999996
0.36 0.3618999999999996
0.36 0.36209999999999964
0.36 0.3616999999999997
0.36 0.3626999999999997
0.36 0.36309999999999965
0.36 0.36139999999999955
