0.43999999999999995 0.6579999999999998
0.28 0.6584999999999995
0.43999999999999995 0.6317999999999997
0.36 0.6492999999999997
0.16000000000000003 0.6654999999999995
0.48 0.6621999999999997
0.24 0.6638999999999993
0.48 0.6641999999999993
0.43999999999999995 0.6586999999999995
0.42000000000000004 0.6813999999999991
0.06000000000000005 0.6732999999999991
0.43999999999999995 0.6522999999999992
0.43999999999999995 0.6509999999999991
0.43999999999999995 0.6442999999999995
0.43999999999999995 0.6469999999999991
0.48 0.6528999999999994
0.16000000000000003 0.6264999999999993
0.24 0.6242999999999994
0.43999999999999995 0.6523999999999994
0.19999999999999996 0.6409999999999993
0.43999999999999995 0.6251999999999996
0.43999999999999995 0.6429999999999997
0.43999999999999995 0.6713999999999993
0.43999999999999995 0.6630999999999991
0.43999999999999995 0.6616999999999991
0.16000000000000003 0.6657999999999994
0.16000000000000003 0.6776999999999993
0.12 0.6374999999999994
0.19999999999999996 0.6429999999999992
0.16000000000000003 0.6092999999999994
0.43999999999999995 0.6158999999999994
0.040000000000000036 0.6214999999999995
0.040000000000000036 0.5881999999999994
0.040000000000000036 0.5701999999999995
0.040000000000000036 0.5819999999999994
0.040000000000000036 0.5846999999999994
0.45999999999999996 0.6865999999999994
0.09999999999999998 0.5870999999999994
0.28 0.6662999999999993
0.18000000000000005 0.6486999999999994
0.4 0.6530999999999995
0.45999999999999996 0.6718999999999995
0.42000000000000004 0.6613999999999991
0.19999999999999996 0.6246999999999996
0.040000000000000036 0.5774999999999995
0.040000000000000036 0.5412999999999997
0.040000000000000036 0.5114999999999997
0.040000000000000036 0.4927
0.040000000000000036 0.4694999999999998
0.040000000000000036 0.4817999999999996
0.12 0.6157999999999993
0.18000000000000005 0.6323999999999993
0.12 0.6456999999999996
0.14 0.5895999999999993
0.06000000000000005 0.5780999999999996
0.14 0.5458
0.09999999999999998 0.5146000000000002
0.06000000000000005 0.4829000000000003
0.06000000000000005 0.41619999999999985
0.06000000000000005 0.40549999999999997
0.06000000000000005 0.3918
0.06000000000000005 0.34480000000000016
0.06000000000000005 0.4178999999999998
0.06000000000000005 0.4105000000000001
0.06000000000000005 0.37790000000000035
0.06000000000000005 0.35510000000000014
0.06000000000000005 0.3598000000000001
0.06000000000000005 0.3255000000000002
0.06000000000000005 0.3499000000000003
0.06000000000000005 0.4074000000000004
0.06000000000000005 0.3207999999999999
0.06000000000000005 0.30590000000000017
0.06000000000000005 0.27200000000000035
0.06000000000000005 0.37810000000000044
0.06000000000000005 0.3161000000000003
0.07999999999999996 0.3329000000000001
0.06000000000000005 0.32930000000000026
0.06000000000000005 0.34950000000000003
0.06000000000000005 0.3085000000000002
0.06000000000000005 0.3270000000000004
0.06000000000000005 0.34100000000000025
0.06000000000000005 0.2958000000000002
0.040000000000000036 0.37860000000000066
0.040000000000000036 0.3311000000000003
0.040000000000000036 0.32680000000000026
0.040000000000000036 0.3007000000000002
0.040000000000000036 0.26
0.040000000000000036 0.3187000000000002
0.040000000000000036 0.3817000000000001
0.040000000000000036 0.3539
0.040000000000000036 0.33789999999999987
0.040000000000000036 0.3152000000000002
0.040000000000000036 0.30720000000000003
0.040000000000000036 0.30490000000000017
0.040000000000000036 0.3156000000000001
0.040000000000000036 0.42360000000000037
0.040000000000000036 0.4254000000000002
0.040000000000000036 0.33190000000000003
0.040000000000000036 0.40930000000000016
0.09999999999999998 0.28190000000000004
0.09999999999999998 0.2762
0.09999999999999998 0.32310000000000033
0.09999999999999998 0.26160000000000005
0.09999999999999998 0.25600000000000006
0.09999999999999998 0.30759999999999993
0.09999999999999998 0.3048999999999999
0.09999999999999998 0.2592000000000001
0.09999999999999998 0.2620000000000001
0.09999999999999998 0.4084999999999998
0.07999999999999996 0.2632000000000002
0.09999999999999998 0.3052000000000002
0.09999999999999998 0.2691000000000001
0.09999999999999998 0.2954000000000001
0.09999999999999998 0.28680000000000017
0.09999999999999998 0.33290000000000025
0.07999999999999996 0.22140000000000004
0.07999999999999996 0.22500000000000006
0.07999999999999996 0.24789999999999998
0.07999999999999996 0.21660000000000007
0.07999999999999996 0.23390000000000005
0.07999999999999996 0.21439999999999998
0.07999999999999996 0.3278999999999998
0.07999999999999996 0.3409000000000003
0.07999999999999996 0.2992000000000001
0.07999999999999996 0.3483999999999999
0.07999999999999996 0.28690000000000004
0.07999999999999996 0.2721999999999999
0.09999999999999998 0.2852000000000001
0.09999999999999998 0.2965000000000002
0.07999999999999996 0.2611000000000001
0.07999999999999996 0.24630000000000007
0.07999999999999996 0.22130000000000005
0.07999999999999996 0.19880000000000014
0.07999999999999996 0.25710000000000005
0.07999999999999996 0.24420000000000028
0.07999999999999996 0.19500000000000017
0.07999999999999996 0.2167000000000001
0.07999999999999996 0.21890000000000015
0.07999999999999996 0.19699999999999995
0.07999999999999996 0.30139999999999983
0.07999999999999996 0.28230000000000005
0.07999999999999996 0.2400999999999999
0.07999999999999996 0.27020000000000005
0.07999999999999996 0.2938
0.07999999999999996 0.2798000000000002
0.07999999999999996 0.24290000000000028
0.07999999999999996 0.23520000000000008
0.07999999999999996 0.2530000000000001
0.07999999999999996 0.2557
0.07999999999999996 0.2856000000000003
0.07999999999999996 0.2595000000000002
0.07999999999999996 0.2809000000000001
0.07999999999999996 0.2575000000000001
0.07999999999999996 0.2775000000000002
0.07999999999999996 0.28010000000000024
0.07999999999999996 0.2847000000000005
0.07999999999999996 0.30580000000000035
0.07999999999999996 0.29840000000000005
0.07999999999999996 0.2633000000000003
0.07999999999999996 0.24530000000000018
0.07999999999999996 0.26190000000000024
0.07999999999999996 0.23410000000000003
0.07999999999999996 0.24189999999999975
0.07999999999999996 0.23710000000000012
0.07999999999999996 0.2034000000000001
0.07999999999999996 0.21240000000000012
0.07999999999999996 0.18160000000000004
0.07999999999999996 0.16879999999999998
0.07999999999999996 0.17660000000000006
0.07999999999999996 0.23280000000000015
0.07999999999999996 0.19980000000000017
0.07999999999999996 0.24320000000000014
0.07999999999999996 0.2328
0.07999999999999996 0.22290000000000001
0.07999999999999996 0.3001000000000001
0.07999999999999996 0.22650000000000017
0.07999999999999996 0.20360000000000003
0.07999999999999996 0.22050000000000003
0.07999999999999996 0.2421
0.07999999999999996 0.28070000000000017
0.07999999999999996 0.34850000000000003
0.07999999999999996 0.21510000000000018
0.07999999999999996 0.4065999999999999
0.07999999999999996 0.22540000000000013
0.07999999999999996 0.24280000000000013
0.07999999999999996 0.4412999999999996
0.43999999999999995 0.4761999999999989
0.07999999999999996 0.4132999999999994
0.07999999999999996 0.39599999999999946
0.07999999999999996 0.2612000000000001
0.07999999999999996 0.3091999999999999
0.07999999999999996 0.29810000000000003
0.07999999999999996 0.2690000000000001
0.07999999999999996 0.23780000000000012
0.07999999999999996 0.21440000000000015
0.07999999999999996 0.2268000000000001
0.09999999999999998 0.26249999999999996
0.12 0.23800000000000007
0.07999999999999996 0.24470000000000008
0.09999999999999998 0.2741000000000001
0.09999999999999998 0.24090000000000023
0.07999999999999996 0.24240000000000012
0.07999999999999996 0.2237
0.07999999999999996 0.20150000000000015
0.07999999999999996 0.18030000000000007
0.07999999999999996 0.16180000000000005
0.07999999999999996 0.21420000000000017
0.07999999999999996 0.2057
0.07999999999999996 0.18030000000000002
0.07999999999999996 0.4567999999999991
0.07999999999999996 0.43349999999999933
0.07999999999999996 0.21850000000000008
0.07999999999999996 0.30400000000000005
0.07999999999999996 0.4731999999999993
0.07999999999999996 0.37739999999999996
0.07999999999999996 0.25890000000000013
0.43999999999999995 0.4