0.89 0.4250999999999978
0.92 0.46660999999999897
0.92 0.5025399999999994
0.93 0.5378000000000003
0.97 0.561359999999999
0.97 0.5829300000000008
0.97 0.6053700000000015
0.97 0.6225699999999996
0.98 0.6443399999999985
0.98 0.6733499999999996
0.98 0.6887099999999975
0.98 0.7028499999999926
0.98 0.7142399999999909
0.98 0.7254699999999875
0.98 0.7336699999999902
0.98 0.7432899999999952
0.98 0.7476199999999957
0.98 0.742579999999999
0.98 0.74685
0.98 0.7570200000000006
0.98 0.7556699999999996
0.98 0.7512699999999972
0.98 0.7750900000000042
0.98 0.7786700000000044
0.98 0.782320000000003
0.98 0.7769300000000041
0.98 0.7771700000000025
0.98 0.7753600000000027
0.98 0.7774100000000047
0.98 0.7892800000000058
0.98 0.7809300000000033
0.98 0.765289999999998
0.98 0.7794900000000035
0.98 0.778140000000003
0.98 0.7761400000000029
0.98 0.7782800000000056
0.98 0.7714000000000025
0.98 0.768510000000002
0.98 0.7744700000000031
0.98 0.7836200000000042
0.98 0.7816200000000056
0.98 0.7887300000000039
0.98 0.7856400000000042
0.98 0.7897300000000043
0.98 0.7867600000000061
0.98 0.796860000000002
0.98 0.7979000000000045
0.98 0.8015600000000044
0.98 0.8177000000000038
0.98 0.8207400000000032
0.98 0.8218900000000063
0.98 0.8351300000000045
0.98 0.8283700000000055
0.98 0.8291100000000047
0.98 0.8365400000000034
0.98 0.8490500000000043
0.98 0.8381100000000045
0.98 0.8402800000000031
0.98 0.8556300000000041
0.98 0.8584300000000028
0.98 0.8579600000000035
0.98 0.8555800000000033
0.98 0.8685900000000029
0.98 0.8670600000000019
0.98 0.8755300000000017
0.98 0.8753100000000018
0.98 0.8761400000000019
0.98 0.8730600000000008
0.98 0.8709400000000024
0.98 0.8747700000000025
0.98 0.8789400000000037
0.98 0.8801200000000055
0.98 0.8749700000000075
0.98 0.8749300000000038
0.98 0.8831700000000045
0.98 0.8806400000000056
0.98 0.8832600000000076
0.98 0.8758900000000052
0.98 0.8727200000000007
0.98 0.8708300000000024
0.98 0.8767300000000015
0.98 0.8762000000000038
0.98 0.8723600000000031
0.98 0.8749800000000031
0.98 0.8684800000000015
0.98 0.8797500000000057
0.98 0.8805700000000062
0.98 0.881170000000009
0.98 0.8813400000000071
0.98 0.8810800000000067
0.98 0.8885100000000072
0.98 0.8863900000000059
0.98 0.8856800000000081
0.98 0.8943200000000078
0.98 0.8909300000000075
0.98 0.8916400000000065
0.98 0.8867100000000084
0.98 0.8850900000000091
0.98 0.8886900000000095
0.98 0.892170000000007
