0.91 0.4068300000000041
0.95 0.45444000000000523
0.95 0.48185000000000505
0.97 0.5036700000000045
0.97 0.5276700000000054
0.97 0.5557500000000042
0.97 0.5840000000000016
0.97 0.5960900000000051
0.97 0.6180900000000051
0.97 0.6392700000000057
0.97 0.6641400000000052
0.97 0.6768200000000023
0.97 0.6922999999999988
0.97 0.7086099999999957
0.97 0.7231399999999926
0.97 0.7279299999999927
0.97 0.7340299999999903
0.97 0.7374499999999896
0.97 0.7442899999999885
0.97 0.7514999999999861
0.97 0.7455699999999876
0.97 0.7554899999999861
0.97 0.751909999999987
0.97 0.758309999999986
0.97 0.7629799999999869
0.97 0.7730099999999908
0.97 0.7726299999999913
0.97 0.7773599999999914
0.97 0.7927399999999929
0.97 0.8039199999999933
0.97 0.7964499999999948
0.97 0.7996299999999948
0.97 0.8121199999999982
0.97 0.8103299999999999
0.97 0.8246399999999992
0.97 0.8238499999999972
0.97 0.8250299999999978
0.97 0.8077499999999976
0.97 0.8123099999999993
0.97 0.8151900000000005
0.97 0.8296200000000007
0.97 0.8350000000000012
0.97 0.834729999999999
0.97 0.84246
0.97 0.8347500000000007
0.97 0.8313999999999999
0.97 0.835700000000001
0.97 0.8324700000000013
0.97 0.835030000000001
0.97 0.843609999999998
0.97 0.8436299999999989
0.97 0.8394100000000011
0.97 0.8543800000000009
0.97 0.849660000000002
0.97 0.8413000000000003
0.97 0.8495400000000017
0.97 0.8440100000000011
0.97 0.8477500000000011
0.97 0.8427500000000007
0.97 0.8440800000000008
0.97 0.8413600000000002
0.97 0.8383400000000008
0.97 0.8361699999999994
0.97 0.8318799999999982
0.97 0.8367800000000002
0.97 0.8340499999999988
0.97 0.8304999999999991
0.97 0.8330699999999994
0.97 0.8444800000000011
0.97 0.8556199999999996
0.97 0.8527700000000017
0.97 0.8518200000000007
0.97 0.8354899999999993
0.97 0.8419500000000018
0.97 0.8538099999999968
0.97 0.8429500000000002
0.97 0.8347500000000018
0.98 0.8429799999999994
0.98 0.8431499999999987
0.98 0.8436999999999971
0.98 0.848799999999996
0.98 0.8528999999999987
0.98 0.847259999999999
0.98 0.8571599999999978
0.98 0.8519199999999953
0.98 0.8573299999999967
0.98 0.8572799999999945
0.98 0.8488099999999978
0.98 0.8548599999999971
0.98 0.8589299999999975
0.98 0.8480499999999994
0.98 0.8510199999999987
0.98 0.8506199999999988
0.98 0.8493299999999957
0.98 0.8480699999999968
0.98 0.8443599999999956
0.98 0.845949999999997
0.98 0.8482799999999948
0.98 0.8518599999999955
0.98 0.856229999999995
