0.68 0.3689999999999998
0.68 0.37739999999999907
0.68 0.3729499999999991
0.68 0.40529999999999783
0.66 0.42679999999999835
0.86 0.3890499999999988
0.68 0.4053999999999984
0.82 0.4192499999999984
0.73 0.3875499999999985
0.74 0.40389999999999915
0.86 0.43059999999999926
0.71 0.4413999999999991
0.78 0.43714999999999904
0.68 0.4228999999999995
0.96 0.5039499999999999
0.84 0.5501499999999999
0.9 0.5612999999999999
0.97 0.5744500000000001
0.81 0.5252999999999993
0.97 0.6329500000000003
0.93 0.5584500000000001
0.91 0.5682500000000003
0.96 0.5875499999999991
0.84 0.5287999999999997
0.93 0.5744000000000002
0.93 0.6064999999999996
0.9 0.5504499999999999
0.83 0.5467499999999997
0.78 0.5094499999999996
0.9 0.6005999999999994
0.77 0.5071999999999991
0.68 0.543249999999999
0.68 0.4593999999999976
0.68 0.4393499999999979
0.66 0.3552999999999993
0.64 0.4235999999999979
0.68 0.39314999999999856
0.73 0.4886999999999986
0.71 0.4876499999999993
0.78 0.42504999999999776
0.69 0.45334999999999825
0.68 0.4927499999999997
0.95 0.5294499999999995
0.69 0.475049999999999
0.72 0.5576999999999995
0.97 0.5609499999999996
0.97 0.43974999999999725
0.97 0.4843999999999986
0.68 0.45589999999999825
0.68 0.45964999999999767
0.68 0.48339999999999833
0.72 0.5458999999999985
0.72 0.562749999999999
0.83 0.5780999999999988
0.83 0.5871999999999988
0.83 0.5772999999999986
0.87 0.5737999999999983
0.93 0.5988499999999981
0.93 0.6586499999999988
0.96 0.5634499999999989
0.93 0.6597499999999998
0.93 0.5539499999999987
0.93 0.7586000000000007
0.93 0.8016999999999999
0.93 0.8109999999999998
0.93 0.6430500000000002
0.73 0.6153999999999997
0.93 0.5866499999999992
0.93 0.7036000000000006
0.93 0.7603000000000002
0.93 0.816700000000001
0.93 0.8650500000000014
0.98 0.8602000000000001
0.98 0.8956000000000013
0.96 0.6770499999999997
0.93 0.6689499999999995
0.93 0.6288500000000002
0.92 0.5279499999999998
0.93 0.6909000000000012
0.93 0.7174499999999999
0.93 0.6459999999999999
0.96 0.8359999999999985
0.96 0.7141000000000024
0.97 0.6888500000000021
0.96 0.6815500000000019
0.89 0.5916000000000002
0.91 0.6143000000000011
0.91 0.528750000000002
0.68 0.5429499999999983
0.68 0.3851999999999986
0.84 0.3989499999999987
0.68 0.4834499999999992
0.93 0.6410999999999991
0.96 0.6429
0.96 0.7406500000000014
0.96 0.7352999999999998
0.96 0.7878999999999994
0.96 0.7015000000000002
0.96 0.7809999999999989
0.96 0.8059499999999986
0.96 0.8753000000000012
0.96 0.8648500000000005
0.96 0.8455500000000018
0.96 0.8835000000000015
0.96 0.6936999999999999
0.96 0.6462
0.96 0.6634500000000001
0.96 0.6459999999999998
0.93 0.5974999999999995
0.93 0.6191999999999998
0.96 0.41804999999999815
0.96 0.4826999999999969
0.97 0.566099999999998
0.96 0.4896999999999978
0.63 0.3595999999999993
0.63 0.3696999999999989
0.54 0.3256000000000001
0.63 0.33944999999999986
0.63 0.3752999999999988
0.64 0.3906499999999988
0.74 0.43904999999999744
0.63 0.374249999999999
0.63 0.4505999999999976
0.67 0.5212499999999997
0.63 0.3891499999999985
0.67 0.5488000000000003
0.63 0.42544999999999794
0.96 0.6220500000000004
0.81 0.5032999999999985
0.72 0.4370499999999977
0.72 0.49114999999999853
0.96 0.6883500000000002
0.96 0.7316000000000007
0.88 0.5273999999999991
0.87 0.5780499999999994
0.87 0.61615
0.97 0.703350000000001
0.96 0.6099500000000004
0.68 0.5830999999999997
0.96 0.6219500000000009
0.96 0.7687500000000022
0.93 0.4480999999999974
0.33 0.32030000000000025
0.33 0.3207000000000002
0.33 0.32085000000000025
0.35 0.3212500000000002
0.35 0.32250000000000023
0.96 0.4758499999999976
0.96 0.5900499999999992
0.35 0.3229500000000002
0.96 0.5785499999999988
0.39 0.3257499999999999
0.96 0.5491999999999986
0.39 0.3292499999999995
0.96 0.8101999999999999
0.96 0.6634499999999995
0.59 0.3369999999999992
0.59 0.34514999999999896
0.96 0.36609999999999915
0.59 0.36774999999999963
0.92 0.4075499999999988
0.84 0.4280999999999988
0.74 0.4572499999999996
0.96 0.5809500000000002
0.84 0.5364000000000002
0.85 0.5265500000000006
0.82 0.5703500000000004
0.92 0.6205499999999996
0.96 0.7676500000000006
0.95 0.7940499999999995
0.96 0.8554499999999997
0.96 0.8773000000000009
0.96 0.8800500000000006
0.96 0.8467000000000006
0.96 0.9093000000000013
0.96 0.91555
0.96 0.8351500000000004
0.96 0.9190500000000013
0.96 0.9318500000000014
0.96 0.9482
0.96 0.9420999999999985
0.96 0.8070500000000023
0.96 0.8693000000000015
0.96 0.9463499999999976
0.96 0.9254999999999969
0.96 0.8741499999999987
0.97 0.8512999999999981
0.97 0.8461499999999983
0.97 0.9144499999999977
0.97 0.9324999999999981
0.97 0.8122999999999991
0.97 0.8679499999999976
0.97 0.8397999999999988
0.97 0.9251499999999996
0.96 0.8750999999999992
0.97 0.7056499999999994
0.97 0.9500499999999994
0.96 0.9313999999999986
0.97 0.7455999999999986
0.97 0.7412499999999987
0.97 0.781249999999998
0.96 0.8664499999999965
0.97 0.9131499999999976
0.96 0.9299999999999977
0.97 0.8889999999999973
0.97 0.9309999999999987
0.97 0.8686999999999994
0.97 0.8789499999999998
0.99 0.7908999999999966
0.99 0.9124999999999975
0.99 0.9407999999999985
0.97 0.9490499999999982
0.96 0.9446999999999993
0.97 0.9603000000000003
0.96 0.9551500000000006
0.96 0.9541000000000005
0.96 0.9547000000000005
0.96 0.9526500000000007
0.96 0.9503500000000004
0.96 0.9570500000000005
0.97 0.9531000000000001
0.97 0.9442499999999998
0.97 0.9523500000000005
0.97 0.9484500000000001
0.97 0.9502499999999994
0.97 0.9515999999999997
0.98 0.9600000000000013
0.98 0.9632000000000008
0.98 0.8854500000000007
0.98 0.8116499999999993
0.97 0.6958500000000016
0.98 0.8720499999999971
0.97 0.8721999999999973
0.96 0.6630000000000025
0.96 0.7367500000000018
0.96 0.9372999999999985
0.96 0.4660000000000006
0.96 0.527650000000002
0.96 0.884049999999998
0.96 0.9471
0.97 0.9483
0.98 0.9555499999999997
0.97 0.9585999999999992
0.97 0.7862500000000006
0.97 0.7970999999999988
0.98 0.9405999999999979
0.98 0.9426999999999989
0.98 0.87145
0.97 0.5806500000000018
0.96 0.5191500000000012
0.97 0.7648999999999998
0.97 0.8477500000000014
0.97 0.6280000000000019
0.97 0.5497000000000019
0.84 0.45615000000000117
0.97 0.5641000000000005
0.97 0.7408500000000005
0.97 0.7342999999999997
0.89 0.6737500000000005
0.92 0.7238000000000017
0.9 0.732450000000001
0.96 0.7911499999999996
0.96 0.8098999999999995
0.96 0.6927000000000008
0.98 0.7764999999999997
0.98 0.8060000000000004
0.97 0.6991999999999997
0.97 0.7451500000000005
0.97 0.8665000000000012
0.97 0.8609999999999998
0.97 0.8694500000000018
0.97 0.8901000000000026
0.98 0.9048500000000028
0.98 0.886700000000003
0.98 0.8981500000000031
0.98 0.910350000000002
0.97 0.8924500000000016
0.98 0.8984500000000017
0.96 0.8882500000000022
0.98 0.9254000000000013
0.98 0.9373500000000005
0.98 0.9456499999999994
0.98 0.9356000000000003
0.98 0.9508999999999969
0.98 0.9377499999999982
0.98 0.9047499999999996
0.98 0.9400999999999976
0.98 0.9419999999999973
0.98 0.9561499999999987
0.98 0.86315
0.98 0.8927499999999999
0.98 0.9413999999999981
0.98 0.9130499999999979
0.98 0.90495
0.98 0.8246999999999984
0.98 0.848799999999998
0.98 0.9156499999999974
0.98 0.9413999999999986
0.98 0.9589999999999997
0.98 0.9705499999999999
0.98 0.957500000000002
0.98 0.9268000000000012
0.98 0.9698999999999988
0.99 0.9341500000000011
0.99 0.9609499999999987
0.99 0.9657499999999984
0.99 0.9727499999999981
0.99 0.8609500000000017
0.99 0.8233999999999995
0.99 0.9210000000000003
0.99 0.9642500000000007
0.99 0.9720499999999987
0.99 0.8944500000000023
0.99 0.9604999999999988
0.99 0.9609000000000002
0.99 0.9691499999999982
0.99 0.9281000000000013
0.99 0.7854500000000002
0.99 0.8178500000000009
0.99 0.8382999999999998
0.98 0.8540000000000009
0.98 0.8543500000000013
0.99 0.9523999999999977
0.98 0.9671999999999988
0.98 0.9616999999999996
0.99 0.880499999999998
0.99 0.9184999999999984
0.99 0.9640499999999983
0.99 0.9825499999999968
0.99 0.982599999999997
0.99 0.9394999999999974
0.99 0.9584999999999987
0.99 0.9619499999999972
0.99 0.9544499999999984
0.99 0.9657999999999989
0.99 0.9673999999999977
0.99 0.9019000000000004
0.99 0.8419999999999984
0.99 0.8887000000000007
0.99 0.885450000000002
0.99 0.9099000000000008
0.99 0.8984500000000026
0.99 0.9192499999999978
0.99 0.9421499999999965
0.99 0.9486999999999963
0.99 0.9573000000000004
0.99 0.9408999999999997
0.99 0.9607499999999992
0.99 0.9295499999999994
0.99 0.9500999999999984
0.99 0.9750499999999966
0.99 0.8582499999999968
0.99 0.9519499999999985
0.99 0.9620499999999967
0.99 0.9695499999999955
0.99 0.9760999999999973
0.99 0.9146999999999967
0.99 0.9661499999999958
0.99 0.957849999999999
0.99 0.9799499999999961
0.99 0.986999999999999
0.99 0.9839499999999975
0.99 0.9776499999999964
0.99 0.972499999999997
0.99 0.9582999999999958
0.99 0.9692499999999966
0.99 0.9737000000000002
0.99 0.864299999999996
0.99 0.9403999999999965
0.99 0.9337499999999994
0.99 0.957799999999997
0.99 0.969749999999998
0.99 0.9811499999999992
0.99 0.9729499999999979
0.99 0.9783499999999995
0.99 0.9698499999999995
0.99 0.9722999999999995
0.99 0.9743500000000005
0.99 0.9746499999999962
0.99 0.9823999999999973
0.99 0.9813999999999993
0.99 0.9829999999999989
0.99 0.9793999999999999
0.99 0.9631999999999988
0.98 0.969799999999998
0.98 0.9649999999999983
0.98 0.9576499999999984
0.98 0.9659499999999981
0.98 0.9521499999999977
0.98 0.967099999999998
0.98 0.9661499999999984
0.98 0.968549999999998
0.98 0.9590499999999988
0.98 0.9642499999999984
0.98 0.9620999999999976
0.98 0.9618499999999979
0.98 0.9742999999999976
0.98 0.9694499999999978
0.98 0.9198499999999996
0.98 0.7667999999999985
0.98 0.9578999999999985
0.98 0.8421499999999992
0.98 0.8816499999999998
0.98 0.9622499999999978
0.98 0.9728499999999979
0.98 0.9529999999999984
0.98 0.969749999999998
0.98 0.9673999999999977
0.98 0.9731999999999975
0.98 0.9735999999999977
0.98 0.9710499999999979
0.98 0.7552499999999973
0.98 0.968749999999998
0.98 0.9711999999999977
0.98 0.9634499999999978
0.98 0.965999999999998
0.98 0.9653999999999976
0.98 0.9695999999999978
0.99 0.9708999999999981
0.99 0.9687999999999978
0.98 0.9701499999999978
0.98 0.9749999999999978
0.98 0.9549999999999979
0.98 0.8346000000000003
0.98 0.9450999999999985
0.98 0.9685499999999978
0.98 0.9477999999999983
0.98 0.958549999999998
0.98 0.9342999999999988
0.98 0.9719999999999978
0.98 0.9668999999999979
0.98 0.9696499999999975
0.98 0.9576999999999982
0.98 0.9720499999999977
0.98 0.9727499999999977
0.98 0.9751499999999973
0.98 0.9740499999999974
0.98 0.9448499999999983
0.98 0.9029499999999989
0.98 0.8896499999999995
0.98 0.9458499999999991
0.98 0.9641499999999982
0.98 0.9459499999999982
0.98 0.9264499999999957
0.98 0.9145999999999972
0.98 0.9386999999999975
0.98 0.7090999999999991
0.98 0.9362999999999989
0.98 0.8731999999999972
0.98 0.9601
0.98 0.9667499999999994
0.98 0.9731999999999985
0.98 0.9755499999999983
0.98 0.9716999999999979
0.98 0.9684999999999978
0.98 0.9689499999999982
0.98 0.9585499999999982
0.98 0.9627999999999978
0.98 0.966949999999998
0.98 0.8988500000000001
0.98 0.8584500000000002
0.98 0.8449499999999994
0.98 0.7978499999999985
0.98 0.8856500000000002
0.98 0.8325500000000008
0.98 0.8349000000000005
0.98 0.9207499999999988
0.98 0.9523499999999987
0.98 0.9738999999999979
0.98 0.9720999999999976
0.98 0.960799999999998
0.98 0.9482999999999983
0.98 0.8059500000000022
0.92 0.7793000000000017
0.98 0.8081500000000013
0.98 0.8971499999999992
0.98 0.9307499999999987
0.98 0.8777999999999987
0.98 0.8163000000000011
0.98 0.8510999999999993
0.98 0.8818499999999986
0.88 0.7770000000000026
0.95 0.809400000000001
0.98 0.8451499999999988
0.9 0.8340999999999995
0.9 0.7719000000000003
0.96 0.7294500000000024
0.98 0.840850000000001
0.95 0.8454500000000016
0.98 0.8891500000000017
0.98 0.9271500000000015
0.98 0.9318000000000004
0.98 0.9041000000000006
0.98 0.9270500000000003
0.98 0.9525999999999992
0.95 0.8326500000000004
0.95 0.8221500000000019
0.95 0.8663499999999995
0.95 0.8754499999999993
0.95 0.8932499999999994
