0.68 0.3893500000000008
0.68 0.4362499999999996
0.68 0.45039999999999936
0.82 0.4783
0.67 0.43809999999999993
0.67 0.41465000000000063
0.65 0.45169999999999894
0.69 0.45989999999999887
0.68 0.41070000000000023
0.74 0.4511999999999985
0.66 0.4115500000000001
0.73 0.4824499999999987
0.66 0.35705000000000103
0.73 0.42504999999999976
0.89 0.4362499999999994
0.77 0.4556999999999987
0.81 0.5096499999999988
0.69 0.4508999999999983
0.81 0.4928499999999994
0.75 0.5164999999999997
0.82 0.5444999999999982
0.82 0.586849999999999
0.82 0.6076999999999986
0.81 0.617149999999999
0.87 0.635199999999999
0.88 0.6500499999999994
0.85 0.6567499999999995
0.9 0.6875999999999999
0.85 0.6531499999999996
0.81 0.61445
0.85 0.659599999999999
0.84 0.673399999999999
0.85 0.6713499999999994
0.87 0.6280499999999991
0.89 0.6552999999999998
0.89 0.6148499999999996
0.84 0.5647499999999995
0.89 0.6350000000000002
0.89 0.6425499999999996
0.93 0.6481999999999999
0.94 0.6283000000000002
0.91 0.6672499999999999
0.93 0.7536
0.93 0.7045999999999999
0.95 0.7073000000000006
0.93 0.6022000000000003
0.85 0.5993
0.85 0.5779499999999995
0.84 0.5489500000000002
0.76 0.5352000000000002
0.77 0.5275000000000007
0.92 0.5643999999999996
0.96 0.5450499999999997
0.85 0.5206499999999992
0.8 0.5039999999999999
0.73 0.46084999999999987
0.82 0.5070499999999999
0.93 0.5307499999999997
0.8 0.5770999999999994
0.86 0.5407500000000003
0.86 0.5879500000000003
0.86 0.5745000000000006
0.86 0.6163499999999993
0.86 0.5989500000000004
0.86 0.6016000000000005
0.86 0.5723999999999988
0.86 0.5510499999999979
0.79 0.5719999999999991
0.77 0.5481499999999998
0.81 0.5223499999999995
0.84 0.5438499999999987
0.86 0.5700499999999998
0.86 0.5628500000000001
0.86 0.44495000000000035
0.82 0.4987000000000002
0.84 0.48810000000000037
0.84 0.5011000000000004
0.86 0.5150999999999999
0.86 0.5988499999999994
0.86 0.6267499999999999
0.86 0.6533000000000007
0.86 0.63675
0.87 0.6442499999999997
0.85 0.60665
0.85 0.6635499999999996
0.85 0.6196
0.85 0.6921999999999996
0.84 0.6457999999999994
0.86 0.6259500000000002
0.87 0.6916499999999998
0.85 0.6510499999999999
0.85 0.6001499999999996
0.86 0.63635
0.76 0.5734000000000004
0.9 0.6306000000000009
0.81 0.6483500000000006
0.87 0.6156499999999996
0.87 0.6347
0.91 0.6615000000000001
0.79 0.5795999999999999
0.86 0.6813499999999998
0.84 0.66695
0.88 0.6162999999999996
0.9 0.6563499999999997
0.9 0.6901499999999995
0.9 0.7097500000000001
0.89 0.7259000000000002
0.9 0.6586000000000003
0.9 0.7216500000000002
0.9 0.7545500000000002
0.89 0.7515999999999997
0.92 0.7407500000000015
0.93 0.7905500000000002
0.89 0.7582499999999996
0.88 0.7264
0.87 0.7492999999999992
0.89 0.7411500000000002
0.91 0.7681000000000003
0.95 0.7697000000000002
0.95 0.7955000000000011
0.95 0.8112500000000007
0.95 0.8267000000000008
0.95 0.8314500000000004
0.95 0.8214000000000005
0.88 0.7335500000000004
0.94 0.8070499999999983
0.95 0.8196999999999989
0.95 0.8276500000000003
0.95 0.8445500000000004
0.95 0.8520000000000008
0.95 0.8374499999999988
0.92 0.7302000000000003
0.92 0.7773499999999989
0.84 0.7444500000000002
0.95 0.7888999999999986
0.95 0.8170500000000003
0.95 0.8384500000000024
0.95 0.8531500000000013
0.95 0.8543000000000002
0.95 0.8670500000000012
0.95 0.884100000000002
0.96 0.8186500000000011
0.96 0.7501500000000013
0.96 0.8390500000000003
0.96 0.854550000000001
0.96 0.8462000000000002
0.96 0.8613499999999995
0.96 0.8888000000000013
0.96 0.9221500000000005
0.88 0.6906000000000028
0.88 0.7282500000000027
0.87 0.7326000000000016
0.92 0.7617000000000015
0.87 0.7032000000000018
0.87 0.7622000000000009
0.86 0.757950000000001
0.87 0.7592500000000005
0.86 0.7639
0.89 0.7849499999999999
0.91 0.7763000000000001
0.93 0.7960499999999999
0.95 0.7312500000000006
0.84 0.6335999999999995
0.94 0.6912000000000001
0.94 0.73985
0.94 0.7379000000000007
0.93 0.7497499999999999
0.94 0.7718500000000003
0.89 0.7454000000000007
0.93 0.821099999999999
0.93 0.8086499999999995
0.93 0.8208499999999994
0.92 0.8368999999999993
0.92 0.8440499999999999
0.93 0.8516500000000004
0.93 0.8557500000000006
0.92 0.8603500000000007
0.91 0.7479999999999989
0.92 0.7649999999999995
0.89 0.5567500000000005
0.92 0.7282
0.89 0.5136000000000012
0.92 0.743650000000001
0.92 0.7991999999999995
0.91 0.7344000000000007
0.92 0.8036999999999989
0.92 0.8245999999999989
0.9 0.7751999999999988
0.9 0.6774500000000003
0.9 0.6282999999999995
0.9 0.70455
0.9 0.7822000000000001
0.9 0.7626499999999994
0.8 0.6640499999999995
0.91 0.8345499999999996
0.91 0.8189499999999998
0.91 0.8502499999999995
0.91 0.8421999999999993
0.91 0.8282999999999991
0.9 0.839
0.9 0.71435
0.91 0.7811999999999999
0.9 0.8241999999999998
0.85 0.8005500000000009
0.85 0.7361500000000001
0.85 0.5579000000000007
0.85 0.6147000000000007
0.92 0.7531500000000019
0.85 0.7208000000000016
0.86 0.7566000000000008
0.9 0.7943499999999994
0.9 0.6146500000000007
0.9 0.6616999999999998
0.9 0.7186999999999997
0.76 0.6004999999999998
0.81 0.686249999999999
0.9 0.6009499999999993
0.85 0.5277000000000003
0.64 0.5077000000000007
0.64 0.510050000000001
0.59 0.42595000000000005
0.57 0.38435000000000114
0.57 0.4016999999999999
0.57 0.42739999999999834
0.57 0.44084999999999885
0.63 0.4526499999999998
0.67 0.46959999999999996
0.6 0.4891500000000002
0.62 0.4881499999999999
0.65 0.5037499999999995
0.62 0.48520000000000046
0.64 0.5178499999999985
0.77 0.5201999999999987
0.77 0.5495499999999985
0.93 0.6051999999999984
0.93 0.6548999999999999
0.87 0.5597999999999996
0.92 0.6817499999999994
0.9 0.5879999999999985
0.91 0.7132000000000005
0.83 0.6143499999999988
0.88 0.6084499999999985
0.91 0.6162499999999992
0.91 0.7047000000000009
0.91 0.6536500000000001
0.89 0.6974000000000004
0.93 0.76185
0.93 0.7673500000000004
0.91 0.7355000000000005
0.91 0.6435000000000004
0.95 0.7992499999999993
0.93 0.693000000000001
0.68 0.38715000000000077
0.83 0.4958500000000001
0.89 0.721149999999999
0.81 0.3687000000000013
0.93 0.7365500000000007
0.93 0.7728500000000004
0.95 0.81235
0.93 0.6996000000000013
0.55 0.3184500000000009
0.93 0.49255000000000093
0.82 0.5913500000000006
0.93 0.6293000000000007
0.53 0.31495000000000056
0.34 0.3129000000000006
0.82 0.47114999999999957
0.79 0.5055000000000015
0.8 0.5465000000000003
0.81 0.6239499999999998
0.89 0.6290999999999994
0.91 0.59055
0.81 0.5976999999999992
0.92 0.6629999999999997
0.93 0.6424499999999997
0.72 0.5357500000000005
0.73 0.5320499999999992
0.75 0.537899999999999
0.83 0.5808500000000002
0.84 0.6172000000000001
0.81 0.6278999999999999
0.8 0.5950000000000001
0.83 0.62515
0.83 0.65535
0.81 0.680800000000001
0.8 0.5856000000000007
0.81 0.6495000000000004
0.81 0.6836000000000004
0.8 0.6471500000000003
0.93 0.6821499999999997
0.78 0.3933000000000015
0.79 0.5326500000000002
0.86 0.5086500000000005
0.87 0.56225
0.84 0.5050000000000006
0.76 0.4875500000000001
0.82 0.5456000000000006
0.73 0.4878000000000003
0.93 0.5970999999999993
0.71 0.5309000000000009
0.79 0.6305000000000003
0.8 0.67055
0.8 0.6924000000000003
0.8 0.7216999999999995
0.8 0.7178999999999995
0.8 0.6454000000000006
0.8 0.6158500000000005
0.74 0.5935000000000002
0.79 0.5948500000000001
0.78 0.6272500000000002
0.67 0.6129500000000005
0.67 0.6141000000000009
0.66 0.6048500000000014
0.64 0.45905000000000057
0.77 0.5448000000000017
0.77 0.5946500000000021
0.77 0.6137000000000015
0.78 0.6761499999999997
0.85 0.7129499999999999
0.85 0.7241999999999991
0.8 0.7293000000000001
0.81 0.7183000000000003
0.81 0.6503
0.81 0.67435
0.79 0.6929000000000006
0.81 0.714100000000001
0.81 0.6823
0.85 0.7351999999999995
0.79 0.6916500000000003
0.81 0.7392000000000004
0.82 0.7571499999999994
0.87 0.7549000000000008
0.8 0.67895
0.78 0.6110500000000004
0.8 0.6242500000000016
0.74 0.6333000000000006
0.8 0.6665999999999996
0.74 0.6456999999999998
0.71 0.6412499999999995
0.71 0.6626499999999997
0.74 0.6745000000000014
0.79 0.6768000000000012
0.79 0.6999999999999998
0.71 0.6882500000000006
0.71 0.6813000000000002
0.74 0.6635499999999998
0.74 0.6955000000000008
0.79 0.6796000000000001
0.79 0.6914500000000002
0.71 0.6930999999999989
0.71 0.5559000000000011
0.71 0.5647000000000011
0.71 0.6951999999999983
0.72 0.663849999999999
0.71 0.6983999999999978
0.71 0.6865499999999982
0.71 0.6292999999999991
0.71 0.6857499999999989
0.71 0.7024999999999976
0.72 0.7065999999999978
0.71 0.706749999999998
0.71 0.707549999999998
0.73 0.6933499999999974
0.71 0.5478499999999984
0.74 0.5321499999999989
0.74 0.5795999999999972
0.71 0.6397999999999981
0.71 0.6457499999999982
0.72 0.6974499999999979
0.71 0.7040999999999974
0.71 0.7011999999999982
0.73 0.6890999999999987
0.71 0.6765999999999983
0.71 0.633749999999999
0.71 0.6486499999999984
0.71 0.33465000000000095
0.71 0.6328499999999994
0.71 0.6568499999999985
0.72 0.6414499999999986
0.72 0.6332499999999989
0.72 0.4976499999999993
0.72 0.5200999999999995
0.72 0.6798999999999986
0.72 0.6941499999999983
0.72 0.6837499999999984
0.72 0.6816499999999996
0.72 0.6256499999999996
0.72 0.6790499999999983
0.73 0.6782499999999996
0.73 0.7002499999999989
0.73 0.7097499999999991
0.73 0.7137999999999992
0.73 0.6854999999999991
0.73 0.6767499999999994
0.73 0.5842500000000003
0.73 0.6660999999999991
0.75 0.6562999999999991
0.73 0.4896500000000012
0.73 0.5242500000000011
0.74 0.6098000000000005
0.76 0.709149999999999
0.75 0.7194499999999985
0.75 0.7196499999999989
0.79 0.7245499999999998
0.79 0.6916499999999993
0.8 0.7138499999999994
0.8 0.7307500000000008
0.8 0.7369000000000012
0.81 0.744599999999999
0.8 0.5884000000000007
0.8 0.7354000000000004
0.79 0.5196000000000012
0.79 0.5929000000000012
0.65 0.5376000000000009
0.81 0.6481500000000007
0.82 0.7190999999999996
0.82 0.6909500000000002
0.82 0.6761
0.79 0.5703000000000008
0.82 0.7022000000000008
0.82 0.7587500000000001
0.83 0.7643500000000003
0.83 0.7738000000000004
0.83 0.6325000000000015
0.9 0.7746000000000011
0.83 0.7881500000000018
0.88 0.6070500000000001
0.8 0.572150000000001
0.8 0.61835
0.78 0.6424000000000014
0.79 0.6345000000000021
0.77 0.643850000000002
0.76 0.629950000000001
0.76 0.6473000000000018
0.77 0.631950000000001
0.78 0.6440000000000013
0.78 0.6489500000000018
0.78 0.6450000000000017
0.78 0.6473500000000016
0.79 0.6629000000000019
0.78 0.6511000000000015
0.89 0.6862000000000016
0.92 0.6413000000000014
0.9 0.6892499999999996
0.92 0.7310499999999988
0.95 0.7366999999999996
0.92 0.7485000000000005
0.94 0.7704499999999994
0.94 0.8028500000000008
0.94 0.8294499999999994
0.95 0.8492000000000003
0.95 0.8564500000000002
0.95 0.7609500000000005
0.95 0.7891499999999998
0.96 0.869100000000001
0.96 0.680650000000001
0.96 0.8363499999999999
0.96 0.7653000000000005
0.96 0.7626999999999995
0.96 0.8502999999999997
0.96 0.8162499999999996
0.96 0.8583000000000008
0.96 0.9130000000000004
0.96 0.8940500000000006
0.96 0.9123500000000003
0.96 0.9277999999999996
0.96 0.9330000000000003
0.96 0.9424499999999995
0.96 0.9484999999999991
0.96 0.9481499999999999
0.96 0.9512499999999967
0.96 0.9508999999999955
0.96 0.946099999999996
0.96 0.922149999999997
0.96 0.9286499999999965
0.96 0.910200000000001
0.96 0.9011500000000002
0.96 0.8704499999999991
0.96 0.7276000000000008
0.96 0.7470999999999997
0.96 0.8012000000000004
0.96 0.6539500000000005
0.96 0.7038500000000002
0.96 0.8153499999999996
0.96 0.8202999999999997
0.96 0.81105
0.96 0.8046499999999998
0.96 0.7732499999999998
0.96 0.7522999999999999
0.96 0.832649999999999
0.96 0.8387499999999994
0.96 0.8596
0.96 0.8615000000000004
0.96 0.8830500000000013
0.96 0.8592500000000001
0.96 0.8802500000000012
0.96 0.9033000000000007
0.96 0.9105500000000005
0.96 0.9248499999999992
0.96 0.9195499999999984
