0.19999999999999996 0.5936400000000043
0.19999999999999996 0.5578000000000048
0.040000000000000036 0.5160600000000045
0.040000000000000036 0.49204000000000503
0.040000000000000036 0.45262000000000413
0.040000000000000036 0.4312000000000033
0.040000000000000036 0.4146400000000033
0.040000000000000036 0.4008600000000031
0.040000000000000036 0.37832000000000243
0.040000000000000036 0.3619800000000022
0.040000000000000036 0.35228000000000287
0.040000000000000036 0.34830000000000255
0.040000000000000036 0.3257200000000026
0.040000000000000036 0.32162000000000235
0.040000000000000036 0.3231200000000025
0.040000000000000036 0.3257000000000025
0.040000000000000036 0.31392000000000225
0.040000000000000036 0.29744000000000215
0.040000000000000036 0.3049000000000025
0.040000000000000036 0.29110000000000213
0.040000000000000036 0.2835600000000021
0.040000000000000036 0.2791600000000017
0.040000000000000036 0.2806000000000018
0.040000000000000036 0.2699000000000017
0.040000000000000036 0.25324000000000113
0.040000000000000036 0.25884000000000107
0.040000000000000036 0.2659000000000011
0.040000000000000036 0.253260000000001
0.040000000000000036 0.2611000000000006
0.040000000000000036 0.2628600000000006
0.040000000000000036 0.24730000000000063
0.040000000000000036 0.2425800000000006
0.040000000000000036 0.2397000000000007
0.040000000000000036 0.23728000000000085
0.040000000000000036 0.23438000000000092
0.040000000000000036 0.23686000000000063
0.040000000000000036 0.23932000000000067
0.040000000000000036 0.23460000000000075
0.040000000000000036 0.2167000000000007
0.040000000000000036 0.22062000000000068
0.040000000000000036 0.21908000000000075
0.040000000000000036 0.2173400000000006
0.040000000000000036 0.2179600000000005
0.040000000000000036 0.20954000000000067
0.040000000000000036 0.2140800000000007
0.040000000000000036 0.21692000000000045
0.040000000000000036 0.21446000000000034
0.040000000000000036 0.2150600000000006
0.040000000000000036 0.22170000000000048
0.040000000000000036 0.22496000000000058
0.040000000000000036 0.21724000000000046
0.040000000000000036 0.2270000000000006
0.040000000000000036 0.21134000000000056
0.040000000000000036 0.20824000000000073
0.040000000000000036 0.20374000000000048
0.040000000000000036 0.20102000000000048
0.040000000000000036 0.2054800000000004
0.040000000000000036 0.2081200000000006
0.040000000000000036 0.2163000000000005
0.040000000000000036 0.20862000000000025
0.040000000000000036 0.2022600000000004
0.040000000000000036 0.19474000000000039
0.040000000000000036 0.19356000000000037
0.040000000000000036 0.1940800000000003
0.040000000000000036 0.19858000000000026
0.040000000000000036 0.19420000000000012
0.040000000000000036 0.20012000000000052
0.040000000000000036 0.18504
0.040000000000000036 0.19000000000000025
0.040000000000000036 0.20250000000000024
0.040000000000000036 0.19362000000000024
0.040000000000000036 0.1968200000000004
0.040000000000000036 0.1969400000000001
0.040000000000000036 0.20642000000000052
0.040000000000000036 0.20406000000000016
0.040000000000000036 0.19626000000000024
0.040000000000000036 0.18548000000000028
0.040000000000000036 0.18770000000000003
0.040000000000000036 0.18543999999999994
0.040000000000000036 0.18788000000000035
0.040000000000000036 0.17906000000000022
0.040000000000000036 0.17540000000000028
0.040000000000000036 0.18080000000000024
0.040000000000000036 0.18070000000000025
0.040000000000000036 0.18754000000000023
0.040000000000000036 0.19596000000000008
0.040000000000000036 0.19510000000000022
0.040000000000000036 0.19873999999999986
0.040000000000000036 0.1972000000000001
0.040000000000000036 0.19678000000000023
0.040000000000000036 0.2146200000000003
0.040000000000000036 0.20622000000000043
0.040000000000000036 0.1889200000000001
0.040000000000000036 0.18388000000000013
0.040000000000000036 0.19648000000000024
0.040000000000000036 0.19634000000000024
0.040000000000000036 0.18224000000000007
0.040000000000000036 0.1829200000000001
0.040000000000000036 0.1803
0.040000000000000036 0.18558000000000005
