0.31999999999999995 0.6209200000000017
0.31999999999999995 0.6070600000000024
0.31999999999999995 0.5735600000000017
0.19999999999999996 0.5531800000000017
0.19999999999999996 0.5166200000000013
0.19999999999999996 0.5082400000000019
0.18000000000000005 0.4858200000000011
0.18000000000000005 0.4766000000000013
0.18000000000000005 0.4587000000000018
0.18000000000000005 0.4533800000000017
0.18000000000000005 0.45448000000000127
0.18000000000000005 0.4565000000000005
0.09999999999999998 0.45099999999999957
0.09999999999999998 0.4468000000000006
0.09999999999999998 0.4482000000000009
0.09999999999999998 0.4214999999999999
0.09999999999999998 0.4149199999999998
0.09999999999999998 0.4081599999999994
0.09999999999999998 0.39915999999999946
0.09999999999999998 0.38431999999999933
0.09999999999999998 0.37875999999999893
0.09999999999999998 0.3800999999999989
0.09999999999999998 0.38147999999999926
0.09999999999999998 0.37589999999999935
0.09999999999999998 0.3724999999999993
0.09999999999999998 0.38433999999999935
0.09999999999999998 0.3724599999999995
0.09999999999999998 0.3642999999999994
0.09999999999999998 0.3590199999999999
0.09999999999999998 0.34859999999999913
0.09999999999999998 0.3362799999999992
0.09999999999999998 0.3232799999999992
0.09999999999999998 0.3279599999999993
0.09999999999999998 0.33773999999999926
0.09999999999999998 0.3273199999999996
0.09999999999999998 0.31521999999999906
0.09999999999999998 0.31163999999999925
0.09999999999999998 0.3147399999999991
0.09999999999999998 0.32059999999999983
0.09999999999999998 0.32279999999999975
0.09999999999999998 0.3022999999999994
0.09999999999999998 0.3060199999999995
0.09999999999999998 0.3034399999999997
0.09999999999999998 0.2941799999999996
0.09999999999999998 0.2904799999999999
0.09999999999999998 0.30041999999999985
0.09999999999999998 0.3000999999999996
0.09999999999999998 0.30145999999999995
0.09999999999999998 0.2957999999999997
0.09999999999999998 0.2946399999999996
0.16000000000000003 0.30429999999999985
0.16000000000000003 0.30399999999999977
0.16000000000000003 0.29639999999999933
0.16000000000000003 0.30365999999999965
0.16000000000000003 0.3095799999999995
0.16000000000000003 0.3033399999999997
0.16000000000000003 0.2970799999999996
0.16000000000000003 0.2797599999999994
0.16000000000000003 0.27623999999999993
0.16000000000000003 0.2807799999999999
0.16000000000000003 0.27521999999999974
0.16000000000000003 0.27855999999999975
0.16000000000000003 0.2689999999999998
0.16000000000000003 0.2719999999999998
0.16000000000000003 0.2618799999999994
0.16000000000000003 0.2623399999999995
0.16000000000000003 0.2697799999999998
0.16000000000000003 0.2749599999999999
0.16000000000000003 0.2800399999999999
0.16000000000000003 0.2703599999999997
0.16000000000000003 0.26185999999999954
0.16000000000000003 0.2447999999999998
0.16000000000000003 0.24287999999999968
0.16000000000000003 0.25055999999999956
0.16000000000000003 0.23795999999999964
0.16000000000000003 0.2490599999999999
0.16000000000000003 0.24926000000000006
0.16000000000000003 0.2491799999999996
0.16000000000000003 0.24939999999999976
0.16000000000000003 0.2573800000000001
0.16000000000000003 0.2628599999999998
0.16000000000000003 0.2523800000000003
0.16000000000000003 0.24693999999999985
0.16000000000000003 0.2511799999999996
0.16000000000000003 0.23529999999999987
0.16000000000000003 0.25105999999999995
0.16000000000000003 0.24557999999999952
0.16000000000000003 0.24137999999999982
0.16000000000000003 0.24439999999999995
0.16000000000000003 0.2437799999999998
0.16000000000000003 0.24845999999999974
0.16000000000000003 0.24731999999999962
0.16000000000000003 0.2360599999999997
0.16000000000000003 0.2308000000000002
0.16000000000000003 0.2308999999999997
0.16000000000000003 0.24549999999999966
0.16000000000000003 0.2312999999999999
0.16000000000000003 0.2341199999999998
0.16000000000000003 0.22033999999999998
0.16000000000000003 0.22085999999999995
