0.040000000000000036 0.578260000000004
0.07999999999999996 0.5384400000000041
0.07999999999999996 0.5177800000000031
0.07999999999999996 0.4856200000000019
0.07999999999999996 0.458100000000001
0.07999999999999996 0.4350200000000004
0.07999999999999996 0.4124000000000015
0.07999999999999996 0.39258000000000226
0.07999999999999996 0.38014000000000225
0.07999999999999996 0.36296000000000206
0.07999999999999996 0.35610000000000297
0.07999999999999996 0.3527600000000021
0.07999999999999996 0.34626000000000273
0.07999999999999996 0.3188400000000028
0.07999999999999996 0.3258200000000032
0.07999999999999996 0.3150400000000024
0.07999999999999996 0.3125000000000026
0.07999999999999996 0.3104800000000024
0.07999999999999996 0.29798000000000296
0.040000000000000036 0.3058600000000029
0.040000000000000036 0.29804000000000247
0.040000000000000036 0.2881600000000027
0.040000000000000036 0.2862800000000028
0.040000000000000036 0.28468000000000254
0.040000000000000036 0.2777200000000025
0.040000000000000036 0.2685600000000018
0.040000000000000036 0.2612000000000014
0.040000000000000036 0.2534800000000017
0.040000000000000036 0.25090000000000184
0.040000000000000036 0.251120000000002
0.040000000000000036 0.2514000000000016
0.040000000000000036 0.2543800000000016
0.040000000000000036 0.25102000000000135
0.040000000000000036 0.26172000000000145
0.040000000000000036 0.24974000000000152
0.040000000000000036 0.24472000000000144
0.040000000000000036 0.2347400000000011
0.040000000000000036 0.2368000000000012
0.040000000000000036 0.22584000000000093
0.040000000000000036 0.22392000000000067
0.040000000000000036 0.21748000000000092
0.040000000000000036 0.23062000000000052
0.040000000000000036 0.2357600000000008
0.040000000000000036 0.22094000000000102
0.040000000000000036 0.21592000000000083
0.040000000000000036 0.20944000000000046
0.040000000000000036 0.21674000000000054
0.040000000000000036 0.22337999999999997
0.040000000000000036 0.21382000000000057
0.040000000000000036 0.20672000000000032
0.040000000000000036 0.2129000000000006
0.040000000000000036 0.2064000000000005
0.040000000000000036 0.21358000000000046
0.040000000000000036 0.22306000000000126
0.040000000000000036 0.22958000000000112
0.040000000000000036 0.2239600000000014
0.040000000000000036 0.2288800000000014
0.040000000000000036 0.21980000000000072
0.040000000000000036 0.22242000000000095
0.040000000000000036 0.22160000000000105
0.040000000000000036 0.20734000000000086
0.040000000000000036 0.1998600000000007
0.040000000000000036 0.2099400000000005
0.040000000000000036 0.20902000000000046
0.040000000000000036 0.19896000000000044
0.040000000000000036 0.19736000000000029
0.040000000000000036 0.1894200000000003
0.040000000000000036 0.19494000000000006
0.040000000000000036 0.1941600000000003
0.040000000000000036 0.18476000000000004
0.040000000000000036 0.19275999999999988
0.040000000000000036 0.19113999999999987
0.040000000000000036 0.19503999999999982
0.040000000000000036 0.1959199999999997
0.040000000000000036 0.19974000000000028
0.040000000000000036 0.19268000000000043
0.040000000000000036 0.19623999999999994
0.040000000000000036 0.18884000000000017
0.040000000000000036 0.19442000000000031
0.040000000000000036 0.20320000000000082
0.040000000000000036 0.2088200000000003
0.040000000000000036 0.20572000000000018
0.040000000000000036 0.19926000000000027
0.040000000000000036 0.19457999999999998
0.040000000000000036 0.1899199999999997
0.040000000000000036 0.18339999999999995
0.040000000000000036 0.18478000000000022
0.040000000000000036 0.18780000000000016
0.040000000000000036 0.1953999999999999
0.040000000000000036 0.19893999999999995
0.040000000000000036 0.18519999999999998
0.040000000000000036 0.18586000000000008
0.040000000000000036 0.18477999999999994
0.040000000000000036 0.18950000000000036
0.040000000000000036 0.19219999999999998
0.040000000000000036 0.2000399999999998
0.040000000000000036 0.18293999999999971
0.040000000000000036 0.1788399999999997
0.040000000000000036 0.17945999999999993
0.040000000000000036 0.17989999999999987
