0.6599999999999999 0.6599999999999975
0.6599999999999999 0.6599999999999975
0.6599999999999999 0.6599999999999975
0.6599999999999999 0.6601999999999976
0.6599999999999999 0.6609999999999975
0.6599999999999999 0.6653999999999973
0.6599999999999999 0.6599999999999975
0.5800000000000001 0.6555999999999975
0.5800000000000001 0.6498999999999975
0.6599999999999999 0.6599999999999975
0.5800000000000001 0.6386999999999976
0.30000000000000004 0.6173999999999978
0.30000000000000004 0.5932999999999984
0.54 0.6309999999999986
0.33999999999999997 0.6053999999999986
0.33999999999999997 0.5872999999999987
0.30000000000000004 0.5426999999999991
0.30000000000000004 0.5164999999999995
0.48 0.5509000000000001
0.28 0.5103999999999994
0.19999999999999996 0.5018999999999995
0.31999999999999995 0.600699999999999
0.36 0.5916999999999992
0.36 0.5374999999999993
0.24 0.48759999999999953
0.24 0.43059999999999965
0.24 0.5323000000000001
0.16000000000000003 0.4859999999999999
0.21999999999999997 0.3769999999999999
0.38 0.5398999999999993
0.18000000000000005 0.3955999999999997
0.18000000000000005 0.3432999999999998
0.26 0.431399999999999
0.19999999999999996 0.4493999999999994
0.19999999999999996 0.3823999999999996
0.16000000000000003 0.2767000000000001
0.19999999999999996 0.38880000000000026
0.21999999999999997 0.3461000000000001
0.09999999999999998 0.3079000000000001
0.30000000000000004 0.40579999999999977
0.30000000000000004 0.3913000000000001
0.36 0.3789999999999998
0.18000000000000005 0.3707999999999997
0.18000000000000005 0.2668999999999999
0.30000000000000004 0.36299999999999955
0.31999999999999995 0.6333000000000012
0.31999999999999995 0.5948000000000012
0.4 0.5092000000000005
0.30000000000000004 0.36919999999999964
0.30000000000000004 0.36309999999999965
0.30000000000000004 0.36849999999999966
0.36 0.47220000000000034
0.36 0.44640000000000035
0.36 0.39380000000000026
0.36 0.38310000000000044
0.36 0.38949999999999996
0.36 0.37579999999999947
0.24 0.3758999999999996
0.24 0.3597999999999997
0.24 0.3572999999999999
0.24 0.3367
0.31999999999999995 0.36259999999999964
0.31999999999999995 0.3636999999999997
0.31999999999999995 0.3595999999999996
0.31999999999999995 0.3592999999999996
0.26 0.3571999999999996
0.28 0.3568999999999997
0.28 0.3596999999999997
0.28 0.3487999999999997
0.21999999999999997 0.3478999999999997
0.19999999999999996 0.3450999999999999
0.19999999999999996 0.31720000000000037
0.19999999999999996 0.34210000000000024
0.19999999999999996 0.3290000000000003
0.16000000000000003 0.29810000000000014
0.07999999999999996 0.27010000000000006
0.07999999999999996 0.23840000000000003
0.07999999999999996 0.2191
0.07999999999999996 0.20699999999999988
0.07999999999999996 0.1841
0.07999999999999996 0.1453999999999999
0.020000000000000018 0.13049999999999992
0.020000000000000018 0.1060999999999999
0.020000000000000018 0.10439999999999998
0.020000000000000018 0.09939999999999996
0.07999999999999996 0.26299999999999985
0.07999999999999996 0.23960000000000012
0.020000000000000018 0.11949999999999994
0.020000000000000018 0.10979999999999994
0.020000000000000018 0.09579999999999991
0.06000000000000005 0.08539999999999996
0.06000000000000005 0.0856999999999999
0.06000000000000005 0.07129999999999997
0.06000000000000005 0.059100000000000014
0.06000000000000005 0.051700000000000024
0.06000000000000005 0.04570000000000002
0.06000000000000005 0.05589999999999998
0.06000000000000005 0.059499999999999977
0.06000000000000005 0.05369999999999996
0.07999999999999996 0.05919999999999995
0.07999999999999996 0.055699999999999965
0.07999999999999996 0.06189999999999995
0.07999999999999996 0.05309999999999993
0.07999999999999996 0.06439999999999999
0.07999999999999996 0.06009999999999998
0.07999999999999996 0.054700000000000006
0.07999999999999996 0.04860000000000002
0.16000000000000003 0.22489999999999924
0.06000000000000005 0.059200000000000016
0.06000000000000005 0.05700000000000001
0.06000000000000005 0.055600000000000024
0.09999999999999998 0.22359999999999944
0.09999999999999998 0.21639999999999948
0.09999999999999998 0.2067999999999998
0.040000000000000036 0.07480000000000003
0.06000000000000005 0.2142999999999998
0.06000000000000005 0.19789999999999977
0.07999999999999996 0.18089999999999967
0.07999999999999996 0.1634999999999997
0.07999999999999996 0.13599999999999965
0.07999999999999996 0.11649999999999977
0.07999999999999996 0.10869999999999988
0.07999999999999996 0.0953999999999999
0.07999999999999996 0.09219999999999998
0.07999999999999996 0.0874
0.06000000000000005 0.11429999999999987
0.06000000000000005 0.10179999999999982
0.06000000000000005 0.10599999999999986
0.06000000000000005 0.09349999999999996
0.06000000000000005 0.07810000000000004
0.06000000000000005 0.08330000000000012
0.06000000000000005 0.07430000000000014
0.06000000000000005 0.07250000000000019
0.06000000000000005 0.07280000000000023
0.06000000000000005 0.07390000000000024
0.040000000000000036 0.08690000000000005
0.06000000000000005 0.07220000000000028
0.06000000000000005 0.06440000000000028
0.06000000000000005 0.07310000000000028
0.06000000000000005 0.07160000000000022
0.040000000000000036 0.09450000000000003
0.040000000000000036 0.09350000000000006
0.06000000000000005 0.07660000000000024
0.24 0.3231000000000002
0.12 0.1781000000000002
0.18000000000000005 0.3131000000000002
0.040000000000000036 0.16850000000000012
0.12 0.2961000000000002
0.14 0.27620000000000006
0.07999999999999996 0.2576
0.07999999999999996 0.2274999999999999
0.07999999999999996 0.1859999999999997
0.07999999999999996 0.1666999999999998
0.06000000000000005 0.14599999999999982
0.06000000000000005 0.11759999999999987
0.06000000000000005 0.10729999999999995
0.19999999999999996 0.31269999999999987
0.040000000000000036 0.19140000000000018
0.19999999999999996 0.3036999999999999
0.040000000000000036 0.19600000000000023
0.040000000000000036 0.11519999999999991
0.040000000000000036 0.09550000000000004
0.06000000000000005 0.21460000000000012
0.06000000000000005 0.17900000000000002
0.040000000000000036 0.10060000000000001
0.040000000000000036 0.07780000000000008
0.040000000000000036 0.0718000000000001
0.040000000000000036 0.06720000000000009
0.040000000000000036 0.06710000000000008
0.040000000000000036 0.0574000000000001
0.040000000000000036 0.04990000000000008
0.040000000000000036 0.055200000000000075
0.040000000000000036 0.044700000000000045
0.040000000000000036 0.061600000000000044
0.040000000000000036 0.05680000000000003
0.06000000000000005 0.2926999999999994
0.07999999999999996 0.06380000000000002
0.06000000000000005 0.2876999999999995
0.07999999999999996 0.05240000000000003
0.07999999999999996 0.05679999999999999
0.07999999999999996 0.06470000000000004
0.07999999999999996 0.06270000000000003
0.07999999999999996 0.05959999999999997
0.07999999999999996 0.05539999999999998
0.07999999999999996 0.0646
0.07999999999999996 0.06899999999999999
0.07999999999999996 0.06349999999999995
0.07999999999999996 0.06499999999999999
0.07999999999999996 0.05709999999999996
0.040000000000000036 0.08379999999999997
0.040000000000000036 0.05589999999999998
0.040000000000000036 0.04540000000000002
0.040000000000000036 0.04590000000000003
0.040000000000000036 0.05180000000000005
0.040000000000000036 0.04860000000000004
0.040000000000000036 0.06030000000000003
0.040000000000000036 0.047000000000000014
0.040000000000000036 0.04440000000000004
0.040000000000000036 0.05440000000000001
0.040000000000000036 0.05300000000000004
0.040000000000000036 0.05210000000000001
0.040000000000000036 0.05590000000000003
0.040000000000000036 0.05340000000000003
0.040000000000000036 0.04820000000000004
0.040000000000000036 0.052000000000000025
0.040000000000000036 0.045800000000000035
0.040000000000000036 0.043400000000000036
0.040000000000000036 0.04590000000000003
0.040000000000000036 0.04520000000000003
0.040000000000000036 0.05100000000000005
0.040000000000000036 0.045300000000000035
0.040000000000000036 0.05190000000000006
0.040000000000000036 0.04920000000000004
0.040000000000000036 0.04920000000000005
0.040000000000000036 0.05480000000000002
0.040000000000000036 0.05170000000000002
0.040000000000000036 0.048900000000000034
0.040000000000000036 0.05940000000000002
0.040000000000000036 0.05110000000000001
0.07999999999999996 0.043300000000000026
0.07999999999999996 0.04550000000000003
0.07999999999999996 0.0533
0.07999999999999996 0.06640000000000001
0.040000000000000036 0.05500000000000004
0.040000000000000036 0.07120000000000004
0.040000000000000036 0.05400000000000002
0.040000000000000036 0.051900000000000036
0.040000000000000036 0.043800000000000026
0.040000000000000036 0.04070000000000003
0.040000000000000036 0.053
0.040000000000000036 0.047500000000000014
0.040000000000000036 0.04150000000000003
0.040000000000000036 0.044800000000000034
0.040000000000000036 0.04770000000000004
0.040000000000000036 0.04520000000000003
0.040000000000000036 0.04340000000000002
0.040000000000000036 0.04310000000000002
0.040000000000000036 0.04670000000000003
0.040000000000000036 0.047500000000000014
0.040000000000000036 0.04260000000000003
0.040000000000000036 0.05320000000000002
0.040000000000000036 0.048700000000000035
0.040000000000000036 0.04330000000000005
0.040000000000000036 0.04220000000000004
0.040000000000000036 0.05640000000000004
0.040000000000000036 0.054300000000000036
0.040000000000000036 0.04160000000000004
0.040000000000000036 0.04760000000000003
0.040000000000000036 0.059800000000000034
0.040000000000000036 0.05830000000000004
0.040000000000000036 0.056600000000000046
0.040000000000000036 0.05850000000000004
0.040000000000000036 0.05130000000000003
0.040000000000000036 0.05390000000000004
0.040000000000000036 0.047100000000000045
0.040000000000000036 0.061800000000000035
0.040000000000000036 0.04800000000000002
0.040000000000000036 0.04660000000000003
0.040000000000000036 0.04400000000000004
0.040000000000000036 0.050900000000000035
0.040000000000000036 0.05630000000000004
0.040000000000000036 0.04430000000000003
0.040000000000000036 0.045199999999999976
0.040000000000000036 0.05100000000000006
0.040000000000000036 0.05000000000000002
0.040000000000000036 0.052100000000000014
0.040000000000000036 0.0507
0.040000000000000036 0.049500000000000016
0.040000000000000036 0.04710000000000001
0.040000000000000036 0.04450000000000004
0.040000000000000036 0.046500000000000055
0.040000000000000036 0.046600000000000016
0.040000000000000036 0.04740000000000004
0.040000000000000036 0.05030000000000003
0.040000000000000036 0.0575
0.040000000000000036 0.060100000000000015
0.040000000000000036 0.05400000000000002
0.040000000000000036 0.06250000000000001
0.040000000000000036 0.058900000000000015
0.040000000000000036 0.05510000000000002
0.040000000000000036 0.052299999999999985
0.040000000000000036 0.04570000000000002
0.040000000000000036 0.045700000000000005
0.040000000000000036 0.053399999999999996
0.040000000000000036 0.05620000000000003
0.040000000000000036 0.05039999999999999
0.040000000000000036 0.05
0.040000000000000036 0.05559999999999999
0.040000000000000036 0.055800000000000016
0.040000000000000036 0.04910000000000005
0.040000000000000036 0.05110000000000004
0.040000000000000036 0.049200000000000035
0.040000000000000036 0.04880000000000002
0.040000000000000036 0.054500000000000035
0.040000000000000036 0.05040000000000003
0.040000000000000036 0.051400000000000015
0.040000000000000036 0.051700000000000024
0.040000000000000036 0.045
0.040000000000000036 0.05010000000000001
0.040000000000000036 0.050900000000000035
0.040000000000000036 0.047600000000000024
0.040000000000000036 0.04820000000000005
0.040000000000000036 0.04820000000000003
0.040000000000000036 0.04150000000000003
0.040000000000000036 0.05470000000000003
0.040000000000000036 0.055500000000000035
0.040000000000000036 0.04860000000000003
0.040000000000000036 0.04200000000000004
0.040000000000000036 0.048100000000000025
0.040000000000000036 0.050400000000000035
0.040000000000000036 0.048800000000000045
0.040000000000000036 0.05250000000000003
0.040000000000000036 0.04540000000000004
0.040000000000000036 0.04370000000000003
0.040000000000000036 0.04830000000000003
0.040000000000000036 0.049600000000000026
0.040000000000000036 0.05610000000000002
0.040000000000000036 0.05170000000000004
0.040000000000000036 0.04930000000000003
0.040000000000000036 0.046000000000000034
0.040000000000000036 0.04440000000000004
0.31999999999999995 0.302199999999999
0.07999999999999996 0.04190000000000004
0.07999999999999996 0.04690000000000003
0.07999999999999996 0.04650000000000004
0.31999999999999995 0.3024999999999991
0.07999999999999996 0.04769999999999999
0.07999999999999996 0.04950000000000001
0.07999999999999996 0.04840000000000002
0.07999999999999996 0.05009999999999999
0.07999999999999996 0.04909999999999996
0.07999999999999996 0.05129999999999999
0.07999999999999996 0.04950000000000001
0.31999999999999995 0.30889999999999934
0.21999999999999997 0.30999999999999917
0.040000000000000036 0.0731
0.040000000000000036 0.06729999999999997
0.31999999999999995 0.31009999999999893
0.31999999999999995 0.30759999999999893
0.18000000000000005 0.3116999999999994
0.18000000000000005 0.3108999999999999
0.16000000000000003 0.3071000000000002
0.07999999999999996 0.09729999999999998
0.07999999999999996 0.09720000000000004
0.16000000000000003 0.3148000000000002
0.16000000000000003 0.31380000000000025
0.16000000000000003 0.31030000000000024
0.07999999999999996 0.09900000000000006
0.07999999999999996 0.09510000000000005
0.07999999999999996 0.08760000000000005
0.31999999999999995 0.3229000000000003
0.07999999999999996 0.09440000000000003
0.07999999999999996 0.09370000000000005
0.07999999999999996 0.08900000000000002
0.07999999999999996 0.08350000000000003
0.07999999999999996 0.08170000000000005
0.07999999999999996 0.08800000000000008
0.07999999999999996 0.08150000000000004
0.07999999999999996 0.09340000000000007
0.07999999999999996 0.08450000000000005
0.07999999999999996 0.08730000000000004
0.07999999999999996 0.08570000000000005
0.07999999999999996 0.08170000000000006
0.07999999999999996 0.08210000000000008
0.07999999999999996 0.08620000000000007
0.07999999999999996 0.08320000000000008
0.07999999999999996 0.08310000000000008
0.07999999999999996 0.08570000000000007
0.07999999999999996 0.08710000000000008
0.07999999999999996 0.08390000000000007
0.07999999999999996 0.08110000000000006
0.07999999999999996 0.08520000000000007
0.07999999999999996 0.08760000000000005
0.07999999999999996 0.08300000000000006
0.07999999999999996 0.08530000000000004
0.07999999999999996 0.08670000000000005
0.07999999999999996 0.08570000000000007
0.07999999999999996 0.08900000000000005
0.07999999999999996 0.08690000000000006
0.07999999999999996 0.08520000000000007
0.07999999999999996 0.09570000000000008
0.07999999999999996 0.09000000000000007
0.07999999999999996 0.08250000000000007
0.07999999999999996 0.08350000000000009
0.07999999999999996 0.08300000000000012
0.07999999999999996 0.0779000000000001
0.07999999999999996 0.07680000000000009
0.07999999999999996 0.08490000000000009
0.07999999999999996 0.0830000000000001
0.07999999999999996 0.0796000000000001
0.07999999999999996 0.08520000000000008
0.07999999999999996 0.08400000000000009
0.07999999999999996 0.08080000000000007
0.07999999999999996 0.08210000000000008
0.07999999999999996 0.08550000000000005
0.31999999999999995 0.3287000000000001
0.21999999999999997 0.32390000000000013
0.14 0.31450000000000017
0.07999999999999996 0.08960000000000004
0.07999999999999996 0.08450000000000005
0.07999999999999996 0.08240000000000006
0.07999999999999996 0.08400000000000007
0.07999999999999996 0.08170000000000006
0.31999999999999995 0.32080000000000025
0.18000000000000005 0.31890000000000024
0.14 0.3170000000000003
0.16000000000000003 0.3113000000000002
0.16000000000000003 0.30190000000000017
0.16000000000000003 0.2819000000000002
0.16000000000000003 0.2507000000000001
0.16000000000000003 0.22860000000000005
0.09999999999999998 0.1917
0.09999999999999998 0.17170000000000002
0.09999999999999998 0.1635000000000001
0.36 0.3607999999999996
0.040000000000000036 0.09959999999999995
0.36 0.36689999999999956
0.36 0.36699999999999955
0.36 0.36579999999999957
0.36 0.3626999999999996
0.36 0.36139999999999955
0.040000000000000036 0.05120000000000001
0.040000000000000036 0.04800000000000002
0.040000000000000036 0.06000000000000002
0.040000000000000036 0.054200000000000026
0.040000000000000036 0.044300000000000034
0.040000000000000036 0.047200000000000034
0.040000000000000036 0.04630000000000004
0.040000000000000036 0.051300000000000026
0.040000000000000036 0.053300000000000035
0.040000000000000036 0.04440000000000004
0.040000000000000036 0.05250000000000003
0.040000000000000036 0.042600000000000034
0.040000000000000036 0.047100000000000045
0.040000000000000036 0.04280000000000004
0.040000000000000036 0.04880000000000004
0.040000000000000036 0.04650000000000004
0.040000000000000036 0.05880000000000002
0.040000000000000036 0.054500000000000035
0.040000000000000036 0.054100000000000016
0.040000000000000036 0.05530000000000003
0.040000000000000036 0.05770000000000003
0.040000000000000036 0.042500000000000024
0.040000000000000036 0.04940000000000003
0.040000000000000036 0.049700000000000036
0.040000000000000036 0.05190000000000003
0.040000000000000036 0.04610000000000003
0.040000000000000036 0.04570000000000003
0.040000000000000036 0.05770000000000004
0.040000000000000036 0.045800000000000035
0.040000000000000036 0.04650000000000002
0.040000000000000036 0.04100000000000003
0.040000000000000036 0.05470000000000004
0.040000000000000036 0.05210000000000003
0.040000000000000036 0.04760000000000003
0.040000000000000036 0.053800000000000035
0.040000000000000036 0.049100000000000026
0.040000000000000036 0.04650000000000003
0.040000000000000036 0.04780000000000002
0.040000000000000036 0.047700000000000034
0.040000000000000036 0.04110000000000003
0.040000000000000036 0.05530000000000003
0.040000000000000036 0.05300000000000004
0.040000000000000036 0.04660000000000004
0.040000000000000036 0.04910000000000004
0.040000000000000036 0.05090000000000003
0.040000000000000036 0.060200000000000004
0.040000000000000036 0.05100000000000004
0.040000000000000036 0.05430000000000004
0.040000000000000036 0.055400000000000026
0.040000000000000036 0.05040000000000002
0.040000000000000036 0.05370000000000004
0.040000000000000036 0.05050000000000003
0.040000000000000036 0.04280000000000004
0.040000000000000036 0.05080000000000004
0.040000000000000036 0.05000000000000004
0.040000000000000036 0.056600000000000025
0.040000000000000036 0.047000000000000035
0.040000000000000036 0.04350000000000003
0.040000000000000036 0.05110000000000005
0.040000000000000036 0.04270000000000003
0.040000000000000036 0.04440000000000004
0.040000000000000036 0.05710000000000003
0.040000000000000036 0.056800000000000045
0.040000000000000036 0.04810000000000001
0.040000000000000036 0.06320000000000003
0.040000000000000036 0.05630000000000004
0.07999999999999996 0.3048000000000003
0.040000000000000036 0.04580000000000002
0.040000000000000036 0.04710000000000004
0.040000000000000036 0.2796000000000004
0.040000000000000036 0.2585000000000003
0.040000000000000036 0.050600000000000034
0.040000000000000036 0.22620000000000015
0.040000000000000036 0.20319999999999971
0.040000000000000036 0.17039999999999977
0.040000000000000036 0.13869999999999982
0.040000000000000036 0.11189999999999987
0.040000000000000036 0.07389999999999995
0.040000000000000036 0.07059999999999998
