0.18000000000000005 0.6136999999999988
0.18000000000000005 0.6076999999999991
0.18000000000000005 0.5990999999999995
0.21999999999999997 0.603899999999999
0.4 0.6368999999999987
0.21999999999999997 0.6248999999999992
0.4 0.6447999999999989
0.4 0.6486999999999982
0.4 0.6027999999999986
0.42000000000000004 0.6365999999999984
0.26 0.6568999999999987
0.19999999999999996 0.6511999999999983
0.42000000000000004 0.6732999999999985
0.26 0.6899999999999983
0.26 0.6658999999999982
0.4 0.6774999999999985
0.43999999999999995 0.6767999999999981
0.42000000000000004 0.6507999999999989
0.4 0.6778999999999988
0.4 0.6407999999999981
0.4 0.650199999999998
0.42000000000000004 0.6698999999999984
0.4 0.661199999999998
0.43999999999999995 0.6198999999999981
0.4 0.6284999999999988
0.4 0.6293999999999985
0.43999999999999995 0.5754999999999997
0.43999999999999995 0.5992999999999985
0.43999999999999995 0.5595999999999992
0.4 0.5401999999999996
0.4 0.545199999999999
0.4 0.522999999999999
0.4 0.6007999999999984
0.42000000000000004 0.5579999999999989
0.42000000000000004 0.5500999999999986
0.4 0.5377999999999992
0.4 0.5343999999999989
0.4 0.5286999999999985
0.4 0.5211999999999989
0.4 0.5279999999999987
0.4 0.5246999999999994
0.4 0.5075999999999992
0.43999999999999995 0.4984999999999994
0.43999999999999995 0.5163999999999993
0.43999999999999995 0.5685999999999986
0.43999999999999995 0.504199999999999
0.43999999999999995 0.5256999999999993
0.43999999999999995 0.5126999999999994
0.4 0.574099999999999
0.4 0.6230999999999982
0.4 0.537999999999999
0.4 0.5752999999999985
0.4 0.5137999999999995
0.4 0.5994999999999986
0.4 0.5215999999999995
0.4 0.5346999999999995
0.4 0.46050000000000013
0.4 0.4676000000000001
0.4 0.47669999999999957
0.43999999999999995 0.4858999999999994
0.43999999999999995 0.4663999999999998
0.4 0.46009999999999984
0.43999999999999995 0.49059999999999937
0.43999999999999995 0.46419999999999995
0.42000000000000004 0.4323000000000004
0.43999999999999995 0.4581999999999999
0.42000000000000004 0.4528999999999999
0.43999999999999995 0.43759999999999954
0.4 0.47379999999999994
0.4 0.4549999999999996
0.4 0.4336999999999994
0.4 0.43259999999999926
0.4 0.4478999999999993
0.4 0.4287999999999994
0.4 0.42379999999999923
0.4 0.4180999999999992
0.4 0.41759999999999975
0.4 0.4562999999999993
0.4 0.4309999999999997
0.4 0.42919999999999964
0.4 0.4221999999999996
0.4 0.4226999999999994
0.4 0.4381999999999994
0.4 0.47489999999999943
0.4 0.4545999999999993
0.4 0.4449999999999993
0.4 0.4320999999999994
0.4 0.42609999999999926
0.4 0.4059999999999998
0.4 0.4063999999999996
0.4 0.4073999999999999
0.4 0.4020000000000002
0.4 0.4003000000000002
0.4 0.4122999999999998
0.4 0.40449999999999997
0.4 0.4048000000000001
0.4 0.4203999999999995
0.4 0.40630000000000005
0.4 0.40399999999999997
0.4 0.40320000000000017
0.4 0.40160000000000035
0.4 0.4006000000000002
0.4 0.4014000000000001
0.4 0.4051000000000001
0.4 0.4035000000000003
0.4 0.40490000000000015
0.4 0.40180000000000016
0.4 0.4081
0.4 0.46229999999999855
0.4 0.5469999999999985
0.4 0.4700999999999991
0.4 0.4797999999999993
0.4 0.5293999999999985
0.4 0.5194999999999985
0.4 0.5896999999999987
0.4 0.4428999999999991
0.4 0.42339999999999944
0.4 0.42219999999999963
0.4 0.4129
0.4 0.444999999999999
0.4 0.43699999999999956
0.4 0.5640999999999992
0.4 0.5196999999999997
0.4 0.4831
0.4 0.45129999999999937
0.4 0.45919999999999944
0.4 0.5457999999999985
0.4 0.5514999999999984
0.4 0.5350999999999985
0.4 0.4712999999999992
0.4 0.4680999999999991
0.4 0.5478999999999982
0.4 0.43549999999999917
0.4 0.41769999999999974
0.4 0.41879999999999973
0.4 0.41989999999999983
0.4 0.4101999999999999
0.4 0.4197999999999994
0.4 0.44139999999999946
0.4 0.46709999999999946
0.4 0.5077999999999999
0.4 0.4794000000000002
0.4 0.4290999999999989
0.4 0.43339999999999934
0.4 0.4352999999999991
0.4 0.4377999999999993
0.4 0.41879999999999945
0.4 0.4512999999999996
0.4 0.43889999999999935
0.4 0.42149999999999943
0.4 0.4167000000000002
0.4 0.4104000000000003
0.4 0.41360000000000013
0.4 0.4075000000000003
0.4 0.5107999999999986
0.4 0.43899999999999983
0.4 0.4478999999999994
0.4 0.41980000000000034
0.4 0.4173000000000002
0.4 0.40820000000000073
0.4 0.42360000000000014
0.4 0.4142
0.4 0.41000000000000014
0.4 0.4128000000000003
0.4 0.4062000000000006
0.4 0.40760000000000046
0.4 0.42190000000000016
0.4 0.4072000000000008
0.4 0.4113000000000006
0.4 0.4116000000000003
0.4 0.41000000000000036
0.4 0.4070000000000006
0.4 0.41070000000000045
0.4 0.4205000000000001
0.4 0.40510000000000085
0.4 0.41110000000000035
0.4 0.4118000000000002
0.4 0.41200000000000003
0.4 0.4121000000000004
0.4 0.40880000000000083
0.4 0.4098000000000008
0.4 0.4099000000000009
0.4 0.40750000000000064
0.4 0.4067000000000007
0.4 0.4087000000000007
0.4 0.4078000000000006
0.4 0.4111000000000006
0.4 0.4099000000000006
0.4 0.41470000000000035
0.4 0.4141000000000004
0.4 0.4106000000000007
0.4 0.4146000000000008
0.4 0.41660000000000025
0.4 0.4088000000000005
0.4 0.4126000000000004
0.4 0.4138000000000005
0.4 0.4118000000000006
0.4 0.4111000000000007
0.4 0.4131000000000006
0.4 0.4112000000000007
0.4 0.4125000000000006
0.4 0.4083000000000008
0.4 0.4113000000000007
0.4 0.4120000000000006
0.4 0.4137000000000001
0.4 0.41430000000000056
0.4 0.42000000000000065
0.4 0.4109000000000009
0.4 0.4144000000000008
0.4 0.4250000000000004
0.4 0.4195000000000004
0.4 0.4260000000000002
0.4 0.42380000000000023
0.4 0.4189000000000002
0.4 0.4125000000000003
0.4 0.4160000000000003
0.4 0.40960000000000035
0.4 0.41650000000000004
0.4 0.4203
0.4 0.4106000000000003
0.4 0.41730000000000017
0.4 0.41060000000000035
0.4 0.4214
0.4 0.4109000000000003
0.4 0.4186000000000001
0.4 0.4168000000000001
0.4 0.4196999999999999
0.4 0.41509999999999997
0.4 0.4443999999999994
0.4 0.4226
0.4 0.4150000000000001
0.4 0.4127000000000001
0.4 0.4081000000000003
0.4 0.4086000000000004
0.4 0.4115000000000005
0.4 0.41280000000000017
0.4 0.40770000000000034
0.4 0.4094000000000003
0.4 0.41590000000000027
0.4 0.41630000000000034
0.4 0.41120000000000023
0.4 0.4111000000000003
0.4 0.4196000000000002
0.4 0.41140000000000027
0.4 0.40850000000000025
0.4 0.40800000000000025
0.4 0.4080000000000002
0.4 0.4076000000000001
0.4 0.4153999999999997
0.4 0.4224999999999997
0.4 0.41730000000000006
0.4 0.43019999999999975
0.4 0.4289999999999998
0.4 0.4063000000000004
0.4 0.4150000000000002
0.4 0.41280000000000044
0.4 0.41100000000000014
0.4 0.42159999999999975
0.4 0.41160000000000013
0.4 0.41220000000000007
0.4 0.4119000000000001
0.4 0.4041000000000004
0.4 0.40960000000000013
0.4 0.40400000000000036
0.4 0.40520000000000034
0.4 0.4113
0.4 0.41490000000000016
0.4 0.40650000000000025
0.4 0.4184999999999998
0.4 0.4158999999999999
0.4 0.41370000000000007
0.4 0.4080000000000002
0.4 0.40540000000000037
0.4 0.4157000000000003
0.4 0.41390000000000027
0.4 0.41030000000000044
0.4 0.40610000000000057
0.4 0.4062000000000003
0.4 0.4084000000000004
0.4 0.4101000000000002
0.4 0.4116000000000003
0.4 0.41120000000000057
0.4 0.4062000000000004
0.4 0.4131000000000005
0.4 0.41470000000000035
0.4 0.4099000000000006
0.4 0.41460000000000036
0.4 0.4093000000000003
0.4 0.4083000000000003
0.4 0.4071000000000005
0.4 0.4124000000000004
0.4 0.4253999999999997
0.4 0.42649999999999966
0.4 0.42729999999999974
0.4 0.4146000000000004
0.4 0.4242000000000003
0.4 0.4227000000000003
0.4 0.4113000000000004
0.4 0.4097000000000005
0.4 0.4102000000000002
0.4 0.41130000000000044
0.4 0.4251000000000003
0.4 0.41660000000000047
0.4 0.4146000000000004
0.4 0.41060000000000074
0.4 0.4149000000000005
0.42000000000000004 0.4608999999999994
0.42000000000000004 0.5078999999999987
0.42000000000000004 0.4347
0.42000000000000004 0.4301999999999998
0.42000000000000004 0.42480000000000034
0.42000000000000004 0.4289000000000002
0.42000000000000004 0.43170000000000003
0.42000000000000004 0.42310000000000025
0.42000000000000004 0.4261999999999999
0.42000000000000004 0.41080000000000055
0.42000000000000004 0.40600000000000064
0.42000000000000004 0.40690000000000043
0.42000000000000004 0.4071000000000005
0.42000000000000004 0.42300000000000026
0.42000000000000004 0.4087000000000003
0.42000000000000004 0.4084000000000006
0.42000000000000004 0.4102000000000006
0.42000000000000004 0.4061000000000004
0.42000000000000004 0.4047000000000005
0.42000000000000004 0.40600000000000036
0.42000000000000004 0.40410000000000046
0.42000000000000004 0.40450000000000036
0.42000000000000004 0.40790000000000015
0.42000000000000004 0.4055000000000003
0.42000000000000004 0.4094000000000001
0.42000000000000004 0.40680000000000005
0.42000000000000004 0.40490000000000054
0.42000000000000004 0.40360000000000035
0.42000000000000004 0.40760000000000035
0.42000000000000004 0.40520000000000045
0.42000000000000004 0.40630000000000016
0.42000000000000004 0.4091000000000004
0.42000000000000004 0.40400000000000036
0.42000000000000004 0.40870000000000034
0.42000000000000004 0.40630000000000055
0.42000000000000004 0.40570000000000056
0.42000000000000004 0.41600000000000015
0.42000000000000004 0.40960000000000035
0.42000000000000004 0.40460000000000035
0.42000000000000004 0.40740000000000043
0.42000000000000004 0.4055000000000004
0.42000000000000004 0.40670000000000045
0.42000000000000004 0.40370000000000056
0.42000000000000004 0.40400000000000047
0.42000000000000004 0.4042000000000005
0.42000000000000004 0.4041000000000005
0.42000000000000004 0.4067000000000004
0.42000000000000004 0.4048000000000006
0.42000000000000004 0.4108000000000005
0.42000000000000004 0.40700000000000053
0.42000000000000004 0.4121000000000003
0.42000000000000004 0.41220000000000057
0.42000000000000004 0.41450000000000053
0.42000000000000004 0.41170000000000045
0.42000000000000004 0.41490000000000016
0.42000000000000004 0.4101000000000006
0.42000000000000004 0.40620000000000034
0.42000000000000004 0.4100000000000005
0.42000000000000004 0.4102000000000007
0.42000000000000004 0.41700000000000054
0.42000000000000004 0.41050000000000053
0.42000000000000004 0.41360000000000036
0.42000000000000004 0.41160000000000074
0.42000000000000004 0.41360000000000063
0.42000000000000004 0.4084000000000005
0.42000000000000004 0.4075000000000007
0.42000000000000004 0.40970000000000034
0.42000000000000004 0.4093000000000003
0.42000000000000004 0.4052000000000002
0.42000000000000004 0.40660000000000046
0.42000000000000004 0.40870000000000034
0.42000000000000004 0.4110000000000004
0.42000000000000004 0.4125000000000006
0.42000000000000004 0.4174000000000006
0.4 0.41450000000000065
0.42000000000000004 0.4106000000000002
0.4 0.4104000000000003
0.4 0.41610000000000036
0.4 0.4071000000000005
0.42000000000000004 0.4211000000000005
0.42000000000000004 0.4114000000000009
0.42000000000000004 0.4202000000000003
0.42000000000000004 0.41560000000000036
0.42000000000000004 0.42000000000000043
0.42000000000000004 0.4252000000000001
0.42000000000000004 0.41400000000000053
0.42000000000000004 0.4133000000000008
0.42000000000000004 0.46699999999999925
0.42000000000000004 0.5067999999999988
0.42000000000000004 0.45769999999999966
0.42000000000000004 0.4179000000000003
0.42000000000000004 0.4151000000000004
0.42000000000000004 0.4058000000000008
0.42000000000000004 0.4071000000000006
0.42000000000000004 0.4077000000000005
0.42000000000000004 0.40620000000000067
0.42000000000000004 0.4081000000000007
0.42000000000000004 0.4070000000000006
0.42000000000000004 0.4094000000000003
0.42000000000000004 0.40780000000000044
0.42000000000000004 0.4047000000000005
0.42000000000000004 0.4125000000000003
0.42000000000000004 0.40730000000000066
0.42000000000000004 0.40810000000000035
0.42000000000000004 0.4226000000000002
0.42000000000000004 0.41420000000000035
0.42000000000000004 0.4058000000000007
0.42000000000000004 0.40460000000000046
0.42000000000000004 0.41160000000000024
0.42000000000000004 0.4110000000000004
0.42000000000000004 0.4092000000000004
0.42000000000000004 0.4045000000000006
0.4 0.4082000000000003
0.4 0.4079000000000004
0.4 0.4051000000000004
0.4 0.40980000000000044
0.4 0.40430000000000066
0.4 0.4080000000000002
0.4 0.4039000000000003
0.4 0.41150000000000014
0.42000000000000004 0.4111
0.42000000000000004 0.41180000000000033
0.42000000000000004 0.41810000000000047
0.42000000000000004 0.4606999999999989
0.42000000000000004 0.4387999999999992
0.42000000000000004 0.4266999999999993
0.42000000000000004 0.42149999999999965
0.42000000000000004 0.40900000000000036
0.42000000000000004 0.41040000000000043
0.42000000000000004 0.4128000000000005
0.42000000000000004 0.4062000000000004
0.42000000000000004 0.4089000000000004
0.42000000000000004 0.4056000000000003
0.42000000000000004 0.41679999999999984
0.42000000000000004 0.4045000000000003
0.42000000000000004 0.4077000000000002
0.42000000000000004 0.41189999999999977
0.42000000000000004 0.4047000000000002
0.42000000000000004 0.40490000000000026
0.42000000000000004 0.4057000000000003
0.42000000000000004 0.41399999999999976
0.42000000000000004 0.40760000000000013
0.42000000000000004 0.4043000000000002
0.42000000000000004 0.4046000000000001
0.42000000000000004 0.4025000000000003
0.42000000000000004 0.407
0.42000000000000004 0.40210000000000046
0.42000000000000004 0.40530000000000027
0.42000000000000004 0.4024000000000004
0.42000000000000004 0.4018000000000004
0.42000000000000004 0.4050000000000004
0.42000000000000004 0.40720000000000034
0.42000000000000004 0.41530000000000017
0.42000000000000004 0.4084000000000004
0.42000000000000004 0.4089000000000004
0.42000000000000004 0.4052000000000002
0.4 0.42179999999999984
0.4 0.4174000000000001
0.42000000000000004 0.41370000000000023
0.42000000000000004 0.4166000000000001
0.42000000000000004 0.4103000000000003
0.42000000000000004 0.4079000000000004
0.4 0.42699999999999977
0.4 0.40720000000000023
0.4 0.4414999999999998
0.4 0.45379999999999965
0.4 0.45409999999999984
0.4 0.4193000000000005
0.4 0.4146000000000006
0.4 0.4887999999999991
0.4 0.5264999999999987
0.4 0.48939999999999967
0.4 0.4192000000000001
0.4 0.41310000000000047
0.4 0.41000000000000036
0.4 0.41090000000000054
0.4 0.4126000000000004
0.4 0.4066000000000005
0.42000000000000004 0.4117000000000004
0.42000000000000004 0.4199000000000002
0.42000000000000004 0.41340000000000054
0.42000000000000004 0.4116000000000007
0.42000000000000004 0.4060000000000008
0.42000000000000004 0.4255000000000001
0.42000000000000004 0.4390999999999998
0.42000000000000004 0.43320000000000003
0.42000000000000004 0.4284000000000001
0.4 0.43579999999999985
0.42000000000000004 0.47829999999999856
0.42000000000000004 0.4660999999999989
0.42000000000000004 0.4408999999999994
0.4 0.44809999999999933
0.42000000000000004 0.4352999999999996
0.42000000000000004 0.4237999999999996
