0.38 0.6292000000000023
0.38 0.6184000000000016
0.38 0.6094000000000015
0.18000000000000005 0.5948000000000018
0.30000000000000004 0.6046000000000015
0.18000000000000005 0.6103000000000016
0.18000000000000005 0.6036000000000014
0.12 0.5892000000000016
0.30000000000000004 0.6190000000000017
0.4 0.6241000000000017
0.38 0.6155000000000008
0.38 0.6173000000000016
0.38 0.5985000000000013
0.24 0.631200000000002
0.24 0.6178000000000018
0.24 0.5688000000000013
0.14 0.5262000000000011
0.30000000000000004 0.5751000000000015
0.19999999999999996 0.6129000000000014
0.26 0.6066000000000011
0.26 0.5888000000000005
0.26 0.6119000000000014
0.09999999999999998 0.5164000000000012
0.09999999999999998 0.4997000000000007
0.12 0.48600000000000043
0.12 0.521500000000001
0.30000000000000004 0.47160000000000096
0.12 0.4372000000000007
0.06000000000000005 0.43500000000000094
0.06000000000000005 0.4014000000000004
0.36 0.6213000000000016
0.040000000000000036 0.42700000000000055
0.26 0.5763000000000017
0.38 0.6558000000000015
0.4 0.6583000000000017
0.38 0.6394000000000019
0.38 0.6202000000000014
0.38 0.6030000000000011
0.38 0.5853000000000013
0.30000000000000004 0.5425000000000009
0.30000000000000004 0.4664000000000009
0.28 0.4268000000000003
0.24 0.45710000000000095
0.28 0.47480000000000105
0.28 0.41930000000000084
0.38 0.4108000000000006
0.28 0.4036000000000002
0.30000000000000004 0.4235000000000001
0.24 0.3921000000000003
0.24 0.4192000000000011
0.19999999999999996 0.37210000000000065
0.19999999999999996 0.3627000000000005
0.16000000000000003 0.3808000000000007
0.19999999999999996 0.4336000000000004
0.30000000000000004 0.4420000000000004
0.30000000000000004 0.4171000000000004
0.26 0.4198000000000009
0.26 0.4011000000000009
0.26 0.40150000000000113
0.38 0.40510000000000096
0.38 0.39110000000000056
0.38 0.48050000000000126
0.26 0.3880000000000009
0.26 0.3729000000000009
0.38 0.40980000000000055
0.38 0.4005000000000012
0.38 0.38780000000000064
0.38 0.393300000000001
0.38 0.3882000000000007
0.38 0.3856000000000006
0.38 0.3834000000000003
0.38 0.3948000000000006
0.33999999999999997 0.3854000000000004
0.33999999999999997 0.38630000000000037
0.38 0.38250000000000034
0.38 0.3844000000000005
0.38 0.39470000000000105
0.38 0.43640000000000057
0.21999999999999997 0.4013000000000004
0.38 0.390000000000001
0.38 0.3821000000000005
0.38 0.39040000000000064
0.38 0.38470000000000054
0.38 0.38110000000000027
0.38 0.38420000000000054
0.38 0.3882000000000005
0.38 0.5042000000000011
0.38 0.49730000000000124
0.38 0.46150000000000135
0.38 0.39570000000000066
0.38 0.38220000000000043
0.38 0.38190000000000046
0.38 0.3936000000000006
0.38 0.38660000000000044
0.38 0.3806000000000002
0.38 0.38070000000000026
0.38 0.3816000000000003
0.38 0.4000000000000008
0.38 0.4486000000000011
0.38 0.44520000000000115
0.38 0.4259000000000011
0.38 0.38770000000000043
0.38 0.38080000000000025
0.38 0.3835000000000003
0.38 0.38440000000000035
0.38 0.3815000000000005
0.38 0.3822000000000003
0.38 0.38050000000000034
0.38 0.38080000000000036
0.38 0.3809000000000001
0.38 0.3809000000000004
0.38 0.3855000000000004
0.38 0.3870000000000004
0.38 0.3999000000000011
0.38 0.3998000000000011
0.38 0.3859000000000006
0.38 0.39120000000000077
0.38 0.39180000000000065
0.38 0.3979000000000009
0.38 0.3970000000000007
0.38 0.3842000000000004
0.38 0.459300000000001
0.38 0.495300000000001
0.38 0.4146000000000009
0.38 0.38780000000000087
0.38 0.4114000000000012
0.38 0.3870000000000005
0.38 0.39510000000000156
0.38 0.38740000000000085
0.38 0.3837000000000003
0.38 0.38030000000000025
0.38 0.3800000000000002
0.38 0.3816000000000003
0.38 0.3816000000000003
0.38 0.3827000000000003
0.38 0.3800000000000002
0.38 0.4382000000000011
0.38 0.4354000000000009
0.38 0.42030000000000084
0.38 0.3928000000000008
0.38 0.4106000000000015
0.38 0.40790000000000126
0.38 0.3932000000000009
0.38 0.38300000000000023
0.38 0.3834000000000004
0.38 0.4041000000000015
0.38 0.47020000000000045
0.38 0.3888000000000006
0.38 0.39300000000000085
0.38 0.38250000000000023
0.38 0.38330000000000053
0.38 0.3869000000000005
0.38 0.38520000000000054
0.38 0.3828000000000004
0.38 0.3857000000000005
0.38 0.3801000000000002
0.38 0.3803000000000003
0.38 0.3800000000000002
0.38 0.38990000000000047
0.38 0.3810000000000005
0.38 0.38190000000000035
0.38 0.3807000000000004
0.38 0.3818000000000003
0.38 0.38500000000000056
0.38 0.3826000000000004
0.38 0.3814000000000003
0.38 0.38140000000000024
0.38 0.3815000000000003
0.38 0.3806000000000002
0.38 0.3810000000000002
0.38 0.3803000000000003
0.38 0.3845000000000003
0.38 0.3809000000000005
0.38 0.38090000000000024
0.38 0.38140000000000024
0.38 0.3815000000000002
0.38 0.3817000000000002
0.38 0.3818000000000003
0.38 0.3849000000000007
0.38 0.3868000000000004
0.38 0.3802000000000003
0.38 0.3811000000000003
0.38 0.3818000000000003
0.38 0.38030000000000036
0.38 0.3805000000000003
0.38 0.3800000000000002
0.38 0.3800000000000002
0.38 0.3839000000000005
0.38 0.38910000000000056
0.4 0.3934000000000007
0.4 0.38570000000000043
0.4 0.3845000000000004
0.4 0.3825000000000003
0.4 0.38360000000000033
0.38 0.38530000000000053
0.38 0.3834000000000004
0.38 0.38160000000000016
0.38 0.3804000000000002
0.38 0.3837000000000002
0.38 0.38210000000000044
0.38 0.3807000000000002
0.38 0.3807000000000002
0.38 0.3803000000000003
0.38 0.38070000000000026
0.38 0.38140000000000024
0.38 0.3807000000000002
0.38 0.3821000000000003
0.38 0.3821000000000003
0.38 0.38230000000000025
0.38 0.3806000000000003
0.38 0.3804000000000001
0.38 0.3806000000000003
0.38 0.3804000000000003
0.38 0.38010000000000027
0.38 0.38020000000000015
0.38 0.3803000000000003
0.38 0.38030000000000025
0.38 0.3846000000000003
0.38 0.3931000000000004
0.38 0.38370000000000026
0.38 0.38310000000000033
0.38 0.41430000000000106
0.38 0.4124000000000009
0.38 0.3920000000000003
0.38 0.40950000000000086
0.38 0.3945000000000006
0.38 0.4313000000000012
0.38 0.38970000000000043
0.38 0.3867000000000005
0.38 0.3842000000000004
0.38 0.39170000000000044
0.38 0.3966000000000006
0.38 0.39700000000000046
0.38 0.39200000000000046
0.4 0.4003000000000005
0.4 0.3887000000000003
0.4 0.413200000000001
0.4 0.3921000000000005
0.4 0.3810000000000003
0.4 0.38130000000000025
0.4 0.38440000000000024
0.38 0.3821000000000003
0.38 0.38050000000000017
0.38 0.3896000000000003
0.38 0.3822000000000002
0.38 0.38270000000000026
0.38 0.3820000000000001
0.38 0.38160000000000033
0.38 0.43340000000000084
0.38 0.6287000000000019
0.4 0.6287000000000019
0.4 0.6035000000000018
0.7 0.7000000000000008
0.4 0.5285000000000007
0.7 0.7000000000000008
0.4 0.45069999999999993
0.4 0.41759999999999997
0.4 0.4025000000000002
0.4 0.39409999999999995
0.4 0.39420000000000044
0.4 0.3985
0.4 0.3957000000000002
0.4 0.3982000000000002
0.4 0.42490000000000044
0.4 0.39180000000000026
0.4 0.3920000000000003
0.4 0.39100000000000035
0.4 0.38980000000000037
0.38 0.3948000000000002
0.38 0.3912000000000003
0.38 0.3936
0.38 0.39210000000000034
0.38 0.3865000000000003
0.38 0.3901000000000005
0.38 0.3883000000000002
0.38 0.38910000000000033
0.38 0.38680000000000037
0.38 0.3873000000000005
0.38 0.3858000000000004
0.38 0.3867000000000003
0.38 0.3853000000000003
0.38 0.38549999999999995
0.38 0.38750000000000034
0.38 0.3907000000000002
0.38 0.3901000000000001
0.38 0.3906000000000001
0.38 0.3904000000000002
0.38 0.3929000000000002
0.38 0.3871000000000003
0.38 0.3876000000000003
0.38 0.3896000000000003
0.38 0.3914000000000004
0.38 0.3895000000000003
0.38 0.3838000000000003
0.38 0.3839000000000001
0.38 0.3854000000000002
0.38 0.3884000000000001
0.38 0.39090000000000025
0.38 0.38980000000000026
0.38 0.3896
0.38 0.3883000000000002
0.38 0.3882
0.38 0.38719999999999977
0.38 0.39029999999999987
0.38 0.39020000000000016
0.38 0.3905000000000002
0.38 0.3902000000000003
0.38 0.39070000000000027
0.38 0.39030000000000015
0.38 0.39020000000000027
0.38 0.3909000000000001
0.38 0.39040000000000014
0.38 0.3871000000000002
0.38 0.3901000000000001
0.38 0.3859000000000003
0.38 0.3871000000000004
0.38 0.389
0.38 0.3881
0.38 0.3903000000000004
0.38 0.3889000000000006
0.4 0.39430000000000026
0.38 0.3912000000000002
0.4 0.38810000000000044
0.4 0.38620000000000027
0.38 0.38620000000000027
0.38 0.4105000000000005
0.38 0.3895000000000003
0.38 0.38830000000000015
0.38 0.3890000000000003
0.38 0.3877000000000001
0.38 0.3874
0.38 0.38350000000000023
0.38 0.3851000000000002
0.38 0.3813000000000002
0.38 0.3808000000000002
0.38 0.38220000000000043
0.38 0.39070000000000055
0.38 0.3838000000000003
0.38 0.38660000000000033
0.38 0.3840000000000004
0.38 0.38300000000000034
0.38 0.38420000000000043
0.38 0.3859000000000004
0.38 0.3813000000000003
0.38 0.3803000000000003
0.38 0.3800000000000002
0.38 0.3800000000000002
0.38 0.3865000000000003
0.38 0.4174000000000006
0.38 0.4251000000000005
0.38 0.4000000000000011
0.38 0.38090000000000024
0.38 0.3889000000000006
0.38 0.3808000000000002
0.38 0.3821000000000002
0.38 0.38070000000000015
0.38 0.3822000000000003
0.38 0.3809000000000003
0.38 0.38030000000000025
0.38 0.3817000000000003
0.38 0.38080000000000036
0.38 0.3810000000000004
0.38 0.3826000000000003
0.38 0.38130000000000025
0.38 0.3814000000000001
0.38 0.3820000000000005
0.38 0.38200000000000023
0.38 0.3864000000000003
0.38 0.3809000000000003
0.38 0.3823000000000004
0.38 0.3829000000000004
0.38 0.38020000000000015
0.38 0.3800000000000002
0.38 0.38330000000000036
0.38 0.3809
0.38 0.3805000000000004
0.38 0.38070000000000015
0.38 0.38320000000000043
0.38 0.3817000000000001
0.38 0.3800000000000002
0.38 0.38140000000000035
0.38 0.38040000000000035
0.38 0.3848000000000004
0.38 0.3816000000000003
0.38 0.3800000000000002
0.38 0.3800000000000002
0.38 0.3800000000000002
0.38 0.3801000000000002
0.38 0.38020000000000026
0.38 0.3800000000000002
0.38 0.39330000000000076
0.38 0.3894000000000007
0.38 0.3800000000000002
0.38 0.3800000000000002
0.38 0.38030000000000025
0.38 0.38030000000000036
0.38 0.38010000000000027
0.38 0.38030000000000014
0.38 0.3843000000000005
0.38 0.3808000000000002
0.38 0.38160000000000033
0.38 0.3823000000000003
0.38 0.38050000000000034
0.38 0.3815000000000003
0.38 0.3808000000000002
0.38 0.38070000000000026
0.38 0.39290000000000064
0.38 0.3853000000000004
0.38 0.3810000000000002
0.38 0.38320000000000026
0.38 0.38080000000000036
0.38 0.4028000000000011
0.38 0.3845000000000005
0.38 0.38230000000000025
0.38 0.4112000000000011
0.38 0.3837000000000003
0.38 0.38390000000000035
0.4 0.3845000000000006
0.38 0.38190000000000024
0.4 0.3892000000000005
0.4 0.3860000000000003
0.38 0.38180000000000014
0.38 0.3999000000000009
0.38 0.3824000000000003
0.4 0.3877000000000001
0.4 0.3899000000000003
0.4 0.3907000000000007
0.4 0.3884000000000005
0.4 0.3876000000000003
0.38 0.3815000000000001
0.38 0.3819000000000002
0.4 0.38340000000000024
0.4 0.3834000000000004
0.4 0.3934000000000003
0.4 0.3892000000000005
0.4 0.38750000000000023
0.4 0.3864000000000001
0.4 0.3856999999999999
0.4 0.3855000000000002
0.4 0.38380000000000003
0.4 0.3864000000000001
0.4 0.3912000000000003
0.4 0.3994000000000004
0.4 0.4025000000000003
0.4 0.3950000000000004
0.4 0.3923000000000005
0.4 0.3891000000000002
0.4 0.3886999999999999
0.4 0.38989999999999986
0.4 0.38789999999999997
0.4 0.38870000000000027
0.4 0.3878000000000003
0.4 0.38750000000000023
0.4 0.38800000000000007
0.4 0.3865000000000002
0.4 0.3859000000000002
0.4 0.3864999999999999
0.4 0.38740000000000036
0.38 0.3828000000000003
0.38 0.3819000000000004
0.4 0.3852000000000006
0.4 0.38500000000000023
0.38 0.3840000000000004
0.38 0.3813000000000002
0.4 0.3868000000000001
0.38 0.3831000000000001
0.38 0.3814000000000001
0.38 0.38110000000000027
0.38 0.3818000000000001
0.38 0.3834000000000003
0.38 0.38290000000000013
0.38 0.3837000000000004
0.38 0.3815000000000002
0.38 0.38280000000000036
0.38 0.38230000000000025
0.38 0.38240000000000035
0.38 0.38020000000000026
0.38 0.3805000000000001
0.38 0.3843000000000002
0.38 0.3829000000000003
0.38 0.382
0.38 0.3835000000000003
0.38 0.3838000000000001
0.38 0.3824000000000001
0.38 0.38290000000000013
0.38 0.3843000000000003
0.38 0.3831
0.38 0.38280000000000036
0.38 0.3845000000000001
0.38 0.3833000000000004
0.38 0.38370000000000004
0.38 0.3828000000000003
0.38 0.3810000000000004
0.38 0.3814000000000001
0.38 0.3810000000000003
0.38 0.38300000000000023
0.38 0.3838000000000005
0.4 0.3833000000000002
0.4 0.38390000000000013
0.4 0.38430000000000014
