0.26 0.6317000000000007
0.26 0.6114000000000012
0.16000000000000003 0.639700000000001
0.21999999999999997 0.624200000000001
0.36 0.627700000000001
0.36 0.6122000000000012
0.36 0.6104000000000014
0.33999999999999997 0.6384000000000015
0.38 0.6711000000000016
0.33999999999999997 0.6223000000000016
0.33999999999999997 0.6370000000000016
0.33999999999999997 0.6254000000000013
0.33999999999999997 0.6325000000000014
0.38 0.6316000000000017
0.4 0.6438000000000018
0.36 0.6164000000000016
0.43999999999999995 0.6304000000000015
0.30000000000000004 0.5869000000000011
0.18000000000000005 0.5588000000000013
0.16000000000000003 0.5133000000000006
0.28 0.6022000000000007
0.24 0.5718000000000008
0.19999999999999996 0.562800000000001
0.21999999999999997 0.5261000000000009
0.19999999999999996 0.4815000000000004
0.24 0.5225000000000005
0.21999999999999997 0.4474000000000006
0.16000000000000003 0.3899000000000003
0.19999999999999996 0.41919999999999974
0.14 0.33080000000000026
0.09999999999999998 0.2548999999999999
0.09999999999999998 0.25779999999999986
0.09999999999999998 0.2845000000000001
0.040000000000000036 0.34280000000000016
0.06000000000000005 0.37839999999999996
0.07999999999999996 0.3925999999999998
0.16000000000000003 0.5070000000000002
0.09999999999999998 0.3963000000000003
0.12 0.43329999999999996
0.33999999999999997 0.5045000000000001
0.33999999999999997 0.5692999999999997
0.14 0.5381000000000005
0.14 0.38570000000000043
0.26 0.4643
0.21999999999999997 0.4485000000000002
0.33999999999999997 0.48140000000000016
0.33999999999999997 0.4785000000000002
0.21999999999999997 0.5971000000000003
0.33999999999999997 0.6445000000000002
0.38 0.581500000000001
0.33999999999999997 0.579900000000001
0.33999999999999997 0.5455000000000007
0.36 0.5860000000000004
0.33999999999999997 0.5463000000000007
0.33999999999999997 0.5646000000000009
0.42000000000000004 0.6388000000000006
0.62 0.6678000000000004
0.45999999999999996 0.6614000000000004
0.43999999999999995 0.6601000000000008
0.45999999999999996 0.655300000000001
0.38 0.6644000000000011
0.5 0.6221000000000004
0.5 0.5765000000000008
0.36 0.5380000000000015
0.36 0.5098000000000004
0.26 0.49300000000000055
0.26 0.5363999999999991
0.26 0.4990999999999999
0.21999999999999997 0.5238999999999998
0.26 0.5716000000000002
0.26 0.6131000000000004
0.31999999999999995 0.5753
0.21999999999999997 0.5673999999999999
0.21999999999999997 0.5084000000000001
0.21999999999999997 0.5004000000000003
0.21999999999999997 0.5146000000000001
0.12 0.45930000000000004
0.24 0.5840000000000004
0.21999999999999997 0.6050000000000003
0.18000000000000005 0.6762000000000009
0.38 0.6959000000000004
0.21999999999999997 0.5789000000000009
0.18000000000000005 0.6378000000000008
0.36 0.6007000000000006
0.28 0.5451000000000001
0.19999999999999996 0.47940000000000005
0.19999999999999996 0.4579999999999999
0.07999999999999996 0.4281000000000001
0.12 0.3530000000000005
0.24 0.3585000000000007
0.12 0.34840000000000076
0.12 0.3320000000000008
0.19999999999999996 0.375400000000001
0.07999999999999996 0.3473000000000006
0.020000000000000018 0.25880000000000053
0.020000000000000018 0.28020000000000056
0.06000000000000005 0.3075000000000006
0.09999999999999998 0.34480000000000016
0.09999999999999998 0.3696000000000002
0.09999999999999998 0.2882000000000003
0.33999999999999997 0.4495999999999999
0.33999999999999997 0.5417000000000001
0.33999999999999997 0.5330000000000006
0.09999999999999998 0.4297999999999999
0.33999999999999997 0.47459999999999986
0.18000000000000005 0.38609999999999983
0.07999999999999996 0.34530000000000016
0.040000000000000036 0.4220999999999999
0.040000000000000036 0.3654000000000003
0.30000000000000004 0.3862
0.30000000000000004 0.3726000000000003
0.31999999999999995 0.3868000000000009
0.36 0.3594000000000011
0.09999999999999998 0.33020000000000116
0.040000000000000036 0.313200000000001
0.18000000000000005 0.36100000000000065
0.18000000000000005 0.35880000000000073
0.18000000000000005 0.3500000000000009
0.21999999999999997 0.3462000000000009
0.21999999999999997 0.339300000000001
0.21999999999999997 0.3410000000000009
0.21999999999999997 0.34240000000000087
0.21999999999999997 0.3476000000000009
0.21999999999999997 0.3400000000000011
0.18000000000000005 0.35250000000000137
0.19999999999999996 0.3367000000000014
0.09999999999999998 0.3169000000000011
0.09999999999999998 0.28920000000000107
0.07999999999999996 0.2866000000000008
0.07999999999999996 0.2478000000000007
0.07999999999999996 0.2278000000000001
0.07999999999999996 0.1801000000000001
0.07999999999999996 0.18480000000000008
0.07999999999999996 0.20570000000000008
0.07999999999999996 0.13859999999999986
0.09999999999999998 0.11649999999999996
0.09999999999999998 0.10839999999999994
0.09999999999999998 0.15220000000000003
0.09999999999999998 0.12049999999999988
0.09999999999999998 0.1503
0.07999999999999996 0.14079999999999995
0.07999999999999996 0.11880000000000003
0.07999999999999996 0.09140000000000008
0.07999999999999996 0.08310000000000013
0.07999999999999996 0.07810000000000004
0.07999999999999996 0.10799999999999993
0.07999999999999996 0.09680000000000001
0.07999999999999996 0.10089999999999998
0.07999999999999996 0.2029
0.07999999999999996 0.11580000000000001
0.07999999999999996 0.13760000000000006
0.07999999999999996 0.09850000000000003
0.07999999999999996 0.10000000000000003
0.07999999999999996 0.1004
0.07999999999999996 0.11470000000000001
0.07999999999999996 0.13889999999999997
0.07999999999999996 0.09759999999999998
0.07999999999999996 0.10400000000000001
0.07999999999999996 0.1289
0.07999999999999996 0.10829999999999995
0.07999999999999996 0.11069999999999995
0.07999999999999996 0.10309999999999998
0.07999999999999996 0.11079999999999995
0.07999999999999996 0.11159999999999994
0.07999999999999996 0.1074
0.07999999999999996 0.11170000000000002
0.07999999999999996 0.09969999999999997
0.07999999999999996 0.1091
0.07999999999999996 0.10919999999999998
0.07999999999999996 0.10269999999999996
0.07999999999999996 0.09669999999999997
0.07999999999999996 0.10439999999999997
0.07999999999999996 0.10099999999999994
0.07999999999999996 0.09909999999999998
0.07999999999999996 0.09729999999999993
0.07999999999999996 0.09490000000000003
0.07999999999999996 0.09500000000000003
0.07999999999999996 0.10489999999999995
0.07999999999999996 0.09669999999999987
0.07999999999999996 0.09279999999999995
0.07999999999999996 0.08649999999999998
0.07999999999999996 0.0872
0.07999999999999996 0.0855
0.07999999999999996 0.07619999999999999
0.07999999999999996 0.07249999999999995
0.040000000000000036 0.0832
0.040000000000000036 0.07279999999999999
0.040000000000000036 0.08780000000000002
0.040000000000000036 0.06510000000000002
0.040000000000000036 0.07980000000000004
0.07999999999999996 0.06170000000000003
0.07999999999999996 0.07350000000000007
0.040000000000000036 0.08459999999999997
0.040000000000000036 0.12150000000000002
0.040000000000000036 0.08400000000000002
0.040000000000000036 0.07019999999999997
0.040000000000000036 0.0713
0.040000000000000036 0.08430000000000003
0.040000000000000036 0.08120000000000002
0.040000000000000036 0.07080000000000002
0.040000000000000036 0.06580000000000004
0.040000000000000036 0.0641
0.040000000000000036 0.06100000000000004
0.040000000000000036 0.060900000000000044
0.040000000000000036 0.07270000000000003
0.040000000000000036 0.06750000000000006
0.040000000000000036 0.05860000000000001
0.040000000000000036 0.06360000000000002
0.040000000000000036 0.06750000000000002
0.040000000000000036 0.06290000000000004
0.040000000000000036 0.07500000000000001
0.040000000000000036 0.07020000000000004
0.040000000000000036 0.06800000000000002
0.040000000000000036 0.06580000000000003
0.040000000000000036 0.06380000000000004
0.040000000000000036 0.06870000000000002
0.040000000000000036 0.06850000000000009
0.040000000000000036 0.06180000000000001
0.040000000000000036 0.06050000000000002
0.040000000000000036 0.059400000000000015
0.040000000000000036 0.05110000000000003
0.040000000000000036 0.05690000000000002
0.040000000000000036 0.0626
0.040000000000000036 0.06480000000000001
0.040000000000000036 0.06880000000000003
0.040000000000000036 0.0687
0.040000000000000036 0.06400000000000002
0.040000000000000036 0.05909999999999999
0.040000000000000036 0.059099999999999986
0.040000000000000036 0.05889999999999996
0.040000000000000036 0.05920000000000002
0.040000000000000036 0.051299999999999985
0.040000000000000036 0.0506
0.040000000000000036 0.06350000000000003
0.040000000000000036 0.0617
0.040000000000000036 0.05959999999999999
0.040000000000000036 0.05690000000000001
0.040000000000000036 0.058000000000000024
0.040000000000000036 0.04620000000000002
0.040000000000000036 0.05550000000000004
0.040000000000000036 0.052300000000000055
0.040000000000000036 0.09230000000000003
0.040000000000000036 0.08050000000000003
0.040000000000000036 0.05940000000000002
0.040000000000000036 0.05970000000000002
0.040000000000000036 0.07070000000000003
0.040000000000000036 0.08280000000000003
0.040000000000000036 0.2685000000000005
0.040000000000000036 0.14730000000000001
0.040000000000000036 0.06250000000000004
0.040000000000000036 0.07730000000000004
0.040000000000000036 0.07190000000000003
0.040000000000000036 0.06710000000000002
0.040000000000000036 0.04570000000000004
0.040000000000000036 0.10770000000000003
0.040000000000000036 0.06740000000000003
0.040000000000000036 0.05070000000000003
0.040000000000000036 0.09600000000000002
0.040000000000000036 0.09270000000000003
0.040000000000000036 0.06000000000000003
0.040000000000000036 0.06310000000000002
0.040000000000000036 0.05890000000000002
0.040000000000000036 0.060400000000000016
0.040000000000000036 0.05880000000000002
0.040000000000000036 0.06380000000000002
0.07999999999999996 0.05670000000000004
0.07999999999999996 0.04640000000000004
0.040000000000000036 0.055900000000000026
0.040000000000000036 0.04620000000000004
0.040000000000000036 0.05720000000000004
0.040000000000000036 0.10480000000000006
0.040000000000000036 0.06240000000000004
0.040000000000000036 0.07820000000000005
0.040000000000000036 0.05480000000000003
0.040000000000000036 0.06380000000000004
0.040000000000000036 0.04970000000000004
0.040000000000000036 0.10230000000000004
0.040000000000000036 0.07240000000000003
0.040000000000000036 0.12710000000000005
0.040000000000000036 0.06780000000000005
0.040000000000000036 0.06880000000000003
0.040000000000000036 0.05740000000000003
0.040000000000000036 0.05830000000000004
0.040000000000000036 0.05500000000000004
0.040000000000000036 0.05
0.040000000000000036 0.04420000000000002
0.040000000000000036 0.057700000000000015
0.040000000000000036 0.0461
0.040000000000000036 0.047400000000000005
0.040000000000000036 0.046000000000000006
0.040000000000000036 0.05420000000000002
0.040000000000000036 0.06070000000000003
0.040000000000000036 0.05680000000000003
0.040000000000000036 0.0473
0.040000000000000036 0.05570000000000002
0.040000000000000036 0.0533
0.040000000000000036 0.04999999999999999
0.040000000000000036 0.04919999999999997
0.040000000000000036 0.052199999999999955
0.040000000000000036 0.05049999999999999
0.040000000000000036 0.05059999999999996
0.040000000000000036 0.05119999999999997
0.040000000000000036 0.04999999999999999
0.040000000000000036 0.061200000000000004
0.040000000000000036 0.054999999999999966
0.040000000000000036 0.05629999999999995
0.040000000000000036 0.05679999999999999
0.040000000000000036 0.05729999999999997
0.040000000000000036 0.059200000000000016
0.040000000000000036 0.05349999999999998
0.07999999999999996 0.1136
0.040000000000000036 0.08960000000000001
0.040000000000000036 0.07970000000000003
0.040000000000000036 0.06240000000000001
0.040000000000000036 0.058999999999999976
0.040000000000000036 0.05759999999999998
0.040000000000000036 0.055999999999999946
0.040000000000000036 0.05469999999999998
0.040000000000000036 0.0513
0.040000000000000036 0.06319999999999996
0.040000000000000036 0.05469999999999995
0.040000000000000036 0.059099999999999986
0.040000000000000036 0.057099999999999936
0.040000000000000036 0.05719999999999999
0.040000000000000036 0.05669999999999995
0.07999999999999996 0.05470000000000001
0.07999999999999996 0.05199999999999998
0.07999999999999996 0.05749999999999999
0.07999999999999996 0.05429999999999999
0.07999999999999996 0.05759999999999997
0.07999999999999996 0.05679999999999998
0.07999999999999996 0.05780000000000001
0.07999999999999996 0.05049999999999998
0.07999999999999996 0.0506
0.07999999999999996 0.05160000000000002
0.040000000000000036 0.053399999999999954
0.040000000000000036 0.051299999999999985
0.040000000000000036 0.05610000000000006
0.040000000000000036 0.056300000000000044
0.040000000000000036 0.05380000000000004
0.040000000000000036 0.050800000000000047
0.040000000000000036 0.05839999999999997
0.040000000000000036 0.05600000000000002
0.06000000000000005 0.059600000000000056
0.06000000000000005 0.05800000000000001
0.06000000000000005 0.056499999999999995
0.06000000000000005 0.05589999999999999
0.06000000000000005 0.05330000000000001
0.06000000000000005 0.05039999999999998
0.06000000000000005 0.05870000000000007
0.06000000000000005 0.054000000000000055
0.06000000000000005 0.05689999999999997
0.06000000000000005 0.050600000000000006
0.06000000000000005 0.05380000000000001
0.06000000000000005 0.050199999999999995
0.06000000000000005 0.04730000000000003
0.06000000000000005 0.04940000000000003
0.06000000000000005 0.05240000000000006
0.06000000000000005 0.05169999999999998
0.06000000000000005 0.04940000000000001
0.06000000000000005 0.0482
0.06000000000000005 0.05050000000000003
0.06000000000000005 0.05490000000000008
0.06000000000000005 0.04760000000000006
0.06000000000000005 0.04820000000000006
0.06000000000000005 0.04880000000000004
0.07999999999999996 0.05220000000000002
0.07999999999999996 0.04959999999999997
0.07999999999999996 0.047400000000000005
0.07999999999999996 0.05710000000000002
0.07999999999999996 0.05139999999999999
0.07999999999999996 0.04650000000000003
0.07999999999999996 0.05080000000000002
0.07999999999999996 0.052700000000000004
0.07999999999999996 0.054399999999999976
0.07999999999999996 0.055200000000000034
0.07999999999999996 0.061100000000000015
0.07999999999999996 0.05149999999999998
0.07999999999999996 0.0525
0.07999999999999996 0.05220000000000002
0.07999999999999996 0.05649999999999999
0.07999999999999996 0.05560000000000003
0.06000000000000005 0.05030000000000003
0.06000000000000005 0.05290000000000001
0.06000000000000005 0.05140000000000004
0.07999999999999996 0.04870000000000001
0.06000000000000005 0.0463
0.06000000000000005 0.05280000000000002
0.06000000000000005 0.055900000000000005
0.06000000000000005 0.05860000000000004
0.06000000000000005 0.05790000000000003
0.06000000000000005 0.05849999999999996
0.06000000000000005 0.06410000000000003
0.06000000000000005 0.05209999999999997
0.06000000000000005 0.056100000000000046
0.06000000000000005 0.060200000000000066
0.06000000000000005 0.05750000000000002
0.06000000000000005 0.048900000000000034
0.06000000000000005 0.05230000000000002
0.06000000000000005 0.05290000000000007
0.06000000000000005 0.05240000000000002
0.06000000000000005 0.05060000000000002
0.06000000000000005 0.05040000000000006
0.06000000000000005 0.0530000000000001
0.06000000000000005 0.06230000000000006
0.06000000000000005 0.059600000000000077
0.06000000000000005 0.05780000000000004
0.06000000000000005 0.05040000000000006
0.06000000000000005 0.05560000000000009
0.06000000000000005 0.057900000000000035
0.06000000000000005 0.05490000000000001
0.06000000000000005 0.05910000000000007
0.040000000000000036 0.05640000000000001
0.040000000000000036 0.054200000000000005
0.040000000000000036 0.05940000000000006
0.040000000000000036 0.053500000000000006
0.040000000000000036 0.056799999999999996
0.040000000000000036 0.055000000000000056
0.040000000000000036 0.05590000000000003
0.040000000000000036 0.05590000000000004
0.040000000000000036 0.05740000000000003
0.040000000000000036 0.06070000000000002
0.040000000000000036 0.050800000000000074
0.040000000000000036 0.05470000000000003
0.040000000000000036 0.05280000000000005
0.040000000000000036 0.052700000000000066
0.040000000000000036 0.05369999999999996
0.040000000000000036 0.05739999999999999
0.040000000000000036 0.05350000000000004
0.040000000000000036 0.07290000000000008
0.040000000000000036 0.06110000000000009
0.040000000000000036 0.06090000000000006
0.040000000000000036 0.055000000000000035
0.040000000000000036 0.057200000000000056
0.040000000000000036 0.05570000000000006
0.040000000000000036 0.05739999999999999
0.040000000000000036 0.05990000000000003
0.040000000000000036 0.061200000000000004
0.040000000000000036 0.059900000000000064
0.040000000000000036 0.06430000000000004
0.040000000000000036 0.07030000000000002
0.040000000000000036 0.05540000000000001
0.040000000000000036 0.05800000000000007
0.040000000000000036 0.05860000000000005
0.040000000000000036 0.04770000000000002
0.040000000000000036 0.054500000000000014
0.040000000000000036 0.05500000000000001
0.040000000000000036 0.052100000000000035
0.040000000000000036 0.048900000000000006
0.040000000000000036 0.04869999999999999
0.040000000000000036 0.05110000000000001
0.040000000000000036 0.04790000000000002
0.040000000000000036 0.05430000000000004
0.040000000000000036 0.06010000000000005
0.040000000000000036 0.05850000000000008
0.040000000000000036 0.05430000000000005
0.040000000000000036 0.05300000000000006
0.040000000000000036 0.05720000000000007
0.040000000000000036 0.0527000000000001
0.040000000000000036 0.05520000000000002
0.040000000000000036 0.05710000000000002
0.040000000000000036 0.05800000000000001
0.040000000000000036 0.057200000000000056
0.040000000000000036 0.05850000000000003
0.040000000000000036 0.057300000000000025
0.040000000000000036 0.059900000000000043
0.040000000000000036 0.05880000000000003
0.040000000000000036 0.05560000000000004
0.040000000000000036 0.05239999999999997
0.040000000000000036 0.05570000000000006
0.040000000000000036 0.05140000000000002
0.040000000000000036 0.05370000000000001
0.040000000000000036 0.05550000000000004
0.040000000000000036 0.056299999999999996
0.040000000000000036 0.05650000000000003
0.040000000000000036 0.05540000000000005
0.040000000000000036 0.05900000000000001
0.040000000000000036 0.06240000000000005
0.040000000000000036 0.053500000000000034
0.040000000000000036 0.05420000000000006
0.040000000000000036 0.05030000000000007
0.040000000000000036 0.05710000000000005
0.040000000000000036 0.052500000000000026
0.040000000000000036 0.05070000000000002
0.040000000000000036 0.05300000000000002
0.040000000000000036 0.05210000000000001
0.040000000000000036 0.049800000000000004
0.040000000000000036 0.05970000000000005
0.040000000000000036 0.04960000000000002
0.040000000000000036 0.05280000000000006
0.040000000000000036 0.05660000000000004
0.040000000000000036 0.0506
0.040000000000000036 0.044700000000000024
0.040000000000000036 0.17990000000000003
0.040000000000000036 0.08460000000000001
0.040000000000000036 0.09000000000000004
0.040000000000000036 0.060500000000000026
0.040000000000000036 0.052500000000000026
0.040000000000000036 0.0482
0.040000000000000036 0.05440000000000003
