0.38 0.6184000000000008
0.38 0.6159000000000006
0.38 0.5851000000000003
0.38 0.6125000000000003
0.38 0.6125000000000002
0.38 0.6013000000000002
0.4 0.6321000000000003
0.36 0.6512999999999994
0.4 0.6581999999999992
0.4 0.6511999999999993
0.4 0.6566999999999987
0.18000000000000005 0.616099999999999
0.18000000000000005 0.6288999999999986
0.18000000000000005 0.5887999999999989
0.31999999999999995 0.6018999999999987
0.31999999999999995 0.600799999999999
0.24 0.5671999999999994
0.18000000000000005 0.5845999999999988
0.24 0.5460999999999995
0.16000000000000003 0.5236999999999992
0.16000000000000003 0.559999999999999
0.19999999999999996 0.5491999999999995
0.38 0.5619999999999993
0.38 0.5906999999999991
0.19999999999999996 0.6005999999999989
0.38 0.5604999999999992
0.38 0.5382999999999991
0.21999999999999997 0.5502999999999996
0.06000000000000005 0.4760999999999993
0.06000000000000005 0.5219999999999994
0.06000000000000005 0.5233999999999999
0.38 0.6199000000000005
0.38 0.5819999999999997
0.24 0.5966000000000004
0.24 0.6210000000000001
0.38 0.6598999999999998
0.14 0.6014000000000004
0.09999999999999998 0.6267999999999992
0.09999999999999998 0.5053000000000002
0.38 0.5988999999999991
0.16000000000000003 0.594499999999999
0.38 0.5417999999999992
0.12 0.5238999999999993
0.21999999999999997 0.5578999999999994
0.38 0.6825999999999975
0.38 0.6876999999999971
0.16000000000000003 0.5710999999999988
0.38 0.6134999999999989
0.38 0.5760999999999991
0.38 0.6116999999999984
0.38 0.5834999999999986
0.38 0.6797999999999986
0.4 0.6557999999999983
0.38 0.5415999999999984
0.38 0.49779999999999885
0.020000000000000018 0.4231999999999999
0.020000000000000018 0.4661999999999994
0.38 0.4823999999999991
0.38 0.4838999999999988
0.38 0.5245999999999987
0.38 0.6513999999999983
0.38 0.6605999999999984
0.38 0.6579999999999984
0.38 0.6424999999999982
0.38 0.4454999999999999
0.38 0.46979999999999933
0.38 0.4683999999999995
0.38 0.4812999999999992
0.38 0.5067999999999987
0.38 0.4271000000000001
0.38 0.45289999999999997
0.38 0.42450000000000054
0.38 0.40000000000000085
0.38 0.40690000000000104
0.38 0.3898000000000006
0.38 0.44930000000000014
0.38 0.532199999999999
0.38 0.6434999999999982
0.38 0.5782999999999985
0.38 0.49949999999999933
0.38 0.5180999999999998
0.38 0.5038999999999991
0.38 0.5317999999999997
0.38 0.49479999999999946
0.4 0.6353000000000004
0.38 0.525699999999999
0.38 0.4906999999999991
0.38 0.45529999999999965
0.38 0.509399999999999
0.38 0.4702999999999994
0.38 0.4403999999999999
0.38 0.43079999999999996
0.38 0.4252000000000003
0.38 0.4016000000000001
0.38 0.39000000000000024
0.38 0.4346000000000003
0.38 0.40850000000000036
0.38 0.3971000000000005
0.38 0.5137
0.38 0.5041000000000002
0.38 0.5538000000000003
0.38 0.4757999999999998
0.38 0.4353000000000001
0.38 0.4226000000000003
0.38 0.44759999999999983
0.38 0.4169000000000005
0.38 0.4124000000000006
0.38 0.41340000000000054
0.38 0.41150000000000053
0.38 0.4338000000000003
0.38 0.40320000000000056
0.38 0.4279000000000006
0.38 0.47289999999999954
0.38 0.4357000000000001
0.38 0.43730000000000013
0.4 0.43360000000000026
0.4 0.4100000000000006
0.4 0.41600000000000054
0.4 0.40940000000000076
0.4 0.4231000000000001
0.4 0.43200000000000016
0.4 0.42820000000000014
0.4 0.4495999999999997
0.4 0.42360000000000014
0.4 0.40330000000000055
0.4 0.4148000000000003
0.4 0.4090000000000005
0.4 0.4168000000000005
0.4 0.41330000000000033
0.4 0.4130000000000007
0.4 0.4044000000000006
0.4 0.4081000000000001
0.38 0.41120000000000034
0.4 0.45739999999999975
0.4 0.4346
0.4 0.4432999999999999
0.4 0.4292999999999999
0.38 0.4125000000000005
0.38 0.3997000000000003
0.38 0.4130000000000005
0.38 0.4152000000000003
0.38 0.41810000000000036
0.38 0.4111000000000004
0.38 0.42810000000000026
0.38 0.40350000000000025
0.38 0.4204000000000003
0.38 0.6080999999999984
0.38 0.5642999999999989
0.38 0.46329999999999977
0.38 0.4452999999999998
0.38 0.4390999999999998
0.38 0.4578999999999999
0.38 0.47759999999999925
0.38 0.40220000000000056
0.38 0.4073000000000006
0.38 0.6854999999999987
0.38 0.5942999999999984
0.38 0.4752999999999995
0.38 0.41700000000000076
0.38 0.4127000000000006
0.38 0.39960000000000045
0.38 0.3992000000000003
0.38 0.41350000000000064
0.38 0.4056000000000005
0.38 0.4238000000000004
0.38 0.4221000000000004
0.38 0.4107000000000005
0.38 0.3989000000000004
0.38 0.3962000000000005
0.38 0.39020000000000066
0.38 0.39770000000000044
0.38 0.39980000000000065
0.38 0.3989000000000008
0.38 0.3954000000000006
0.38 0.4009000000000006
0.38 0.3986000000000004
0.38 0.39660000000000084
0.38 0.3905000000000006
0.38 0.42760000000000015
0.38 0.40150000000000036
0.38 0.41740000000000044
0.38 0.3914000000000004
0.38 0.3947000000000005
0.38 0.3955000000000004
0.38 0.3932000000000005
0.38 0.39880000000000065
0.38 0.39900000000000063
0.38 0.3888000000000005
0.38 0.39090000000000025
0.38 0.3877000000000004
0.38 0.40060000000000023
0.38 0.4178000000000007
0.4 0.4282000000000002
0.4 0.47200000000000025
0.4 0.4226000000000004
0.4 0.41160000000000063
0.38 0.4065000000000004
0.38 0.5139000000000001
0.4 0.46
0.4 0.45029999999999987
0.4 0.4203000000000005
0.38 0.39760000000000034
0.4 0.4034000000000005
0.38 0.4013000000000006
0.38 0.39290000000000036
0.38 0.3898000000000005
0.38 0.39350000000000074
0.4 0.3991000000000007
0.4 0.39160000000000017
0.4 0.39330000000000054
0.4 0.39710000000000045
0.4 0.4040000000000006
0.4 0.4081000000000006
0.4 0.405500000000001
0.4 0.42050000000000054
0.4 0.4161000000000007
0.4 0.4110000000000006
0.4 0.4065000000000004
0.4 0.40610000000000057
0.4 0.3891000000000006
0.4 0.39290000000000036
0.4 0.39630000000000043
0.4 0.38980000000000026
0.4 0.43020000000000036
0.4 0.4041000000000007
0.4 0.40520000000000034
0.38 0.46389999999999987
0.38 0.5371000000000002
0.38 0.41370000000000057
0.38 0.44800000000000034
0.38 0.5978000000000002
0.38 0.5049000000000001
0.38 0.4904999999999996
0.38 0.4934999999999996
0.42000000000000004 0.5659999999999997
0.38 0.5371999999999996
0.38 0.46349999999999947
0.38 0.47889999999999994
0.38 0.43559999999999977
0.38 0.4391999999999996
0.38 0.4209999999999997
0.38 0.4547999999999991
0.38 0.4470999999999997
0.38 0.43139999999999973
0.38 0.4172000000000004
0.38 0.4160000000000003
0.38 0.40280000000000044
0.38 0.3999000000000008
0.38 0.46590000000000004
0.38 0.4179000000000005
0.38 0.4165000000000003
0.38 0.40750000000000086
0.38 0.4489999999999998
0.38 0.4208000000000005
0.38 0.40900000000000053
0.38 0.4174000000000003
0.38 0.4137000000000002
0.38 0.40730000000000066
0.38 0.39540000000000025
0.38 0.4005000000000007
0.38 0.4010000000000005
0.38 0.39060000000000045
0.38 0.3977000000000006
0.38 0.39120000000000055
0.38 0.3977000000000004
0.38 0.3935000000000006
0.38 0.39890000000000064
0.38 0.3970000000000006
0.38 0.4011000000000005
0.38 0.38920000000000066
0.38 0.39780000000000043
0.38 0.3897000000000007
0.38 0.38540000000000046
0.38 0.38930000000000026
0.38 0.3923000000000006
0.38 0.3945000000000003
0.38 0.39800000000000063
0.38 0.3922000000000007
0.38 0.3987000000000011
0.38 0.4038000000000006
0.38 0.39490000000000075
0.38 0.3982000000000008
0.38 0.3993000000000005
0.38 0.39290000000000036
0.38 0.3999000000000006
0.38 0.3963000000000004
0.38 0.3844000000000004
0.38 0.38610000000000044
0.38 0.3979000000000005
0.38 0.39820000000000033
0.38 0.4009000000000005
0.38 0.41530000000000045
0.38 0.4061000000000006
0.38 0.3934000000000006
0.38 0.3904000000000004
0.38 0.3947000000000005
0.38 0.3923000000000002
0.38 0.3957000000000004
0.38 0.4003000000000005
0.38 0.4300000000000004
0.38 0.41220000000000057
0.38 0.4300000000000004
0.38 0.42040000000000044
0.38 0.4084000000000008
0.38 0.3922000000000005
0.38 0.3967000000000003
0.38 0.4028000000000006
0.38 0.3956000000000005
0.38 0.39010000000000034
0.38 0.39560000000000045
0.38 0.3901000000000003
0.38 0.39200000000000046
0.38 0.3968000000000005
0.38 0.3930000000000006
0.38 0.3861000000000003
0.38 0.39610000000000034
0.38 0.4015000000000004
0.38 0.4012000000000004
0.38 0.39540000000000036
0.38 0.39420000000000044
0.38 0.39250000000000057
0.38 0.39100000000000046
0.38 0.3943000000000007
0.38 0.3955000000000005
0.38 0.39860000000000073
0.38 0.4332000000000003
0.38 0.5351000000000001
0.38 0.4088000000000007
0.38 0.4004000000000007
0.38 0.3937000000000006
0.38 0.3898000000000005
0.38 0.38640000000000035
0.38 0.3868000000000005
0.38 0.3922000000000001
0.38 0.38890000000000025
0.38 0.3903000000000004
0.38 0.3955000000000004
0.38 0.39790000000000036
0.38 0.3959000000000002
0.38 0.4004000000000005
0.38 0.3983000000000005
0.38 0.4000000000000002
0.38 0.39190000000000047
0.38 0.39380000000000004
0.38 0.3971000000000003
0.38 0.3866000000000006
0.38 0.3979000000000004
0.38 0.3915000000000003
0.38 0.38500000000000045
0.38 0.39130000000000054
0.38 0.3889000000000006
0.38 0.39980000000000027
0.38 0.38940000000000025
0.38 0.3929000000000002
0.38 0.3872000000000005
0.38 0.3892000000000004
0.38 0.39630000000000043
0.38 0.3892000000000003
0.38 0.39920000000000017
0.38 0.38770000000000004
0.38 0.3892000000000004
0.38 0.3916000000000004
0.38 0.3914000000000001
0.38 0.3854000000000004
0.38 0.3893000000000004
0.38 0.39460000000000056
0.38 0.40220000000000056
0.38 0.3956000000000003
0.38 0.3884000000000001
0.38 0.39260000000000056
0.38 0.3907000000000004
0.38 0.3888000000000003
0.38 0.3923000000000002
0.38 0.3886000000000003
0.38 0.38850000000000023
0.38 0.39140000000000036
0.38 0.3879000000000004
0.38 0.3844000000000004
0.38 0.3915000000000002
0.38 0.38940000000000036
0.38 0.38500000000000034
0.38 0.3876000000000003
0.38 0.39110000000000045
0.38 0.397200000000001
0.38 0.3887000000000006
0.38 0.39120000000000055
0.38 0.4234000000000006
0.38 0.3983000000000005
0.38 0.3909000000000005
0.38 0.38530000000000053
0.38 0.4120000000000006
0.38 0.39630000000000015
0.38 0.40400000000000047
0.38 0.3976000000000003
0.38 0.3901000000000003
0.38 0.3883000000000003
0.38 0.39460000000000034
0.38 0.3942000000000004
0.38 0.38800000000000023
0.38 0.3885000000000005
0.38 0.3884000000000005
0.38 0.38880000000000026
0.38 0.3941000000000001
0.38 0.3939000000000003
0.38 0.39600000000000035
0.38 0.39630000000000026
0.38 0.40540000000000054
0.38 0.40750000000000036
0.38 0.5531
0.38 0.4158000000000005
0.38 0.4113000000000004
0.38 0.3950000000000004
0.38 0.49309999999999976
0.38 0.40330000000000027
0.38 0.41900000000000065
0.38 0.39210000000000045
0.38 0.3904000000000006
0.38 0.39180000000000026
0.38 0.39540000000000025
0.38 0.4972000000000001
0.38 0.40470000000000056
0.38 0.39380000000000037
0.38 0.38710000000000055
0.38 0.3858000000000007
0.38 0.3905000000000005
0.38 0.3892000000000005
0.38 0.38880000000000037
0.38 0.3912000000000005
0.38 0.38420000000000015
0.38 0.3890000000000004
0.38 0.3883000000000003
0.38 0.3873000000000002
0.38 0.38980000000000037
0.38 0.38720000000000043
0.38 0.38490000000000035
0.38 0.3886000000000002
0.38 0.38600000000000023
0.38 0.4003000000000004
0.38 0.39290000000000036
0.38 0.38670000000000015
0.38 0.39060000000000067
0.38 0.3843000000000003
0.38 0.3969000000000005
0.38 0.39740000000000064
0.38 0.3926000000000005
0.38 0.3839000000000004
0.38 0.3870000000000006
0.38 0.3878000000000002
0.38 0.3888000000000003
0.38 0.39030000000000004
0.38 0.3952000000000006
0.38 0.3900000000000004
0.38 0.39330000000000065
0.38 0.4015000000000006
0.38 0.39490000000000064
0.38 0.3841000000000004
0.38 0.40420000000000045
0.38 0.40610000000000035
0.38 0.39410000000000056
0.38 0.38880000000000037
0.38 0.3877000000000004
0.38 0.38930000000000015
0.38 0.39270000000000027
0.38 0.3947000000000003
0.38 0.3939000000000003
0.38 0.3899000000000003
0.38 0.39290000000000025
0.38 0.38790000000000013
0.38 0.38480000000000053
0.38 0.3873000000000004
0.38 0.3886000000000003
0.38 0.38630000000000025
0.38 0.3891000000000001
0.38 0.40090000000000026
0.38 0.39510000000000034
0.38 0.39290000000000036
0.38 0.3950000000000003
0.38 0.38540000000000013
0.38 0.39020000000000027
0.38 0.3965000000000006
0.38 0.39770000000000033
0.38 0.3970000000000003
0.38 0.38910000000000033
0.38 0.39020000000000016
0.38 0.3874000000000002
0.38 0.3923000000000003
0.38 0.38900000000000035
0.38 0.38700000000000023
0.38 0.3944000000000003
0.38 0.3836000000000005
0.38 0.38710000000000017
0.38 0.39200000000000024
0.38 0.3927000000000004
0.38 0.3887000000000002
0.38 0.3923000000000003
0.38 0.3881000000000004
0.38 0.38650000000000034
0.38 0.3928000000000002
0.38 0.3901
0.38 0.3966000000000002
