0.33999999999999997 0.6133000000000012
0.4 0.5792000000000009
0.12 0.557200000000001
0.18000000000000005 0.538900000000001
0.18000000000000005 0.5817000000000014
0.24 0.5756000000000014
0.21999999999999997 0.5842000000000016
0.21999999999999997 0.5654000000000012
0.31999999999999995 0.6433000000000013
0.31999999999999995 0.5990000000000016
0.31999999999999995 0.5477000000000012
0.18000000000000005 0.5192000000000011
0.36 0.5501000000000014
0.12 0.5988000000000016
0.28 0.5750000000000015
0.33999999999999997 0.5567000000000015
0.26 0.5925000000000018
0.24 0.5880000000000019
0.26 0.5638000000000019
0.26 0.48420000000000096
0.31999999999999995 0.467700000000001
0.19999999999999996 0.49720000000000064
0.19999999999999996 0.48570000000000135
0.16000000000000003 0.501600000000001
0.26 0.4293000000000009
0.06000000000000005 0.4270000000000011
0.07999999999999996 0.48000000000000065
0.07999999999999996 0.4613000000000007
0.07999999999999996 0.46100000000000024
0.07999999999999996 0.45440000000000064
0.07999999999999996 0.42080000000000056
0.16000000000000003 0.41740000000000066
0.30000000000000004 0.4329000000000003
0.18000000000000005 0.4807000000000006
0.18000000000000005 0.42470000000000047
0.19999999999999996 0.4235000000000005
0.07999999999999996 0.4343000000000006
0.09999999999999998 0.40300000000000064
0.21999999999999997 0.41750000000000037
0.21999999999999997 0.40850000000000025
0.26 0.4579000000000006
0.4 0.49670000000000114
0.09999999999999998 0.49820000000000086
0.09999999999999998 0.4625000000000001
0.09999999999999998 0.36930000000000013
0.09999999999999998 0.3647000000000007
0.07999999999999996 0.4488000000000008
0.12 0.3961000000000003
0.21999999999999997 0.39330000000000054
0.16000000000000003 0.42500000000000043
0.14 0.3926000000000003
0.09999999999999998 0.4180000000000001
0.28 0.4731
0.31999999999999995 0.4663000000000002
0.33999999999999997 0.5163000000000008
0.19999999999999996 0.5262000000000004
0.24 0.5703
0.24 0.5727000000000022
0.31999999999999995 0.6031000000000025
0.42000000000000004 0.5309000000000018
0.26 0.5489000000000018
0.21999999999999997 0.5140000000000009
0.16000000000000003 0.44750000000000056
0.12 0.3855000000000002
0.14 0.40070000000000017
0.14 0.419
0.12 0.5149000000000002
0.14 0.5318999999999998
0.09999999999999998 0.45120000000000027
0.09999999999999998 0.34049999999999997
0.09999999999999998 0.3181999999999997
0.09999999999999998 0.3776000000000001
0.12 0.41399999999999954
0.07999999999999996 0.32299999999999973
0.09999999999999998 0.31529999999999964
0.09999999999999998 0.3233999999999999
0.09999999999999998 0.3048000000000001
0.09999999999999998 0.27379999999999993
0.12 0.30849999999999994
0.12 0.2865999999999999
0.12 0.24559999999999998
0.12 0.22589999999999996
0.12 0.19130000000000005
0.12 0.18109999999999996
0.12 0.20310000000000009
0.12 0.27649999999999997
0.12 0.30709999999999993
0.12 0.2553000000000005
0.09999999999999998 0.3147000000000002
0.09999999999999998 0.28080000000000005
0.14 0.3713000000000002
0.09999999999999998 0.26180000000000037
0.09999999999999998 0.22370000000000012
0.12 0.23229999999999992
0.09999999999999998 0.28580000000000005
0.07999999999999996 0.25900000000000006
0.09999999999999998 0.23609999999999995
0.09999999999999998 0.23519999999999996
0.12 0.28880000000000033
0.14 0.3052
0.12 0.2720000000000001
0.12 0.3229000000000006
0.12 0.2219
0.12 0.24830000000000005
0.12 0.24129999999999996
0.09999999999999998 0.251
0.16000000000000003 0.1808999999999999
0.16000000000000003 0.16940000000000008
0.07999999999999996 0.1703999999999998
0.07999999999999996 0.20299999999999987
0.14 0.2505
0.09999999999999998 0.23929999999999993
0.09999999999999998 0.20509999999999984
0.09999999999999998 0.1620999999999999
0.07999999999999996 0.15839999999999987
0.09999999999999998 0.1349999999999999
0.07999999999999996 0.12549999999999994
0.07999999999999996 0.1734999999999999
0.09999999999999998 0.15939999999999993
0.09999999999999998 0.1390999999999999
0.07999999999999996 0.14419999999999988
0.06000000000000005 0.1686
0.09999999999999998 0.1838000000000001
0.07999999999999996 0.18109999999999996
0.06000000000000005 0.21660000000000007
0.06000000000000005 0.19750000000000015
0.07999999999999996 0.16949999999999996
0.07999999999999996 0.16290000000000007
0.07999999999999996 0.12369999999999991
0.07999999999999996 0.12109999999999985
0.07999999999999996 0.1149999999999999
0.07999999999999996 0.1129999999999999
0.07999999999999996 0.09399999999999997
0.07999999999999996 0.10060000000000002
0.07999999999999996 0.24350000000000038
0.07999999999999996 0.17380000000000045
0.07999999999999996 0.14300000000000024
0.07999999999999996 0.16560000000000033
0.07999999999999996 0.10750000000000012
0.07999999999999996 0.09800000000000007
0.07999999999999996 0.08910000000000007
0.07999999999999996 0.08340000000000006
0.07999999999999996 0.08280000000000007
0.07999999999999996 0.1713000000000001
0.07999999999999996 0.15240000000000012
0.07999999999999996 0.15609999999999996
0.07999999999999996 0.2302000000000001
0.07999999999999996 0.1407
0.07999999999999996 0.12820000000000004
0.07999999999999996 0.12550000000000008
0.07999999999999996 0.09570000000000008
0.07999999999999996 0.10180000000000015
0.07999999999999996 0.18860000000000043
0.07999999999999996 0.18520000000000045
0.07999999999999996 0.21730000000000024
0.07999999999999996 0.2483000000000005
0.07999999999999996 0.21700000000000041
0.07999999999999996 0.2667000000000003
0.06000000000000005 0.26020000000000015
0.31999999999999995 0.3278000000000003
0.28 0.4087000000000006
0.31999999999999995 0.4110000000000003
0.31999999999999995 0.36300000000000066
0.31999999999999995 0.3486000000000006
0.30000000000000004 0.3622000000000006
0.26 0.3530000000000002
0.30000000000000004 0.33760000000000034
0.18000000000000005 0.3240000000000004
0.18000000000000005 0.3189000000000004
0.18000000000000005 0.31330000000000047
0.28 0.32010000000000033
0.26 0.3300000000000003
0.26 0.3277000000000003
0.26 0.3143000000000004
0.12 0.315800000000001
0.12 0.2981000000000009
0.31999999999999995 0.34010000000000135
0.12 0.32020000000000115
0.12 0.335800000000001
0.06000000000000005 0.33430000000000076
0.12 0.31830000000000064
0.09999999999999998 0.3015000000000005
0.09999999999999998 0.26640000000000047
0.09999999999999998 0.2498000000000003
0.09999999999999998 0.2079000000000004
0.09999999999999998 0.18190000000000037
0.09999999999999998 0.1429000000000001
0.09999999999999998 0.12879999999999994
0.09999999999999998 0.1151
0.09999999999999998 0.10669999999999995
0.09999999999999998 0.10269999999999994
0.09999999999999998 0.09349999999999993
0.09999999999999998 0.12099999999999989
0.09999999999999998 0.16399999999999992
0.09999999999999998 0.29120000000000046
0.09999999999999998 0.14899999999999988
0.09999999999999998 0.1913
0.09999999999999998 0.13349999999999984
0.09999999999999998 0.11369999999999987
0.09999999999999998 0.10339999999999991
0.09999999999999998 0.0998
0.09999999999999998 0.11889999999999983
0.09999999999999998 0.09359999999999996
0.09999999999999998 0.23700000000000043
0.09999999999999998 0.16209999999999986
0.09999999999999998 0.11419999999999991
0.09999999999999998 0.11249999999999993
0.09999999999999998 0.10929999999999997
0.09999999999999998 0.1027
0.09999999999999998 0.17589999999999992
0.09999999999999998 0.11079999999999986
0.09999999999999998 0.11279999999999989
0.09999999999999998 0.10859999999999995
0.09999999999999998 0.10420000000000001
0.09999999999999998 0.10459999999999994
0.09999999999999998 0.10069999999999993
0.09999999999999998 0.11179999999999995
0.09999999999999998 0.11259999999999987
0.09999999999999998 0.10719999999999993
0.09999999999999998 0.11929999999999992
0.09999999999999998 0.09759999999999991
0.09999999999999998 0.09939999999999996
0.09999999999999998 0.11699999999999985
0.09999999999999998 0.10389999999999995
0.09999999999999998 0.09389999999999986
0.07999999999999996 0.09790000000000006
0.07999999999999996 0.102
0.07999999999999996 0.09709999999999998
0.07999999999999996 0.09549999999999996
0.07999999999999996 0.09049999999999996
0.07999999999999996 0.10489999999999997
0.09999999999999998 0.10200000000000001
0.07999999999999996 0.09970000000000001
0.09999999999999998 0.11359999999999992
0.09999999999999998 0.09719999999999997
0.07999999999999996 0.10129999999999997
0.07999999999999996 0.09399999999999994
0.07999999999999996 0.08940000000000001
0.07999999999999996 0.09210000000000002
0.07999999999999996 0.09519999999999999
0.07999999999999996 0.11209999999999991
0.07999999999999996 0.13019999999999984
0.07999999999999996 0.11719999999999996
0.07999999999999996 0.08969999999999997
0.07999999999999996 0.09139999999999998
0.07999999999999996 0.08989999999999997
0.07999999999999996 0.0932
0.07999999999999996 0.1984000000000001
0.07999999999999996 0.12199999999999997
0.07999999999999996 0.10560000000000003
0.07999999999999996 0.09670000000000002
0.07999999999999996 0.08790000000000003
0.07999999999999996 0.10679999999999998
0.07999999999999996 0.20849999999999966
0.07999999999999996 0.10719999999999988
0.07999999999999996 0.10059999999999991
0.07999999999999996 0.08170000000000005
0.07999999999999996 0.08770000000000001
0.07999999999999996 0.08580000000000006
0.07999999999999996 0.08360000000000006
0.07999999999999996 0.08080000000000007
0.07999999999999996 0.08080000000000007
0.07999999999999996 0.08460000000000006
0.07999999999999996 0.08370000000000007
0.07999999999999996 0.09530000000000002
0.07999999999999996 0.09340000000000007
0.07999999999999996 0.09170000000000007
0.07999999999999996 0.08600000000000006
0.07999999999999996 0.08520000000000007
0.07999999999999996 0.08440000000000007
0.07999999999999996 0.08330000000000005
0.07999999999999996 0.08780000000000006
0.07999999999999996 0.09140000000000008
0.07999999999999996 0.09240000000000008
0.07999999999999996 0.09080000000000009
0.07999999999999996 0.08640000000000006
0.07999999999999996 0.08710000000000007
0.07999999999999996 0.08940000000000005
0.07999999999999996 0.08690000000000005
0.07999999999999996 0.08810000000000004
0.07999999999999996 0.08710000000000007
0.07999999999999996 0.08760000000000007
0.07999999999999996 0.08900000000000008
0.07999999999999996 0.08530000000000008
0.07999999999999996 0.08850000000000006
0.07999999999999996 0.09050000000000007
0.07999999999999996 0.09680000000000004
0.07999999999999996 0.0887000000000001
0.07999999999999996 0.08620000000000008
0.07999999999999996 0.08700000000000008
0.07999999999999996 0.09400000000000006
0.07999999999999996 0.08630000000000008
0.07999999999999996 0.08570000000000007
0.07999999999999996 0.08660000000000007
0.07999999999999996 0.08810000000000003
0.07999999999999996 0.08670000000000005
0.07999999999999996 0.08610000000000007
0.07999999999999996 0.08390000000000007
0.07999999999999996 0.08150000000000006
0.07999999999999996 0.08680000000000004
0.07999999999999996 0.08540000000000005
0.07999999999999996 0.08870000000000006
0.07999999999999996 0.08870000000000006
0.07999999999999996 0.08750000000000008
0.07999999999999996 0.08610000000000007
0.07999999999999996 0.09090000000000009
0.07999999999999996 0.08370000000000007
0.07999999999999996 0.08200000000000005
0.07999999999999996 0.08340000000000007
0.07999999999999996 0.08790000000000006
0.07999999999999996 0.08500000000000005
0.07999999999999996 0.08390000000000006
0.07999999999999996 0.08820000000000007
0.07999999999999996 0.08980000000000006
0.07999999999999996 0.08400000000000007
0.07999999999999996 0.08200000000000006
0.07999999999999996 0.08420000000000007
0.07999999999999996 0.0896000000000001
0.07999999999999996 0.0963000000000001
0.07999999999999996 0.09190000000000008
0.07999999999999996 0.09030000000000006
0.07999999999999996 0.09200000000000008
0.07999999999999996 0.08850000000000006
0.07999999999999996 0.08720000000000006
0.07999999999999996 0.08890000000000008
0.07999999999999996 0.08510000000000005
0.07999999999999996 0.08710000000000004
0.07999999999999996 0.08360000000000006
0.07999999999999996 0.09240000000000008
0.07999999999999996 0.09150000000000005
0.07999999999999996 0.08700000000000006
0.07999999999999996 0.08670000000000007
0.07999999999999996 0.08190000000000007
0.07999999999999996 0.08210000000000006
0.07999999999999996 0.08280000000000004
0.07999999999999996 0.09850000000000007
0.07999999999999996 0.08410000000000005
0.07999999999999996 0.08640000000000005
0.07999999999999996 0.0991000000000001
0.07999999999999996 0.08550000000000006
0.07999999999999996 0.08450000000000005
0.07999999999999996 0.08130000000000007
0.07999999999999996 0.08740000000000007
0.07999999999999996 0.08410000000000005
0.07999999999999996 0.08740000000000006
0.07999999999999996 0.08610000000000007
0.07999999999999996 0.08420000000000007
0.07999999999999996 0.10510000000000008
0.07999999999999996 0.09700000000000009
0.07999999999999996 0.08790000000000008
0.07999999999999996 0.09600000000000007
0.07999999999999996 0.11050000000000004
0.07999999999999996 0.09000000000000007
0.07999999999999996 0.08370000000000007
0.07999999999999996 0.08390000000000007
0.07999999999999996 0.09500000000000007
0.07999999999999996 0.08990000000000008
0.07999999999999996 0.09500000000000006
0.07999999999999996 0.08330000000000007
0.07999999999999996 0.08260000000000005
0.07999999999999996 0.08510000000000006
0.07999999999999996 0.16490000000000013
0.07999999999999996 0.09370000000000005
0.07999999999999996 0.10120000000000008
0.07999999999999996 0.08760000000000005
0.07999999999999996 0.09660000000000007
0.07999999999999996 0.08570000000000007
0.07999999999999996 0.09930000000000008
0.07999999999999996 0.08520000000000007
0.07999999999999996 0.08260000000000005
0.07999999999999996 0.09060000000000006
0.07999999999999996 0.08670000000000007
0.07999999999999996 0.09580000000000004
0.07999999999999996 0.10110000000000008
0.07999999999999996 0.08350000000000005
0.07999999999999996 0.09160000000000007
0.07999999999999996 0.08550000000000006
0.07999999999999996 0.09060000000000006
0.07999999999999996 0.08880000000000006
0.07999999999999996 0.09090000000000005
0.07999999999999996 0.09180000000000005
0.07999999999999996 0.08540000000000009
0.07999999999999996 0.08970000000000007
0.07999999999999996 0.08900000000000005
0.07999999999999996 0.08600000000000009
0.07999999999999996 0.08520000000000007
0.07999999999999996 0.08530000000000007
0.07999999999999996 0.08180000000000005
0.07999999999999996 0.08770000000000007
0.07999999999999996 0.08050000000000006
0.07999999999999996 0.1343000000000001
0.07999999999999996 0.11680000000000007
0.07999999999999996 0.16400000000000012
0.07999999999999996 0.1113000000000001
0.07999999999999996 0.09480000000000005
0.07999999999999996 0.09000000000000005
0.07999999999999996 0.08370000000000007
0.07999999999999996 0.08370000000000007
0.07999999999999996 0.08370000000000007
0.07999999999999996 0.08650000000000006
0.07999999999999996 0.09070000000000006
0.07999999999999996 0.08160000000000006
0.07999999999999996 0.08930000000000005
0.07999999999999996 0.08570000000000007
0.07999999999999996 0.08190000000000004
0.07999999999999996 0.08460000000000008
0.07999999999999996 0.09140000000000006
0.07999999999999996 0.08520000000000007
0.07999999999999996 0.08350000000000007
0.07999999999999996 0.08110000000000006
0.07999999999999996 0.08160000000000008
0.07999999999999996 0.08160000000000006
0.07999999999999996 0.08390000000000004
0.07999999999999996 0.08760000000000005
0.07999999999999996 0.09400000000000006
0.07999999999999996 0.08820000000000006
0.07999999999999996 0.08710000000000007
0.07999999999999996 0.08860000000000007
0.07999999999999996 0.08690000000000006
0.07999999999999996 0.08560000000000008
0.07999999999999996 0.08170000000000005
0.07999999999999996 0.08430000000000007
0.07999999999999996 0.08520000000000007
0.07999999999999996 0.08200000000000005
0.07999999999999996 0.08690000000000006
0.07999999999999996 0.08400000000000006
0.07999999999999996 0.08630000000000008
0.07999999999999996 0.08860000000000007
0.07999999999999996 0.08570000000000007
0.07999999999999996 0.08460000000000006
0.07999999999999996 0.08830000000000007
0.07999999999999996 0.08500000000000005
0.07999999999999996 0.08340000000000006
0.07999999999999996 0.08360000000000005
0.07999999999999996 0.09280000000000006
0.07999999999999996 0.08650000000000006
0.07999999999999996 0.08780000000000006
0.07999999999999996 0.08530000000000007
0.07999999999999996 0.08920000000000006
0.07999999999999996 0.09060000000000007
0.07999999999999996 0.09090000000000006
0.07999999999999996 0.11090000000000011
0.07999999999999996 0.1355000000000002
0.07999999999999996 0.16390000000000027
0.07999999999999996 0.11930000000000014
0.07999999999999996 0.11730000000000011
0.07999999999999996 0.09240000000000008
0.07999999999999996 0.08300000000000006
0.07999999999999996 0.09700000000000009
0.07999999999999996 0.1428000000000002
0.07999999999999996 0.10890000000000011
0.07999999999999996 0.1027000000000001
0.07999999999999996 0.10110000000000012
0.07999999999999996 0.11800000000000015
0.07999999999999996 0.10220000000000004
0.07999999999999996 0.10080000000000006
0.07999999999999996 0.11940000000000012
0.07999999999999996 0.1103000000000001
0.07999999999999996 0.11220000000000009
0.07999999999999996 0.11560000000000004
0.07999999999999996 0.1378000000000001
0.07999999999999996 0.15780000000000013
0.07999999999999996 0.13600000000000012
0.07999999999999996 0.12320000000000013
0.07999999999999996 0.12010000000000012
0.07999999999999996 0.11790000000000013
0.07999999999999996 0.20620000000000008
0.07999999999999996 0.1786000000000001
0.07999999999999996 0.16170000000000012
0.07999999999999996 0.19750000000000018
0.07999999999999996 0.15929999999999997
0.07999999999999996 0.13790000000000002
0.07999999999999996 0.13209999999999994
0.07999999999999996 0.11959999999999996
0.07999999999999996 0.1265
0.07999999999999996 0.17420000000000027
0.07999999999999996 0.14230000000000012
0.07999999999999996 0.11070000000000008
0.07999999999999996 0.1015000000000001
0.07999999999999996 0.09630000000000002
0.07999999999999996 0.13250000000000017
0.12 0.3265999999999999
0.12 0.2853999999999998
0.12 0.23070000000000002
0.12 0.1887000000000001
0.07999999999999996 0.13099999999999998
0.07999999999999996 0.12709999999999994
0.07999999999999996 0.12180000000000002
0.12 0.16710000000000014
0.12 0.1731000000000001
0.12 0.15130000000000002
0.12 0.13319999999999996
0.12 0.13240000000000002
0.12 0.12720000000000004
0.12 0.12410000000000007
0.12 0.1218000000000001
0.12 0.12460000000000006
0.12 0.12850000000000006
0.12 0.13090000000000004
0.12 0.12510000000000004
