0.33999999999999997 0.6401000000000008
0.33999999999999997 0.6270000000000007
0.33999999999999997 0.6248000000000016
0.26 0.6407000000000018
0.4 0.6356000000000023
0.18000000000000005 0.629200000000002
0.33999999999999997 0.6246000000000024
0.36 0.6232000000000025
0.020000000000000018 0.6209000000000026
0.040000000000000036 0.6248000000000025
0.33999999999999997 0.6180000000000025
0.33999999999999997 0.6263000000000024
0.18000000000000005 0.6498000000000029
0.33999999999999997 0.6519000000000027
0.33999999999999997 0.6427000000000027
0.33999999999999997 0.6465000000000027
0.33999999999999997 0.650900000000003
0.33999999999999997 0.6333000000000026
0.33999999999999997 0.6043000000000023
0.31999999999999995 0.5982000000000025
0.28 0.5934000000000024
0.28 0.5862000000000025
0.28 0.5834000000000023
0.28 0.5607000000000021
0.38 0.5827000000000021
0.26 0.5550000000000013
0.26 0.5226000000000011
0.26 0.5547000000000012
0.28 0.5212000000000011
0.26 0.5037000000000008
0.16000000000000003 0.49570000000000114
0.24 0.5395000000000016
0.24 0.5111000000000011
0.24 0.49320000000000147
0.28 0.4735000000000006
0.26 0.4881000000000008
0.24 0.47580000000000133
0.24 0.48030000000000117
0.21999999999999997 0.4421000000000007
0.26 0.4744000000000011
0.18000000000000005 0.4537000000000009
0.18000000000000005 0.47010000000000085
0.24 0.45650000000000057
0.24 0.4699000000000004
0.24 0.47750000000000026
0.14 0.48610000000000064
0.06000000000000005 0.41990000000000033
0.18000000000000005 0.4175
0.24 0.4685000000000008
0.24 0.44240000000000074
0.16000000000000003 0.4163000000000005
0.14 0.44029999999999975
0.14 0.41030000000000016
0.06000000000000005 0.39380000000000037
0.06000000000000005 0.43089999999999945
0.33999999999999997 0.4886999999999989
0.06000000000000005 0.5010000000000008
0.31999999999999995 0.5622000000000013
0.18000000000000005 0.5414999999999999
0.16000000000000003 0.44350000000000056
0.12 0.4220000000000008
0.24 0.4570999999999998
0.19999999999999996 0.43990000000000046
0.19999999999999996 0.3844000000000009
0.33999999999999997 0.44779999999999964
0.19999999999999996 0.45290000000000047
0.33999999999999997 0.4150000000000001
0.33999999999999997 0.3835000000000005
0.33999999999999997 0.38110000000000105
0.33999999999999997 0.37570000000000126
0.33999999999999997 0.3583000000000011
0.33999999999999997 0.36190000000000133
0.33999999999999997 0.3730000000000013
0.33999999999999997 0.43350000000000066
0.33999999999999997 0.4041000000000009
0.33999999999999997 0.37690000000000096
0.33999999999999997 0.3627000000000012
0.33999999999999997 0.35780000000000123
0.33999999999999997 0.3612000000000013
0.33999999999999997 0.34900000000000153
0.33999999999999997 0.3894000000000013
0.33999999999999997 0.3886000000000015
0.33999999999999997 0.430100000000001
0.33999999999999997 0.3784000000000012
0.33999999999999997 0.38180000000000125
0.33999999999999997 0.3852000000000008
0.33999999999999997 0.35950000000000126
0.33999999999999997 0.35460000000000136
0.33999999999999997 0.3743000000000011
0.33999999999999997 0.36300000000000127
0.33999999999999997 0.35660000000000136
0.33999999999999997 0.3551000000000014
0.33999999999999997 0.37640000000000123
0.33999999999999997 0.361300000000001
0.33999999999999997 0.35810000000000114
0.33999999999999997 0.3558000000000013
0.33999999999999997 0.3512000000000012
0.33999999999999997 0.3533000000000013
0.33999999999999997 0.3532000000000014
0.33999999999999997 0.3940000000000007
0.33999999999999997 0.3549000000000015
0.33999999999999997 0.3756000000000011
0.33999999999999997 0.39830000000000054
0.33999999999999997 0.4496999999999993
0.33999999999999997 0.39690000000000053
0.33999999999999997 0.38070000000000087
0.33999999999999997 0.38440000000000074
0.33999999999999997 0.3799000000000008
0.33999999999999997 0.38440000000000113
0.33999999999999997 0.3623000000000011
0.33999999999999997 0.37310000000000093
0.33999999999999997 0.3728000000000014
0.33999999999999997 0.3670000000000013
0.33999999999999997 0.36520000000000136
0.33999999999999997 0.3589000000000013
0.33999999999999997 0.35480000000000145
0.33999999999999997 0.3653000000000013
0.33999999999999997 0.3852000000000011
0.33999999999999997 0.3582000000000014
0.33999999999999997 0.35710000000000136
0.33999999999999997 0.3790000000000013
0.33999999999999997 0.3679000000000011
0.33999999999999997 0.37050000000000116
0.33999999999999997 0.36200000000000115
0.36 0.37160000000000104
0.36 0.3556000000000013
0.33999999999999997 0.3716000000000013
0.33999999999999997 0.36100000000000143
0.36 0.37210000000000126
0.36 0.35530000000000117
0.36 0.3536000000000014
0.33999999999999997 0.36270000000000124
0.33999999999999997 0.3574000000000015
0.33999999999999997 0.36260000000000153
0.33999999999999997 0.37080000000000124
0.33999999999999997 0.35160000000000147
0.33999999999999997 0.36160000000000153
0.33999999999999997 0.3555000000000017
0.33999999999999997 0.3545000000000014
0.33999999999999997 0.35800000000000126
0.33999999999999997 0.35740000000000127
0.33999999999999997 0.36680000000000135
0.33999999999999997 0.36920000000000114
0.36 0.35040000000000154
0.33999999999999997 0.3493000000000015
0.36 0.3462000000000017
0.33999999999999997 0.34760000000000146
0.33999999999999997 0.35860000000000136
0.33999999999999997 0.35620000000000135
0.33999999999999997 0.35720000000000135
0.33999999999999997 0.3504000000000016
0.33999999999999997 0.35040000000000154
0.33999999999999997 0.3588000000000015
0.33999999999999997 0.3568000000000015
0.33999999999999997 0.3606000000000014
0.33999999999999997 0.3602000000000015
0.33999999999999997 0.3642000000000015
0.33999999999999997 0.4538000000000013
0.33999999999999997 0.3920000000000013
0.33999999999999997 0.35920000000000124
0.36 0.41610000000000125
0.33999999999999997 0.35620000000000124
0.36 0.35910000000000153
0.33999999999999997 0.36040000000000155
0.33999999999999997 0.34790000000000165
0.33999999999999997 0.3503000000000014
0.33999999999999997 0.3470000000000015
0.33999999999999997 0.34650000000000153
0.33999999999999997 0.35160000000000174
0.33999999999999997 0.3535000000000016
0.33999999999999997 0.3560000000000015
0.33999999999999997 0.39590000000000103
0.33999999999999997 0.3559000000000014
0.33999999999999997 0.35370000000000146
0.33999999999999997 0.35120000000000134
0.33999999999999997 0.40180000000000066
0.33999999999999997 0.36240000000000167
0.33999999999999997 0.3540000000000015
0.33999999999999997 0.3584000000000014
0.33999999999999997 0.35830000000000145
0.33999999999999997 0.40110000000000057
0.33999999999999997 0.35730000000000134
0.33999999999999997 0.3534000000000016
0.33999999999999997 0.35950000000000126
0.33999999999999997 0.35170000000000157
0.33999999999999997 0.3532000000000014
0.33999999999999997 0.3583000000000013
0.33999999999999997 0.35540000000000127
0.33999999999999997 0.3549000000000014
0.33999999999999997 0.3484000000000016
0.33999999999999997 0.35330000000000156
0.33999999999999997 0.3500000000000016
0.33999999999999997 0.35010000000000147
0.33999999999999997 0.3542000000000015
0.33999999999999997 0.3551000000000014
0.33999999999999997 0.35390000000000166
0.33999999999999997 0.3501000000000015
0.33999999999999997 0.3469000000000015
0.33999999999999997 0.34850000000000153
0.33999999999999997 0.3561000000000014
0.33999999999999997 0.3654000000000015
0.33999999999999997 0.3472000000000016
0.33999999999999997 0.35610000000000136
0.33999999999999997 0.34670000000000156
0.33999999999999997 0.34730000000000166
0.33999999999999997 0.3459000000000016
0.33999999999999997 0.34820000000000156
0.33999999999999997 0.3573000000000014
0.33999999999999997 0.3539000000000014
0.33999999999999997 0.34950000000000137
0.33999999999999997 0.3468000000000015
0.33999999999999997 0.3504000000000013
0.33999999999999997 0.3496000000000015
0.33999999999999997 0.3445000000000016
0.33999999999999997 0.35180000000000156
0.33999999999999997 0.3566000000000015
0.33999999999999997 0.3477000000000015
0.33999999999999997 0.35220000000000146
0.33999999999999997 0.35950000000000126
0.33999999999999997 0.36800000000000166
0.33999999999999997 0.37360000000000126
0.33999999999999997 0.34980000000000155
0.33999999999999997 0.3496000000000015
0.33999999999999997 0.3610000000000015
0.33999999999999997 0.3477000000000017
0.33999999999999997 0.3433000000000016
0.33999999999999997 0.35420000000000146
0.33999999999999997 0.35480000000000134
0.33999999999999997 0.3689000000000013
0.33999999999999997 0.395900000000001
0.33999999999999997 0.3734000000000011
0.33999999999999997 0.37950000000000095
0.33999999999999997 0.3704000000000011
0.33999999999999997 0.3620000000000013
0.33999999999999997 0.3596000000000012
0.33999999999999997 0.36410000000000137
0.33999999999999997 0.3660000000000012
0.33999999999999997 0.3622000000000012
0.33999999999999997 0.3681000000000013
0.33999999999999997 0.3568000000000013
0.33999999999999997 0.3604000000000013
0.33999999999999997 0.34420000000000167
0.33999999999999997 0.34980000000000155
0.33999999999999997 0.3539000000000015
0.33999999999999997 0.3477000000000017
0.33999999999999997 0.3533000000000014
0.33999999999999997 0.36560000000000137
0.33999999999999997 0.3524000000000016
0.33999999999999997 0.3631000000000013
0.33999999999999997 0.36580000000000124
0.33999999999999997 0.38140000000000124
0.33999999999999997 0.36700000000000105
0.33999999999999997 0.37110000000000126
0.33999999999999997 0.3649000000000015
0.33999999999999997 0.3566000000000013
0.33999999999999997 0.35390000000000144
0.33999999999999997 0.3508000000000014
0.33999999999999997 0.3626000000000014
0.33999999999999997 0.36480000000000146
0.33999999999999997 0.3476000000000015
0.33999999999999997 0.34570000000000156
0.33999999999999997 0.34500000000000164
0.33999999999999997 0.34960000000000135
0.33999999999999997 0.35340000000000127
0.33999999999999997 0.3484000000000013
0.33999999999999997 0.3549000000000015
0.33999999999999997 0.3478000000000015
0.33999999999999997 0.35580000000000145
0.33999999999999997 0.35670000000000124
0.33999999999999997 0.3615000000000013
0.33999999999999997 0.3537000000000014
0.33999999999999997 0.3607000000000013
0.33999999999999997 0.3516000000000014
0.33999999999999997 0.3830000000000014
0.33999999999999997 0.35820000000000135
0.33999999999999997 0.36910000000000165
0.33999999999999997 0.36170000000000146
0.33999999999999997 0.37330000000000146
0.33999999999999997 0.36810000000000154
0.33999999999999997 0.38410000000000155
0.33999999999999997 0.3999000000000013
0.33999999999999997 0.3973000000000011
0.33999999999999997 0.4239000000000012
0.33999999999999997 0.4010000000000015
0.33999999999999997 0.3693000000000017
0.33999999999999997 0.3608000000000018
0.33999999999999997 0.36270000000000124
0.33999999999999997 0.3739000000000008
0.33999999999999997 0.37070000000000136
0.33999999999999997 0.3552000000000015
0.33999999999999997 0.3543000000000012
0.33999999999999997 0.3612000000000017
0.33999999999999997 0.36940000000000134
0.33999999999999997 0.3593000000000013
0.33999999999999997 0.3812000000000008
0.33999999999999997 0.5113999999999985
0.33999999999999997 0.4347999999999999
0.33999999999999997 0.3873000000000016
0.33999999999999997 0.38030000000000164
0.33999999999999997 0.38560000000000116
0.33999999999999997 0.36830000000000096
0.33999999999999997 0.3538000000000014
0.33999999999999997 0.38160000000000105
0.33999999999999997 0.37080000000000135
0.33999999999999997 0.3578000000000015
0.33999999999999997 0.35830000000000156
0.33999999999999997 0.36230000000000123
0.33999999999999997 0.36780000000000157
0.33999999999999997 0.46130000000000165
0.33999999999999997 0.3808000000000014
0.33999999999999997 0.3816000000000014
0.33999999999999997 0.3604000000000015
0.33999999999999997 0.3498000000000016
0.33999999999999997 0.35480000000000145
0.33999999999999997 0.34900000000000164
0.33999999999999997 0.3507000000000015
0.33999999999999997 0.34970000000000157
0.33999999999999997 0.35420000000000157
0.33999999999999997 0.35140000000000166
0.33999999999999997 0.35370000000000146
0.33999999999999997 0.35100000000000153
0.33999999999999997 0.3556000000000013
0.33999999999999997 0.3481000000000016
0.33999999999999997 0.3509000000000013
0.33999999999999997 0.3438000000000016
0.33999999999999997 0.3574000000000015
0.33999999999999997 0.6071000000000027
0.33999999999999997 0.36580000000000124
0.33999999999999997 0.6028000000000027
0.6799999999999999 0.6800000000000034
0.33999999999999997 0.6196000000000029
0.6799999999999999 0.6800000000000034
0.6799999999999999 0.6800000000000034
0.33999999999999997 0.6685000000000033
0.33999999999999997 0.6560000000000029
0.33999999999999997 0.474000000000001
0.33999999999999997 0.5128000000000017
0.33999999999999997 0.5399000000000018
0.33999999999999997 0.5625000000000021
0.33999999999999997 0.545000000000002
0.33999999999999997 0.38940000000000147
0.33999999999999997 0.6411000000000031
0.33999999999999997 0.5383000000000021
0.33999999999999997 0.5238000000000018
0.33999999999999997 0.5712000000000024
0.33999999999999997 0.5400000000000021
0.33999999999999997 0.6630000000000033
0.6799999999999999 0.6800000000000034
0.33999999999999997 0.6647000000000033
0.33999999999999997 0.6715000000000033
0.33999999999999997 0.6483000000000031
0.6799999999999999 0.6800000000000034
0.33999999999999997 0.6345000000000026
0.33999999999999997 0.6236000000000023
0.33999999999999997 0.652300000000003
0.33999999999999997 0.5703000000000018
0.33999999999999997 0.4779000000000011
0.33999999999999997 0.44400000000000117
0.33999999999999997 0.39960000000000095
0.33999999999999997 0.43140000000000134
0.33999999999999997 0.443400000000001
0.33999999999999997 0.45760000000000134
0.33999999999999997 0.4033000000000008
0.33999999999999997 0.40060000000000096
0.33999999999999997 0.37040000000000134
0.33999999999999997 0.36780000000000135
0.33999999999999997 0.3551000000000014
0.33999999999999997 0.35180000000000144
0.33999999999999997 0.34780000000000144
0.33999999999999997 0.3522000000000014
0.33999999999999997 0.3464000000000016
0.33999999999999997 0.35670000000000146
0.33999999999999997 0.3577000000000015
0.33999999999999997 0.35670000000000157
0.33999999999999997 0.35510000000000147
0.33999999999999997 0.3764000000000018
0.33999999999999997 0.4432000000000016
0.33999999999999997 0.4293000000000014
0.33999999999999997 0.3437000000000016
0.33999999999999997 0.35610000000000147
0.33999999999999997 0.45500000000000157
0.33999999999999997 0.3986000000000014
0.33999999999999997 0.4181000000000015
0.33999999999999997 0.36380000000000146
0.33999999999999997 0.36350000000000127
0.33999999999999997 0.3574000000000014
0.33999999999999997 0.3530000000000017
0.33999999999999997 0.4354000000000016
0.33999999999999997 0.5161000000000017
0.33999999999999997 0.42090000000000116
0.33999999999999997 0.44269999999999987
0.33999999999999997 0.412500000000001
0.33999999999999997 0.3824000000000012
0.33999999999999997 0.38150000000000117
0.33999999999999997 0.37320000000000114
0.33999999999999997 0.40140000000000114
0.33999999999999997 0.47730000000000133
0.33999999999999997 0.4349000000000012
0.33999999999999997 0.4214000000000013
0.33999999999999997 0.4047000000000011
0.33999999999999997 0.4487999999999996
0.33999999999999997 0.43309999999999965
0.33999999999999997 0.391200000000001
0.33999999999999997 0.4051000000000014
0.33999999999999997 0.4935000000000016
0.33999999999999997 0.5124000000000016
0.33999999999999997 0.39340000000000097
0.33999999999999997 0.3996000000000015
0.33999999999999997 0.37120000000000153
0.33999999999999997 0.3823000000000016
0.33999999999999997 0.3899000000000008
0.33999999999999997 0.3751000000000016
0.33999999999999997 0.36750000000000144
0.33999999999999997 0.3733000000000011
0.33999999999999997 0.3576000000000014
0.33999999999999997 0.3578000000000015
0.33999999999999997 0.3608000000000017
0.33999999999999997 0.36350000000000166
0.33999999999999997 0.36740000000000156
0.33999999999999997 0.36330000000000146
0.33999999999999997 0.3634000000000014
0.33999999999999997 0.3620000000000013
0.33999999999999997 0.3672000000000014
0.33999999999999997 0.36970000000000147
0.33999999999999997 0.3597000000000014
0.33999999999999997 0.35170000000000146
0.33999999999999997 0.35470000000000146
0.33999999999999997 0.3591000000000017
0.33999999999999997 0.35420000000000157
0.33999999999999997 0.3526000000000015
0.33999999999999997 0.34480000000000144
0.33999999999999997 0.34550000000000153
0.33999999999999997 0.3557000000000014
0.33999999999999997 0.3587000000000014
0.33999999999999997 0.3640000000000015
0.33999999999999997 0.35090000000000154
0.33999999999999997 0.3616000000000015
0.33999999999999997 0.37020000000000153
0.33999999999999997 0.4049000000000007
0.33999999999999997 0.3779000000000013
0.33999999999999997 0.3662000000000013
0.33999999999999997 0.36600000000000127
0.33999999999999997 0.3506000000000015
0.33999999999999997 0.3847000000000008
0.33999999999999997 0.38320000000000076
0.33999999999999997 0.3619000000000013
0.33999999999999997 0.3504000000000015
0.33999999999999997 0.35030000000000155
0.33999999999999997 0.3530000000000016
0.33999999999999997 0.35300000000000137
0.33999999999999997 0.35050000000000153
0.33999999999999997 0.34900000000000153
0.33999999999999997 0.3632000000000012
0.33999999999999997 0.3571000000000013
0.33999999999999997 0.3611000000000014
0.33999999999999997 0.34770000000000145
0.33999999999999997 0.3551000000000014
0.33999999999999997 0.3530000000000013
0.33999999999999997 0.3500000000000015
0.33999999999999997 0.3450000000000016
0.33999999999999997 0.34880000000000166
0.33999999999999997 0.3451000000000015
0.33999999999999997 0.3488000000000015
0.33999999999999997 0.35030000000000155
0.33999999999999997 0.35080000000000156
0.33999999999999997 0.35140000000000143
0.33999999999999997 0.3529000000000013
0.33999999999999997 0.35300000000000137
0.33999999999999997 0.35090000000000154
0.33999999999999997 0.35600000000000165
0.33999999999999997 0.3519000000000014
0.33999999999999997 0.34950000000000153
0.33999999999999997 0.35450000000000137
0.33999999999999997 0.35090000000000143
0.33999999999999997 0.35030000000000144
0.33999999999999997 0.34800000000000153
0.33999999999999997 0.34090000000000165
0.33999999999999997 0.3510000000000014
0.33999999999999997 0.34960000000000163
0.33999999999999997 0.3512000000000016
0.33999999999999997 0.34490000000000154
0.33999999999999997 0.3454000000000017
0.33999999999999997 0.38700000000000156
0.33999999999999997 0.35540000000000144
0.33999999999999997 0.35300000000000153
0.33999999999999997 0.36170000000000135
0.33999999999999997 0.34860000000000146
0.33999999999999997 0.34880000000000144
0.33999999999999997 0.6176000000000028
0.33999999999999997 0.627700000000003
0.45999999999999996 0.6648000000000033
0.33999999999999997 0.5648000000000023
0.33999999999999997 0.5148000000000017
0.33999999999999997 0.5152000000000017
0.33999999999999997 0.41470000000000107
0.33999999999999997 0.4174000000000012
0.33999999999999997 0.44250000000000134
0.33999999999999997 0.443900000000001
0.33999999999999997 0.44820000000000115
0.33999999999999997 0.42840000000000117
