0.79 0.41347999999999824
0.8 0.4531899999999991
0.9 0.4947800000000004
0.93 0.5316300000000015
0.93 0.5639900000000038
0.96 0.5811600000000017
0.96 0.6021800000000014
0.96 0.617030000000001
0.96 0.6366400000000033
0.96 0.6461800000000038
0.96 0.6635900000000039
0.96 0.6679600000000038
0.96 0.6881400000000042
0.96 0.6958200000000027
0.96 0.7113199999999976
0.96 0.7294599999999944
0.96 0.7426099999999912
0.96 0.7403199999999918
0.96 0.7527499999999896
0.96 0.7469599999999914
0.96 0.7604299999999898
0.97 0.7664699999999912
0.97 0.7710099999999891
0.97 0.7665499999999883
0.97 0.7680399999999882
0.97 0.7839099999999937
0.97 0.7885999999999944
0.97 0.7851499999999932
0.97 0.7928399999999941
0.97 0.8015499999999967
0.97 0.800829999999996
0.97 0.8006199999999983
0.97 0.8104999999999963
0.98 0.8029399999999971
0.98 0.8098299999999974
0.98 0.8168199999999969
0.98 0.8202899999999986
0.98 0.8237099999999977
0.98 0.8247099999999975
0.98 0.8131599999999988
0.98 0.832329999999999
0.98 0.8330899999999974
0.98 0.8384299999999976
0.98 0.8265699999999983
0.98 0.8288499999999984
0.98 0.8256699999999982
0.98 0.8249399999999991
0.98 0.8190599999999978
0.98 0.8327699999999972
0.98 0.8420899999999996
0.98 0.8502999999999985
0.98 0.8345199999999999
0.98 0.8425000000000004
0.98 0.852709999999999
0.98 0.8548599999999983
0.98 0.8659299999999941
0.98 0.8591199999999933
0.98 0.8539099999999975
0.98 0.8525399999999986
0.98 0.8528799999999978
0.98 0.8508099999999988
0.98 0.8596499999999953
0.98 0.8523699999999983
0.98 0.8499399999999963
0.98 0.8515899999999951
0.98 0.8504199999999971
0.98 0.8420599999999975
0.98 0.8565899999999946
0.98 0.8590499999999938
0.98 0.8588499999999936
0.98 0.8506299999999961
0.98 0.8458899999999969
0.98 0.8544899999999965
0.98 0.8564799999999958
0.98 0.8462699999999974
0.98 0.8469199999999972
0.98 0.8499099999999975
0.98 0.8620099999999941
0.98 0.8629899999999938
0.98 0.8638199999999917
0.98 0.8653699999999942
0.98 0.8618299999999961
0.98 0.8713899999999923
0.98 0.8671599999999954
0.98 0.8679799999999933
0.98 0.8651499999999894
0.98 0.8638399999999904
0.98 0.8657199999999923
0.98 0.8694299999999928
0.98 0.8613499999999927
0.98 0.8604199999999924
0.98 0.8535799999999912
0.98 0.8585399999999916
0.98 0.8557699999999937
0.98 0.858999999999994
0.98 0.8499799999999949
0.98 0.8418499999999965
0.98 0.8486499999999964
0.98 0.8470099999999944
0.98 0.846389999999993
