0.95 0.4137500000000026
0.96 0.457520000000004
0.96 0.48316000000000375
0.96 0.5222200000000028
0.96 0.5553400000000015
0.96 0.5817399999999997
0.96 0.6107500000000021
0.96 0.6282400000000049
0.96 0.6504500000000056
0.96 0.6576600000000045
0.96 0.657370000000006
0.96 0.6670200000000064
0.96 0.6818300000000019
0.96 0.6868600000000018
0.97 0.6982299999999987
0.97 0.6928299999999986
0.97 0.7008599999999979
0.97 0.7024399999999966
0.97 0.7046199999999958
0.97 0.7138999999999951
0.97 0.7083899999999954
0.97 0.724349999999992
0.97 0.737609999999989
0.97 0.7326499999999895
0.97 0.7402999999999885
0.97 0.7361299999999911
0.97 0.7307499999999905
0.98 0.72762999999999
0.98 0.7263099999999891
0.98 0.7277099999999899
0.98 0.737769999999989
0.98 0.7495199999999871
0.98 0.7483599999999883
0.98 0.7540999999999886
0.98 0.7629599999999884
0.98 0.756709999999987
0.98 0.764219999999989
0.98 0.7718399999999911
0.98 0.778729999999993
0.98 0.782569999999993
0.98 0.7813599999999918
0.98 0.7786599999999928
0.98 0.7788699999999934
0.98 0.7910299999999951
0.98 0.7889499999999943
0.98 0.7925999999999942
0.98 0.7904699999999942
0.98 0.7927299999999929
0.98 0.7917899999999921
0.98 0.8072399999999949
0.98 0.807789999999995
0.98 0.8088399999999946
0.98 0.8247800000000004
0.98 0.8204799999999988
0.98 0.8189699999999989
0.98 0.8167099999999974
0.98 0.815249999999997
0.98 0.8038699999999942
0.98 0.7996799999999952
0.98 0.8015499999999959
0.98 0.7960799999999943
0.98 0.7976699999999957
0.98 0.7981899999999956
0.98 0.7971799999999943
0.98 0.8028099999999954
0.98 0.8021899999999965
0.98 0.8168499999999973
0.98 0.8177399999999969
0.98 0.8046799999999965
0.98 0.8052899999999955
0.98 0.806179999999992
0.98 0.8076399999999944
0.98 0.8083399999999953
0.98 0.8129299999999965
0.98 0.8138899999999966
0.98 0.8034799999999959
0.98 0.8087199999999958
0.98 0.811189999999996
0.98 0.8063699999999937
0.98 0.8093999999999959
0.98 0.8149299999999954
0.98 0.8108499999999949
0.98 0.8187399999999966
0.98 0.8166999999999958
0.98 0.8260299999999967
0.98 0.8255799999999989
0.98 0.8200099999999976
0.98 0.8206899999999971
0.98 0.8140299999999963
0.98 0.8156399999999957
0.98 0.816359999999997
0.98 0.8248099999999974
0.98 0.8176999999999993
0.98 0.8224599999999993
0.98 0.8193099999999975
0.98 0.8174199999999994
0.98 0.8125499999999961
0.98 0.8258699999999962
0.98 0.8160199999999966
0.98 0.8060399999999963
