0.06000000000000005 0.6147400000000062
0.06000000000000005 0.5799600000000052
0.06000000000000005 0.5477600000000042
0.06000000000000005 0.5164600000000042
0.06000000000000005 0.4870800000000028
0.06000000000000005 0.46310000000000273
0.06000000000000005 0.44324000000000124
0.06000000000000005 0.4140800000000018
0.06000000000000005 0.40024000000000115
0.06000000000000005 0.3913000000000017
0.06000000000000005 0.3902400000000019
0.06000000000000005 0.37626000000000154
0.06000000000000005 0.37750000000000233
0.06000000000000005 0.3678800000000025
0.06000000000000005 0.3584200000000017
0.06000000000000005 0.36752000000000257
0.06000000000000005 0.35694000000000203
0.06000000000000005 0.35116000000000136
0.06000000000000005 0.3405600000000019
0.06000000000000005 0.33470000000000194
0.06000000000000005 0.3236200000000016
0.06000000000000005 0.31680000000000164
0.06000000000000005 0.3194400000000011
0.06000000000000005 0.32324000000000097
0.06000000000000005 0.3014800000000013
0.06000000000000005 0.29338000000000136
0.06000000000000005 0.2858000000000013
0.040000000000000036 0.2806600000000017
0.040000000000000036 0.2813400000000014
0.040000000000000036 0.28160000000000146
0.040000000000000036 0.27768000000000126
0.040000000000000036 0.2877200000000012
0.040000000000000036 0.26312000000000113
0.040000000000000036 0.26122000000000084
0.040000000000000036 0.25908000000000064
0.040000000000000036 0.2554400000000009
0.040000000000000036 0.2492800000000009
0.040000000000000036 0.24314000000000063
0.040000000000000036 0.23948000000000078
0.040000000000000036 0.23112000000000044
0.040000000000000036 0.23122000000000026
0.040000000000000036 0.24322000000000035
0.040000000000000036 0.23174000000000047
0.040000000000000036 0.2229000000000005
0.040000000000000036 0.23614000000000052
0.040000000000000036 0.23596000000000042
0.040000000000000036 0.22340000000000024
0.040000000000000036 0.22628000000000048
0.040000000000000036 0.2229400000000006
0.040000000000000036 0.22546000000000063
0.040000000000000036 0.20282000000000053
0.040000000000000036 0.2024000000000001
0.040000000000000036 0.19698000000000024
0.040000000000000036 0.1906000000000004
0.040000000000000036 0.19343999999999997
0.040000000000000036 0.18306000000000014
0.040000000000000036 0.17946000000000012
0.040000000000000036 0.17530000000000007
0.040000000000000036 0.17488000000000012
0.040000000000000036 0.17356000000000024
0.040000000000000036 0.1798800000000004
0.040000000000000036 0.17606000000000005
0.040000000000000036 0.16548000000000032
0.040000000000000036 0.17870000000000022
0.040000000000000036 0.17612
0.040000000000000036 0.17519999999999986
0.040000000000000036 0.16407999999999995
0.040000000000000036 0.17463999999999996
0.040000000000000036 0.17412000000000036
0.040000000000000036 0.19182000000000035
0.040000000000000036 0.18718000000000018
0.040000000000000036 0.1630000000000002
0.040000000000000036 0.16134000000000004
0.040000000000000036 0.15954000000000002
0.040000000000000036 0.15615999999999994
0.040000000000000036 0.16400000000000003
0.040000000000000036 0.17138000000000012
0.040000000000000036 0.16872000000000006
0.040000000000000036 0.1623000000000002
0.040000000000000036 0.17865999999999996
0.040000000000000036 0.17661999999999994
0.040000000000000036 0.16055999999999993
0.040000000000000036 0.16424000000000025
0.040000000000000036 0.15959999999999985
0.040000000000000036 0.16992000000000015
0.040000000000000036 0.17134000000000016
0.040000000000000036 0.17698000000000008
0.040000000000000036 0.17381999999999995
0.040000000000000036 0.17328000000000018
0.040000000000000036 0.16982
0.040000000000000036 0.16908000000000004
0.040000000000000036 0.15227999999999994
0.040000000000000036 0.14679999999999999
0.040000000000000036 0.15455999999999992
0.040000000000000036 0.14533999999999983
0.040000000000000036 0.15245999999999996
0.040000000000000036 0.13873999999999984
0.040000000000000036 0.15309999999999996
0.040000000000000036 0.15813999999999995
0.040000000000000036 0.1415799999999996
