0.89 0.402440000000003
0.89 0.44622000000000434
0.97 0.47751000000000476
0.97 0.5051500000000037
0.97 0.5383600000000005
0.97 0.5639900000000008
0.97 0.5905299999999977
0.97 0.6073699999999984
0.97 0.6279699999999996
0.97 0.6516099999999995
0.98 0.6676199999999973
0.98 0.6794999999999954
0.98 0.6867999999999957
0.98 0.6919199999999945
0.98 0.7118399999999944
0.98 0.7221399999999971
0.98 0.7283999999999987
0.98 0.7518700000000015
0.98 0.7510100000000035
0.98 0.7559200000000031
0.98 0.772520000000005
0.98 0.7747600000000053
0.98 0.7780200000000048
0.98 0.7858600000000036
0.98 0.8030900000000025
0.98 0.8085400000000005
0.98 0.8223500000000019
0.98 0.8275000000000031
0.98 0.8368400000000024
0.98 0.8402300000000019
0.98 0.8441600000000021
0.98 0.8443600000000022
0.98 0.8475600000000012
0.98 0.8489300000000021
0.99 0.8598199999999987
0.99 0.862179999999997
0.99 0.864289999999998
0.99 0.868139999999997
0.99 0.8679399999999956
0.99 0.8751799999999974
0.99 0.8704099999999957
0.99 0.8687699999999949
0.99 0.8673099999999943
0.99 0.8795599999999952
0.99 0.8706599999999973
0.99 0.8759899999999965
0.99 0.8768199999999943
0.99 0.875039999999995
0.99 0.8800299999999942
0.99 0.8789799999999979
0.99 0.8766499999999943
0.99 0.8802299999999967
0.99 0.8772899999999965
0.99 0.8784599999999952
0.99 0.8769899999999983
0.99 0.8837699999999995
0.99 0.8808800000000011
0.99 0.8738100000000004
0.99 0.8737899999999977
0.99 0.8628499999999971
0.99 0.8666199999999954
0.99 0.8643999999999958
0.99 0.8659399999999956
0.99 0.8651099999999962
0.99 0.8768700000000007
0.99 0.8689999999999996
0.99 0.8751999999999986
0.99 0.8704599999999997
0.99 0.8715799999999981
0.99 0.872529999999998
0.99 0.868399999999995
0.99 0.8726799999999992
0.99 0.8803600000000023
0.99 0.8737799999999982
0.99 0.8830300000000024
0.99 0.8701800000000003
0.99 0.8812800000000025
0.99 0.8920000000000038
0.99 0.8755100000000021
0.99 0.8868700000000022
0.99 0.870269999999999
0.99 0.8793199999999981
0.99 0.8774500000000018
0.99 0.8820300000000023
0.99 0.8860500000000039
0.99 0.8860200000000042
0.99 0.8842700000000032
0.99 0.8942300000000062
0.99 0.9041500000000104
0.99 0.893010000000009
0.99 0.8781400000000064
0.99 0.8724600000000048
0.99 0.8770300000000041
0.99 0.8841800000000067
0.99 0.8828500000000069
0.99 0.8831000000000054
0.99 0.8890600000000064
0.99 0.90239000000001
0.99 0.8831500000000074
0.99 0.8914000000000087
