0.72 0.36484999999999945
0.72 0.39244999999999863
0.68 0.3958499999999984
0.65 0.40364999999999823
0.68 0.39624999999999844
0.68 0.4255999999999981
0.66 0.3999499999999985
0.73 0.3985499999999986
0.68 0.39719999999999855
0.82 0.4110499999999987
0.68 0.4147999999999988
0.7 0.417899999999999
0.7 0.4130999999999991
0.7 0.42789999999999906
0.79 0.4546499999999991
0.7 0.4282999999999991
0.68 0.4369999999999994
0.68 0.45339999999999947
0.69 0.46739999999999904
0.68 0.4291499999999991
0.65 0.4265499999999991
0.79 0.4819500000000001
0.91 0.45199999999999924
0.69 0.43829999999999847
0.71 0.4390499999999987
0.73 0.4927000000000002
0.74 0.4600999999999992
0.68 0.4550999999999993
0.72 0.4832999999999998
0.68 0.45914999999999945
0.68 0.45744999999999975
0.68 0.4437499999999995
0.68 0.4159999999999994
0.86 0.4744999999999997
0.68 0.4394499999999993
0.68 0.49280000000000024
0.91 0.5400500000000003
