0.89 0.42650000000000243
0.89 0.46621000000000257
0.89 0.4914700000000028
0.94 0.5156800000000025
0.94 0.5411400000000001
0.94 0.567719999999999
0.96 0.5980500000000017
0.96 0.612480000000003
0.96 0.6366300000000032
0.96 0.6617600000000037
0.96 0.6865400000000018
0.96 0.7003799999999981
0.98 0.713829999999994
0.98 0.7212799999999943
0.98 0.7205299999999933
0.98 0.729489999999994
0.98 0.7338899999999985
0.98 0.7431099999999988
0.98 0.7318399999999944
0.98 0.7444699999999993
0.98 0.7409199999999964
0.98 0.7399399999999967
0.98 0.7557600000000011
0.98 0.7594100000000021
0.98 0.7603600000000024
0.98 0.753150000000002
0.98 0.7662900000000038
0.98 0.7581700000000025
0.98 0.7569900000000017
0.98 0.7723900000000055
0.98 0.776560000000005
0.98 0.7881800000000011
0.98 0.7736200000000022
0.98 0.779010000000002
0.98 0.7807700000000013
0.98 0.7775200000000012
0.98 0.7821400000000017
0.98 0.7903999999999972
0.98 0.8009499999999972
0.98 0.8138099999999965
0.98 0.8034899999999994
0.98 0.8093599999999976
0.98 0.805379999999997
0.98 0.8158099999999997
0.98 0.8123099999999959
0.98 0.8066599999999957
0.98 0.8109799999999988
0.98 0.814599999999994
0.98 0.8302599999999981
0.98 0.82952
0.98 0.8343499999999995
0.98 0.8314099999999988
0.98 0.8356199999999981
0.98 0.8374499999999993
0.98 0.8500099999999989
0.98 0.8469799999999982
0.98 0.8375799999999997
0.98 0.8410999999999992
0.98 0.8355900000000003
0.98 0.8410699999999995
0.98 0.8501100000000007
0.98 0.8428299999999991
0.98 0.8432100000000011
0.98 0.8388000000000014
0.98 0.8411399999999997
0.98 0.8416400000000003
0.98 0.8409700000000002
0.98 0.8410399999999991
0.98 0.8517500000000016
0.98 0.8613099999999967
0.98 0.8566699999999992
0.98 0.8581599999999959
0.98 0.8554799999999954
0.98 0.8512699999999996
0.98 0.8492499999999966
0.98 0.8374799999999992
0.98 0.8473699999999983
0.98 0.8565599999999961
0.98 0.8577599999999944
0.98 0.8631399999999955
0.98 0.8656799999999935
0.98 0.8629499999999958
0.98 0.8588999999999951
0.98 0.8527699999999976
0.98 0.8536599999999978
0.98 0.8500599999999946
0.98 0.8509999999999944
0.98 0.8514499999999943
0.98 0.8518399999999957
0.98 0.8485599999999958
0.98 0.853009999999996
0.98 0.8643399999999937
0.98 0.8617399999999943
0.98 0.8641399999999926
0.98 0.8731399999999951
0.98 0.8673799999999963
0.98 0.8764599999999945
0.98 0.8754699999999958
0.98 0.8796099999999951
0.98 0.8736899999999942
