0.30000000000000004 0.6099999999999999
0.16000000000000003 0.5768000000000002
0.21999999999999997 0.5922000000000001
0.19999999999999996 0.5602000000000004
0.19999999999999996 0.6111999999999995
0.36 0.6269999999999999
0.24 0.5947000000000003
0.18000000000000005 0.5708000000000002
0.06000000000000005 0.5614000000000002
0.14 0.5139999999999998
0.09999999999999998 0.6454000000000006
0.16000000000000003 0.6264999999999997
0.52 0.6472
0.16000000000000003 0.6534999999999997
0.24 0.6217000000000005
0.24 0.6043000000000002
0.18000000000000005 0.6853000000000005
0.020000000000000018 0.6224000000000006
0.020000000000000018 0.6284000000000003
0.020000000000000018 0.6199000000000002
0.36 0.6959000000000004
0.31999999999999995 0.7137000000000002
0.18000000000000005 0.6221000000000005
0.18000000000000005 0.6109000000000007
0.21999999999999997 0.6159000000000003
0.040000000000000036 0.6056000000000005
0.09999999999999998 0.6080000000000003
0.06000000000000005 0.7264000000000003
0.21999999999999997 0.6966000000000007
0.21999999999999997 0.6467000000000006
0.21999999999999997 0.6057000000000002
0.26 0.5792000000000003
0.19999999999999996 0.6150000000000005
0.12 0.6984000000000008
0.4 0.7179000000000008
0.09999999999999998 0.5623000000000004
0.36 0.7069000000000006
0.33999999999999997 0.7208000000000012
0.33999999999999997 0.6857000000000008
0.33999999999999997 0.6897000000000005
0.38 0.6835000000000007
0.4 0.6600000000000006
0.33999999999999997 0.6225000000000005
0.31999999999999995 0.6970000000000007
0.30000000000000004 0.6318000000000006
0.30000000000000004 0.5758000000000004
0.30000000000000004 0.5060999999999998
0.30000000000000004 0.5109
0.36 0.45559999999999995
0.36 0.4154999999999999
0.38 0.48800000000000027
0.38 0.633900000000001
0.14 0.6247000000000008
0.07999999999999996 0.5268000000000002
0.07999999999999996 0.5058999999999997
0.040000000000000036 0.46710000000000007
0.31999999999999995 0.5623000000000001
0.31999999999999995 0.4971999999999997
0.31999999999999995 0.5122
0.31999999999999995 0.466
0.36 0.41379999999999983
0.36 0.3988000000000001
0.36 0.3606000000000005
0.33999999999999997 0.477499999999999
0.040000000000000036 0.5315999999999983
0.19999999999999996 0.574499999999998
0.18000000000000005 0.5899999999999977
0.040000000000000036 0.32879999999999937
0.040000000000000036 0.4395999999999995
0.06000000000000005 0.5885999999999982
0.09999999999999998 0.6344999999999981
0.040000000000000036 0.600899999999998
0.07999999999999996 0.522099999999999
0.07999999999999996 0.4397999999999994
0.07999999999999996 0.39739999999999953
0.07999999999999996 0.34299999999999964
0.07999999999999996 0.2664999999999997
0.040000000000000036 0.21630000000000005
0.040000000000000036 0.16520000000000007
0.040000000000000036 0.3140000000000004
0.14 0.5575999999999998
0.14 0.5294999999999999
0.28 0.6359000000000001
0.12 0.5459999999999995
0.12 0.5018000000000002
0.12 0.5304999999999995
0.14 0.5079999999999997
0.14 0.5169
0.6799999999999999 0.6606999999999975
0.74 0.6643999999999974
0.5 0.6619999999999981
0.5 0.6475999999999987
0.6 0.6513999999999979
0.6 0.6555999999999987
0.5 0.6614999999999981
0.5 0.6476999999999997
0.54 0.6504000000000002
0.48 0.6674999999999999
0.48 0.6459000000000004
0.48 0.6371000000000001
0.48 0.6145
0.48 0.5978999999999999
0.48 0.5721000000000004
0.48 0.5415999999999999
0.48 0.5325999999999993
0.48 0.6228999999999998
0.48 0.510899999999999
0.48 0.5157999999999991
0.48 0.4965999999999991
0.48 0.5001999999999992
0.48 0.49369999999999925
0.48 0.5081999999999988
0.48 0.5676999999999999
0.48 0.6753000000000006
0.48 0.6496
0.48 0.6230999999999998
0.5 0.6925999999999987
0.48 0.6734999999999982
0.5 0.6791999999999981
0.5 0.6814999999999978
0.48 0.6586999999999983
0.5 0.6276999999999979
0.48 0.6279999999999984
0.48 0.5932999999999995
0.48 0.6225999999999999
0.06000000000000005 0.5685999999999993
0.040000000000000036 0.49899999999999933
0.06000000000000005 0.5643999999999991
0.07999999999999996 0.5234999999999993
0.09999999999999998 0.5232999999999994
0.040000000000000036 0.4493999999999997
0.30000000000000004 0.49859999999999977
0.42000000000000004 0.5228999999999997
0.24 0.47460000000000013
0.06000000000000005 0.41759999999999964
0.020000000000000018 0.3575000000000001
0.040000000000000036 0.4539999999999999
0.07999999999999996 0.5455999999999992
0.48 0.5223999999999998
0.48 0.5206999999999999
0.5 0.5257
0.5 0.5090999999999998
0.5 0.4987999999999994
0.5 0.5003999999999994
0.5 0.5097999999999991
0.5 0.5152999999999989
0.5 0.529699999999999
0.5 0.5174999999999988
0.5 0.5069999999999993
0.5 0.5530999999999991
0.5 0.5505999999999986
0.5 0.5540999999999994
0.5 0.5438999999999987
0.5 0.507
0.5 0.5062000000000001
0.5 0.5010000000000001
0.5 0.5112000000000003
0.5 0.572600000000001
0.48 0.5882000000000012
0.48 0.6050000000000002
0.48 0.5804000000000005
0.48 0.5450000000000014
0.48 0.5183000000000004
0.48 0.48869999999999975
0.48 0.4820999999999988
0.48 0.4854999999999988
0.48 0.4793999999999994
0.48 0.482
0.48 0.4817
0.48 0.48080000000000017
0.48 0.48200000000000004
0.48 0.4813000000000003
0.48 0.4825000000000002
0.48 0.4819000000000003
0.48 0.48000000000000026
0.48 0.4848000000000001
0.48 0.5201999999999987
0.48 0.4958999999999997
0.45999999999999996 0.5548999999999998
0.48 0.4842
0.48 0.5565999999999981
0.48 0.5559999999999986
0.48 0.5052999999999988
0.48 0.47989999999999994
0.48 0.49179999999999957
0.48 0.4901
0.48 0.4888000000000001
0.48 0.48339999999999944
0.48 0.48119999999999913
0.45999999999999996 0.4811999999999992
0.45999999999999996 0.47939999999999877
0.48 0.537599999999999
0.48 0.5029999999999984
0.48 0.48489999999999944
0.48 0.47919999999999996
0.48 0.48469999999999985
0.45999999999999996 0.4895999999999997
0.45999999999999996 0.47900000000000004
0.45999999999999996 0.48040000000000005
0.45999999999999996 0.4832999999999991
0.48 0.4744999999999995
0.5 0.4778999999999995
0.48 0.4839000000000002
0.48 0.48040000000000027
0.48 0.47879999999999945
0.48 0.47699999999999976
0.5 0.47679999999999956
0.5 0.47959999999999975
0.5 0.47669999999999974
0.5 0.4842999999999998
0.5 0.5246999999999988
0.5 0.5015999999999997
0.45999999999999996 0.5349999999999987
0.5 0.5124999999999993
0.45999999999999996 0.5217999999999985
0.48 0.4955999999999993
0.48 0.4879999999999997
0.48 0.5090999999999992
0.48 0.4861
0.48 0.48100000000000037
0.48 0.49000000000000005
0.52 0.4842
0.52 0.48219999999999985
0.52 0.4794000000000001
0.52 0.48919999999999964
0.52 0.4865999999999998
0.52 0.502099999999999
0.52 0.5310999999999989
0.52 0.5036000000000002
0.52 0.5067000000000008
0.52 0.5148
0.52 0.5148999999999998
0.52 0.5166999999999998
0.52 0.5169999999999995
0.52 0.5187999999999995
0.52 0.5181999999999994
0.52 0.5230999999999996
0.52 0.5402000000000002
0.52 0.527
0.52 0.5228999999999996
0.5 0.5233999999999994
0.5 0.5514999999999995
0.5 0.5205999999999995
0.5 0.5207999999999998
0.5 0.5182999999999995
0.5 0.5180999999999994
0.5 0.5168999999999997
0.5 0.5446999999999997
0.5 0.5324000000000001
0.5 0.5165999999999998
0.5 0.5248999999999997
0.5 0.5097999999999989
0.5 0.5046999999999994
0.5 0.5064999999999996
0.5 0.5030999999999998
0.5 0.5027999999999999
0.5 0.5009
0.5 0.5
0.5 0.5141999999999999
0.5 0.5017
0.5 0.5028000000000001
0.5 0.5085999999999999
0.5 0.5156000000000001
0.5 0.5256999999999996
0.5 0.5594999999999996
0.5 0.5790999999999995
0.5 0.5339999999999991
0.5 0.5050999999999998
0.5 0.5016
0.5 0.5024000000000001
0.5 0.5035
0.5 0.5018
0.5 0.5029000000000001
0.5 0.5010000000000001
0.5 0.5013000000000001
0.5 0.5043999999999998
0.5 0.5093999999999997
0.5 0.5008
0.5 0.5117999999999997
0.5 0.5341999999999993
0.5 0.5575999999999994
0.5 0.5144999999999996
0.5 0.5605999999999995
0.5 0.5220999999999989
0.5 0.5151999999999995
0.5 0.5009000000000001
0.5 0.5025000000000001
0.5 0.5048000000000001
0.5 0.5031000000000002
0.5 0.4997
0.5 0.5011
0.5 0.5094999999999998
0.5 0.5051000000000002
0.5 0.5003999999999997
0.5 0.5209000000000006
0.5 0.5455000000000007
0.5 0.5207000000000005
0.5 0.5188000000000005
0.5 0.5097999999999996
0.5 0.5136999999999994
0.5 0.5064999999999997
0.5 0.504
0.5 0.5027999999999999
0.5 0.5026000000000002
0.5 0.4998000000000002
0.5 0.5034
0.5 0.4982000000000005
0.5 0.5059000000000001
0.5 0.49910000000000027
0.5 0.4990000000000003
0.5 0.5041
0.5 0.5011000000000001
0.5 0.5018
0.5 0.4991000000000001
0.5 0.5000000000000001
0.5 0.6048999999999978
0.5 0.5731999999999986
0.5 0.5548999999999988
0.5 0.5244999999999999
0.5 0.5137999999999999
0.5 0.5054
0.5 0.5032
0.5 0.5015000000000002
0.5 0.5003000000000001
0.48 0.4997
0.48 0.4959
0.5 0.4987000000000005
0.5 0.49799999999999955
0.5 0.49609999999999976
0.5 0.49720000000000036
0.5 0.49860000000000027
0.5 0.4991000000000003
0.5 0.5119999999999997
0.5 0.4955999999999999
0.48 0.48939999999999967
0.48 0.4865999999999993
0.48 0.4815999999999997
0.48 0.48439999999999983
0.48 0.4836999999999997
0.48 0.49249999999999966
0.48 0.4810000000000003
0.48 0.4820000000000003
0.48 0.48380000000000023
0.48 0.48660000000000003
0.48 0.4930999999999998
0.48 0.5093999999999987
0.48 0.4922000000000001
0.48 0.4842999999999998
0.48 0.48080000000000034
0.48 0.48370000000000024
0.48 0.4832000000000003
0.48 0.4824000000000002
0.48 0.4821000000000002
0.48 0.5007000000000001
0.48 0.4823000000000001
0.48 0.48750000000000027
0.48 0.4848000000000002
0.48 0.48160000000000025
0.48 0.48120000000000024
0.48 0.4821000000000003
0.48 0.48180000000000023
0.48 0.48050000000000026
0.48 0.5034999999999998
0.48 0.4892000000000001
0.48 0.48360000000000014
0.48 0.48270000000000024
0.48 0.4828000000000003
0.48 0.4822000000000003
0.48 0.4819999999999999
0.52 0.47909999999999947
0.52 0.4823999999999989
0.52 0.4806999999999988
0.52 0.4824999999999991
0.48 0.48510000000000014
0.48 0.4825000000000002
0.48 0.4813000000000002
0.48 0.48200000000000015
0.48 0.48320000000000024
0.48 0.4811000000000004
0.48 0.4816000000000004
0.48 0.48140000000000044
0.48 0.4827999999999983
0.48 0.4791999999999995
0.45999999999999996 0.47519999999999757
0.45999999999999996 0.48089999999999916
0.48 0.48150000000000015
0.45999999999999996 0.4799999999999991
0.45999999999999996 0.4841000000000001
0.45999999999999996 0.48229999999999995
0.45999999999999996 0.4829000000000002
0.45999999999999996 0.48440000000000005
0.45999999999999996 0.48460000000000014
0.48 0.49000000000000027
0.48 0.4939000000000003
0.45999999999999996 0.4880999999999986
0.45999999999999996 0.4868000000000009
0.5 0.493400000000002
0.5 0.49110000000000176
0.5 0.49250000000000155
0.5 0.5157000000000004
0.5 0.5176000000000002
0.5 0.4895999999999993
0.5 0.4944999999999993
0.5 0.5064999999999995
0.5 0.5039999999999994
0.48 0.5102999999999998
0.5 0.4863000000000001
0.5 0.48649999999999854
0.5 0.4816
0.48 0.5053999999999994
0.48 0.49489999999999945
0.48 0.48329999999999873
0.48 0.4802999999999994
0.48 0.4810999999999997
0.48 0.48260000000000003
0.48 0.48120000000000007
0.48 0.48050000000000004
0.48 0.47980000000000017
0.48 0.4811000000000002
0.48 0.4865999999999998
0.48 0.4802000000000001
0.48 0.4810000000000001
0.48 0.48060000000000025
0.48 0.48140000000000027
0.48 0.49219999999999964
0.48 0.49029999999999996
0.48 0.4825000000000002
0.48 0.4809000000000003
0.48 0.4814000000000002
0.48 0.4811000000000003
0.48 0.4800000000000004
0.48 0.4809000000000004
0.48 0.48230000000000023
0.48 0.48070000000000035
0.48 0.48200000000000026
0.48 0.4817000000000003
0.48 0.48140000000000027
0.48 0.4834000000000001
0.48 0.48300000000000026
0.48 0.48010000000000036
0.48 0.4802000000000003
0.48 0.48100000000000037
0.48 0.508799999999999
0.48 0.5016999999999993
0.48 0.48619999999999985
0.48 0.48370000000000035
0.48 0.48380000000000023
0.48 0.48710000000000003
0.5 0.48570000000000013
0.5 0.4828000000000002
0.5 0.4844999999999999
0.45999999999999996 0.4850999999999999
0.45999999999999996 0.4809999999999993
0.48 0.4801000000000002
0.48 0.47760000000000025
0.48 0.47670000000000023
0.48 0.48100000000000015
0.5 0.476900000000001
0.5 0.4823999999999999
0.5 0.48349999999999943
0.48 0.6222999999999977
0.5 0.5850999999999982
0.5 0.5368999999999989
0.5 0.541099999999999
0.48 0.6178999999999977
0.5 0.5009999999999998
0.5 0.5436999999999987
0.5 0.5381999999999987
0.5 0.5312000000000004
0.48 0.5452000000000014
0.5 0.5115000000000001
0.5 0.49240000000000045
0.5 0.49059999999999937
0.5 0.5401999999999982
0.5 0.49469999999999925
0.5 0.4997000000000004
0.5 0.4965000000000008
0.5 0.4987000000000006
0.5 0.5036000000000002
0.5 0.5552999999999984
0.5 0.531599999999999
0.5 0.5036
0.5 0.5004000000000001
0.5 0.5193999999999996
0.5 0.5014000000000001
0.5 0.5634999999999986
0.5 0.5139999999999998
0.5 0.5109999999999999
0.5 0.5620999999999987
0.48 0.5603999999999987
0.48 0.5525999999999989
0.48 0.5497999999999991
0.48 0.5323999999999994
0.48 0.5187999999999997
0.48 0.5333999999999994
0.48 0.5259999999999992
0.48 0.5068999999999992
0.48 0.5016999999999989
0.48 0.4996999999999991
0.48 0.4891999999999987
