0.88 0.41656000000000254
0.96 0.46390000000000364
0.96 0.4893500000000032
0.96 0.5188400000000019
0.96 0.5437200000000035
0.96 0.5636400000000016
0.96 0.5922600000000036
0.96 0.6127200000000047
0.96 0.6328700000000058
0.96 0.6526100000000064
0.96 0.6618500000000046
0.97 0.674370000000001
0.97 0.686179999999999
0.97 0.6914099999999987
0.97 0.6993099999999969
0.98 0.7126499999999949
0.98 0.7195599999999934
0.98 0.726509999999991
0.99 0.7359699999999901
0.99 0.7479099999999871
0.99 0.7545999999999863
0.99 0.7527899999999882
0.99 0.7574399999999866
0.99 0.7605099999999863
0.99 0.7682799999999849
0.99 0.7646699999999893
0.99 0.7713499999999902
0.99 0.7832299999999892
0.99 0.7982299999999912
0.99 0.7910199999999922
0.99 0.801519999999993
0.99 0.8073099999999931
0.99 0.821509999999995
0.99 0.8304899999999965
0.99 0.8303299999999973
0.99 0.8427399999999972
0.99 0.8386999999999962
0.99 0.8489099999999954
0.99 0.8653099999999966
0.99 0.8580599999999973
0.99 0.8559099999999974
0.99 0.8580899999999942
0.99 0.8573099999999929
0.99 0.858219999999996
0.99 0.8503599999999942
0.99 0.866089999999992
0.99 0.8631499999999931
0.99 0.8676899999999905
0.99 0.8579499999999918
0.99 0.8602599999999906
0.99 0.8647299999999907
0.99 0.8597199999999924
0.99 0.8565099999999928
0.99 0.8543699999999926
1.0 0.8578499999999913
1.0 0.8656999999999926
1.0 0.8692199999999936
1.0 0.8663999999999932
1.0 0.8713499999999903
1.0 0.8615999999999929
1.0 0.8672099999999924
1.0 0.8668599999999935
1.0 0.8618899999999917
1.0 0.861169999999991
1.0 0.8677399999999926
1.0 0.8619599999999932
1.0 0.8717599999999948
1.0 0.8702899999999943
1.0 0.8675699999999942
1.0 0.8744599999999924
1.0 0.8743199999999932
1.0 0.8711299999999962
1.0 0.8660899999999957
1.0 0.8621299999999955
1.0 0.8671199999999957
1.0 0.8723999999999944
1.0 0.8672099999999949
1.0 0.8748999999999937
1.0 0.8895999999999964
1.0 0.8829499999999961
1.0 0.8749099999999931
1.0 0.8688799999999952
1.0 0.8659699999999947
1.0 0.8659899999999925
1.0 0.8728699999999943
1.0 0.8659199999999952
1.0 0.8738699999999955
1.0 0.8773699999999971
1.0 0.8750999999999938
1.0 0.8742199999999964
1.0 0.871529999999995
1.0 0.8756199999999944
1.0 0.8749799999999964
1.0 0.8743499999999971
1.0 0.8749799999999963
1.0 0.8750499999999987
1.0 0.8802099999999973
1.0 0.879449999999997
1.0 0.8753599999999959
1.0 0.8682399999999951
