0.14 0.5932199999999981
0.07999999999999996 0.5513799999999991
0.07999999999999996 0.5268200000000001
0.07999999999999996 0.5068600000000002
0.07999999999999996 0.4856200000000005
0.12 0.4598199999999996
0.12 0.4579799999999992
0.12 0.4301799999999988
0.040000000000000036 0.41323999999999866
0.040000000000000036 0.3947799999999979
0.040000000000000036 0.3924599999999981
0.040000000000000036 0.3918599999999987
0.040000000000000036 0.39351999999999887
0.040000000000000036 0.37611999999999857
0.040000000000000036 0.3709799999999987
0.040000000000000036 0.3534999999999984
0.040000000000000036 0.3549399999999986
0.040000000000000036 0.35437999999999903
0.040000000000000036 0.35599999999999865
0.040000000000000036 0.347719999999999
0.040000000000000036 0.336239999999999
0.040000000000000036 0.33089999999999903
0.040000000000000036 0.3227999999999987
0.040000000000000036 0.32021999999999917
0.040000000000000036 0.30505999999999944
0.040000000000000036 0.29451999999999956
0.040000000000000036 0.2892199999999995
0.040000000000000036 0.27657999999999905
0.040000000000000036 0.2599599999999996
0.040000000000000036 0.2528199999999994
0.040000000000000036 0.26385999999999943
0.040000000000000036 0.2674799999999991
0.040000000000000036 0.2565999999999996
0.040000000000000036 0.2463399999999995
0.040000000000000036 0.24941999999999936
0.040000000000000036 0.2618199999999999
0.040000000000000036 0.2625799999999997
0.040000000000000036 0.25421999999999983
0.040000000000000036 0.24559999999999965
0.040000000000000036 0.24175999999999964
0.040000000000000036 0.2542799999999998
0.040000000000000036 0.23717999999999984
0.040000000000000036 0.22425999999999988
0.040000000000000036 0.21838
0.040000000000000036 0.20815999999999987
0.040000000000000036 0.19303999999999977
0.040000000000000036 0.19525999999999935
0.040000000000000036 0.1996999999999998
0.040000000000000036 0.20031999999999986
0.040000000000000036 0.20351999999999987
0.040000000000000036 0.2040199999999998
0.040000000000000036 0.20461999999999958
0.040000000000000036 0.19797999999999985
0.040000000000000036 0.18835999999999975
0.040000000000000036 0.21129999999999952
0.040000000000000036 0.22041999999999964
0.040000000000000036 0.2092799999999996
0.040000000000000036 0.20461999999999986
0.040000000000000036 0.19085999999999964
0.040000000000000036 0.2018999999999998
0.040000000000000036 0.1929999999999997
0.040000000000000036 0.19029999999999994
0.040000000000000036 0.19077999999999998
0.040000000000000036 0.19739999999999994
0.040000000000000036 0.19025999999999973
0.040000000000000036 0.17823999999999998
0.040000000000000036 0.1823599999999997
0.040000000000000036 0.1681399999999998
0.0 0.17902
