0.45999999999999996 0.6105000000000002
0.42000000000000004 0.6156000000000001
0.42000000000000004 0.6365000000000002
0.42000000000000004 0.6292000000000001
0.42000000000000004 0.6375000000000005
0.42000000000000004 0.6598000000000007
0.36 0.6672000000000006
0.16000000000000003 0.6983000000000006
0.42000000000000004 0.6870000000000005
0.12 0.6781000000000001
0.42000000000000004 0.6726000000000008
0.42000000000000004 0.6441000000000007
0.31999999999999995 0.6416000000000008
0.09999999999999998 0.5989000000000004
0.42000000000000004 0.6659000000000006
0.42000000000000004 0.6762000000000008
0.42000000000000004 0.6859000000000007
0.42000000000000004 0.7000000000000002
0.42000000000000004 0.699
0.42000000000000004 0.6584000000000003
0.07999999999999996 0.6400000000000006
0.43999999999999995 0.6339000000000007
0.42000000000000004 0.6064000000000004
0.43999999999999995 0.6160000000000004
0.42000000000000004 0.6492000000000008
0.42000000000000004 0.6289000000000001
0.42000000000000004 0.5999000000000005
0.43999999999999995 0.6393000000000006
0.42000000000000004 0.6797999999999998
0.42000000000000004 0.7030000000000003
0.42000000000000004 0.6984000000000001
0.43999999999999995 0.7021000000000006
0.43999999999999995 0.6764000000000003
0.43999999999999995 0.6637000000000005
0.43999999999999995 0.7095000000000005
0.42000000000000004 0.7310000000000006
0.36 0.6765000000000003
0.42000000000000004 0.6307000000000006
0.42000000000000004 0.5411000000000005
0.43999999999999995 0.5121999999999999
0.42000000000000004 0.6483000000000007
0.42000000000000004 0.6437000000000006
0.42000000000000004 0.6628000000000002
0.42000000000000004 0.5995000000000007
0.42000000000000004 0.7252000000000001
0.42000000000000004 0.7150000000000005
0.42000000000000004 0.6909000000000005
0.42000000000000004 0.6199000000000006
0.42000000000000004 0.6319000000000006
0.42000000000000004 0.5805000000000006
0.42000000000000004 0.7024000000000001
0.42000000000000004 0.6641000000000004
0.42000000000000004 0.5913000000000005
0.42000000000000004 0.6590000000000003
0.42000000000000004 0.6104000000000006
0.42000000000000004 0.6491000000000006
0.42000000000000004 0.6879000000000002
0.42000000000000004 0.6701000000000004
0.42000000000000004 0.6505000000000004
0.42000000000000004 0.6367000000000005
0.42000000000000004 0.6307000000000006
0.42000000000000004 0.5890000000000007
0.42000000000000004 0.6470000000000004
0.42000000000000004 0.6195000000000006
0.42000000000000004 0.7258000000000007
0.42000000000000004 0.7002000000000003
0.42000000000000004 0.7265000000000006
0.42000000000000004 0.7127000000000008
0.42000000000000004 0.7355000000000007
0.42000000000000004 0.6552000000000008
0.42000000000000004 0.6720000000000005
0.42000000000000004 0.7323000000000007
0.42000000000000004 0.6241000000000007
0.42000000000000004 0.5338000000000005
0.42000000000000004 0.5428000000000003
0.42000000000000004 0.6424000000000004
0.42000000000000004 0.7062000000000006
0.42000000000000004 0.7234000000000007
0.42000000000000004 0.6343000000000008
0.42000000000000004 0.5950000000000002
0.42000000000000004 0.500900000000001
0.42000000000000004 0.6570000000000005
0.42000000000000004 0.45670000000000094
0.42000000000000004 0.5517000000000005
0.42000000000000004 0.4980000000000009
0.42000000000000004 0.6768000000000007
0.42000000000000004 0.6799000000000008
0.42000000000000004 0.6934000000000008
0.42000000000000004 0.6259000000000007
0.42000000000000004 0.5084000000000001
0.42000000000000004 0.45050000000000034
0.42000000000000004 0.4475000000000008
0.42000000000000004 0.4404000000000008
0.42000000000000004 0.5433000000000008
0.42000000000000004 0.5177000000000002
0.42000000000000004 0.5253000000000005
0.42000000000000004 0.4732000000000003
0.42000000000000004 0.46530000000000066
0.42000000000000004 0.4365000000000007
0.42000000000000004 0.43110000000000115
0.42000000000000004 0.4805000000000012
0.42000000000000004 0.44250000000000095
0.42000000000000004 0.48510000000000075
0.42000000000000004 0.45190000000000075
0.42000000000000004 0.45770000000000094
0.42000000000000004 0.4531000000000005
0.42000000000000004 0.44010000000000077
0.42000000000000004 0.44110000000000094
0.42000000000000004 0.49940000000000107
0.42000000000000004 0.5472000000000008
0.42000000000000004 0.4883000000000008
0.42000000000000004 0.47680000000000095
0.43999999999999995 0.5475000000000007
0.43999999999999995 0.5085000000000008
0.43999999999999995 0.43640000000000095
0.43999999999999995 0.47750000000000126
0.42000000000000004 0.5533000000000003
0.42000000000000004 0.5471000000000008
0.42000000000000004 0.5349000000000008
0.42000000000000004 0.5162000000000002
0.42000000000000004 0.5337000000000012
0.42000000000000004 0.5273000000000011
0.43999999999999995 0.5162000000000009
0.43999999999999995 0.5452000000000004
0.43999999999999995 0.5532000000000004
0.43999999999999995 0.4841999999999998
0.43999999999999995 0.4780999999999995
0.43999999999999995 0.4724999999999995
0.43999999999999995 0.46899999999999964
0.43999999999999995 0.4954000000000001
0.43999999999999995 0.4652999999999995
0.43999999999999995 0.4770999999999996
0.43999999999999995 0.4414999999999995
0.43999999999999995 0.6604000000000008
0.42000000000000004 0.6590000000000006
0.42000000000000004 0.5863000000000009
0.42000000000000004 0.7040000000000007
0.42000000000000004 0.6228000000000007
0.42000000000000004 0.5379000000000008
0.42000000000000004 0.5573000000000007
0.42000000000000004 0.4974000000000002
0.42000000000000004 0.47459999999999974
0.42000000000000004 0.49190000000000017
0.42000000000000004 0.4859999999999997
0.43999999999999995 0.5371000000000011
0.42000000000000004 0.4440999999999994
0.42000000000000004 0.5029999999999997
0.42000000000000004 0.7328000000000009
0.42000000000000004 0.6613000000000007
0.43999999999999995 0.7110000000000007
0.43999999999999995 0.6624000000000008
0.43999999999999995 0.5495000000000002
0.43999999999999995 0.5356000000000003
0.43999999999999995 0.4528999999999994
0.43999999999999995 0.44949999999999973
0.42000000000000004 0.5202000000000014
0.42000000000000004 0.48670000000000074
0.42000000000000004 0.47180000000000005
0.42000000000000004 0.4422999999999993
0.42000000000000004 0.44649999999999956
0.42000000000000004 0.4356999999999996
0.42000000000000004 0.4340999999999995
0.42000000000000004 0.43369999999999975
0.42000000000000004 0.4351999999999997
0.42000000000000004 0.43900000000000006
0.42000000000000004 0.43909999999999977
0.42000000000000004 0.44179999999999964
0.42000000000000004 0.4368999999999998
0.42000000000000004 0.5121000000000003
0.42000000000000004 0.44409999999999983
0.42000000000000004 0.4397999999999999
0.42000000000000004 0.4385999999999997
0.42000000000000004 0.4345999999999996
0.42000000000000004 0.4827000000000008
0.42000000000000004 0.43389999999999956
0.42000000000000004 0.4673000000000006
0.42000000000000004 0.5358000000000014
0.42000000000000004 0.4410999999999997
0.42000000000000004 0.4611000000000004
0.42000000000000004 0.4491999999999997
0.42000000000000004 0.4481999999999996
0.42000000000000004 0.4578999999999997
0.43999999999999995 0.4713999999999997
0.43999999999999995 0.5841000000000007
0.43999999999999995 0.5461000000000005
0.43999999999999995 0.5590000000000006
0.42000000000000004 0.767200000000001
0.42000000000000004 0.6741000000000007
0.43999999999999995 0.49950000000000067
0.43999999999999995 0.49770000000000053
0.43999999999999995 0.45220000000000043
0.42000000000000004 0.6249000000000008
0.42000000000000004 0.5587000000000004
0.48 0.6320000000000007
0.48 0.6328000000000008
0.5 0.6519000000000004
0.42000000000000004 0.5652000000000011
0.42000000000000004 0.541800000000001
0.42000000000000004 0.5208000000000009
0.42000000000000004 0.47929999999999956
0.42000000000000004 0.49560000000000043
0.43999999999999995 0.5208000000000004
0.5 0.5118
0.5 0.5105999999999999
0.42000000000000004 0.5006999999999993
0.43999999999999995 0.5391999999999996
0.42000000000000004 0.49339999999999945
0.43999999999999995 0.5489999999999994
0.42000000000000004 0.6056000000000007
0.48 0.5343999999999999
0.48 0.5553000000000001
0.45999999999999996 0.5092999999999998
0.45999999999999996 0.5018999999999995
0.48 0.5156999999999998
0.45999999999999996 0.5045999999999996
0.45999999999999996 0.5033999999999997
0.45999999999999996 0.4989999999999998
0.45999999999999996 0.49559999999999993
0.45999999999999996 0.48999999999999955
0.45999999999999996 0.4862999999999989
0.45999999999999996 0.4813999999999996
0.48 0.533700000000001
0.48 0.4949999999999998
0.48 0.48239999999999994
0.48 0.48470000000000035
0.48 0.5100000000000001
0.48 0.4913000000000007
0.48 0.49050000000000005
0.48 0.46730000000000027
0.48 0.47209999999999985
0.45999999999999996 0.4620999999999992
0.45999999999999996 0.4639999999999988
0.48 0.4775
0.48 0.47100000000000003
0.48 0.4743999999999998
0.48 0.4679999999999994
0.48 0.46579999999999944
0.43999999999999995 0.5251999999999999
0.48 0.5606999999999999
0.43999999999999995 0.5396
0.43999999999999995 0.4938999999999995
0.42000000000000004 0.5349999999999997
0.42000000000000004 0.46719999999999934
0.56 0.6446000000000001
0.45999999999999996 0.5391999999999989
0.45999999999999996 0.5069999999999998
0.45999999999999996 0.4917000000000006
0.43999999999999995 0.5174999999999997
0.45999999999999996 0.5576000000000002
0.45999999999999996 0.5486
0.43999999999999995 0.5171000000000009
0.45999999999999996 0.49959999999999993
0.45999999999999996 0.5140000000000002
0.45999999999999996 0.5586000000000001
0.45999999999999996 0.5255000000000006
0.45999999999999996 0.5048000000000006
0.45999999999999996 0.4755
0.45999999999999996 0.44980000000000003
0.45999999999999996 0.45239999999999997
0.45999999999999996 0.4473999999999998
0.45999999999999996 0.4500999999999998
0.43999999999999995 0.5171000000000001
0.45999999999999996 0.5777000000000007
0.45999999999999996 0.4771999999999999
0.45999999999999996 0.4906999999999998
0.48 0.5585999999999991
0.43999999999999995 0.5423999999999992
0.43999999999999995 0.5189999999999999
0.43999999999999995 0.4885000000000004
0.43999999999999995 0.47040000000000054
0.43999999999999995 0.45930000000000026
0.43999999999999995 0.45250000000000085
0.43999999999999995 0.4514000000000006
0.43999999999999995 0.44740000000000024
0.43999999999999995 0.44049999999999995
0.43999999999999995 0.44019999999999987
0.43999999999999995 0.44009999999999977
0.43999999999999995 0.4424999999999998
0.43999999999999995 0.4378999999999998
0.43999999999999995 0.4414999999999996
0.43999999999999995 0.4414999999999995
0.43999999999999995 0.4378999999999996
0.43999999999999995 0.44219999999999976
0.43999999999999995 0.4378999999999996
0.43999999999999995 0.4500999999999999
0.43999999999999995 0.5529000000000006
0.43999999999999995 0.5503000000000005
0.43999999999999995 0.5534000000000006
0.43999999999999995 0.4862999999999999
0.43999999999999995 0.4411999999999998
0.43999999999999995 0.4500000000000001
0.43999999999999995 0.4573
0.43999999999999995 0.4516999999999998
0.43999999999999995 0.4384999999999999
0.43999999999999995 0.43739999999999973
0.43999999999999995 0.43749999999999983
0.43999999999999995 0.43989999999999996
0.43999999999999995 0.43719999999999987
0.43999999999999995 0.4416999999999998
0.43999999999999995 0.4400999999999998
0.43999999999999995 0.4383999999999997
0.43999999999999995 0.43749999999999956
0.43999999999999995 0.44199999999999984
0.43999999999999995 0.4439999999999999
0.43999999999999995 0.4430999999999999
0.43999999999999995 0.5544000000000004
0.43999999999999995 0.6838000000000004
0.43999999999999995 0.5783000000000006
0.43999999999999995 0.5559000000000005
0.43999999999999995 0.45039999999999963
0.43999999999999995 0.44079999999999975
0.43999999999999995 0.4371999999999997
0.43999999999999995 0.4444999999999997
0.43999999999999995 0.43769999999999987
0.43999999999999995 0.4371999999999999
0.43999999999999995 0.43529999999999996
0.43999999999999995 0.43619999999999975
0.43999999999999995 0.43519999999999986
0.43999999999999995 0.4373
0.43999999999999995 0.4333000000000002
0.43999999999999995 0.4343000000000001
0.43999999999999995 0.43180000000000013
0.43999999999999995 0.43279999999999996
0.43999999999999995 0.4329999999999998
0.43999999999999995 0.4346000000000002
0.43999999999999995 0.4343000000000003
0.43999999999999995 0.4376
0.43999999999999995 0.4494
0.43999999999999995 0.5960000000000011
0.43999999999999995 0.4915000000000002
0.43999999999999995 0.5824000000000007
0.43999999999999995 0.5281000000000007
0.42000000000000004 0.5201000000000007
0.42000000000000004 0.4802000000000007
0.42000000000000004 0.4730000000000004
0.42000000000000004 0.45660000000000067
0.42000000000000004 0.4372000000000005
0.42000000000000004 0.46080000000000054
0.42000000000000004 0.5870000000000007
0.42000000000000004 0.4871000000000009
0.42000000000000004 0.46850000000000075
0.42000000000000004 0.5530000000000008
0.42000000000000004 0.6047000000000008
0.42000000000000004 0.4620000000000007
0.42000000000000004 0.4372000000000007
0.42000000000000004 0.4566000000000006
0.42000000000000004 0.42690000000000067
0.42000000000000004 0.4337000000000008
0.42000000000000004 0.43500000000000066
0.42000000000000004 0.43380000000000074
0.42000000000000004 0.44000000000000056
0.42000000000000004 0.43590000000000084
0.42000000000000004 0.4357000000000006
0.42000000000000004 0.7144000000000008
0.42000000000000004 0.6296000000000009
0.42000000000000004 0.49190000000000056
0.42000000000000004 0.4684000000000005
0.42000000000000004 0.45530000000000065
0.42000000000000004 0.43030000000000074
0.42000000000000004 0.4346000000000007
0.42000000000000004 0.42810000000000076
0.42000000000000004 0.44300000000000034
0.42000000000000004 0.4376000000000005
0.42000000000000004 0.5389000000000006
0.43999999999999995 0.7194000000000008
0.43999999999999995 0.6026000000000006
0.43999999999999995 0.5352000000000005
0.43999999999999995 0.4764000000000007
0.43999999999999995 0.46390000000000037
0.42000000000000004 0.7463000000000009
0.7 0.7764000000000009
0.7 0.777200000000001
0.78 0.780000000000001
0.42000000000000004 0.7698000000000009
0.7 0.7756000000000008
0.42000000000000004 0.7412000000000009
0.42000000000000004 0.7538000000000009
0.7 0.7669000000000008
0.42000000000000004 0.5307000000000005
0.42000000000000004 0.6965000000000007
0.42000000000000004 0.49660000000000015
0.42000000000000004 0.48120000000000046
0.42000000000000004 0.45010000000000033
0.42000000000000004 0.43690000000000034
0.42000000000000004 0.43280000000000035
0.42000000000000004 0.4419000000000004
0.42000000000000004 0.44260000000000077
0.42000000000000004 0.4383000000000006
0.42000000000000004 0.4431000000000008
0.43999999999999995 0.4438000000000005
0.43999999999999995 0.44700000000000045
0.43999999999999995 0.46560000000000046
0.43999999999999995 0.5369000000000006
0.42000000000000004 0.6152000000000009
0.43999999999999995 0.6073000000000003
0.43999999999999995 0.43910000000000066
0.43999999999999995 0.4391000000000004
0.43999999999999995 0.4366000000000003
0.42000000000000004 0.4778000000000007
0.42000000000000004 0.4500000000000001
0.42000000000000004 0.44140000000000007
0.42000000000000004 0.4776000000000005
0.42000000000000004 0.4467000000000004
0.42000000000000004 0.48700000000000015
0.42000000000000004 0.4913000000000002
0.42000000000000004 0.4414000000000003
0.42000000000000004 0.4486000000000003
0.42000000000000004 0.43779999999999974
0.42000000000000004 0.4598999999999998
0.42000000000000004 0.4721000000000005
0.42000000000000004 0.5840000000000006
0.42000000000000004 0.5535000000000007
0.42000000000000004 0.6414000000000005
0.45999999999999996 0.6620000000000006
0.45999999999999996 0.5564000000000008
0.78 0.780000000000001
0.78 0.780000000000001
0.78 0.780000000000001
0.78 0.780000000000001
0.78 0.780000000000001
0.42000000000000004 0.7710000000000009
0.78 0.780000000000001
0.42000000000000004 0.49610000000000054
0.42000000000000004 0.4443000000000002
0.42000000000000004 0.48000000000000087
0.42000000000000004 0.46960000000000063
0.42000000000000004 0.4492000000000002
0.42000000000000004 0.4349000000000005
0.42000000000000004 0.4431000000000002
0.42000000000000004 0.44320000000000037
0.42000000000000004 0.4425000000000005
0.42000000000000004 0.4653000000000005
0.42000000000000004 0.45400000000000007
0.42000000000000004 0.4465000000000001
0.42000000000000004 0.44630000000000014
0.42000000000000004 0.4854000000000005
0.42000000000000004 0.5078000000000008
0.42000000000000004 0.46070000000000055
0.42000000000000004 0.4600000000000006
0.42000000000000004 0.47200000000000086
0.42000000000000004 0.475000000000001
0.42000000000000004 0.44410000000000094
0.42000000000000004 0.45750000000000113
0.42000000000000004 0.427500000000001
0.42000000000000004 0.44240000000000096
0.42000000000000004 0.4490000000000011
0.42000000000000004 0.429800000000001
0.42000000000000004 0.4569000000000007
0.42000000000000004 0.595500000000001
0.42000000000000004 0.6227000000000009
0.42000000000000004 0.573800000000001
0.42000000000000004 0.7402000000000009
0.42000000000000004 0.555500000000001
0.78 0.780000000000001
0.78 0.780000000000001
0.42000000000000004 0.5125000000000011
0.78 0.780000000000001
0.78 0.780000000000001
0.78 0.780000000000001
0.78 0.780000000000001
0.78 0.780000000000001
0.78 0.780000000000001
0.78 0.780000000000001
0.78 0.780000000000001
0.78 0.780000000000001
0.78 0.780000000000001
0.43999999999999995 0.7588000000000009
0.78 0.780000000000001
0.78 0.780000000000001
0.78 0.780000000000001
0.78 0.780000000000001
0.78 0.780000000000001
0.78 0.780000000000001
0.52 0.7712000000000009
0.78 0.780000000000001
0.78 0.780000000000001
0.78 0.780000000000001
0.48 0.754100000000001
0.78 0.780000000000001
0.48 0.5948000000000007
0.48 0.5434000000000001
0.48 0.5375000000000006
0.48 0.5073000000000004
0.48 0.5114000000000001
0.48 0.5031999999999998
0.48 0.4788999999999996
0.48 0.46469999999999934
0.48 0.4744999999999996
0.48 0.47069999999999956
0.48 0.48009999999999936
0.48 0.47529999999999917
0.48 0.47599999999999953
0.48 0.5086999999999997
0.48 0.48859999999999937
0.48 0.4791999999999997
0.48 0.4653999999999997
0.48 0.5344999999999996
0.48 0.5137000000000002
0.48 0.47639999999999977
0.48 0.4725999999999992
