0.19999999999999996 0.5734600000000042
0.09999999999999998 0.5372400000000055
0.16000000000000003 0.5073600000000037
0.040000000000000036 0.4742800000000032
0.07999999999999996 0.4365000000000031
0.07999999999999996 0.41622000000000253
0.07999999999999996 0.41170000000000295
0.07999999999999996 0.39382000000000217
0.07999999999999996 0.37162000000000134
0.07999999999999996 0.35418000000000127
0.07999999999999996 0.3471800000000014
0.07999999999999996 0.330220000000001
0.07999999999999996 0.30560000000000037
0.07999999999999996 0.30078000000000005
0.07999999999999996 0.2905999999999998
0.07999999999999996 0.2826199999999992
0.07999999999999996 0.2890199999999992
0.09999999999999998 0.2792799999999995
0.09999999999999998 0.2905599999999993
0.09999999999999998 0.29013999999999973
0.09999999999999998 0.2766399999999995
0.09999999999999998 0.2775599999999994
0.09999999999999998 0.2613799999999992
0.09999999999999998 0.2523599999999985
0.09999999999999998 0.24713999999999903
0.09999999999999998 0.25309999999999905
0.09999999999999998 0.24529999999999916
0.09999999999999998 0.23041999999999904
0.09999999999999998 0.22529999999999917
0.09999999999999998 0.2302199999999991
0.09999999999999998 0.2270799999999991
0.09999999999999998 0.22499999999999937
0.09999999999999998 0.21889999999999926
0.09999999999999998 0.21067999999999937
0.09999999999999998 0.21699999999999944
0.09999999999999998 0.22087999999999944
0.09999999999999998 0.21223999999999915
0.09999999999999998 0.20367999999999933
0.09999999999999998 0.19853999999999933
0.09999999999999998 0.19183999999999943
0.09999999999999998 0.19133999999999957
0.09999999999999998 0.18411999999999967
0.09999999999999998 0.19473999999999964
0.09999999999999998 0.1959799999999996
0.09999999999999998 0.19467999999999952
0.09999999999999998 0.1965399999999997
0.09999999999999998 0.1838399999999996
0.09999999999999998 0.18941999999999937
0.09999999999999998 0.1778399999999996
0.09999999999999998 0.18409999999999957
0.09999999999999998 0.17489999999999958
0.09999999999999998 0.17185999999999976
0.09999999999999998 0.17131999999999944
0.09999999999999998 0.18019999999999986
0.09999999999999998 0.18365999999999946
0.09999999999999998 0.17923999999999957
0.09999999999999998 0.17757999999999952
0.09999999999999998 0.1718799999999996
0.09999999999999998 0.1677799999999996
0.09999999999999998 0.1610399999999997
0.09999999999999998 0.16759999999999944
0.09999999999999998 0.1584999999999993
0.09999999999999998 0.16355999999999937
0.09999999999999998 0.16679999999999953
0.09999999999999998 0.16785999999999957
0.09999999999999998 0.17175999999999939
0.09999999999999998 0.15867999999999957
0.09999999999999998 0.15461999999999937
0.09999999999999998 0.1674599999999995
0.09999999999999998 0.16687999999999945
0.09999999999999998 0.15977999999999953
0.09999999999999998 0.16775999999999985
0.09999999999999998 0.1602399999999995
0.09999999999999998 0.16137999999999972
0.09999999999999998 0.1575799999999996
0.09999999999999998 0.1595199999999996
0.09999999999999998 0.1728999999999997
0.09999999999999998 0.17329999999999965
0.09999999999999998 0.1605999999999995
0.09999999999999998 0.1567999999999996
0.09999999999999998 0.16403999999999963
0.09999999999999998 0.15177999999999947
0.09999999999999998 0.14881999999999948
0.09999999999999998 0.16675999999999952
0.09999999999999998 0.16655999999999963
0.09999999999999998 0.1757599999999998
0.09999999999999998 0.17503999999999975
0.09999999999999998 0.16779999999999962
0.09999999999999998 0.1727399999999993
0.09999999999999998 0.17147999999999944
0.09999999999999998 0.1652599999999996
0.09999999999999998 0.16101999999999947
0.09999999999999998 0.16053999999999943
0.09999999999999998 0.16315999999999956
0.09999999999999998 0.1591199999999995
0.09999999999999998 0.16085999999999934
0.09999999999999998 0.16581999999999955
0.09999999999999998 0.16333999999999968
0.09999999999999998 0.16221999999999964
0.09999999999999998 0.17463999999999974
