0.66 0.38199999999999995
0.66 0.4083499999999993
0.88 0.41269999999999984
0.86 0.39105000000000034
0.7 0.3919500000000003
0.66 0.42615000000000075
0.66 0.4146000000000011
0.88 0.44765000000000044
0.81 0.4661
0.92 0.5055500000000006
0.92 0.4676000000000006
0.83 0.46570000000000034
0.83 0.40970000000000106
0.82 0.4373500000000009
0.93 0.43610000000000126
0.8 0.4415000000000011
0.8 0.3936000000000015
0.78 0.4224000000000013
0.87 0.4190500000000016
0.82 0.46400000000000075
0.66 0.4297499999999998
0.66 0.38875000000000115
0.71 0.40329999999999994
0.67 0.42095000000000005
0.83 0.4537499999999999
0.66 0.41269999999999996
0.66 0.43835
0.71 0.4273500000000006
0.66 0.4205500000000004
0.66 0.44755000000000045
0.72 0.4816000000000001
0.72 0.4698500000000007
0.91 0.5578999999999993
0.91 0.5916999999999991
0.74 0.5640999999999996
0.75 0.5925000000000002
0.79 0.6228499999999998
0.75 0.6076999999999992
0.88 0.6093499999999995
0.88 0.5858000000000001
0.94 0.5907000000000004
0.94 0.6392499999999994
0.76 0.5317999999999994
0.76 0.5997
0.67 0.5143999999999993
0.83 0.5764499999999987
0.82 0.6364
0.9 0.5421499999999999
0.89 0.5797999999999991
0.9 0.6350500000000002
0.66 0.5613
0.84 0.5348
0.66 0.47319999999999957
0.66 0.5278499999999997
0.67 0.5515000000000002
0.69 0.5471500000000002
0.75 0.5578499999999995
0.68 0.5524499999999991
0.66 0.5727999999999995
0.83 0.6048499999999994
0.86 0.6085499999999989
0.86 0.6293999999999993
0.86 0.6431499999999984
0.69 0.6324499999999985
0.67 0.6422999999999986
0.67 0.6510499999999985
0.67 0.61395
0.81 0.6400499999999988
0.82 0.6603499999999982
0.66 0.651299999999998
0.72 0.6535499999999985
0.72 0.6557499999999985
0.81 0.6528499999999986
0.82 0.6612999999999984
0.82 0.6677499999999981
0.82 0.6590499999999981
0.97 0.6859499999999983
0.98 0.7216000000000002
0.98 0.7075499999999987
0.84 0.5377500000000003
0.9 0.6190000000000004
0.91 0.6713500000000008
0.91 0.5838000000000005
0.85 0.4948500000000011
0.76 0.4699000000000008
0.96 0.5587
0.96 0.6445499999999994
0.96 0.6739499999999993
0.96 0.7024499999999998
0.96 0.7050999999999984
0.96 0.6883499999999979
0.97 0.7129999999999985
0.9 0.6329999999999993
0.96 0.6932999999999993
0.94 0.6988499999999993
0.98 0.7059499999999995
0.9 0.6623499999999999
0.98 0.693749999999999
0.98 0.7636499999999995
0.98 0.7566499999999999
0.98 0.8138499999999982
0.98 0.8024999999999998
0.98 0.7756499999999997
0.98 0.8202000000000003
0.98 0.8688999999999993
0.98 0.89405
0.98 0.9205999999999981
0.98 0.9479999999999985
0.98 0.9411499999999998
0.98 0.9254999999999994
0.98 0.8309999999999994
0.98 0.8954499999999992
0.96 0.6691499999999974
0.98 0.7014499999999972
0.96 0.6969999999999975
0.98 0.7581999999999987
0.98 0.829299999999999
0.96 0.7032499999999984
0.88 0.6986999999999983
0.94 0.7202499999999992
0.94 0.6893499999999981
0.94 0.6820499999999974
0.96 0.6716999999999974
0.88 0.6773499999999983
0.68 0.648599999999998
0.97 0.7402500000000006
0.98 0.8416999999999991
0.98 0.9094499999999991
0.98 0.8546999999999996
0.98 0.8060499999999995
0.98 0.8570500000000001
0.98 0.9005999999999997
0.98 0.92325
0.98 0.9363999999999996
0.98 0.9448499999999975
0.98 0.820049999999999
0.98 0.9396499999999981
0.98 0.9412999999999977
0.98 0.9530000000000003
0.98 0.9446000000000006
0.98 0.9472000000000002
0.98 0.9444500000000017
0.98 0.8082999999999997
0.98 0.8990499999999991
0.98 0.9329500000000002
0.98 0.93155
0.98 0.94375
0.98 0.9504
0.98 0.9554499999999995
0.98 0.9570499999999992
0.98 0.9449499999999993
0.98 0.9595499999999986
0.98 0.9517999999999995
0.98 0.9579999999999991
0.98 0.9523499999999996
0.98 0.8093499999999986
0.98 0.859599999999999
0.98 0.8990999999999998
0.98 0.93465
0.98 0.9290000000000009
0.98 0.93355
0.98 0.9115499999999984
0.98 0.8918499999999987
0.98 0.9389499999999998
0.98 0.8472000000000002
0.98 0.9383000000000012
0.98 0.9418000000000016
0.98 0.9132499999999999
0.98 0.8847499999999973
0.98 0.9147999999999986
0.99 0.9003999999999986
0.99 0.9385999999999978
0.98 0.9651000000000007
0.98 0.9538500000000008
0.98 0.9486000000000001
0.98 0.9712999999999988
0.98 0.9659499999999983
0.98 0.9767999999999978
0.98 0.9709499999999979
0.98 0.9669499999999982
0.98 0.9699499999999985
0.98 0.9619499999999986
0.98 0.9718999999999981
0.98 0.8915999999999998
0.98 0.7972999999999986
0.98 0.8308499999999994
0.98 0.8650999999999989
0.99 0.9506999999999999
0.98 0.9115999999999986
0.99 0.95135
0.98 0.76435
0.99 0.8159499999999997
0.98 0.77645
0.98 0.813849999999999
0.99 0.8651999999999995
0.99 0.9559999999999992
0.99 0.8587499999999986
0.98 0.8301999999999998
0.98 0.9154999999999984
0.98 0.8101999999999993
0.99 0.8528999999999993
0.97 0.7378000000000015
0.95 0.6648499999999998
0.93 0.7103500000000005
0.88 0.5728499999999993
0.98 0.6012999999999988
0.98 0.7181000000000007
0.83 0.7338499999999993
0.98 0.8101999999999978
0.98 0.8286999999999988
0.98 0.7074499999999994
0.98 0.804349999999999
0.97 0.8601999999999999
0.98 0.8924000000000006
0.98 0.9339999999999996
0.98 0.8855999999999998
0.98 0.8826999999999992
0.98 0.8856499999999997
0.98 0.8899000000000007
0.97 0.8301499999999971
0.82 0.7939499999999997
0.92 0.8094499999999991
0.87 0.8092499999999977
0.84 0.815999999999997
0.93 0.8329999999999981
0.93 0.8260499999999985
0.95 0.7689999999999984
0.98 0.8264499999999977
0.97 0.836049999999998
0.98 0.8596499999999981
0.98 0.8915999999999995
0.98 0.7987499999999986
0.98 0.8273999999999991
0.98 0.8721500000000003
0.98 0.8053999999999992
0.98 0.8898000000000001
0.98 0.9175000000000005
0.98 0.8950500000000019
0.98 0.8977500000000014
0.98 0.8734499999999993
0.95 0.6649499999999976
0.98 0.6766999999999973
0.98 0.7859499999999984
0.66 0.514549999999998
0.68 0.6183499999999982
0.66 0.5164999999999985
0.98 0.6879999999999977
0.93 0.6678499999999978
0.98 0.704699999999998
0.98 0.7900000000000003
0.98 0.701449999999999
0.98 0.6748000000000001
0.83 0.5713999999999999
0.98 0.6861500000000007
0.75 0.43625
0.72 0.390599999999999
0.72 0.44244999999999945
0.96 0.5014000000000004
0.96 0.5314000000000005
0.96 0.5861499999999995
0.84 0.6196499999999997
0.96 0.6959000000000002
0.96 0.7344499999999996
0.95 0.6604999999999994
0.87 0.5137499999999997
0.98 0.52545
0.87 0.49534999999999973
0.94 0.6001999999999993
0.95 0.6244499999999984
0.89 0.6653499999999991
0.9 0.7102000000000003
0.92 0.7567000000000005
0.92 0.7954999999999999
0.92 0.8175499999999996
0.94 0.8491000000000015
0.93 0.8693000000000007
0.95 0.8671000000000002
0.96 0.8773499999999984
0.96 0.8831000000000002
0.96 0.8982999999999997
0.89 0.8611500000000002
0.89 0.8092499999999988
0.91 0.8618499999999996
0.97 0.8950999999999987
0.91 0.8669
0.96 0.877649999999999
0.98 0.8977499999999995
0.97 0.9078999999999996
0.97 0.9259499999999989
0.96 0.8234999999999983
0.96 0.8414999999999996
0.98 0.8462000000000011
0.98 0.8739000000000019
0.98 0.8969000000000006
0.98 0.9061499999999998
0.96 0.8672999999999992
0.97 0.8725999999999992
0.98 0.8877499999999992
0.98 0.8955
0.99 0.893599999999999
0.98 0.8508000000000002
0.99 0.8689000000000003
0.98 0.8925
0.98 0.9264499999999986
0.98 0.906949999999999
0.98 0.8850499999999997
0.98 0.8560500000000001
0.98 0.9059500000000004
0.99 0.9269499999999989
0.99 0.931749999999999
0.99 0.9301999999999981
0.99 0.9316999999999978
0.96 0.59685
0.98 0.7920500000000003
0.98 0.897050000000002
0.98 0.9255500000000005
0.98 0.9441999999999972
0.98 0.9486999999999968
0.98 0.9396499999999963
0.98 0.9471999999999973
0.98 0.9537499999999968
0.98 0.9180499999999964
0.98 0.9367499999999973
0.98 0.9218999999999976
0.98 0.9026500000000007
0.98 0.9493499999999981
0.98 0.9553999999999998
0.98 0.9632500000000026
0.98 0.9623000000000017
0.98 0.9228499999999993
0.98 0.963550000000001
0.98 0.8640999999999995
0.98 0.8558999999999994
0.98 0.7234999999999971
0.98 0.8658499999999989
0.98 0.9003999999999991
0.98 0.9170499999999993
0.98 0.46874999999999956
0.98 0.6994999999999983
0.98 0.6711499999999994
0.98 0.8562500000000018
0.98 0.9107000000000025
0.98 0.9258000000000017
0.96 0.6633999999999993
0.98 0.9157499999999998
0.97 0.8740000000000009
0.98 0.9387999999999994
0.97 0.9191499999999984
0.98 0.9458999999999973
0.98 0.9539999999999991
0.98 0.963400000000001
0.98 0.9650499999999999
0.98 0.9653500000000003
0.98 0.9652000000000005
0.98 0.9638000000000008
0.97 0.6926499999999982
0.98 0.5926500000000005
0.97 0.5793499999999998
0.98 0.8339999999999982
0.97 0.7910499999999994
0.97 0.8281499999999993
0.64 0.3954499999999998
0.97 0.46985000000000005
0.98 0.6150000000000009
0.98 0.7472499999999996
0.97 0.5345000000000006
0.97 0.8125999999999994
0.97 0.8613500000000006
0.97 0.9133000000000006
0.97 0.9384499999999987
0.97 0.9545999999999981
0.97 0.9571499999999993
0.97 0.9585499999999998
0.97 0.9589499999999996
0.97 0.9675499999999996
0.97 0.9608499999999993
0.97 0.9653999999999994
0.97 0.8141999999999964
0.97 0.8271499999999974
0.97 0.9438999999999993
0.97 0.8501000000000015
0.97 0.8082999999999975
0.97 0.8626999999999999
0.97 0.8186500000000011
0.97 0.9329999999999982
0.97 0.9132499999999998
0.97 0.8878500000000001
0.97 0.7304000000000022
0.97 0.7581500000000017
0.97 0.8058000000000003
0.97 0.8620499999999991
0.97 0.9114499999999995
0.97 0.9493999999999991
0.97 0.9342499999999998
0.97 0.9452999999999987
0.97 0.7883000000000001
0.97 0.80785
0.97 0.8935499999999983
0.97 0.9558499999999996
0.97 0.9618499999999996
0.97 0.9388999999999988
0.97 0.965999999999999
0.97 0.9610499999999992
0.97 0.9392999999999987
0.97 0.9158999999999993
0.97 0.95865
0.97 0.8689000000000003
0.97 0.9636999999999997
0.97 0.9610499999999991
0.97 0.9638499999999989
0.97 0.9397999999999991
0.97 0.9613999999999991
0.97 0.8576499999999977
0.97 0.9375499999999992
0.97 0.9447999999999988
0.97 0.681800000000001
0.97 0.7940999999999973
0.97 0.5165500000000018
0.8 0.4860500000000013
0.8 0.5374500000000004
0.94 0.5935999999999999
0.94 0.6444999999999986
0.91 0.5284500000000009
0.91 0.6119999999999999
0.9 0.6197500000000002
0.9 0.6749000000000009
0.92 0.7433500000000008
0.92 0.7794000000000001
0.92 0.8059499999999994
0.92 0.812700000000001
0.92 0.8492500000000001
0.92 0.6898000000000007
0.93 0.7379000000000002
0.92 0.8096
0.92 0.8680000000000017
0.92 0.886850000000001
0.92 0.9007000000000009
0.93 0.9045000000000009
0.93 0.9048000000000002
0.93 0.9133999999999982
0.97 0.8963499999999991
0.97 0.9150499999999997
0.97 0.9343000000000004
0.97 0.9348000000000014
0.97 0.8884000000000004
0.97 0.9308000000000004
0.93 0.8971999999999993
0.93 0.9081999999999983
0.97 0.938900000000001
0.97 0.9297999999999993
0.93 0.9049499999999984
0.97 0.941800000000001
0.97 0.9348000000000001
0.93 0.9008999999999984
0.97 0.9373999999999986
0.97 0.9413999999999987
0.97 0.941099999999998
0.97 0.9410499999999979
0.92 0.8819999999999988
0.92 0.9045999999999985
0.92 0.9127999999999981
0.92 0.9142499999999978
0.92 0.914449999999998
0.92 0.9143499999999979
0.93 0.9139499999999979
0.96 0.9148499999999973
0.96 0.9112499999999973
0.96 0.9102499999999977
0.96 0.9189499999999974
0.96 0.9214999999999975
0.96 0.9238499999999974
0.96 0.9225499999999974
0.96 0.920249999999998
0.92 0.901799999999998
0.92 0.9071499999999979
0.92 0.9128499999999977
0.93 0.9184499999999974
0.93 0.9142999999999981
0.94 0.9135499999999988
0.92 0.9076499999999982
0.92 0.9110499999999981
0.92 0.9092999999999982
0.92 0.9150999999999976
0.92 0.9175499999999976
0.92 0.9158999999999977
0.92 0.9066499999999981
0.92 0.9139499999999978
0.92 0.9111499999999979
0.93 0.9138499999999976
0.93 0.9164999999999981
0.92 0.9170499999999978
0.92 0.9148999999999978
0.92 0.9168499999999975
0.92 0.9153499999999976
0.92 0.9092999999999982
0.92 0.9117499999999983
0.95 0.9205999999999974
0.95 0.9123999999999978
0.95 0.9273499999999976
0.97 0.9239999999999978
