0.38 0.6257999999999998
0.38 0.6159999999999995
0.4 0.6097999999999995
0.12 0.6085999999999993
0.31999999999999995 0.6204999999999994
0.31999999999999995 0.6140999999999996
0.4 0.6370999999999996
0.4 0.6107999999999995
0.24 0.6147999999999993
0.38 0.6199999999999994
0.09999999999999998 0.6103999999999997
0.38 0.6260999999999995
0.38 0.6216999999999995
0.38 0.6121999999999999
0.31999999999999995 0.6188999999999999
0.4 0.5925
0.38 0.6256999999999996
0.48 0.6052999999999996
0.28 0.5780999999999993
0.36 0.5747999999999999
0.36 0.5457999999999998
0.36 0.5531000000000001
0.12 0.5511999999999998
0.16000000000000003 0.5303999999999993
0.09999999999999998 0.5075999999999997
0.09999999999999998 0.4770999999999998
0.09999999999999998 0.4465999999999999
0.30000000000000004 0.4564000000000003
0.09999999999999998 0.39210000000000056
0.09999999999999998 0.4319999999999999
0.09999999999999998 0.36940000000000006
0.09999999999999998 0.3188000000000002
0.07999999999999996 0.3299000000000006
0.07999999999999996 0.2915000000000006
0.07999999999999996 0.2982000000000005
0.14 0.34700000000000003
0.07999999999999996 0.3311000000000012
0.12 0.3995000000000008
0.18000000000000005 0.42270000000000074
0.09999999999999998 0.4177000000000001
0.14 0.4053000000000002
0.07999999999999996 0.2888000000000005
0.14 0.2862000000000004
0.09999999999999998 0.2915000000000003
0.12 0.2439999999999999
0.12 0.22129999999999986
0.12 0.26779999999999987
0.07999999999999996 0.16489999999999974
0.09999999999999998 0.25610000000000005
0.09999999999999998 0.22140000000000004
0.09999999999999998 0.20200000000000004
0.18000000000000005 0.41500000000000065
0.07999999999999996 0.16839999999999988
0.07999999999999996 0.1414999999999999
0.07999999999999996 0.1080999999999999
0.07999999999999996 0.11259999999999985
0.07999999999999996 0.10009999999999994
0.07999999999999996 0.09489999999999994
0.09999999999999998 0.23090000000000008
0.14 0.23339999999999994
0.07999999999999996 0.24779999999999977
0.07999999999999996 0.15349999999999986
0.07999999999999996 0.11189999999999994
0.07999999999999996 0.11329999999999998
0.06000000000000005 0.11840000000000002
0.07999999999999996 0.16190000000000013
0.07999999999999996 0.11999999999999994
0.07999999999999996 0.13690000000000002
0.07999999999999996 0.11479999999999996
0.07999999999999996 0.12670000000000006
0.07999999999999996 0.1136999999999999
0.07999999999999996 0.10769999999999992
0.07999999999999996 0.12759999999999985
0.07999999999999996 0.10629999999999995
0.07999999999999996 0.11389999999999997
0.07999999999999996 0.09519999999999999
0.07999999999999996 0.10399999999999997
0.07999999999999996 0.08810000000000003
0.07999999999999996 0.24230000000000035
0.07999999999999996 0.14929999999999993
0.06000000000000005 0.25080000000000036
0.06000000000000005 0.1167
0.040000000000000036 0.29140000000000066
0.040000000000000036 0.2466000000000002
0.07999999999999996 0.22830000000000003
0.07999999999999996 0.1702999999999999
0.06000000000000005 0.2893000000000003
0.07999999999999996 0.2446999999999998
0.09999999999999998 0.3376000000000002
0.06000000000000005 0.29760000000000053
0.06000000000000005 0.15599999999999994
0.07999999999999996 0.1551
0.06000000000000005 0.30410000000000037
0.06000000000000005 0.18509999999999988
0.06000000000000005 0.09420000000000002
0.06000000000000005 0.07840000000000008
0.06000000000000005 0.07630000000000013
0.06000000000000005 0.10010000000000004
0.07999999999999996 0.09170000000000006
0.06000000000000005 0.27550000000000063
0.07999999999999996 0.22370000000000026
0.07999999999999996 0.19980000000000017
0.09999999999999998 0.2766000000000007
0.07999999999999996 0.25020000000000037
0.09999999999999998 0.2286000000000003
0.07999999999999996 0.25050000000000044
0.07999999999999996 0.16169999999999984
0.07999999999999996 0.1584999999999998
0.07999999999999996 0.12059999999999987
0.07999999999999996 0.12489999999999979
0.07999999999999996 0.17059999999999995
0.07999999999999996 0.25910000000000033
0.07999999999999996 0.24279999999999988
0.07999999999999996 0.18509999999999985
0.07999999999999996 0.14759999999999987
0.07999999999999996 0.12249999999999993
0.07999999999999996 0.10949999999999997
0.07999999999999996 0.0972
0.07999999999999996 0.10200000000000001
0.07999999999999996 0.10469999999999997
0.07999999999999996 0.10189999999999999
0.07999999999999996 0.11259999999999998
0.09999999999999998 0.1257999999999999
0.07999999999999996 0.12050000000000001
0.09999999999999998 0.14619999999999997
0.09999999999999998 0.1632
0.09999999999999998 0.11710000000000001
0.09999999999999998 0.115
0.09999999999999998 0.10870000000000003
0.07999999999999996 0.12170000000000006
0.07999999999999996 0.14980000000000004
0.07999999999999996 0.13760000000000003
0.07999999999999996 0.11670000000000005
0.07999999999999996 0.14379999999999998
0.07999999999999996 0.11510000000000004
0.07999999999999996 0.10310000000000005
0.07999999999999996 0.1136
0.07999999999999996 0.10140000000000005
0.07999999999999996 0.11319999999999995
0.07999999999999996 0.1324
0.07999999999999996 0.12320000000000003
0.07999999999999996 0.11680000000000003
0.07999999999999996 0.10900000000000003
0.07999999999999996 0.10340000000000003
0.07999999999999996 0.11120000000000005
0.07999999999999996 0.1609
0.38 0.3812000000000012
0.30000000000000004 0.3770000000000009
0.07999999999999996 0.1293
0.07999999999999996 0.1265
0.07999999999999996 0.11649999999999996
0.07999999999999996 0.1216
0.07999999999999996 0.18460000000000004
0.07999999999999996 0.1565000000000001
0.07999999999999996 0.14530000000000012
0.07999999999999996 0.1771999999999999
0.07999999999999996 0.33520000000000033
0.07999999999999996 0.4811999999999994
0.07999999999999996 0.15510000000000004
0.07999999999999996 0.10420000000000008
0.07999999999999996 0.08880000000000007
0.07999999999999996 0.11230000000000002
0.07999999999999996 0.1198
0.07999999999999996 0.12240000000000005
0.07999999999999996 0.12080000000000007
0.07999999999999996 0.10300000000000002
0.07999999999999996 0.12589999999999996
0.07999999999999996 0.10600000000000005
0.07999999999999996 0.1145
0.12 0.37949999999999984
0.07999999999999996 0.2814000000000001
0.07999999999999996 0.1341
0.07999999999999996 0.14409999999999995
0.07999999999999996 0.14969999999999994
0.31999999999999995 0.3665000000000014
0.31999999999999995 0.35050000000000137
0.31999999999999995 0.3546000000000011
0.07999999999999996 0.15579999999999997
0.07999999999999996 0.15479999999999997
0.07999999999999996 0.12120000000000002
0.07999999999999996 0.10780000000000003
0.07999999999999996 0.11810000000000001
0.07999999999999996 0.1124
0.07999999999999996 0.12449999999999997
0.07999999999999996 0.1206
0.28 0.3485000000000012
0.07999999999999996 0.12360000000000003
0.18000000000000005 0.3419000000000015
0.24 0.4402999999999998
0.09999999999999998 0.34630000000000094
0.09999999999999998 0.34580000000000105
0.33999999999999997 0.37200000000000116
0.09999999999999998 0.44050000000000006
0.09999999999999998 0.3680000000000008
0.09999999999999998 0.3401000000000009
0.36 0.4534999999999997
0.09999999999999998 0.4178999999999997
0.09999999999999998 0.3829000000000004
0.33999999999999997 0.5215999999999994
0.36 0.4269999999999996
0.07999999999999996 0.28920000000000035
0.07999999999999996 0.2827000000000003
0.07999999999999996 0.2302000000000001
0.07999999999999996 0.21370000000000006
0.07999999999999996 0.2112000000000001
0.14 0.4642999999999997
0.14 0.42449999999999954
0.18000000000000005 0.48519999999999974
0.42000000000000004 0.7060999999999992
0.42000000000000004 0.7002999999999991
0.33999999999999997 0.6806999999999992
0.12 0.3891000000000001
0.12 0.3594000000000001
0.12 0.5416999999999994
0.12 0.3361000000000005
0.12 0.2926
0.12 0.2560000000000003
0.12 0.2812000000000003
0.12 0.23000000000000007
0.07999999999999996 0.23190000000000016
0.07999999999999996 0.18339999999999987
0.07999999999999996 0.1933000000000002
0.12 0.4562999999999996
0.07999999999999996 0.2589
0.07999999999999996 0.22899999999999976
0.07999999999999996 0.17059999999999984
0.07999999999999996 0.1321
0.07999999999999996 0.1420999999999998
0.07999999999999996 0.10420000000000006
0.07999999999999996 0.1759000000000001
0.07999999999999996 0.12350000000000001
0.07999999999999996 0.13499999999999995
0.07999999999999996 0.12560000000000002
0.07999999999999996 0.11410000000000001
0.07999999999999996 0.18139999999999992
0.07999999999999996 0.14489999999999997
0.07999999999999996 0.18230000000000005
0.07999999999999996 0.12050000000000004
0.09999999999999998 0.19059999999999974
0.07999999999999996 0.3248999999999997
0.07999999999999996 0.17159999999999986
0.07999999999999996 0.21330000000000038
0.07999999999999996 0.1644999999999998
0.07999999999999996 0.14519999999999988
0.07999999999999996 0.12229999999999987
0.07999999999999996 0.11639999999999988
0.07999999999999996 0.10899999999999986
0.07999999999999996 0.11729999999999988
0.07999999999999996 0.11899999999999994
0.07999999999999996 0.10230000000000006
0.07999999999999996 0.09780000000000001
0.07999999999999996 0.10390000000000002
0.07999999999999996 0.09240000000000004
0.07999999999999996 0.09150000000000004
0.07999999999999996 0.09590000000000004
0.07999999999999996 0.10960000000000004
0.07999999999999996 0.10450000000000007
0.07999999999999996 0.10380000000000006
0.07999999999999996 0.09810000000000003
0.07999999999999996 0.10470000000000003
0.07999999999999996 0.10140000000000002
0.07999999999999996 0.11219999999999995
0.07999999999999996 0.10190000000000002
0.07999999999999996 0.09210000000000002
0.07999999999999996 0.1035
0.07999999999999996 0.10980000000000008
0.07999999999999996 0.09260000000000003
0.07999999999999996 0.09930000000000007
0.07999999999999996 0.09810000000000003
0.07999999999999996 0.10950000000000007
0.07999999999999996 0.10240000000000007
0.07999999999999996 0.10480000000000005
0.07999999999999996 0.14309999999999998
0.07999999999999996 0.12669999999999995
0.07999999999999996 0.11259999999999998
0.07999999999999996 0.11180000000000001
0.07999999999999996 0.09770000000000005
0.07999999999999996 0.09930000000000001
0.07999999999999996 0.0992
0.07999999999999996 0.10790000000000002
0.07999999999999996 0.10679999999999998
0.07999999999999996 0.2332000000000003
0.07999999999999996 0.19190000000000018
0.07999999999999996 0.29920000000000085
0.07999999999999996 0.2380000000000004
0.07999999999999996 0.15569999999999995
0.07999999999999996 0.15810000000000002
0.07999999999999996 0.13269999999999993
0.07999999999999996 0.12749999999999997
0.07999999999999996 0.1115
0.07999999999999996 0.10560000000000005
0.07999999999999996 0.10680000000000003
0.07999999999999996 0.10840000000000001
0.07999999999999996 0.09050000000000004
0.07999999999999996 0.09630000000000004
0.07999999999999996 0.09910000000000004
0.07999999999999996 0.09410000000000003
0.07999999999999996 0.09580000000000002
0.07999999999999996 0.10080000000000004
0.07999999999999996 0.09800000000000005
0.07999999999999996 0.09440000000000005
0.07999999999999996 0.09310000000000004
0.07999999999999996 0.09990000000000004
0.07999999999999996 0.10090000000000003
0.07999999999999996 0.09540000000000004
0.07999999999999996 0.09950000000000005
0.07999999999999996 0.11860000000000002
0.07999999999999996 0.102
0.07999999999999996 0.10540000000000001
0.07999999999999996 0.10619999999999999
0.07999999999999996 0.15030000000000002
0.07999999999999996 0.12710000000000002
0.07999999999999996 0.11040000000000003
0.07999999999999996 0.0971
0.07999999999999996 0.11120000000000001
0.07999999999999996 0.10310000000000001
0.21999999999999997 0.3275000000000014
0.21999999999999997 0.3237000000000015
0.21999999999999997 0.3062000000000015
0.21999999999999997 0.29310000000000136
0.21999999999999997 0.2787000000000011
0.12 0.26040000000000063
0.12 0.2567000000000006
0.09999999999999998 0.13989999999999983
0.12 0.24040000000000028
0.12 0.22760000000000027
0.09999999999999998 0.12959999999999983
0.12 0.21940000000000004
0.14 0.21129999999999993
0.14 0.20419999999999983
0.07999999999999996 0.1506999999999997
0.07999999999999996 0.13959999999999975
0.07999999999999996 0.1966999999999999
0.07999999999999996 0.17509999999999967
0.07999999999999996 0.15789999999999954
0.07999999999999996 0.12829999999999991
0.07999999999999996 0.12069999999999985
0.07999999999999996 0.1204999999999999
0.07999999999999996 0.11849999999999991
0.07999999999999996 0.12009999999999994
0.16000000000000003 0.31250000000000105
0.09999999999999998 0.15749999999999992
0.30000000000000004 0.35750000000000104
0.07999999999999996 0.32300000000000123
0.07999999999999996 0.1837000000000001
0.09999999999999998 0.3255000000000014
0.09999999999999998 0.18610000000000018
0.16000000000000003 0.33970000000000106
0.16000000000000003 0.31110000000000093
0.09999999999999998 0.308400000000001
0.16000000000000003 0.347700000000001
0.16000000000000003 0.3306000000000006
0.16000000000000003 0.31850000000000067
0.26 0.33790000000000076
0.26 0.347600000000001
0.26 0.3386000000000011
0.24 0.34460000000000157
0.26 0.3270000000000009
0.18000000000000005 0.31310000000000066
0.16000000000000003 0.3212000000000008
0.18000000000000005 0.30610000000000037
0.09999999999999998 0.29780000000000045
0.09999999999999998 0.28480000000000044
0.09999999999999998 0.2649000000000006
0.09999999999999998 0.3220000000000008
0.09999999999999998 0.3055000000000009
0.09999999999999998 0.28410000000000085
0.09999999999999998 0.28040000000000065
0.09999999999999998 0.2810999999999999
0.09999999999999998 0.2334000000000004
0.09999999999999998 0.23159999999999997
0.09999999999999998 0.32430000000000064
0.09999999999999998 0.21420000000000047
0.09999999999999998 0.17409999999999975
0.09999999999999998 0.1965999999999997
0.09999999999999998 0.18639999999999973
0.09999999999999998 0.15289999999999987
0.31999999999999995 0.48010000000000064
0.33999999999999997 0.551800000000001
0.33999999999999997 0.5089000000000009
0.38 0.45490000000000075
0.33999999999999997 0.4268000000000004
0.09999999999999998 0.3685000000000009
0.33999999999999997 0.3780000000000011
0.24 0.3435000000000014
0.18000000000000005 0.34310000000000157
0.33999999999999997 0.3411000000000016
0.33999999999999997 0.3419000000000016
0.33999999999999997 0.34380000000000166
0.33999999999999997 0.3428000000000017
0.33999999999999997 0.3453000000000017
0.33999999999999997 0.3457000000000016
0.33999999999999997 0.3466000000000017
0.33999999999999997 0.3451000000000016
0.33999999999999997 0.3430000000000017
0.33999999999999997 0.3438000000000016
0.33999999999999997 0.3427000000000016
0.33999999999999997 0.3481000000000015
0.33999999999999997 0.3446000000000016
0.33999999999999997 0.3456000000000017
0.33999999999999997 0.3453000000000017
0.33999999999999997 0.34600000000000164
0.33999999999999997 0.34340000000000165
0.33999999999999997 0.3400000000000017
0.33999999999999997 0.3400000000000017
0.09999999999999998 0.3369000000000017
0.09999999999999998 0.34170000000000145
0.09999999999999998 0.3324000000000014
0.09999999999999998 0.3358000000000016
0.09999999999999998 0.3289000000000014
0.09999999999999998 0.3285000000000015
0.09999999999999998 0.31470000000000137
0.09999999999999998 0.31380000000000136
0.09999999999999998 0.30830000000000135
0.09999999999999998 0.2908000000000012
0.19999999999999996 0.3271000000000015
0.19999999999999996 0.3271000000000015
0.09999999999999998 0.3110000000000015
0.09999999999999998 0.30590000000000134
0.09999999999999998 0.2915000000000013
0.09999999999999998 0.24600000000000066
0.09999999999999998 0.2206000000000004
0.09999999999999998 0.1913000000000003
0.09999999999999998 0.1547999999999998
0.09999999999999998 0.15029999999999982
0.09999999999999998 0.1413999999999998
0.09999999999999998 0.1413999999999999
0.09999999999999998 0.14019999999999974
0.09999999999999998 0.12249999999999985
0.09999999999999998 0.12489999999999984
0.09999999999999998 0.12119999999999986
0.09999999999999998 0.11589999999999993
0.09999999999999998 0.11649999999999994
0.09999999999999998 0.1104
0.09999999999999998 0.1247999999999999
0.09999999999999998 0.12379999999999992
0.09999999999999998 0.12339999999999987
0.09999999999999998 0.12499999999999986
0.09999999999999998 0.12299999999999982
0.09999999999999998 0.1330999999999998
0.09999999999999998 0.1309999999999998
0.09999999999999998 0.12079999999999994
0.09999999999999998 0.12869999999999984
0.09999999999999998 0.12189999999999991
0.09999999999999998 0.11739999999999991
0.09999999999999998 0.2874000000000009
0.09999999999999998 0.11599999999999992
0.09999999999999998 0.17879999999999976
0.09999999999999998 0.2671000000000008
0.09999999999999998 0.2526000000000007
0.09999999999999998 0.2141000000000005
0.09999999999999998 0.1983000000000002
0.09999999999999998 0.350100000000001
0.09999999999999998 0.2683000000000008
0.09999999999999998 0.2609000000000007
0.18000000000000005 0.3556000000000011
0.09999999999999998 0.3684000000000009
0.09999999999999998 0.356600000000001
0.09999999999999998 0.36010000000000114
0.19999999999999996 0.36970000000000114
0.09999999999999998 0.3609000000000012
0.09999999999999998 0.363000000000001
0.09999999999999998 0.356900000000001
0.09999999999999998 0.3591000000000011
0.09999999999999998 0.33170000000000094
0.09999999999999998 0.353900000000001
0.09999999999999998 0.3209000000000009
0.09999999999999998 0.27560000000000057
0.09999999999999998 0.26390000000000047
0.09999999999999998 0.2512000000000004
0.09999999999999998 0.19689999999999994
0.09999999999999998 0.2058000000000004
0.09999999999999998 0.18870000000000003
0.09999999999999998 0.16759999999999983
0.09999999999999998 0.14279999999999982
0.09999999999999998 0.1695999999999999
0.09999999999999998 0.1285999999999998
0.09999999999999998 0.2842000000000007
0.16000000000000003 0.22430000000000017
0.09999999999999998 0.24780000000000033
0.09999999999999998 0.21760000000000038
0.09999999999999998 0.23940000000000056
0.09999999999999998 0.22620000000000043
0.09999999999999998 0.2047000000000005
0.09999999999999998 0.18650000000000028
0.09999999999999998 0.15940000000000004
0.09999999999999998 0.15339999999999993
0.09999999999999998 0.1417999999999999
0.09999999999999998 0.17189999999999986
0.09999999999999998 0.1313999999999999
0.12 0.3552000000000012
0.12 0.3195000000000009
0.09999999999999998 0.3003000000000008
0.07999999999999996 0.2766000000000006
0.07999999999999996 0.26290000000000047
0.12 0.2183000000000003
0.07999999999999996 0.19320000000000018
0.07999999999999996 0.1720999999999999
0.07999999999999996 0.1485999999999999
0.07999999999999996 0.12539999999999993
