0.36 0.6105000000000022
0.30000000000000004 0.6066000000000024
0.31999999999999995 0.5710000000000013
0.31999999999999995 0.5634000000000019
0.18000000000000005 0.5902000000000021
0.14 0.5495000000000015
0.26 0.5732000000000014
0.24 0.5714000000000015
0.31999999999999995 0.5825000000000015
0.26 0.5707000000000013
0.30000000000000004 0.5769000000000023
0.12 0.5377000000000014
0.09999999999999998 0.5633000000000016
0.31999999999999995 0.630100000000002
0.28 0.5598000000000013
0.21999999999999997 0.5496000000000012
0.040000000000000036 0.6577000000000025
0.040000000000000036 0.5830000000000016
0.31999999999999995 0.6382000000000023
0.040000000000000036 0.631900000000002
0.31999999999999995 0.622000000000002
0.31999999999999995 0.623200000000002
0.31999999999999995 0.639600000000002
0.31999999999999995 0.6261000000000021
0.31999999999999995 0.6362000000000017
0.31999999999999995 0.6359000000000019
0.19999999999999996 0.6241000000000018
0.33999999999999997 0.6199000000000013
0.16000000000000003 0.5931000000000013
0.31999999999999995 0.6281000000000018
0.16000000000000003 0.5825000000000015
0.24 0.6168000000000009
0.31999999999999995 0.652900000000002
0.31999999999999995 0.6472000000000017
0.31999999999999995 0.6429000000000019
0.06000000000000005 0.6020000000000016
0.06000000000000005 0.5719000000000015
0.31999999999999995 0.6392000000000018
0.16000000000000003 0.6040000000000019
0.31999999999999995 0.5964000000000013
0.31999999999999995 0.6099000000000007
0.31999999999999995 0.6530000000000018
0.19999999999999996 0.6193000000000014
0.31999999999999995 0.6038000000000011
0.31999999999999995 0.567300000000001
0.33999999999999997 0.5333000000000009
0.18000000000000005 0.5637000000000011
0.31999999999999995 0.5105000000000007
0.18000000000000005 0.5221000000000011
0.18000000000000005 0.5020000000000003
0.09999999999999998 0.48800000000000054
0.09999999999999998 0.46470000000000034
0.09999999999999998 0.4424000000000007
0.09999999999999998 0.43630000000000024
0.020000000000000018 0.38930000000000026
0.020000000000000018 0.4319000000000002
0.12 0.44300000000000017
0.14 0.4252
0.12 0.3795999999999997
0.020000000000000018 0.3478000000000002
0.16000000000000003 0.32350000000000023
0.16000000000000003 0.35540000000000016
0.09999999999999998 0.3878000000000003
0.09999999999999998 0.38770000000000066
0.09999999999999998 0.4209000000000004
0.09999999999999998 0.3564000000000005
0.020000000000000018 0.3614999999999998
0.020000000000000018 0.2955
0.18000000000000005 0.544700000000001
0.06000000000000005 0.5784000000000012
0.06000000000000005 0.524300000000001
0.06000000000000005 0.4149000000000011
0.020000000000000018 0.36510000000000026
0.020000000000000018 0.3278000000000002
0.020000000000000018 0.3534000000000001
0.020000000000000018 0.29120000000000024
0.020000000000000018 0.23149999999999976
0.020000000000000018 0.305
0.19999999999999996 0.3717000000000003
0.19999999999999996 0.44390000000000085
0.21999999999999997 0.4198000000000004
0.28 0.48320000000000074
0.040000000000000036 0.4572000000000005
0.040000000000000036 0.3869000000000004
0.06000000000000005 0.3272000000000002
0.06000000000000005 0.31210000000000027
0.06000000000000005 0.3606999999999999
0.16000000000000003 0.37699999999999995
0.040000000000000036 0.28760000000000013
0.040000000000000036 0.22650000000000006
0.040000000000000036 0.20819999999999997
0.040000000000000036 0.22320000000000004
0.020000000000000018 0.17230000000000006
0.040000000000000036 0.32410000000000005
0.06000000000000005 0.3369
0.020000000000000018 0.14320000000000013
0.33999999999999997 0.6504000000000012
0.33999999999999997 0.6065000000000008
0.28 0.5416000000000003
0.12 0.5223999999999996
0.4 0.6164000000000008
0.21999999999999997 0.5948000000000003
0.21999999999999997 0.5700000000000004
0.19999999999999996 0.545000000000001
0.09999999999999998 0.49070000000000064
0.07999999999999996 0.45910000000000084
0.040000000000000036 0.41350000000000015
0.040000000000000036 0.36570000000000014
0.09999999999999998 0.49840000000000023
0.040000000000000036 0.3952000000000002
0.040000000000000036 0.2957999999999999
0.09999999999999998 0.27630000000000016
0.14 0.4419000000000002
0.14 0.3765000000000005
0.06000000000000005 0.3311000000000002
0.30000000000000004 0.3984000000000003
0.07999999999999996 0.3176
0.07999999999999996 0.3734000000000004
0.040000000000000036 0.31470000000000026
0.18000000000000005 0.34490000000000015
0.14 0.3515
0.19999999999999996 0.3759
0.12 0.3536000000000001
0.28 0.36720000000000014
0.18000000000000005 0.35069999999999996
0.14 0.3385999999999999
0.14 0.3335000000000001
0.020000000000000018 0.30390000000000017
0.020000000000000018 0.289
0.14 0.25350000000000017
0.06000000000000005 0.24690000000000015
0.0 0.1996000000000001
