0.84 0.40229999999999844
0.88 0.44378999999999946
0.88 0.4741500000000007
0.92 0.49804999999999994
0.96 0.5250599999999981
0.96 0.5618300000000036
0.96 0.5665400000000037
0.97 0.5868099999999994
0.97 0.6095500000000013
0.97 0.6268499999999978
0.97 0.6480200000000007
0.97 0.6546999999999996
0.97 0.6775699999999999
0.97 0.696309999999999
0.97 0.6958999999999974
0.97 0.7174600000000007
0.98 0.7392300000000028
0.98 0.7469300000000044
0.98 0.7372100000000031
0.98 0.7456900000000038
0.98 0.7511800000000037
0.98 0.7523200000000047
0.98 0.7574200000000051
0.98 0.7564200000000049
0.98 0.7719200000000068
0.98 0.7777500000000074
0.98 0.781860000000007
0.98 0.7820000000000065
0.98 0.7925800000000065
0.98 0.7923400000000071
0.98 0.7914600000000077
0.98 0.7976400000000087
0.98 0.7969400000000078
0.98 0.806420000000006
0.98 0.8169100000000062
0.98 0.8200200000000045
0.98 0.8144300000000033
0.98 0.8170800000000024
0.98 0.825230000000003
0.98 0.832910000000004
0.98 0.8304000000000027
0.98 0.8372400000000039
0.98 0.8411700000000026
0.98 0.8309200000000017
0.98 0.8310100000000038
0.98 0.835520000000002
0.98 0.8287900000000039
0.98 0.8388900000000039
0.98 0.8374100000000039
0.98 0.8313300000000042
0.98 0.8367200000000017
0.98 0.8356400000000019
0.98 0.8405499999999999
0.98 0.8433700000000013
0.98 0.8348500000000024
0.98 0.8390900000000017
0.98 0.8525199999999996
0.98 0.8580499999999989
0.98 0.8732599999999981
0.98 0.87395
0.98 0.8779699999999995
0.98 0.8733899999999988
0.98 0.864059999999999
0.98 0.8676599999999988
0.98 0.8767299999999983
0.98 0.8707099999999984
0.98 0.87263
0.98 0.8651600000000017
0.98 0.8638200000000008
0.98 0.8632100000000027
0.98 0.8583000000000018
0.98 0.865780000000001
0.98 0.869160000000003
0.98 0.869800000000004
0.98 0.8679800000000024
0.98 0.8624999999999994
0.98 0.868220000000003
0.98 0.8764700000000043
0.98 0.8726800000000038
0.98 0.8759100000000059
0.98 0.8842400000000056
0.98 0.885240000000007
0.98 0.888370000000009
0.98 0.8661800000000062
0.98 0.8724100000000073
0.98 0.8731000000000078
0.98 0.8777800000000048
0.98 0.879660000000004
0.98 0.8851000000000068
0.98 0.8818800000000031
0.98 0.8770900000000013
0.98 0.8686599999999998
0.98 0.870900000000002
0.98 0.8781200000000038
0.98 0.8820800000000042
0.98 0.8812000000000026
0.98 0.8880900000000074
0.98 0.8821600000000067
0.98 0.8841500000000095
0.98 0.8845900000000082
