0.69 0.38319999999999915
0.69 0.39504999999999835
0.69 0.4251999999999984
0.69 0.4150499999999976
0.69 0.4110999999999979
0.69 0.4316999999999981
0.69 0.3964499999999982
0.72 0.40494999999999776
0.69 0.4133499999999985
0.69 0.4101499999999982
0.69 0.41784999999999956
0.9 0.4518000000000005
0.9 0.44300000000000006
0.9 0.46815000000000123
0.73 0.4543500000000008
0.73 0.45860000000000084
0.84 0.48535000000000084
0.9 0.4798500000000016
0.8 0.5056000000000007
0.92 0.5342000000000011
0.92 0.5077000000000015
0.91 0.5078500000000009
0.69 0.49905000000000077
0.69 0.4789000000000014
0.84 0.47665000000000163
0.69 0.5073500000000014
0.69 0.529350000000001
0.8 0.5006500000000004
0.95 0.5799500000000002
0.95 0.5390500000000005
0.95 0.5133999999999999
0.69 0.3903499999999984
0.69 0.46424999999999883
0.77 0.4139499999999976
0.77 0.4085499999999972
0.69 0.3740999999999987
0.86 0.4079499999999976
0.94 0.4265499999999983
0.94 0.5095499999999996
0.69 0.44379999999999925
0.82 0.4631500000000007
0.69 0.5109500000000008
0.88 0.5332500000000003
0.76 0.5010000000000003
0.69 0.3987999999999988
0.69 0.4024999999999991
0.84 0.5039500000000013
0.69 0.4629500000000006
0.69 0.49000000000000116
0.69 0.47630000000000144
0.69 0.5087500000000016
0.69 0.4235500000000002
0.69 0.4408500000000006
0.69 0.5294000000000009
0.69 0.5689000000000002
0.9 0.6384999999999992
0.9 0.6016000000000004
0.69 0.5940000000000003
0.69 0.5933500000000005
0.69 0.5595500000000004
0.69 0.4436500000000006
0.69 0.43490000000000023
0.69 0.44145000000000034
0.69 0.4561000000000007
0.69 0.6181499999999994
0.69 0.6029500000000007
0.69 0.5983500000000008
0.69 0.5976500000000009
0.69 0.566000000000001
0.69 0.6395499999999995
0.69 0.6048499999999989
0.69 0.6440999999999991
0.69 0.6680999999999986
0.69 0.6612999999999986
0.69 0.6802999999999984
0.69 0.6232499999999995
0.69 0.5420000000000007
0.69 0.4563000000000009
0.69 0.511850000000002
0.69 0.5769000000000006
0.69 0.5446999999999996
0.69 0.5716500000000005
0.69 0.5219999999999994
0.69 0.5720000000000001
0.69 0.4032999999999977
0.69 0.53515
0.69 0.5824500000000002
0.69 0.6165499999999996
0.69 0.5730500000000006
0.69 0.6064500000000002
0.69 0.6327499999999995
0.69 0.6425999999999995
0.69 0.6474499999999992
0.69 0.6719999999999987
0.69 0.6807999999999985
0.69 0.6250499999999984
0.69 0.6593499999999988
0.69 0.6740499999999985
0.69 0.5082999999999968
0.69 0.5273499999999973
0.69 0.45909999999999695
0.69 0.578349999999999
0.69 0.6275999999999994
0.69 0.6466999999999988
0.69 0.6261999999999993
0.69 0.6539999999999989
0.69 0.659599999999999
0.69 0.6548999999999988
0.69 0.6596999999999984
0.69 0.6296499999999987
0.69 0.6664499999999985
0.69 0.6268499999999982
0.69 0.5984999999999998
0.69 0.6231499999999985
0.69 0.6240999999999987
0.69 0.6255999999999989
0.69 0.657249999999999
0.69 0.646499999999999
0.69 0.6618999999999989
0.69 0.6418999999999994
0.69 0.6305999999999993
0.69 0.6428499999999994
0.69 0.6275999999999998
0.69 0.6484499999999995
0.69 0.6691499999999989
0.69 0.6547999999999992
0.69 0.6585999999999987
0.69 0.6546499999999988
0.69 0.6551499999999989
0.69 0.6555999999999986
0.69 0.6657999999999987
0.69 0.6631999999999987
0.69 0.6579999999999988
0.69 0.6184500000000002
0.69 0.6357499999999997
0.69 0.6122999999999993
0.69 0.6415
0.69 0.6571499999999988
0.69 0.6714499999999984
0.69 0.6630499999999994
0.69 0.6592999999999996
0.69 0.6547999999999992
0.69 0.663649999999999
0.69 0.6459499999999992
0.69 0.667749999999999
0.69 0.6519499999999993
0.69 0.4826000000000013
0.69 0.5059500000000015
0.69 0.5913999999999995
0.69 0.611499999999999
0.69 0.6242499999999993
0.69 0.6194499999999997
0.69 0.5992000000000008
0.69 0.668149999999999
0.69 0.663649999999999
0.69 0.4183500000000002
0.69 0.4950000000000022
0.69 0.6046000000000002
0.69 0.6577999999999993
0.69 0.6586499999999994
0.69 0.6700499999999985
0.69 0.6731999999999991
0.69 0.6585999999999992
0.69 0.6638499999999989
0.69 0.6357499999999987
0.69 0.6406499999999988
0.69 0.6599499999999989
0.69 0.6744499999999987
0.69 0.6752499999999987
0.69 0.6782499999999985
0.69 0.6728999999999986
0.69 0.6693999999999987
0.69 0.6724499999999988
0.69 0.6751499999999981
0.69 0.6678499999999985
0.69 0.6737999999999988
0.69 0.6761999999999988
0.69 0.6798499999999988
0.69 0.6461499999999993
0.69 0.668499999999999
0.69 0.6534499999999991
0.69 0.6766499999999988
0.69 0.6767499999999985
0.69 0.6765999999999986
0.69 0.6787999999999986
0.69 0.6741499999999987
0.69 0.673849999999999
0.69 0.6796499999999988
0.69 0.6807499999999986
0.69 0.6834999999999986
0.69 0.6719999999999986
0.69 0.6475999999999987
0.69 0.6335999999999992
0.69 0.5777499999999983
0.69 0.6448499999999987
0.69 0.655649999999999
0.69 0.6589499999999989
0.69 0.5136499999999979
0.69 0.5862999999999987
0.69 0.6120499999999994
0.69 0.6498499999999992
0.69 0.6747999999999987
0.69 0.6672999999999987
0.69 0.6688999999999985
0.69 0.6772499999999986
0.69 0.6795499999999983
0.69 0.6773999999999986
0.69 0.6713499999999987
0.69 0.6776499999999988
0.69 0.6770499999999988
0.69 0.6711999999999986
0.69 0.6658499999999985
0.69 0.6642999999999989
0.69 0.661849999999999
0.69 0.6462999999999991
0.69 0.651299999999999
0.69 0.6631999999999988
0.69 0.6650999999999986
0.69 0.6659499999999987
0.69 0.6815499999999985
0.69 0.6805499999999987
0.69 0.6771499999999985
0.69 0.6825499999999984
0.69 0.6305999999999986
0.69 0.6661999999999988
0.69 0.6656499999999987
0.69 0.5854999999999986
0.69 0.47999999999999665
0.69 0.6546499999999988
0.69 0.6026999999999982
0.69 0.38639999999999874
0.69 0.5267999999999983
0.69 0.5496499999999989
0.69 0.5460499999999987
0.66 0.45484999999999837
0.69 0.5066999999999999
0.69 0.6048
0.69 0.5825999999999998
0.69 0.6345000000000001
0.69 0.632
0.69 0.6473999999999996
0.69 0.5937999999999998
0.69 0.6090000000000004
0.69 0.6233999999999998
0.69 0.6436999999999994
0.69 0.6503999999999996
0.69 0.6680999999999995
0.69 0.6696999999999992
0.69 0.5813499999999996
0.69 0.649249999999999
0.69 0.6539999999999988
0.69 0.6614499999999989
0.69 0.6293000000000002
0.69 0.6533499999999992
0.69 0.6549999999999995
0.69 0.6549999999999992
0.69 0.658849999999999
0.69 0.653649999999999
0.69 0.6748499999999987
0.69 0.6667499999999984
0.69 0.6683999999999987
0.69 0.6810999999999983
0.69 0.6735999999999988
0.69 0.6795499999999984
0.69 0.6762999999999986
0.69 0.6783999999999983
0.69 0.6719499999999988
0.69 0.6715499999999985
0.69 0.6698499999999987
0.69 0.6807999999999985
0.69 0.672499999999999
0.69 0.6818999999999988
0.69 0.6854499999999986
0.69 0.6809499999999987
0.69 0.6755999999999988
0.69 0.6742999999999987
0.69 0.671749999999999
0.69 0.6752499999999987
0.69 0.6663499999999987
0.69 0.6606999999999988
0.69 0.6730999999999987
0.69 0.671099999999999
0.69 0.671299999999999
0.69 0.6767999999999985
0.69 0.6689499999999987
0.69 0.6742499999999987
0.69 0.6857999999999985
0.69 0.6847999999999985
0.69 0.6722999999999985
0.69 0.6736999999999986
0.69 0.669849999999999
0.69 0.6541499999999988
0.69 0.6634999999999988
0.69 0.6771999999999988
0.69 0.6807999999999987
0.69 0.6776499999999985
0.69 0.6774999999999989
0.69 0.6746999999999987
0.69 0.6692499999999987
0.69 0.6297999999999987
0.69 0.6569999999999994
0.69 0.6225999999999986
0.69 0.6490999999999991
0.69 0.6603999999999989
0.69 0.6792499999999986
0.69 0.6699499999999984
0.69 0.6610999999999985
0.69 0.6729499999999985
0.69 0.6815999999999985
0.69 0.6739999999999984
0.69 0.6808999999999985
0.69 0.6795499999999984
0.69 0.6732999999999986
0.69 0.6761999999999988
0.69 0.6845999999999985
0.69 0.6721499999999986
0.69 0.6668999999999984
0.69 0.6644999999999986
0.69 0.6721999999999985
0.69 0.6752999999999985
0.69 0.6756499999999983
0.69 0.6771499999999981
0.69 0.6698999999999984
0.69 0.6726499999999987
0.69 0.6712999999999987
0.69 0.625499999999998
0.69 0.4793999999999962
0.69 0.6543499999999984
0.69 0.6689999999999986
0.69 0.6769999999999983
0.69 0.6803999999999985
0.69 0.6861499999999985
0.69 0.6875999999999984
0.69 0.6810999999999986
0.69 0.6839999999999986
0.69 0.6815499999999985
0.69 0.6752499999999988
0.69 0.6718999999999986
0.69 0.6754499999999988
0.69 0.6675999999999986
0.69 0.6729999999999987
0.69 0.6722999999999986
0.69 0.6775999999999985
0.69 0.6775499999999987
0.69 0.6754499999999988
0.69 0.6849999999999986
0.69 0.6745499999999985
0.69 0.6810499999999986
0.69 0.6870999999999987
0.69 0.6786499999999985
0.69 0.6820999999999985
0.69 0.6730999999999987
0.69 0.6831999999999985
0.69 0.6793999999999986
0.69 0.6839499999999984
0.69 0.6797999999999986
0.69 0.6762999999999987
0.69 0.6835999999999985
0.69 0.6691499999999984
0.69 0.6848999999999985
0.69 0.6849999999999986
0.69 0.6787499999999984
0.69 0.6795499999999985
0.69 0.6858499999999985
0.69 0.6824499999999984
0.69 0.6767999999999986
0.69 0.6681999999999987
0.69 0.6776499999999984
0.69 0.6826499999999984
0.69 0.6785499999999984
0.69 0.6782999999999986
0.69 0.6805999999999984
0.69 0.6766499999999986
0.69 0.6827999999999987
0.69 0.6816499999999986
0.69 0.6787499999999986
0.69 0.6813499999999985
0.69 0.6853499999999986
0.69 0.6777999999999986
0.69 0.6814499999999987
0.69 0.6845999999999982
0.69 0.6829499999999985
0.69 0.6784499999999987
0.69 0.6701499999999987
0.69 0.6807999999999984
0.69 0.6785999999999985
0.69 0.6298499999999984
0.69 0.6700999999999988
0.69 0.6773999999999983
0.69 0.6853499999999986
0.69 0.6542999999999987
0.69 0.6713499999999984
0.69 0.6672999999999989
0.69 0.6730499999999988
0.69 0.6792499999999984
0.69 0.6841499999999986
0.69 0.6752999999999986
0.69 0.6751999999999986
0.69 0.6828999999999985
0.69 0.6825499999999984
0.69 0.6808499999999982
0.69 0.6816999999999983
0.69 0.6770999999999984
0.69 0.6797499999999986
0.69 0.6750999999999984
0.69 0.6754499999999986
0.69 0.6601499999999981
0.69 0.6627999999999991
0.69 0.4504499999999972
0.69 0.6527999999999987
0.69 0.6618499999999987
0.69 0.6750999999999985
0.69 0.5431999999999981
0.69 0.6682999999999986
0.69 0.6426999999999985
0.69 0.6804999999999989
0.69 0.6803999999999985
0.69 0.6793999999999986
0.69 0.6737499999999986
0.69 0.5287999999999975
0.69 0.6615999999999986
0.69 0.6744499999999986
0.69 0.6812499999999986
0.69 0.6842999999999984
0.69 0.6792999999999987
0.69 0.6803499999999987
0.69 0.6810999999999988
0.69 0.6775999999999986
0.69 0.6846999999999985
0.69 0.6801499999999987
0.69 0.6819999999999986
0.69 0.6821499999999984
0.69 0.6788999999999987
0.69 0.6837499999999984
0.69 0.6876499999999984
0.69 0.6837999999999985
0.69 0.6859999999999984
0.69 0.6697499999999986
0.69 0.6781999999999985
0.69 0.6846499999999986
0.69 0.6777999999999982
0.69 0.6859999999999985
0.69 0.6741499999999984
0.69 0.6721499999999985
0.69 0.6781499999999986
0.69 0.6864499999999986
0.69 0.6827999999999987
0.69 0.6829999999999985
0.69 0.6810499999999987
0.69 0.6811999999999986
0.69 0.6740999999999986
0.69 0.6806499999999983
0.69 0.6751999999999982
0.69 0.6679999999999987
0.69 0.6757499999999982
0.69 0.6867999999999985
0.69 0.668599999999999
0.69 0.6676999999999986
0.69 0.6768999999999987
0.69 0.6826499999999985
0.69 0.6818999999999985
0.69 0.6814999999999984
0.69 0.6772499999999986
0.69 0.6751499999999985
0.69 0.6765999999999985
0.69 0.6806999999999986
0.69 0.6781499999999987
0.69 0.6835999999999985
0.69 0.6853999999999987
0.69 0.6854499999999984
0.69 0.6836999999999983
0.69 0.6852499999999984
0.69 0.6832999999999986
0.69 0.6684999999999985
0.69 0.6733999999999984
0.69 0.6756499999999983
0.69 0.6771999999999986
0.69 0.6861499999999984
0.69 0.6816999999999986
0.69 0.6742499999999985
0.69 0.6736999999999986
0.69 0.6744499999999987
0.69 0.6810999999999985
0.69 0.6810499999999985
0.69 0.6840999999999987
0.69 0.6776999999999985
0.69 0.6812499999999985
0.69 0.6841499999999985
0.69 0.6765499999999988
0.69 0.6875499999999984
0.69 0.6835499999999987
0.69 0.6780499999999986
0.69 0.6764999999999983
0.69 0.6822999999999986
0.69 0.6789999999999986
0.69 0.6823499999999986
0.69 0.6850499999999984
0.69 0.6775999999999983
0.69 0.6821499999999985
0.69 0.6773499999999987
