0.89 0.41064000000000034
0.96 0.4559300000000011
0.96 0.4897600000000007
0.96 0.5178799999999988
0.96 0.5507799999999989
0.96 0.581299999999998
0.96 0.5980199999999977
0.96 0.6130299999999949
0.96 0.620239999999998
0.96 0.6339900000000024
0.96 0.6547400000000044
0.96 0.6680500000000064
0.97 0.6757300000000069
0.97 0.6778800000000067
0.97 0.6987400000000038
0.98 0.7107300000000019
0.98 0.7103200000000007
0.98 0.7277599999999975
0.98 0.7276999999999979
0.98 0.7318199999999965
0.98 0.7508099999999929
0.98 0.7534199999999924
0.98 0.7483699999999924
0.98 0.7626499999999943
0.98 0.7660499999999926
0.98 0.7692899999999941
0.98 0.7760499999999948
0.98 0.778459999999995
0.98 0.7768299999999939
0.98 0.7696999999999952
0.98 0.7834599999999964
0.98 0.7983099999999947
0.98 0.7919299999999965
0.98 0.8016899999999956
0.98 0.8058999999999957
0.98 0.8062199999999984
0.98 0.8043599999999983
0.98 0.809689999999998
0.98 0.807769999999996
0.98 0.8181399999999972
0.98 0.8146199999999976
0.98 0.8136799999999976
0.98 0.8124899999999988
0.98 0.8150299999999981
0.98 0.8177299999999983
0.98 0.8107399999999982
0.98 0.812159999999997
0.98 0.8017499999999944
0.98 0.800039999999995
0.98 0.8034999999999961
0.98 0.8235899999999985
0.98 0.8272199999999992
0.98 0.8245899999999984
0.98 0.8164799999999982
0.98 0.8211500000000017
0.98 0.8219300000000005
0.98 0.8254399999999974
0.98 0.8248400000000006
0.98 0.82382
0.98 0.8155600000000001
0.98 0.8227399999999987
0.98 0.8203399999999987
0.98 0.8217699999999973
0.98 0.8290599999999978
0.98 0.8291499999999984
0.98 0.8197499999999971
0.98 0.8249399999999981
0.98 0.8268599999999958
0.98 0.8352399999999971
0.98 0.8286399999999974
0.98 0.828809999999998
0.98 0.8395499999999994
0.98 0.8463599999999973
0.98 0.8410099999999969
0.98 0.8280099999999972
0.98 0.8327699999999977
0.98 0.836979999999998
0.98 0.8393799999999971
0.98 0.8513599999999969
0.98 0.8446799999999979
0.98 0.8506199999999982
0.98 0.844979999999998
0.98 0.8549999999999973
0.98 0.8531499999999973
0.98 0.8556199999999954
0.98 0.8475199999999977
0.98 0.8417199999999965
0.98 0.8412499999999972
0.98 0.8332699999999976
0.98 0.8472799999999981
0.98 0.845879999999996
0.98 0.8303999999999965
0.98 0.8319899999999982
0.98 0.8362499999999984
0.98 0.8480899999999958
0.98 0.8573899999999948
0.98 0.8576699999999935
0.98 0.8507899999999939
0.98 0.8488699999999959
0.98 0.8463599999999943
