0.63 0.3819500000000005
0.63 0.4066500000000002
0.63 0.3969999999999997
0.63 0.38754999999999945
0.68 0.3884499999999996
0.69 0.4226000000000008
0.67 0.4212500000000006
0.63 0.40344999999999986
0.7 0.40049999999999986
0.63 0.42205000000000065
0.67 0.44710000000000105
0.74 0.42130000000000045
0.77 0.46170000000000117
0.75 0.4615500000000011
0.68 0.41590000000000027
0.65 0.447550000000001
0.65 0.3983999999999998
0.79 0.4502500000000009
0.71 0.4400000000000005
0.74 0.445850000000001
0.88 0.46020000000000166
0.88 0.47620000000000146
0.74 0.4988000000000016
0.75 0.46680000000000127
0.77 0.4448000000000005
0.74 0.5015000000000005
0.85 0.45340000000000136
0.71 0.5308500000000013
0.81 0.5147000000000012
0.65 0.44340000000000157
0.75 0.49490000000000095
0.64 0.47020000000000073
0.64 0.5398500000000008
0.63 0.5120000000000008
0.62 0.40635
0.63 0.46410000000000023
0.63 0.5034000000000006
0.63 0.5062500000000011
0.63 0.5341499999999995
0.63 0.5767500000000003
0.63 0.5681000000000007
0.63 0.43745000000000106
0.63 0.5325999999999999
0.63 0.5829500000000014
0.63 0.605
0.63 0.5840999999999997
0.63 0.6108500000000007
0.63 0.5882499999999992
0.63 0.5986500000000006
0.63 0.5922000000000006
0.63 0.6060500000000005
0.63 0.6086500000000004
0.63 0.5943500000000006
0.63 0.5981500000000003
0.63 0.6052500000000001
0.63 0.6131499999999995
0.63 0.5472500000000015
0.63 0.5727500000000009
0.63 0.5969
0.63 0.6014499999999998
0.63 0.6064499999999994
0.63 0.6071999999999992
0.63 0.5977000000000002
0.63 0.6032499999999996
0.63 0.6004500000000008
0.63 0.5899000000000018
0.63 0.6079499999999992
0.63 0.5991500000000016
0.63 0.46560000000000124
0.63 0.5546500000000015
0.63 0.5106500000000016
0.63 0.5127500000000018
0.7 0.5493500000000019
0.63 0.5505000000000017
0.64 0.5782500000000006
0.64 0.5946000000000001
0.66 0.6051999999999997
0.74 0.6133999999999991
0.75 0.614549999999999
0.74 0.6242999999999989
0.8 0.6315499999999987
0.74 0.6345999999999984
0.74 0.6274499999999985
0.74 0.6396999999999985
0.89 0.626449999999999
0.66 0.5157000000000018
0.89 0.6130499999999988
0.66 0.5580500000000013
0.89 0.6079499999999999
0.89 0.6058499999999996
0.89 0.6059999999999997
0.66 0.5483500000000013
0.66 0.5627500000000013
0.67 0.5893000000000002
0.89 0.6156499999999995
0.91 0.6136499999999994
0.91 0.6126999999999994
0.91 0.5906000000000006
0.91 0.6157499999999997
0.91 0.6233999999999991
0.94 0.642599999999999
0.94 0.663899999999998
0.97 0.6880999999999982
0.97 0.7155999999999986
0.97 0.7576499999999987
0.97 0.8221999999999992
0.97 0.8433999999999999
0.97 0.876749999999999
0.71 0.6239000000000009
0.71 0.6183000000000011
0.71 0.6085500000000009
0.63 0.5673000000000011
0.66 0.5877500000000012
0.66 0.5945500000000017
0.71 0.5702500000000017
0.71 0.5668500000000006
0.7 0.5610000000000008
0.68 0.5626000000000014
0.63 0.5621000000000005
0.64 0.5780000000000014
0.64 0.5823000000000009
0.64 0.6002000000000006
0.64 0.6117999999999998
0.64 0.6163499999999993
0.64 0.6168499999999988
0.67 0.6225499999999987
0.67 0.6124499999999988
0.67 0.6126499999999989
0.67 0.5849500000000003
0.67 0.5880999999999996
0.67 0.5961999999999997
0.67 0.6022999999999992
0.67 0.612599999999999
0.67 0.6200499999999989
0.67 0.6238499999999985
0.67 0.6222999999999986
0.67 0.6116999999999986
0.68 0.6170999999999989
0.68 0.6169999999999988
0.68 0.616349999999999
0.68 0.6143499999999991
0.72 0.6223999999999991
0.74 0.6236999999999994
0.94 0.6183999999999992
0.93 0.6373999999999984
0.83 0.6265499999999989
0.77 0.6047499999999999
0.83 0.60445
0.81 0.6185999999999994
0.82 0.6369499999999989
0.86 0.6614499999999985
0.83 0.6668499999999986
0.88 0.6287499999999998
0.9 0.6717999999999986
0.91 0.6859999999999995
0.91 0.6929999999999992
0.82 0.662249999999998
0.68 0.6108499999999997
0.86 0.6642499999999981
0.68 0.60665
0.68 0.61185
0.71 0.6156999999999997
0.71 0.6270499999999992
0.71 0.6245999999999998
0.71 0.6172499999999999
0.71 0.62935
0.71 0.6314
0.71 0.6136000000000006
0.71 0.6166499999999999
0.71 0.6310999999999997
0.71 0.6352499999999999
0.71 0.6273999999999995
0.71 0.6399999999999996
0.71 0.6509999999999987
0.71 0.6480999999999995
0.89 0.6825499999999997
0.89 0.6968999999999989
0.95 0.7128499999999989
0.95 0.720949999999998
0.95 0.7542999999999991
0.95 0.6847000000000011
0.71 0.6599500000000014
0.88 0.6857500000000007
0.88 0.7028500000000001
0.71 0.6743999999999989
0.71 0.6230500000000022
0.71 0.6804499999999983
0.71 0.64845
0.71 0.6677999999999982
0.79 0.6447499999999998
0.71 0.6583999999999998
0.82 0.678299999999999
0.87 0.6965499999999986
0.87 0.7171499999999971
0.82 0.6835999999999998
0.71 0.6679999999999992
0.87 0.7191999999999975
0.87 0.7081999999999975
0.88 0.7003499999999991
0.88 0.7142999999999983
0.88 0.7209000000000023
0.88 0.6829000000000014
0.88 0.6331500000000009
0.71 0.5905
0.88 0.6187500000000019
0.71 0.6009000000000009
0.71 0.6150500000000012
0.71 0.622350000000002
0.71 0.619200000000002
0.71 0.6478000000000016
0.71 0.6548500000000008
0.71 0.6568500000000008
0.71 0.6624000000000005
0.71 0.6618500000000003
0.71 0.6614999999999999
0.71 0.6881499999999987
0.71 0.6806999999999986
0.71 0.6811499999999987
0.72 0.39760000000000006
0.72 0.4073500000000002
0.72 0.42590000000000056
0.72 0.43705000000000127
0.59 0.4036999999999999
0.59 0.41794999999999993
0.71 0.43975000000000114
0.72 0.5807500000000002
0.72 0.6139500000000002
0.72 0.6267500000000008
0.72 0.5790500000000016
0.71 0.6847500000000004
0.71 0.6918499999999996
0.71 0.6793999999999994
0.71 0.6865999999999991
0.72 0.6974999999999985
0.71 0.7073999999999971
0.78 0.7075999999999978
0.78 0.7088499999999979
0.71 0.7093499999999981
0.72 0.6969499999999976
0.71 0.709099999999998
0.71 0.6872499999999979
0.71 0.6694499999999987
0.71 0.6795499999999987
0.71 0.6895499999999986
0.71 0.6978499999999974
0.72 0.7047999999999979
0.71 0.7046499999999979
0.71 0.7033999999999979
0.71 0.7050499999999978
0.71 0.7038999999999976
0.71 0.7039499999999979
0.71 0.7051999999999979
0.72 0.5961000000000003
0.71 0.5317500000000024
0.71 0.6760999999999983
0.71 0.6143500000000004
0.71 0.6103500000000005
0.71 0.6844999999999982
0.71 0.6997499999999974
0.72 0.7039499999999975
0.72 0.7046499999999979
0.72 0.7057499999999979
0.72 0.7086999999999981
0.72 0.6883499999999978
0.72 0.5571500000000018
0.72 0.4813000000000016
0.72 0.6597499999999986
0.72 0.6988999999999976
0.72 0.6142000000000004
0.74 0.6956999999999972
0.74 0.6700499999999985
0.76 0.6835499999999978
0.76 0.464750000000001
0.81 0.5413000000000023
0.94 0.6285999999999995
0.96 0.735599999999999
0.96 0.7573000000000001
0.96 0.7772999999999999
0.96 0.7731499999999987
0.97 0.82
0.97 0.7842000000000009
0.97 0.8854000000000021
0.97 0.9192499999999995
0.97 0.9398999999999984
0.97 0.9567499999999994
0.97 0.9514000000000001
0.97 0.9578000000000011
0.97 0.9574000000000013
0.97 0.9299000000000006
0.97 0.925150000000001
0.97 0.9399500000000003
0.97 0.8981499999999987
0.97 0.9273499999999987
0.97 0.9282499999999994
0.97 0.9493499999999994
0.97 0.950149999999999
0.97 0.9451499999999992
0.97 0.9347999999999992
0.97 0.7489499999999985
0.97 0.7551999999999992
0.97 0.9256999999999992
0.97 0.81675
0.97 0.7187499999999994
0.97 0.6883500000000004
0.97 0.7977499999999985
0.97 0.831399999999999
0.97 0.9098499999999988
0.97 0.8364499999999992
0.97 0.90415
0.97 0.8631999999999992
0.97 0.644450000000002
0.97 0.7197500000000007
0.43 0.37624999999999986
0.7 0.4023
0.59 0.41205000000000075
0.91 0.4404500000000012
0.97 0.8932999999999996
0.97 0.9181999999999984
0.97 0.9439499999999998
0.97 0.9380999999999997
0.97 0.9306499999999993
0.97 0.9562999999999992
0.97 0.8969499999999999
0.97 0.9486499999999991
0.97 0.9567999999999993
0.97 0.9583499999999993
0.97 0.9634499999999991
0.97 0.9528999999999993
0.97 0.9264499999999977
0.97 0.9432499999999985
0.97 0.9452999999999987
0.97 0.9115500000000005
0.97 0.9554999999999987
0.97 0.9649499999999991
0.97 0.964549999999999
0.97 0.9654499999999989
0.97 0.9655999999999991
0.97 0.9673999999999993
0.97 0.9683999999999992
0.97 0.9597999999999991
0.97 0.9611999999999992
0.97 0.9659499999999989
0.97 0.9630499999999994
0.97 0.9655999999999991
0.97 0.9540499999999994
0.97 0.9598999999999991
0.97 0.9547999999999993
0.97 0.9562499999999994
0.97 0.9385499999999998
0.97 0.9421999999999994
0.97 0.9573499999999991
0.97 0.9493499999999995
0.97 0.8892000000000011
0.97 0.9130000000000007
0.97 0.9323499999999999
0.97 0.9135500000000008
0.97 0.855000000000001
0.97 0.9321499999999995
0.97 0.9463999999999997
0.97 0.9513999999999997
0.97 0.9536499999999997
0.97 0.9594499999999994
0.97 0.9544499999999994
0.97 0.9554999999999993
0.97 0.9575999999999993
0.97 0.8963500000000014
0.97 0.9470500000000002
0.97 0.9351500000000005
0.97 0.9260000000000006
0.97 0.9232500000000001
0.97 0.94085
0.97 0.9500999999999992
0.97 0.9540499999999996
0.97 0.9509499999999995
0.97 0.9435499999999998
0.97 0.9470999999999994
0.97 0.9486499999999997
0.97 0.9508999999999996
0.97 0.9463999999999996
0.97 0.9472999999999991
0.97 0.9460999999999994
0.97 0.9441499999999996
0.97 0.9471499999999996
0.97 0.9571999999999994
0.97 0.9475
0.97 0.9588499999999993
0.97 0.9606999999999992
0.97 0.9629499999999993
0.97 0.9544999999999995
0.97 0.9522999999999996
0.97 0.8719999999999992
0.97 0.7850999999999984
0.97 0.8479000000000005
0.97 0.8423999999999999
0.97 0.8867500000000004
0.97 0.8800000000000009
0.97 0.9223500000000007
0.97 0.9190000000000004
0.97 0.9222000000000001
0.97 0.9359999999999999
0.97 0.94145
0.97 0.9527999999999994
0.97 0.7624999999999972
0.97 0.9358500000000001
0.97 0.9232500000000008
0.97 0.8648500000000005
0.97 0.8842000000000005
0.97 0.9482000000000004
0.97 0.9348500000000002
0.97 0.9310000000000009
0.97 0.8774999999999998
0.97 0.7942499999999981
0.97 0.7351999999999973
0.96 0.605549999999999
0.96 0.6177499999999992
0.96 0.6525499999999984
0.97 0.6944499999999985
0.97 0.8931
0.97 0.8849500000000003
0.97 0.9115500000000002
0.97 0.9210499999999999
0.97 0.9367999999999996
0.97 0.9398000000000001
0.97 0.9285500000000002
0.97 0.7942999999999979
0.97 0.8777500000000005
0.97 0.9508499999999992
0.97 0.8206499999999979
0.97 0.8810999999999994
0.97 0.9352499999999994
0.97 0.6006500000000001
0.97 0.6073999999999993
0.97 0.6489999999999987
0.97 0.820299999999998
0.97 0.9489499999999994
0.97 0.95435
0.97 0.9615999999999992
0.97 0.8941499999999983
0.97 0.9523999999999987
0.97 0.9433499999999982
0.97 0.9617999999999987
0.97 0.9684499999999993
0.97 0.9689999999999992
0.97 0.9494999999999986
0.97 0.9518999999999993
0.97 0.9658999999999993
0.97 0.968249999999999
0.97 0.9585499999999993
0.97 0.8375500000000002
0.97 0.772049999999998
0.97 0.8470000000000006
0.97 0.9042000000000008
0.97 0.9391000000000003
0.97 0.9486499999999995
0.97 0.963899999999999
0.97 0.9645499999999991
0.97 0.9572499999999994
0.97 0.9631999999999991
0.97 0.9632999999999994
0.97 0.9642499999999989
0.97 0.965399999999999
0.97 0.965499999999999
0.97 0.961699999999999
0.97 0.963249999999999
0.97 0.9645499999999991
0.97 0.8515999999999986
0.97 0.9354999999999998
0.97 0.9361499999999989
0.97 0.966149999999999
0.97 0.9079000000000004
0.97 0.8897000000000013
0.97 0.9169500000000003
0.97 0.7017999999999978
0.71 0.6223
0.93 0.6359499999999998
0.71 0.5695000000000016
0.71 0.5996500000000006
0.71 0.525550000000001
0.71 0.6342499999999994
0.71 0.6591999999999988
0.71 0.6010499999999991
0.71 0.653099999999998
0.71 0.6344499999999987
0.71 0.6651999999999982
0.71 0.6304999999999992
0.71 0.6775999999999981
0.71 0.6660499999999979
0.71 0.679749999999998
0.71 0.6896999999999978
0.71 0.6930499999999973
0.71 0.6899499999999975
0.71 0.6975999999999977
0.71 0.7032499999999979
0.71 0.6852499999999979
0.71 0.6865499999999976
0.71 0.7059499999999979
0.97 0.731499999999998
0.97 0.7379499999999982
0.97 0.7878000000000003
0.97 0.7735499999999986
