0.33999999999999997 0.6096000000000005
0.36 0.5620999999999996
0.21999999999999997 0.5812999999999998
0.30000000000000004 0.5502999999999999
0.30000000000000004 0.5877999999999998
0.12 0.5733999999999999
0.33999999999999997 0.5972999999999997
0.30000000000000004 0.6264999999999995
0.36 0.5998999999999995
0.12 0.5856999999999996
0.30000000000000004 0.5638999999999996
0.06000000000000005 0.5580999999999994
0.06000000000000005 0.5985999999999998
0.4 0.6323999999999994
0.33999999999999997 0.6459999999999992
0.33999999999999997 0.6200999999999993
0.33999999999999997 0.6651999999999991
0.33999999999999997 0.5775999999999994
0.33999999999999997 0.5986999999999995
0.33999999999999997 0.5620999999999995
0.33999999999999997 0.5879999999999999
0.33999999999999997 0.5807000000000001
0.33999999999999997 0.6191999999999998
0.26 0.6028999999999998
0.33999999999999997 0.6366999999999993
0.26 0.5342999999999997
0.24 0.4873999999999996
0.33999999999999997 0.4812999999999996
0.48 0.4576
0.07999999999999996 0.4050000000000003
0.26 0.45499999999999985
0.26 0.5144999999999995
0.09999999999999998 0.4508999999999999
0.16000000000000003 0.41509999999999986
0.12 0.3945000000000002
0.16000000000000003 0.39320000000000016
0.26 0.4442000000000001
0.18000000000000005 0.4360000000000001
0.16000000000000003 0.4945999999999995
0.16000000000000003 0.4199
0.16000000000000003 0.3636000000000009
0.16000000000000003 0.3577000000000009
0.06000000000000005 0.3383000000000015
0.12 0.3565000000000014
0.33999999999999997 0.34850000000000153
0.16000000000000003 0.3457000000000015
0.16000000000000003 0.34670000000000134
0.33999999999999997 0.3492000000000013
0.33999999999999997 0.3806000000000003
0.06000000000000005 0.3560000000000003
0.06000000000000005 0.34790000000000104
0.06000000000000005 0.3221000000000013
0.16000000000000003 0.3405000000000013
0.18000000000000005 0.3928000000000006
0.18000000000000005 0.3740000000000005
0.07999999999999996 0.40720000000000006
0.33999999999999997 0.4678000000000001
0.14 0.43170000000000003
0.21999999999999997 0.34840000000000065
0.07999999999999996 0.3442000000000007
0.12 0.2833000000000007
0.09999999999999998 0.2828000000000008
0.07999999999999996 0.2931000000000009
0.07999999999999996 0.31850000000000084
0.18000000000000005 0.35140000000000116
0.14 0.3289000000000015
0.07999999999999996 0.31690000000000146
0.09999999999999998 0.31680000000000147
0.07999999999999996 0.37560000000000093
0.07999999999999996 0.3008000000000013
0.07999999999999996 0.29940000000000117
0.07999999999999996 0.43519999999999986
0.07999999999999996 0.34380000000000066
0.07999999999999996 0.4008999999999998
0.07999999999999996 0.4547999999999998
0.07999999999999996 0.39629999999999993
0.07999999999999996 0.2611000000000006
0.07999999999999996 0.2986
0.07999999999999996 0.21589999999999995
0.07999999999999996 0.3148
0.07999999999999996 0.27830000000000005
0.07999999999999996 0.14990000000000003
0.07999999999999996 0.5203000000000003
0.07999999999999996 0.44190000000000024
0.07999999999999996 0.3438000000000003
0.07999999999999996 0.2270000000000001
0.09999999999999998 0.11829999999999993
0.09999999999999998 0.09580000000000005
0.07999999999999996 0.1578000000000001
0.07999999999999996 0.13889999999999994
0.07999999999999996 0.09469999999999995
0.07999999999999996 0.09580000000000002
0.07999999999999996 0.08559999999999994
0.07999999999999996 0.1807
0.07999999999999996 0.13600000000000004
0.07999999999999996 0.08969999999999999
0.07999999999999996 0.10060000000000001
0.07999999999999996 0.092
0.07999999999999996 0.11150000000000007
0.07999999999999996 0.10400000000000001
0.07999999999999996 0.12999999999999995
0.07999999999999996 0.10719999999999999
0.07999999999999996 0.10030000000000001
0.07999999999999996 0.1084
0.07999999999999996 0.1237
0.07999999999999996 0.10579999999999996
0.07999999999999996 0.17639999999999997
0.07999999999999996 0.1526000000000001
0.07999999999999996 0.15900000000000003
0.07999999999999996 0.13420000000000004
0.07999999999999996 0.1039
0.07999999999999996 0.105
0.07999999999999996 0.16580000000000006
0.09999999999999998 0.3009000000000002
0.07999999999999996 0.28319999999999995
0.06000000000000005 0.19740000000000013
0.07999999999999996 0.13739999999999988
0.07999999999999996 0.23900000000000043
0.07999999999999996 0.19110000000000002
0.06000000000000005 0.3243
0.07999999999999996 0.3630000000000001
0.07999999999999996 0.29060000000000014
0.26 0.3259000000000003
0.12 0.3165000000000005
0.14 0.3131000000000008
0.26 0.35860000000000025
0.14 0.3242000000000002
0.21999999999999997 0.34480000000000055
0.12 0.35050000000000026
0.12 0.3542000000000002
0.12 0.3111000000000008
0.14 0.31050000000000066
0.07999999999999996 0.26810000000000095
0.07999999999999996 0.2192000000000006
0.07999999999999996 0.19010000000000019
0.07999999999999996 0.18350000000000027
0.07999999999999996 0.21080000000000038
0.07999999999999996 0.15110000000000007
0.07999999999999996 0.11780000000000011
0.07999999999999996 0.15199999999999997
0.07999999999999996 0.12460000000000009
0.06000000000000005 0.3040000000000001
0.06000000000000005 0.2667000000000004
0.09999999999999998 0.2855000000000005
0.09999999999999998 0.30070000000000074
0.09999999999999998 0.2397000000000007
0.09999999999999998 0.2320000000000002
0.09999999999999998 0.18010000000000004
0.09999999999999998 0.1614000000000001
0.09999999999999998 0.1449
0.09999999999999998 0.13210000000000002
0.09999999999999998 0.14300000000000007
0.07999999999999996 0.1780000000000002
0.12 0.15289999999999995
0.06000000000000005 0.14359999999999995
0.09999999999999998 0.12100000000000008
0.12 0.15480000000000016
0.14 0.15820000000000023
0.07999999999999996 0.1773000000000003
0.12 0.15840000000000012
0.14 0.3068000000000003
0.14 0.28420000000000006
0.14 0.4147999999999998
0.14 0.44159999999999955
0.14 0.2902000000000001
0.14 0.31030000000000013
0.14 0.28670000000000034
0.12 0.25730000000000053
0.12 0.34090000000000037
0.14 0.3646000000000007
0.14 0.3264000000000004
0.12 0.28500000000000025
0.09999999999999998 0.20610000000000017
0.14 0.2630000000000004
0.07999999999999996 0.2626000000000004
0.07999999999999996 0.20460000000000014
0.07999999999999996 0.1678999999999999
0.07999999999999996 0.2372000000000002
0.07999999999999996 0.17159999999999997
0.07999999999999996 0.14819999999999997
0.07999999999999996 0.12530000000000002
0.07999999999999996 0.1232
0.12 0.1807999999999999
0.12 0.1382
0.12 0.11710000000000019
0.12 0.1252
0.12 0.1336999999999999
0.12 0.17079999999999992
0.12 0.17779999999999987
0.12 0.11239999999999993
0.12 0.13339999999999994
0.12 0.2014999999999999
0.12 0.23439999999999997
0.12 0.1985999999999999
0.12 0.17200000000000018
0.12 0.13779999999999992
0.12 0.3181999999999998
0.12 0.1399999999999999
0.12 0.17
0.12 0.3511999999999999
0.33999999999999997 0.3589000000000004
0.33999999999999997 0.34370000000000117
0.33999999999999997 0.344700000000001
0.33999999999999997 0.35419999999999974
0.33999999999999997 0.35370000000000024
0.33999999999999997 0.34370000000000117
0.09999999999999998 0.3151000000000012
0.09999999999999998 0.29270000000000107
0.06000000000000005 0.18890000000000007
0.07999999999999996 0.16939999999999994
0.12 0.1598999999999999
0.12 0.13259999999999986
0.12 0.1529999999999999
0.12 0.17539999999999986
0.12 0.16609999999999978
0.12 0.13429999999999995
0.12 0.1818
0.12 0.1706999999999999
0.12 0.12939999999999993
0.12 0.12319999999999993
0.12 0.14199999999999993
0.12 0.2616000000000006
0.12 0.22830000000000042
0.09999999999999998 0.23170000000000018
0.09999999999999998 0.2266000000000002
0.09999999999999998 0.29530000000000023
0.09999999999999998 0.2515000000000001
0.09999999999999998 0.18649999999999992
0.09999999999999998 0.16389999999999993
0.09999999999999998 0.1078
0.09999999999999998 0.10490000000000003
0.09999999999999998 0.10709999999999993
0.09999999999999998 0.12609999999999982
0.12 0.19330000000000008
0.12 0.17139999999999989
0.12 0.11629999999999999
0.12 0.11539999999999992
0.12 0.11359999999999987
0.09999999999999998 0.11189999999999996
0.09999999999999998 0.10319999999999988
0.06000000000000005 0.13450000000000004
0.12 0.2672000000000007
0.09999999999999998 0.41260000000000013
0.12 0.3160000000000009
0.09999999999999998 0.23529999999999987
0.09999999999999998 0.24630000000000035
0.09999999999999998 0.16579999999999998
0.12 0.22080000000000014
0.09999999999999998 0.36199999999999943
0.09999999999999998 0.3375999999999996
0.09999999999999998 0.36869999999999975
0.09999999999999998 0.3079
0.09999999999999998 0.26530000000000004
0.12 0.40240000000000004
0.09999999999999998 0.15999999999999975
0.09999999999999998 0.127
0.09999999999999998 0.13019999999999982
0.09999999999999998 0.11949999999999995
0.09999999999999998 0.11550000000000005
0.09999999999999998 0.10509999999999994
0.09999999999999998 0.10349999999999994
0.09999999999999998 0.10419999999999999
0.09999999999999998 0.10969999999999999
0.09999999999999998 0.10540000000000002
0.09999999999999998 0.1081
0.09999999999999998 0.10480000000000005
0.09999999999999998 0.10519999999999995
0.09999999999999998 0.10819999999999996
0.09999999999999998 0.11199999999999989
0.09999999999999998 0.10589999999999997
0.09999999999999998 0.10049999999999995
0.06000000000000005 0.14629999999999987
0.06000000000000005 0.10489999999999991
0.06000000000000005 0.1072999999999999
0.06000000000000005 0.11459999999999992
0.06000000000000005 0.10549999999999987
0.07999999999999996 0.21619999999999995
0.07999999999999996 0.1666999999999998
0.07999999999999996 0.12429999999999991
0.07999999999999996 0.2134
0.07999999999999996 0.10629999999999995
0.07999999999999996 0.1258999999999999
0.07999999999999996 0.3033000000000001
0.07999999999999996 0.16019999999999995
0.07999999999999996 0.11229999999999997
0.07999999999999996 0.25240000000000007
0.07999999999999996 0.18090000000000006
0.07999999999999996 0.10460000000000001
0.07999999999999996 0.09569999999999998
0.07999999999999996 0.10019999999999994
0.07999999999999996 0.14900000000000008
0.07999999999999996 0.18090000000000014
0.07999999999999996 0.1281
0.07999999999999996 0.10450000000000007
0.06000000000000005 0.13310000000000002
0.06000000000000005 0.11359999999999998
0.07999999999999996 0.11689999999999992
0.06000000000000005 0.29540000000000005
0.06000000000000005 0.2302
0.06000000000000005 0.16190000000000004
0.06000000000000005 0.15000000000000013
0.06000000000000005 0.13130000000000006
0.06000000000000005 0.19120000000000012
0.06000000000000005 0.10009999999999998
0.06000000000000005 0.0888
0.06000000000000005 0.10250000000000005
0.06000000000000005 0.08930000000000005
0.06000000000000005 0.08240000000000006
0.12 0.10900000000000004
0.12 0.08830000000000003
0.09999999999999998 0.2528
0.33999999999999997 0.36760000000000004
0.12 0.26099999999999984
0.12 0.31109999999999954
0.12 0.13920000000000005
0.12 0.11070000000000003
0.09999999999999998 0.17730000000000015
0.09999999999999998 0.09260000000000006
0.09999999999999998 0.07560000000000013
0.09999999999999998 0.07810000000000011
0.09999999999999998 0.09010000000000007
0.09999999999999998 0.17970000000000008
0.09999999999999998 0.1189
0.06000000000000005 0.30920000000000086
0.09999999999999998 0.09060000000000003
0.09999999999999998 0.09330000000000002
0.09999999999999998 0.08869999999999996
0.09999999999999998 0.08970000000000003
0.06000000000000005 0.28250000000000036
0.06000000000000005 0.2161000000000003
0.06000000000000005 0.17450000000000002
0.06000000000000005 0.1476000000000001
0.06000000000000005 0.10939999999999998
0.06000000000000005 0.08310000000000002
0.06000000000000005 0.1737000000000001
0.06000000000000005 0.08660000000000007
0.06000000000000005 0.11400000000000009
0.06000000000000005 0.0894
0.06000000000000005 0.08810000000000004
0.09999999999999998 0.12079999999999991
0.09999999999999998 0.11479999999999987
0.09999999999999998 0.10919999999999988
0.09999999999999998 0.08809999999999996
0.06000000000000005 0.0902000000000001
0.06000000000000005 0.09070000000000009
0.09999999999999998 0.08450000000000019
0.09999999999999998 0.08440000000000022
0.09999999999999998 0.08750000000000016
0.09999999999999998 0.07830000000000013
0.09999999999999998 0.08230000000000012
0.09999999999999998 0.08300000000000012
0.06000000000000005 0.08270000000000016
0.06000000000000005 0.08850000000000016
0.06000000000000005 0.08580000000000014
0.06000000000000005 0.08510000000000006
0.06000000000000005 0.09020000000000011
0.06000000000000005 0.08850000000000004
0.06000000000000005 0.08390000000000003
0.06000000000000005 0.08550000000000006
0.06000000000000005 0.08999999999999998
0.06000000000000005 0.09699999999999996
0.06000000000000005 0.09289999999999997
0.06000000000000005 0.09949999999999999
0.09999999999999998 0.0959
0.09999999999999998 0.09059999999999996
0.09999999999999998 0.09700000000000003
0.09999999999999998 0.09549999999999996
0.09999999999999998 0.09559999999999994
0.09999999999999998 0.10560000000000003
0.09999999999999998 0.10679999999999992
0.09999999999999998 0.10219999999999996
0.09999999999999998 0.10159999999999997
0.09999999999999998 0.10650000000000004
0.09999999999999998 0.10510000000000003
0.09999999999999998 0.10950000000000004
0.09999999999999998 0.10599999999999998
0.09999999999999998 0.10959999999999992
0.09999999999999998 0.11029999999999995
0.09999999999999998 0.10660000000000004
0.09999999999999998 0.09939999999999999
0.09999999999999998 0.1016
0.09999999999999998 0.10190000000000003
0.09999999999999998 0.10439999999999997
0.09999999999999998 0.09990000000000002
0.09999999999999998 0.10009999999999994
0.09999999999999998 0.10659999999999994
0.09999999999999998 0.10729999999999994
0.09999999999999998 0.09840000000000003
0.06000000000000005 0.12579999999999994
0.09999999999999998 0.12789999999999996
0.09999999999999998 0.17449999999999988
0.09999999999999998 0.15839999999999987
0.09999999999999998 0.10969999999999994
0.09999999999999998 0.10339999999999999
0.09999999999999998 0.09799999999999993
0.09999999999999998 0.09779999999999989
0.09999999999999998 0.09609999999999998
0.09999999999999998 0.09669999999999998
0.09999999999999998 0.09559999999999996
0.09999999999999998 0.09299999999999996
0.09999999999999998 0.08819999999999997
0.09999999999999998 0.1084000000000001
0.09999999999999998 0.09989999999999992
0.09999999999999998 0.10089999999999995
0.09999999999999998 0.09139999999999994
0.09999999999999998 0.09889999999999993
0.09999999999999998 0.09809999999999997
0.09999999999999998 0.09759999999999991
0.09999999999999998 0.09459999999999993
0.09999999999999998 0.0961999999999999
0.09999999999999998 0.09819999999999997
0.09999999999999998 0.09679999999999996
0.09999999999999998 0.10179999999999996
0.09999999999999998 0.1026
0.09999999999999998 0.10239999999999991
0.09999999999999998 0.09999999999999996
0.09999999999999998 0.0986999999999999
0.09999999999999998 0.10260000000000001
0.09999999999999998 0.09760000000000002
0.09999999999999998 0.1002
0.09999999999999998 0.0975
0.12 0.13650000000000012
0.12 0.10669999999999989
0.12 0.10199999999999995
0.12 0.0991999999999999
0.12 0.09569999999999983
0.12 0.10199999999999995
0.12 0.1051999999999999
0.12 0.10729999999999991
0.12 0.11639999999999989
0.12 0.0992
0.12 0.11840000000000003
0.09999999999999998 0.13299999999999987
0.09999999999999998 0.1932
0.14 0.1845000000000003
0.09999999999999998 0.15450000000000014
0.12 0.10499999999999986
0.12 0.11870000000000015
0.12 0.12230000000000016
0.12 0.11010000000000007
0.12 0.09619999999999998
0.12 0.10089999999999989
0.12 0.09719999999999994
0.12 0.09709999999999992
0.12 0.10359999999999993
0.12 0.12030000000000006
0.06000000000000005 0.16790000000000013
0.06000000000000005 0.1684000000000001
0.06000000000000005 0.15840000000000007
0.12 0.19030000000000005
0.09999999999999998 0.13940000000000013
0.09999999999999998 0.19490000000000002
0.09999999999999998 0.12949999999999995
0.09999999999999998 0.10849999999999996
0.09999999999999998 0.17409999999999987
0.09999999999999998 0.2274999999999998
0.040000000000000036 0.3047000000000003
0.06000000000000005 0.2849
0.06000000000000005 0.1548000000000001
0.07999999999999996 0.2128000000000002
0.06000000000000005 0.18010000000000023
0.09999999999999998 0.23790000000000067
0.06000000000000005 0.1329000000000002
0.06000000000000005 0.1078000000000002
0.09999999999999998 0.10930000000000022
0.09999999999999998 0.1052000000000002
0.09999999999999998 0.09430000000000016
0.09999999999999998 0.08930000000000017
0.06000000000000005 0.0862000000000002
0.06000000000000005 0.10850000000000021
0.06000000000000005 0.09520000000000013
0.06000000000000005 0.09880000000000021
0.06000000000000005 0.09390000000000018
0.06000000000000005 0.09880000000000021
0.06000000000000005 0.07700000000000017
0.09999999999999998 0.0753000000000002
0.09999999999999998 0.07950000000000018
0.09999999999999998 0.08080000000000019
0.09999999999999998 0.07650000000000018
0.09999999999999998 0.08020000000000016
0.09999999999999998 0.07390000000000016
0.09999999999999998 0.07350000000000016
0.09999999999999998 0.07600000000000014
0.09999999999999998 0.08010000000000012
0.09999999999999998 0.07600000000000019
0.09999999999999998 0.07510000000000017
0.09999999999999998 0.08590000000000014
0.09999999999999998 0.16190000000000024
0.06000000000000005 0.24680000000000038
0.06000000000000005 0.2661999999999998
0.06000000000000005 0.19630000000000017
0.06000000000000005 0.15420000000000023
0.06000000000000005 0.10390000000000013
0.06000000000000005 0.09650000000000013
0.07999999999999996 0.17590000000000017
0.07999999999999996 0.18169999999999992
0.07999999999999996 0.11330000000000016
0.09999999999999998 0.1085000000000001
0.09999999999999998 0.09750000000000006
0.09999999999999998 0.08280000000000012
