0.88 0.4057099999999987
0.9 0.4514299999999996
0.9 0.4755700000000008
0.95 0.5175300000000003
0.95 0.5387900000000025
0.96 0.5699500000000025
0.96 0.5928900000000026
0.96 0.6116100000000035
0.96 0.6306400000000039
0.96 0.6481800000000045
0.97 0.6575200000000057
0.97 0.6699800000000056
0.97 0.6777200000000027
0.97 0.6850300000000004
0.98 0.6904300000000007
0.98 0.697099999999999
0.98 0.7052599999999972
0.98 0.7158799999999941
0.98 0.700869999999996
0.98 0.710599999999997
0.98 0.7149199999999954
0.98 0.7198699999999941
0.98 0.7255299999999929
0.98 0.7382499999999906
0.98 0.7345899999999925
0.98 0.7347099999999911
0.98 0.7340999999999915
0.98 0.7348199999999913
0.98 0.7388699999999898
0.99 0.7285699999999921
0.99 0.7460199999999892
0.99 0.7543999999999881
0.99 0.767019999999988
0.99 0.773439999999989
0.99 0.784339999999992
0.99 0.793309999999993
0.99 0.7910199999999921
0.99 0.7900299999999933
0.99 0.7901299999999937
0.99 0.8105499999999928
0.99 0.8176799999999917
0.99 0.8197299999999919
0.99 0.825049999999997
0.99 0.8144099999999951
0.99 0.8167899999999969
0.99 0.8220100000000017
0.99 0.8262399999999973
0.99 0.8323499999999961
0.99 0.8360199999999977
0.99 0.8261699999999961
0.99 0.838099999999997
0.99 0.8398599999999983
0.99 0.8394999999999967
0.99 0.8573199999999955
0.99 0.8469599999999969
0.99 0.8572399999999941
0.99 0.8526799999999946
0.99 0.8613199999999949
0.99 0.854079999999992
0.99 0.8590299999999956
0.99 0.8671099999999929
0.99 0.8565099999999929
0.99 0.851769999999995
0.99 0.8598799999999943
0.99 0.8580199999999932
0.99 0.8590299999999932
0.99 0.8483999999999974
0.99 0.8598599999999957
0.99 0.8546599999999966
0.99 0.8496699999999956
0.99 0.8459899999999972
0.99 0.8437899999999976
0.99 0.8504999999999968
0.99 0.8510199999999969
0.99 0.8544599999999949
0.99 0.8657299999999931
0.99 0.8557599999999923
0.99 0.8552299999999926
0.99 0.8620099999999934
0.99 0.8642799999999947
0.99 0.8570599999999933
0.99 0.8671599999999926
0.99 0.8668899999999905
0.99 0.8731399999999928
0.99 0.8644199999999922
0.99 0.8547199999999917
0.99 0.8627899999999924
0.99 0.8552799999999932
0.99 0.8697399999999939
0.99 0.8631799999999938
0.99 0.868859999999993
0.99 0.8659999999999939
0.99 0.8609699999999931
0.99 0.8615299999999925
0.99 0.8589899999999919
0.99 0.8661499999999897
0.99 0.8686999999999901
0.99 0.8647999999999915
0.99 0.8615399999999906
0.99 0.8603399999999907
