0.38 0.6233999999999997
0.38 0.6049999999999993
0.38 0.5911999999999993
0.38 0.5935999999999996
0.38 0.6081999999999992
0.4 0.5864999999999996
0.24 0.5722999999999994
0.12 0.5889999999999991
0.38 0.5758
0.24 0.5350000000000003
0.09999999999999998 0.5520999999999997
0.12 0.5215999999999997
0.07999999999999996 0.5963999999999993
0.06000000000000005 0.6031999999999992
0.07999999999999996 0.5499999999999994
0.09999999999999998 0.5377999999999996
0.28 0.5717999999999993
0.14 0.5505999999999999
0.19999999999999996 0.5680999999999996
0.24 0.5987999999999993
0.30000000000000004 0.6046999999999993
0.31999999999999995 0.5958999999999997
0.28 0.6421999999999991
0.19999999999999996 0.6305999999999992
0.4 0.6451999999999997
0.38 0.6297999999999997
0.38 0.6392999999999992
0.4 0.6328999999999992
0.18000000000000005 0.6098999999999993
0.38 0.6049999999999998
0.43999999999999995 0.6385999999999994
0.43999999999999995 0.6387999999999994
0.30000000000000004 0.6376999999999999
0.42000000000000004 0.6455000000000001
0.36 0.6464999999999997
0.54 0.6437
0.30000000000000004 0.6440999999999998
0.30000000000000004 0.6108999999999996
0.14 0.5936999999999998
0.19999999999999996 0.5735999999999997
0.18000000000000005 0.6028999999999999
0.28 0.5404999999999993
0.31999999999999995 0.5579999999999995
0.19999999999999996 0.5157999999999996
0.31999999999999995 0.4726999999999996
0.040000000000000036 0.4646999999999998
0.24 0.4396
0.26 0.4026000000000004
0.09999999999999998 0.36150000000000043
0.18000000000000005 0.3405000000000004
0.07999999999999996 0.4247000000000004
0.16000000000000003 0.3217000000000003
0.09999999999999998 0.3264000000000006
0.06000000000000005 0.3490000000000005
0.07999999999999996 0.28780000000000033
0.06000000000000005 0.28570000000000034
0.06000000000000005 0.2468000000000002
0.07999999999999996 0.22740000000000002
0.07999999999999996 0.262
0.07999999999999996 0.1978000000000002
0.07999999999999996 0.17730000000000012
0.07999999999999996 0.21319999999999995
0.07999999999999996 0.18179999999999996
0.07999999999999996 0.12860000000000008
0.06000000000000005 0.14970000000000006
0.06000000000000005 0.20229999999999987
0.06000000000000005 0.12760000000000007
0.06000000000000005 0.10950000000000015
0.06000000000000005 0.09900000000000014
0.07999999999999996 0.10130000000000006
0.07999999999999996 0.10510000000000014
0.07999999999999996 0.1697
0.07999999999999996 0.15280000000000005
0.07999999999999996 0.11860000000000008
0.07999999999999996 0.42569999999999963
0.26 0.6910999999999992
0.26 0.6493999999999993
0.19999999999999996 0.5839999999999994
0.14 0.6862999999999991
0.09999999999999998 0.683399999999999
0.42000000000000004 0.6080999999999996
0.4 0.5684999999999993
0.09999999999999998 0.5453999999999994
0.06000000000000005 0.42619999999999963
0.07999999999999996 0.23030000000000006
0.07999999999999996 0.17700000000000007
0.07999999999999996 0.17720000000000002
0.07999999999999996 0.14160000000000003
0.07999999999999996 0.15779999999999986
0.06000000000000005 0.14630000000000007
0.07999999999999996 0.1192
0.09999999999999998 0.09460000000000005
0.07999999999999996 0.1056
0.07999999999999996 0.1143
0.07999999999999996 0.10799999999999997
0.07999999999999996 0.10829999999999995
0.07999999999999996 0.1330000000000001
0.07999999999999996 0.23399999999999999
0.07999999999999996 0.12119999999999997
0.07999999999999996 0.11640000000000013
0.07999999999999996 0.12030000000000006
0.07999999999999996 0.2264999999999998
0.07999999999999996 0.2098999999999997
0.06000000000000005 0.1298
0.06000000000000005 0.11400000000000009
0.07999999999999996 0.0801000000000002
0.07999999999999996 0.09290000000000004
0.06000000000000005 0.10100000000000016
0.06000000000000005 0.1077000000000001
0.07999999999999996 0.1446000000000001
0.07999999999999996 0.2011999999999999
0.07999999999999996 0.1991
0.06000000000000005 0.2502
0.06000000000000005 0.2332
0.07999999999999996 0.1812
0.07999999999999996 0.11570000000000011
0.07999999999999996 0.28269999999999973
0.06000000000000005 0.4303
0.06000000000000005 0.3667000000000001
0.09999999999999998 0.39649999999999985
0.09999999999999998 0.40470000000000006
0.06000000000000005 0.3957000000000004
0.06000000000000005 0.38890000000000013
0.09999999999999998 0.36529999999999996
0.38 0.4301999999999991
0.4 0.4542999999999999
0.06000000000000005 0.44610000000000016
0.06000000000000005 0.4356999999999999
0.06000000000000005 0.4110999999999996
0.06000000000000005 0.41509999999999947
0.06000000000000005 0.3777999999999995
0.07999999999999996 0.4893999999999998
0.06000000000000005 0.49609999999999954
0.42000000000000004 0.6548999999999994
0.42000000000000004 0.716299999999999
0.4 0.6540999999999993
0.42000000000000004 0.7184999999999991
0.42000000000000004 0.6632999999999992
0.42000000000000004 0.6399999999999992
0.42000000000000004 0.6171999999999994
0.42000000000000004 0.6008999999999994
0.06000000000000005 0.48449999999999976
0.4 0.5710999999999998
0.4 0.5530999999999999
0.42000000000000004 0.6813999999999991
0.4 0.6345999999999993
0.4 0.4923000000000001
0.4 0.493
0.4 0.5071000000000008
0.4 0.5343000000000009
0.4 0.5022000000000003
0.4 0.46019999999999966
0.16000000000000003 0.4603000000000001
0.06000000000000005 0.4408999999999999
0.42000000000000004 0.4340999999999996
0.4 0.48839999999999956
0.4 0.4765999999999997
0.4 0.46109999999999984
0.4 0.4315999999999997
0.06000000000000005 0.4368999999999998
0.06000000000000005 0.42309999999999953
0.06000000000000005 0.4121999999999995
0.07999999999999996 0.4579999999999994
0.4 0.47519999999999923
0.4 0.4310999999999994
0.4 0.4719999999999995
0.4 0.43619999999999903
0.4 0.40669999999999973
0.4 0.40819999999999984
0.4 0.40690000000000004
0.4 0.4083
0.4 0.4033
0.4 0.4478999999999993
0.4 0.4199999999999997
0.4 0.40599999999999975
0.4 0.40449999999999986
0.4 0.46030000000000043
0.4 0.4383999999999995
0.4 0.42050000000000004
0.4 0.4184999999999998
0.4 0.40230000000000005
0.4 0.40240000000000015
0.4 0.40570000000000017
0.4 0.40240000000000026
0.4 0.4031000000000002
0.4 0.44970000000000004
0.4 0.40939999999999954
0.4 0.4071999999999999
0.4 0.40300000000000014
0.4 0.4031
0.4 0.40709999999999985
0.4 0.4046
0.4 0.40519999999999995
0.4 0.4048
0.4 0.4083
0.4 0.5196000000000004
0.4 0.5293000000000009
0.4 0.4882000000000005
0.4 0.47480000000000006
0.4 0.45839999999999975
0.4 0.4267999999999993
0.4 0.41729999999999934
0.4 0.4210999999999994
0.4 0.41529999999999895
0.4 0.41909999999999903
0.4 0.40929999999999955
0.4 0.4196999999999995
0.4 0.44600000000000045
0.4 0.44300000000000006
0.4 0.41969999999999935
0.4 0.40749999999999964
0.4 0.43529999999999963
0.4 0.43219999999999936
0.4 0.41819999999999935
0.4 0.40909999999999996
0.4 0.4034000000000003
0.4 0.40630000000000016
0.4 0.4042000000000001
0.4 0.40850000000000036
0.4 0.40480000000000016
0.4 0.4020000000000001
0.4 0.4054000000000002
0.4 0.4047
0.4 0.40959999999999996
0.4 0.43259999999999943
0.4 0.42279999999999957
0.4 0.42109999999999964
0.4 0.43749999999999944
0.4 0.43109999999999926
0.4 0.4489999999999997
0.4 0.4482999999999994
0.4 0.5214000000000004
0.4 0.47699999999999987
0.4 0.5214000000000002
0.4 0.5202000000000003
0.4 0.5227999999999999
0.4 0.5109999999999999
0.4 0.5053999999999996
0.4 0.5170999999999992
0.4 0.46479999999999966
0.4 0.4561999999999995
0.4 0.4269999999999996
0.4 0.42099999999999954
0.4 0.42409999999999953
0.4 0.4130999999999995
0.4 0.41259999999999974
0.4 0.40759999999999974
0.4 0.40549999999999975
0.4 0.41449999999999965
0.4 0.41869999999999974
0.4 0.4108999999999996
0.4 0.5591999999999993
0.4 0.5087999999999994
0.4 0.45549999999999935
0.4 0.5096999999999992
0.4 0.4665999999999996
0.4 0.4343999999999993
0.4 0.4289999999999995
0.4 0.41629999999999934
0.4 0.4189999999999994
0.4 0.40959999999999985
0.4 0.4419999999999992
0.4 0.4937999999999994
0.4 0.4477999999999991
0.4 0.4447999999999992
0.4 0.43119999999999936
0.4 0.42609999999999937
0.4 0.4368999999999992
0.4 0.4614999999999994
0.4 0.43909999999999916
0.4 0.44109999999999966
0.4 0.42509999999999926
0.4 0.4304999999999993
0.4 0.4463999999999996
0.4 0.4494999999999997
0.4 0.43839999999999946
0.4 0.4395999999999993
0.4 0.4227999999999993
0.4 0.42249999999999927
0.4 0.43239999999999895
0.4 0.42189999999999905
0.4 0.46609999999999985
0.4 0.4605
0.4 0.44399999999999973
0.4 0.4356999999999993
0.4 0.4292999999999995
0.4 0.4151999999999995
0.4 0.4227999999999993
0.4 0.41759999999999947
0.4 0.4088999999999999
0.54 0.48540000000000044
0.54 0.5042000000000002
0.54 0.5219
0.4 0.46329999999999955
0.4 0.4501999999999991
0.4 0.44109999999999966
0.4 0.4294999999999998
0.4 0.44849999999999923
0.4 0.4619999999999992
0.4 0.44269999999999937
0.4 0.4213999999999992
0.4 0.4371999999999994
0.4 0.42039999999999933
0.4 0.42049999999999954
0.4 0.4224999999999992
0.4 0.4339999999999997
0.4 0.42569999999999975
0.4 0.4314999999999995
0.4 0.43259999999999943
0.4 0.5107999999999996
0.4 0.4715999999999999
0.4 0.44379999999999925
0.4 0.42779999999999957
0.4 0.4154999999999999
0.4 0.4215999999999996
0.4 0.41869999999999974
0.4 0.4217999999999993
0.4 0.41929999999999945
0.4 0.4123999999999998
0.4 0.40190000000000015
0.4 0.4123999999999998
0.4 0.4154999999999999
0.4 0.4213999999999995
0.4 0.4356999999999997
0.4 0.43409999999999954
0.4 0.4127999999999997
0.4 0.4083
0.4 0.4144999999999996
0.4 0.41029999999999994
0.4 0.4196999999999998
0.4 0.4165999999999999
0.4 0.4154999999999997
0.4 0.5920999999999993
0.4 0.42539999999999956
0.4 0.5788999999999993
0.4 0.506099999999999
0.4 0.47099999999999953
0.52 0.5237000000000005
0.52 0.5081000000000006
0.52 0.5098000000000004
0.52 0.5098000000000008
0.52 0.5201000000000018
0.4 0.5231000000000006
0.52 0.5266
0.52 0.5318999999999995
0.43999999999999995 0.5288999999999995
0.43999999999999995 0.5261999999999993
0.43999999999999995 0.5261000000000007
0.5 0.527800000000001
0.5 0.5260000000000004
0.45999999999999996 0.5201
0.45999999999999996 0.5136999999999996
0.45999999999999996 0.5039999999999987
0.45999999999999996 0.49299999999999966
0.4 0.4846999999999991
0.4 0.4993999999999996
0.4 0.5232999999999999
0.4 0.4976000000000002
0.4 0.5110000000000003
0.4 0.4983999999999994
0.4 0.471099999999999
0.4 0.4738999999999994
0.4 0.4592999999999994
0.4 0.44250000000000045
0.4 0.47190000000000004
0.4 0.45959999999999945
0.4 0.4468000000000006
0.4 0.4708999999999991
0.4 0.4442000000000001
0.4 0.4590999999999999
0.4 0.4492999999999998
0.4 0.4641
0.4 0.44859999999999994
0.4 0.4448000000000005
0.4 0.44280000000000025
0.4 0.4440999999999999
0.4 0.4403999999999996
0.4 0.44629999999999953
0.4 0.4155999999999996
0.4 0.4176999999999995
0.4 0.4130999999999996
0.4 0.4072999999999999
0.4 0.40989999999999954
0.4 0.4166999999999993
0.4 0.4121999999999996
0.4 0.40549999999999964
0.4 0.4034
0.4 0.4249000000000001
0.4 0.44270000000000037
0.4 0.4329000000000005
0.4 0.4270000000000001
0.4 0.4149999999999991
0.4 0.42589999999999933
0.4 0.42249999999999927
0.4 0.4199999999999994
0.4 0.43019999999999925
0.4 0.42939999999999917
0.4 0.42199999999999926
0.4 0.424899999999999
0.4 0.4242999999999995
0.4 0.42599999999999943
0.4 0.4272999999999994
0.4 0.44049999999999917
0.4 0.43589999999999945
0.4 0.4247999999999996
0.4 0.46589999999999937
0.4 0.4377999999999993
0.4 0.42569999999999936
0.4 0.42189999999999955
0.4 0.4236999999999992
0.4 0.42159999999999953
0.4 0.4219999999999994
0.4 0.42489999999999933
0.4 0.43299999999999916
0.4 0.4224999999999995
0.4 0.48399999999999904
0.4 0.4228999999999995
0.4 0.4118999999999998
0.4 0.4204999999999999
0.4 0.4251999999999998
0.4 0.42349999999999965
0.4 0.5091999999999992
0.4 0.4852999999999993
0.4 0.4516999999999992
0.4 0.4450999999999992
0.4 0.4411999999999989
0.4 0.4350999999999988
0.4 0.42869999999999886
0.4 0.424199999999999
0.4 0.43119999999999903
0.4 0.4172999999999994
0.4 0.43389999999999906
0.4 0.43079999999999935
0.4 0.4353999999999993
0.4 0.42069999999999974
0.4 0.4322999999999994
0.4 0.4224999999999996
0.4 0.43529999999999924
0.4 0.4199999999999996
0.4 0.41839999999999955
0.4 0.4194999999999994
0.4 0.42149999999999954
0.4 0.4287999999999994
0.4 0.46599999999999897
0.4 0.5158999999999991
0.4 0.4771999999999991
0.4 0.432599999999999
0.4 0.42979999999999924
0.4 0.43039999999999934
0.4 0.4309999999999995
0.4 0.4148999999999996
0.4 0.5236999999999992
0.4 0.547199999999999
0.4 0.494899999999999
0.4 0.45099999999999896
0.4 0.4465999999999993
0.4 0.4404999999999989
0.4 0.43869999999999904
0.4 0.43259999999999926
0.4 0.41949999999999965
0.4 0.42069999999999974
0.4 0.4215999999999996
0.4 0.43319999999999936
0.4 0.4142999999999997
0.4 0.41549999999999976
0.4 0.43279999999999935
0.4 0.4214999999999997
0.4 0.4276999999999996
0.4 0.4111999999999999
0.4 0.4203999999999997
0.4 0.42399999999999965
0.4 0.41239999999999993
0.4 0.42619999999999963
0.4 0.4275999999999994
0.4 0.4164999999999997
0.4 0.41629999999999967
0.4 0.42449999999999954
0.4 0.4271999999999993
0.4 0.4247999999999994
0.4 0.43009999999999926
0.4 0.4279999999999994
0.4 0.4323999999999994
0.4 0.42559999999999953
0.4 0.4170999999999998
0.4 0.41569999999999957
0.4 0.4136999999999997
0.4 0.4236999999999994
0.4 0.42849999999999944
0.4 0.4220999999999997
0.4 0.41989999999999983
0.4 0.4278999999999996
0.4 0.42879999999999946
0.4 0.4273999999999995
0.4 0.42639999999999967
0.4 0.4334999999999995
0.4 0.4302999999999995
0.4 0.440999999999999
0.4 0.4222999999999994
0.4 0.4221999999999997
0.4 0.4398999999999993
