0.87 0.4080299999999987
0.9 0.4560099999999997
0.97 0.47886000000000056
0.97 0.49604999999999994
0.97 0.5249499999999998
0.97 0.5493400000000052
0.97 0.5701800000000031
0.97 0.5943700000000034
0.97 0.608340000000002
0.97 0.6225100000000026
0.97 0.6363200000000037
0.97 0.6408200000000028
0.97 0.6473100000000044
0.97 0.6489400000000038
0.97 0.6607800000000019
0.97 0.6677800000000026
0.97 0.6573700000000031
0.97 0.6677700000000028
0.97 0.6649200000000028
0.97 0.6684000000000029
0.97 0.6797800000000008
0.97 0.6833800000000004
0.97 0.6965899999999984
0.97 0.6953699999999995
0.97 0.6986499999999976
0.97 0.6975399999999983
0.97 0.7030899999999973
0.98 0.711609999999994
0.98 0.7126899999999934
0.98 0.7209399999999956
0.98 0.7231799999999957
0.98 0.730239999999993
0.98 0.7350799999999915
0.98 0.7304399999999934
0.98 0.734609999999993
0.98 0.740249999999992
0.98 0.7393399999999919
0.98 0.7458299999999916
0.98 0.7498899999999922
0.98 0.7563299999999971
0.98 0.7541999999999962
0.98 0.7564499999999955
0.98 0.7585799999999981
0.98 0.762309999999999
0.98 0.768159999999998
0.98 0.7818099999999949
0.98 0.7949099999999933
0.98 0.7880999999999955
0.98 0.7920199999999967
0.98 0.7987699999999959
0.98 0.7989399999999967
0.98 0.8058499999999954
0.98 0.8157599999999967
0.98 0.8334599999999955
0.98 0.826329999999997
0.98 0.8307499999999964
0.98 0.8349099999999958
0.98 0.8274999999999954
0.98 0.8327899999999965
0.98 0.8349399999999959
0.98 0.8463399999999985
0.98 0.8496799999999962
0.98 0.8488699999999954
0.98 0.8547299999999947
0.98 0.8545399999999952
0.98 0.8565199999999937
0.98 0.8485199999999947
0.98 0.8574699999999917
0.98 0.8588699999999914
0.98 0.8456799999999928
0.98 0.8402899999999941
0.98 0.8368499999999937
0.98 0.8567999999999886
0.98 0.8495799999999911
0.98 0.8508099999999923
0.98 0.8471999999999927
0.98 0.8459299999999924
0.98 0.8507799999999902
0.98 0.8496699999999895
0.98 0.8533699999999902
0.98 0.8678499999999962
0.98 0.8572399999999953
0.98 0.858849999999993
0.98 0.8527499999999922
0.98 0.8635299999999918
0.98 0.863759999999993
0.98 0.8594599999999922
0.98 0.8655399999999914
0.98 0.8702099999999943
0.98 0.871689999999991
0.98 0.8671399999999907
0.98 0.871679999999991
0.98 0.8659899999999905
0.98 0.8657599999999918
0.98 0.8675599999999907
0.98 0.8750799999999932
0.98 0.8679299999999934
0.98 0.8723599999999931
0.98 0.8667199999999933
0.98 0.8615299999999905
