0.38 0.6283000000000021
0.4 0.5966000000000015
0.4 0.6286000000000019
0.09999999999999998 0.5903000000000017
0.38 0.6239000000000019
0.38 0.5981000000000012
0.21999999999999997 0.6130000000000013
0.38 0.6153000000000014
0.31999999999999995 0.6395000000000018
0.28 0.6232000000000021
0.42000000000000004 0.5960000000000014
0.4 0.6191000000000018
0.38 0.6336000000000016
0.43999999999999995 0.6176000000000016
0.38 0.5782000000000012
0.28 0.5651000000000007
0.4 0.5832000000000015
0.38 0.6254000000000017
0.38 0.5694000000000013
0.38 0.5934000000000013
0.38 0.5795000000000012
0.21999999999999997 0.5986000000000009
0.21999999999999997 0.5605000000000017
0.21999999999999997 0.5781000000000013
0.21999999999999997 0.5349000000000013
0.38 0.5214000000000011
0.4 0.5490000000000014
0.30000000000000004 0.6121000000000023
0.31999999999999995 0.5842000000000018
0.38 0.5930000000000014
0.38 0.5879000000000013
0.38 0.5794000000000011
0.38 0.574200000000001
0.42000000000000004 0.6560000000000017
0.38 0.6314000000000013
0.38 0.6131000000000011
0.38 0.6265000000000014
0.4 0.6210000000000013
0.4 0.590300000000001
0.4 0.582600000000001
0.4 0.5526000000000011
0.38 0.5700000000000013
0.26 0.5530000000000012
0.38 0.6095000000000009
0.38 0.5957000000000009
0.4 0.5518000000000011
0.28 0.6105000000000004
0.28 0.5753000000000004
0.28 0.591200000000001
0.28 0.6531000000000011
0.28 0.6383000000000011
0.28 0.6186000000000008
0.28 0.5993000000000004
0.28 0.5712000000000007
0.28 0.550900000000001
0.19999999999999996 0.5165000000000004
0.26 0.47910000000000025
0.31999999999999995 0.5529000000000007
0.38 0.4971000000000004
0.28 0.4968000000000005
0.28 0.5051000000000001
0.43999999999999995 0.538400000000001
0.38 0.48030000000000056
0.38 0.6536000000000018
0.31999999999999995 0.6529000000000019
0.31999999999999995 0.6519000000000019
0.31999999999999995 0.5141000000000008
0.31999999999999995 0.4886000000000009
0.38 0.4522000000000003
0.38 0.3976000000000008
0.09999999999999998 0.37490000000000046
0.42000000000000004 0.3853000000000007
0.38 0.3737000000000006
0.38 0.36590000000000045
0.38 0.35710000000000036
0.31999999999999995 0.6255000000000019
0.31999999999999995 0.41450000000000087
0.38 0.38820000000000066
0.31999999999999995 0.3828000000000008
0.4 0.35890000000000055
0.4 0.3490000000000005
0.4 0.35340000000000044
0.4 0.3561000000000006
0.4 0.3492000000000005
0.4 0.3398000000000004
0.4 0.3544000000000005
0.31999999999999995 0.3659000000000006
0.31999999999999995 0.37370000000000053
0.31999999999999995 0.3660000000000006
0.31999999999999995 0.34680000000000044
0.62 0.6200000000000017
0.62 0.6200000000000017
0.62 0.6200000000000017
0.43999999999999995 0.6119000000000014
0.48 0.6184000000000015
0.48 0.6137000000000016
0.18000000000000005 0.45740000000000053
0.31999999999999995 0.43780000000000063
0.31999999999999995 0.40440000000000054
0.31999999999999995 0.3824000000000005
0.31999999999999995 0.3655000000000004
0.31999999999999995 0.3511000000000004
0.62 0.6202000000000016
0.4 0.36700000000000044
0.4 0.4412000000000005
0.42000000000000004 0.3779000000000005
0.42000000000000004 0.34570000000000045
0.31999999999999995 0.34220000000000056
0.31999999999999995 0.33950000000000047
0.31999999999999995 0.3332000000000005
0.31999999999999995 0.35610000000000036
0.31999999999999995 0.3574000000000005
0.4 0.3513000000000006
0.4 0.34160000000000046
0.4 0.4014000000000006
0.4 0.39070000000000077
0.4 0.4378000000000009
0.4 0.3867000000000006
0.4 0.38510000000000033
0.4 0.3690000000000003
0.4 0.3781000000000001
0.4 0.3951000000000002
0.4 0.38880000000000053
0.4 0.38550000000000023
0.4 0.39930000000000043
0.33999999999999997 0.3480000000000007
0.4 0.36890000000000056
0.33999999999999997 0.33890000000000087
0.33999999999999997 0.34500000000000086
0.48 0.6940000000000017
0.31999999999999995 0.6877000000000016
0.42000000000000004 0.36340000000000083
0.38 0.4062000000000008
0.26 0.3505000000000009
0.33999999999999997 0.3497000000000007
0.4 0.38960000000000056
0.4 0.39470000000000033
0.33999999999999997 0.36400000000000093
0.33999999999999997 0.3629000000000009
0.33999999999999997 0.3476000000000009
0.62 0.6200000000000017
0.33999999999999997 0.3701000000000008
0.62 0.6204000000000016
0.62 0.6200000000000017
0.62 0.6200000000000017
0.62 0.6200000000000017
0.62 0.6200000000000017
0.62 0.6200000000000017
0.45999999999999996 0.6227000000000017
0.54 0.6157000000000017
0.48 0.6141000000000015
0.62 0.6200000000000017
0.62 0.6200000000000017
0.62 0.6200000000000017
0.56 0.6307000000000023
0.62 0.6200000000000017
0.62 0.6200000000000017
0.54 0.6181000000000016
0.54 0.6177000000000016
0.5 0.6113000000000017
0.54 0.616300000000002
0.5 0.6135000000000022
0.5 0.5990000000000011
0.5 0.583200000000001
0.45999999999999996 0.6084000000000014
0.45999999999999996 0.5726000000000002
0.45999999999999996 0.6003000000000014
0.62 0.6200000000000017
0.54 0.6165000000000016
0.62 0.6200000000000017
0.43999999999999995 0.6014000000000014
0.45999999999999996 0.5795000000000015
0.43999999999999995 0.5817000000000015
0.43999999999999995 0.6114000000000016
0.5 0.5805000000000016
0.5 0.5732000000000008
0.5 0.5569000000000002
0.5 0.5454999999999999
0.5 0.5282000000000004
0.5 0.513800000000001
0.5 0.5080000000000013
0.43999999999999995 0.49210000000000137
0.5 0.49430000000000157
0.5 0.49240000000000106
0.5 0.4967000000000011
0.5 0.49010000000000026
0.5 0.48559999999999964
0.5 0.4810999999999995
0.5 0.4830999999999998
0.5 0.5430000000000015
0.5 0.5196000000000016
0.62 0.6209000000000016
0.62 0.6200000000000017
0.5 0.5151000000000009
0.5 0.49589999999999984
0.5 0.4947999999999999
0.5 0.4932000000000001
0.62 0.6200000000000017
0.62 0.6200000000000017
0.62 0.6200000000000017
0.62 0.6202000000000016
0.62 0.6204000000000016
0.62 0.6202000000000016
0.5 0.5130000000000012
0.5 0.508000000000001
0.5 0.5159000000000012
0.5 0.4896000000000001
0.5 0.47599999999999926
0.5 0.5326000000000023
0.5 0.5096000000000016
0.42000000000000004 0.49220000000000064
0.38 0.47710000000000014
0.52 0.5148000000000018
0.52 0.49830000000000113
0.52 0.4743999999999997
0.45999999999999996 0.49410000000000037
0.45999999999999996 0.657500000000003
0.42000000000000004 0.657700000000003
0.42000000000000004 0.6115000000000027
0.42000000000000004 0.5931000000000026
0.42000000000000004 0.5638000000000027
0.38 0.4979000000000005
0.42000000000000004 0.4940000000000001
0.45999999999999996 0.4905000000000004
0.45999999999999996 0.4842999999999998
0.45999999999999996 0.4812999999999999
0.45999999999999996 0.47949999999999954
0.45999999999999996 0.4816999999999996
0.42000000000000004 0.5052000000000013
0.42000000000000004 0.4649999999999998
0.38 0.45770000000000016
0.43999999999999995 0.5584000000000012
0.43999999999999995 0.5345000000000016
0.36 0.45800000000000035
0.62 0.6200000000000017
0.52 0.6492000000000006
0.43999999999999995 0.6402000000000012
0.38 0.6291000000000012
0.62 0.6200000000000017
0.38 0.5381000000000016
0.33999999999999997 0.5137000000000012
0.33999999999999997 0.5105000000000015
0.33999999999999997 0.4865000000000007
0.33999999999999997 0.48470000000000085
0.33999999999999997 0.4465000000000002
0.33999999999999997 0.4371
0.33999999999999997 0.41650000000000026
0.33999999999999997 0.40040000000000064
0.33999999999999997 0.3996000000000006
0.33999999999999997 0.40050000000000074
0.33999999999999997 0.39520000000000116
0.38 0.5374000000000011
0.38 0.5354000000000013
0.38 0.44610000000000005
0.38 0.4682000000000002
0.38 0.4451000000000004
0.38 0.42830000000000035
0.38 0.4086000000000003
0.38 0.4006000000000008
0.38 0.4016000000000006
0.38 0.3965000000000009
0.38 0.39030000000000054
0.38 0.38870000000000055
0.38 0.38780000000000053
0.38 0.3904000000000006
0.38 0.3879000000000004
0.38 0.38290000000000046
0.38 0.38770000000000054
0.38 0.39160000000000067
0.38 0.3862000000000005
0.38 0.3865000000000004
0.38 0.39490000000000053
0.38 0.39660000000000084
0.38 0.3922000000000006
0.38 0.39200000000000046
0.38 0.3842000000000006
0.38 0.37730000000000025
0.38 0.3806000000000003
0.38 0.3795000000000004
0.38 0.38590000000000046
0.38 0.3794000000000002
0.38 0.3729
0.38 0.3732000000000001
0.38 0.41120000000000084
0.38 0.3945000000000005
0.38 0.47010000000000096
0.38 0.4889000000000017
0.38 0.549500000000002
0.38 0.6120000000000025
0.38 0.641100000000003
0.36 0.6610000000000033
0.38 0.6637000000000033
0.36 0.6226000000000026
0.36 0.5842000000000023
0.36 0.5163000000000021
0.36 0.5057000000000017
0.36 0.4467000000000014
0.36 0.4136000000000008
0.36 0.3815000000000001
0.36 0.4581000000000017
0.36 0.4096000000000008
0.38 0.5697000000000023
0.38 0.583700000000001
0.38 0.5591000000000012
0.38 0.5398000000000011
0.38 0.4130000000000002
0.38 0.3922000000000002
0.38 0.4818999999999999
0.38 0.38490000000000035
0.38 0.3904000000000004
0.38 0.3751000000000002
0.38 0.3701000000000002
0.38 0.3733000000000001
0.38 0.3865000000000005
0.38 0.4198000000000015
0.38 0.41050000000000053
0.38 0.4747000000000014
0.38 0.6765000000000033
0.38 0.4763000000000016
0.36 0.6518000000000032
0.38 0.6770000000000035
0.6799999999999999 0.6822000000000031
0.6799999999999999 0.6800000000000034
0.6799999999999999 0.6801000000000034
0.6799999999999999 0.6800000000000034
0.38 0.5594000000000023
0.6799999999999999 0.684500000000003
0.38 0.6007000000000019
0.38 0.5573000000000025
0.38 0.48720000000000196
0.6799999999999999 0.6801000000000035
0.38 0.5689000000000025
0.38 0.47300000000000053
0.38 0.4371000000000004
0.38 0.3959000000000007
0.38 0.4102000000000011
0.38 0.38860000000000033
0.6799999999999999 0.6801000000000034
0.38 0.38740000000000036
0.56 0.6776000000000034
0.56 0.6734000000000034
0.56 0.6720000000000035
0.6 0.6694000000000032
0.6 0.6707000000000032
0.5 0.6707000000000033
0.5 0.6594000000000032
0.5 0.6559000000000033
0.5 0.649900000000003
0.5 0.6352000000000029
0.5 0.6299000000000025
0.5 0.6163000000000022
0.5 0.6400000000000017
0.54 0.6144000000000012
0.54 0.598600000000001
0.54 0.633900000000002
0.52 0.5890000000000013
0.52 0.5857000000000018
0.52 0.5751000000000012
0.52 0.5838000000000019
0.4 0.5605000000000006
0.4 0.548400000000001
0.4 0.5387000000000017
0.4 0.534800000000001
0.4 0.5238000000000007
0.52 0.5346000000000015
0.4 0.5246000000000014
0.45999999999999996 0.5355000000000016
0.45999999999999996 0.5369000000000014
0.42000000000000004 0.576200000000001
0.43999999999999995 0.5562999999999997
0.4 0.5358999999999999
0.4 0.5267000000000001
0.4 0.5292000000000009
0.4 0.5208000000000006
0.4 0.504300000000001
0.4 0.4875000000000002
0.4 0.4834000000000004
0.4 0.47129999999999994
0.4 0.4491999999999991
0.4 0.44169999999999887
0.4 0.43539999999999884
0.4 0.42849999999999894
0.4 0.41509999999999847
0.4 0.4190999999999992
0.4 0.41539999999999955
0.4 0.4002000000000002
0.4 0.4446000000000004
0.4 0.4492999999999998
0.4 0.466
0.4 0.40819999999999984
0.4 0.4160999999999993
0.4 0.48790000000000056
0.26 0.4648999999999999
0.26 0.44989999999999947
0.26 0.4024999999999991
0.26 0.4887999999999999
0.26 0.47490000000000004
0.26 0.4706000000000005
0.38 0.41089999999999954
0.38 0.4190999999999992
0.38 0.48529999999999995
0.38 0.5333000000000009
0.38 0.5085000000000005
0.38 0.4715000000000005
0.38 0.43290000000000106
0.38 0.42140000000000105
0.38 0.41240000000000065
0.38 0.3978
0.38 0.3993000000000004
0.38 0.4020000000000007
0.38 0.40290000000000087
0.38 0.39640000000000064
0.38 0.39500000000000063
0.38 0.39770000000000066
0.38 0.38980000000000053
0.38 0.3914000000000004
0.38 0.3834000000000004
0.38 0.41290000000000093
0.38 0.39370000000000055
0.38 0.4578000000000012
0.38 0.6330000000000021
0.4 0.5994000000000015
0.4 0.4359000000000013
0.4 0.4135000000000006
0.4 0.4218000000000006
0.38 0.45010000000000105
0.38 0.47730000000000067
0.38 0.4102000000000001
0.38 0.4003000000000009
0.38 0.39350000000000074
0.38 0.3865000000000006
0.38 0.3823000000000003
0.38 0.4064000000000001
0.38 0.48039999999999966
0.38 0.4359999999999997
0.38 0.41480000000000034
0.38 0.4650000000000003
0.38 0.4429000000000006
0.38 0.42200000000000065
0.38 0.4027000000000009
0.38 0.3982000000000005
0.38 0.3887000000000007
0.38 0.39230000000000076
0.38 0.3873000000000005
0.38 0.38270000000000054
0.38 0.38750000000000034
0.38 0.3872000000000003
0.38 0.38980000000000053
0.38 0.3855000000000004
0.38 0.39690000000000075
0.38 0.3888000000000006
0.38 0.3942000000000005
0.38 0.3889000000000005
0.38 0.38720000000000065
0.38 0.3846000000000004
0.38 0.39440000000000075
0.38 0.3906000000000005
0.38 0.3954000000000005
0.38 0.3906000000000006
0.38 0.3842000000000004
0.38 0.3879000000000004
0.38 0.40030000000000043
0.38 0.39900000000000063
0.38 0.4032000000000007
0.38 0.39120000000000027
0.38 0.4102000000000005
0.38 0.40060000000000046
0.38 0.3876000000000005
0.38 0.38410000000000055
0.38 0.43390000000000123
0.38 0.41460000000000075
0.38 0.46580000000000055
0.38 0.4304000000000007
0.38 0.4093000000000007
0.38 0.39760000000000056
0.6599999999999999 0.6944000000000016
0.38 0.6707000000000017
0.38 0.617500000000001
0.38 0.5319
0.38 0.47839999999999994
0.38 0.4395000000000006
0.38 0.42350000000000065
0.38 0.6762000000000021
0.38 0.6780000000000022
0.38 0.656300000000002
0.38 0.633400000000002
0.38 0.584900000000002
0.38 0.5573000000000011
0.38 0.48890000000000094
0.38 0.46370000000000106
0.38 0.4291000000000013
0.38 0.44020000000000153
0.38 0.624400000000002
0.38 0.5558000000000011
0.38 0.4833000000000008
0.38 0.49500000000000066
0.38 0.4533000000000004
0.38 0.5204000000000012
0.38 0.5145000000000011
0.38 0.4454000000000002
