0.93 0.40427999999999725
0.93 0.4449699999999985
0.93 0.48733000000000076
0.94 0.5193000000000019
0.96 0.5325100000000039
0.96 0.5549400000000049
0.96 0.5803400000000021
0.96 0.604320000000003
0.96 0.6175800000000033
0.96 0.629570000000005
0.96 0.6362700000000042
0.96 0.6365200000000056
0.96 0.6421900000000056
0.96 0.6685900000000035
0.96 0.6797000000000015
0.96 0.6798600000000016
0.96 0.6754200000000014
0.96 0.6755700000000006
0.96 0.677859999999999
0.97 0.6941799999999969
0.97 0.7028199999999953
0.97 0.7082299999999955
0.97 0.7131099999999951
0.97 0.7146899999999949
0.97 0.7278599999999917
0.97 0.745009999999988
0.98 0.7479599999999883
0.98 0.7499399999999884
0.98 0.7667999999999868
0.98 0.781239999999991
0.98 0.7910599999999932
0.98 0.8003199999999939
0.98 0.8164999999999977
0.98 0.8188699999999973
0.98 0.8241799999999977
0.98 0.8363899999999972
0.98 0.841639999999998
0.98 0.8338899999999986
0.98 0.840849999999996
0.98 0.8631299999999924
0.98 0.8629499999999909
0.98 0.8741499999999941
0.98 0.8722899999999928
0.98 0.8756299999999931
0.98 0.8870699999999946
0.98 0.8840699999999979
0.98 0.8711999999999979
0.98 0.8692699999999971
0.98 0.87964
0.98 0.8915000000000007
0.98 0.8906900000000045
0.98 0.8925300000000084
0.98 0.9046900000000112
0.98 0.8881900000000107
0.98 0.8903700000000093
0.98 0.8983000000000105
0.98 0.9017200000000092
0.98 0.886910000000008
0.98 0.8924800000000084
0.98 0.8835500000000074
0.98 0.8840000000000069
0.98 0.881830000000006
0.98 0.8939900000000068
0.98 0.8830100000000055
0.98 0.8847400000000053
0.98 0.8803900000000069
0.98 0.8819500000000062
0.98 0.8911400000000063
0.98 0.8873800000000068
0.98 0.886860000000006
0.98 0.886910000000006
0.98 0.8883400000000067
0.98 0.8902700000000069
0.98 0.8806800000000055
0.98 0.8789000000000069
0.98 0.887540000000008
0.98 0.8889900000000059
0.98 0.8817700000000062
0.98 0.8894900000000067
0.98 0.8787300000000063
0.98 0.870410000000003
0.98 0.867880000000003
0.98 0.8675900000000064
0.98 0.8649200000000035
0.98 0.877530000000004
0.98 0.8869800000000055
0.98 0.8937600000000073
0.98 0.8956000000000095
0.98 0.8942900000000077
0.98 0.8887100000000068
0.98 0.884070000000007
0.98 0.878020000000006
0.98 0.8791200000000049
0.98 0.8770600000000018
0.98 0.8912700000000058
0.99 0.8882200000000059
0.99 0.8789700000000062
0.99 0.8729300000000024
0.99 0.8723800000000016
0.99 0.8829600000000067
