0.14 0.6034200000000017
0.06000000000000005 0.5613600000000015
0.06000000000000005 0.5322800000000006
0.06000000000000005 0.5059200000000014
0.06000000000000005 0.46820000000000167
0.06000000000000005 0.4418600000000015
0.09999999999999998 0.42446000000000045
0.09999999999999998 0.4208000000000012
0.06000000000000005 0.4062400000000002
0.06000000000000005 0.39322000000000046
0.06000000000000005 0.3907200000000002
0.06000000000000005 0.37569999999999953
0.06000000000000005 0.36553999999999937
0.06000000000000005 0.3583799999999988
0.06000000000000005 0.3483199999999985
0.07999999999999996 0.3383999999999987
0.07999999999999996 0.3320799999999983
0.07999999999999996 0.3291799999999988
0.07999999999999996 0.33337999999999907
0.07999999999999996 0.32467999999999875
0.07999999999999996 0.3151199999999985
0.07999999999999996 0.31925999999999843
0.07999999999999996 0.30561999999999856
0.07999999999999996 0.3093199999999987
0.07999999999999996 0.30277999999999866
0.07999999999999996 0.29809999999999903
0.07999999999999996 0.28309999999999874
0.07999999999999996 0.2760799999999988
0.07999999999999996 0.27295999999999876
0.07999999999999996 0.2619799999999988
0.07999999999999996 0.24491999999999917
0.07999999999999996 0.23727999999999919
0.07999999999999996 0.22413999999999928
0.07999999999999996 0.21777999999999936
0.07999999999999996 0.1998199999999996
0.07999999999999996 0.18239999999999978
0.07999999999999996 0.17919999999999972
0.07999999999999996 0.1728199999999999
0.07999999999999996 0.16339999999999993
0.07999999999999996 0.16453999999999996
0.07999999999999996 0.16075999999999988
0.07999999999999996 0.16323999999999975
0.07999999999999996 0.14577999999999944
0.07999999999999996 0.15669999999999953
0.07999999999999996 0.14457999999999932
0.07999999999999996 0.14221999999999926
0.07999999999999996 0.15081999999999923
0.07999999999999996 0.13427999999999943
0.07999999999999996 0.13315999999999956
0.07999999999999996 0.13347999999999932
0.07999999999999996 0.1375599999999993
0.07999999999999996 0.13975999999999933
0.07999999999999996 0.14391999999999938
0.07999999999999996 0.14301999999999943
0.07999999999999996 0.13899999999999932
0.07999999999999996 0.15649999999999925
0.07999999999999996 0.14861999999999942
0.07999999999999996 0.1495199999999995
0.07999999999999996 0.1427199999999994
0.07999999999999996 0.13561999999999946
0.07999999999999996 0.13509999999999947
0.07999999999999996 0.13975999999999938
0.07999999999999996 0.13881999999999947
0.07999999999999996 0.1334599999999996
0.07999999999999996 0.13583999999999954
0.07999999999999996 0.12761999999999973
0.07999999999999996 0.1303199999999997
0.07999999999999996 0.1367399999999996
0.07999999999999996 0.14199999999999938
0.07999999999999996 0.13793999999999942
0.07999999999999996 0.14131999999999958
0.07999999999999996 0.13549999999999965
0.07999999999999996 0.13245999999999977
0.07999999999999996 0.1348599999999996
0.07999999999999996 0.1270599999999997
0.07999999999999996 0.13709999999999944
0.07999999999999996 0.1379399999999994
0.07999999999999996 0.13561999999999938
0.07999999999999996 0.1306399999999996
0.07999999999999996 0.13421999999999956
0.07999999999999996 0.14183999999999924
0.07999999999999996 0.1338399999999994
0.07999999999999996 0.13431999999999938
0.07999999999999996 0.13955999999999943
0.07999999999999996 0.1367199999999995
0.07999999999999996 0.13977999999999952
0.07999999999999996 0.13461999999999955
0.07999999999999996 0.12477999999999972
0.07999999999999996 0.12473999999999973
0.07999999999999996 0.1248999999999998
0.07999999999999996 0.12785999999999975
0.07999999999999996 0.14383999999999952
0.07999999999999996 0.13803999999999952
0.07999999999999996 0.13177999999999965
0.07999999999999996 0.13097999999999957
0.07999999999999996 0.13665999999999937
0.07999999999999996 0.13381999999999955
0.07999999999999996 0.13395999999999947
0.07999999999999996 0.1356599999999996
0.07999999999999996 0.13761999999999958
