0.84 0.4230800000000005
0.89 0.4665800000000006
0.89 0.5057700000000013
0.92 0.5322300000000015
0.94 0.5653100000000005
0.97 0.5958000000000011
0.97 0.6177000000000012
0.97 0.6352999999999986
0.97 0.6546500000000018
0.97 0.680050000000003
0.97 0.6869300000000021
0.97 0.6939400000000014
0.98 0.7062600000000039
0.98 0.722290000000004
0.98 0.7375700000000044
0.98 0.7450600000000024
0.98 0.7526700000000012
0.98 0.7575400000000014
0.98 0.7718700000000006
0.98 0.7742300000000003
0.98 0.7761200000000005
0.98 0.7846300000000006
0.98 0.7953800000000001
0.98 0.78232
0.98 0.7940600000000004
0.98 0.7992900000000002
0.98 0.8053299999999991
0.98 0.8051000000000001
0.98 0.8058200000000005
0.98 0.8076500000000003
0.98 0.8128199999999993
0.98 0.8028800000000007
0.98 0.8148499999999983
0.98 0.8122999999999977
0.98 0.8084799999999995
0.98 0.8124399999999996
0.98 0.8101099999999984
0.98 0.8065399999999997
0.98 0.8092599999999968
0.98 0.8176799999999987
0.98 0.8290800000000002
0.98 0.8318500000000011
0.98 0.8215299999999994
0.98 0.8164199999999983
0.98 0.8248399999999974
0.98 0.82092
0.98 0.8132899999999984
0.98 0.8261900000000019
0.98 0.8281500000000004
0.98 0.827520000000002
0.98 0.8359399999999998
0.98 0.8374800000000011
0.98 0.8327500000000019
0.98 0.8305900000000019
0.98 0.8417200000000019
0.99 0.8442400000000001
0.99 0.8396200000000015
0.99 0.8544600000000004
0.99 0.8642699999999974
0.99 0.859529999999999
0.99 0.8625999999999974
0.99 0.85087
0.99 0.8579299999999976
0.99 0.8613899999999989
0.99 0.867349999999997
0.99 0.8655699999999985
0.99 0.8704599999999961
0.99 0.8747299999999951
0.99 0.8728299999999972
0.99 0.877089999999998
0.99 0.8602599999999957
0.99 0.8634999999999987
0.99 0.8726599999999963
0.99 0.8690299999999999
0.99 0.8758199999999977
0.99 0.8798200000000005
0.99 0.8808099999999975
0.99 0.8728799999999967
0.99 0.8647699999999983
0.99 0.8750399999999979
0.99 0.8748300000000008
0.99 0.8769600000000004
0.99 0.8858900000000002
0.99 0.8828400000000025
0.99 0.8852100000000035
0.99 0.8862800000000032
0.99 0.8897000000000062
0.99 0.887050000000003
0.99 0.8836600000000029
0.99 0.8845100000000037
0.99 0.8790800000000045
0.99 0.8882400000000045
0.99 0.8854100000000036
0.99 0.8860400000000053
0.99 0.8821600000000036
0.99 0.8752099999999995
0.99 0.8844000000000047
0.99 0.8833000000000057
0.99 0.8954200000000075
0.99 0.882520000000007
