0.09999999999999998 0.6365599999999947
0.09999999999999998 0.6165399999999944
0.09999999999999998 0.5953399999999945
0.07999999999999996 0.5561599999999962
0.07999999999999996 0.5397199999999973
0.07999999999999996 0.5072799999999977
0.07999999999999996 0.49569999999999775
0.07999999999999996 0.4771399999999987
0.07999999999999996 0.44682000000000016
0.07999999999999996 0.4205200000000016
0.07999999999999996 0.42610000000000087
0.07999999999999996 0.40377999999999986
0.07999999999999996 0.38364000000000015
0.07999999999999996 0.3769400000000001
0.07999999999999996 0.3667199999999999
0.07999999999999996 0.36181999999999903
0.07999999999999996 0.36235999999999846
0.07999999999999996 0.3515799999999985
0.07999999999999996 0.32019999999999915
0.07999999999999996 0.3291799999999989
0.07999999999999996 0.3231599999999989
0.07999999999999996 0.31801999999999914
0.07999999999999996 0.29869999999999897
0.07999999999999996 0.2949999999999994
0.07999999999999996 0.2901999999999994
0.07999999999999996 0.2822599999999993
0.07999999999999996 0.2709199999999996
0.07999999999999996 0.2628799999999996
0.07999999999999996 0.2552599999999997
0.07999999999999996 0.2670999999999997
0.07999999999999996 0.24895999999999996
0.07999999999999996 0.2463000000000002
0.07999999999999996 0.24912000000000017
0.07999999999999996 0.2348799999999999
0.07999999999999996 0.2347599999999998
0.07999999999999996 0.23361999999999958
0.07999999999999996 0.2415399999999999
0.07999999999999996 0.23132000000000022
0.07999999999999996 0.22783999999999996
0.07999999999999996 0.22317999999999996
0.07999999999999996 0.22512000000000015
0.07999999999999996 0.23493999999999995
0.07999999999999996 0.23046000000000028
0.07999999999999996 0.24034000000000083
0.07999999999999996 0.2246000000000007
0.07999999999999996 0.2233600000000007
0.07999999999999996 0.21784000000000028
0.07999999999999996 0.22264000000000034
0.07999999999999996 0.2162400000000001
0.07999999999999996 0.22434000000000004
0.07999999999999996 0.23241999999999988
0.07999999999999996 0.23209999999999992
0.07999999999999996 0.23512000000000002
0.07999999999999996 0.2464399999999998
0.07999999999999996 0.24508000000000044
0.07999999999999996 0.23076000000000013
0.07999999999999996 0.22403999999999977
0.07999999999999996 0.22767999999999985
0.07999999999999996 0.23114000000000037
0.07999999999999996 0.23011999999999994
0.07999999999999996 0.21536000000000038
0.07999999999999996 0.21258000000000035
0.07999999999999996 0.21624000000000032
0.07999999999999996 0.20462000000000022
0.07999999999999996 0.2141799999999999
0.07999999999999996 0.19639999999999988
0.07999999999999996 0.1974199999999999
0.07999999999999996 0.20221999999999987
0.07999999999999996 0.20400000000000007
0.07999999999999996 0.20506000000000005
0.07999999999999996 0.2199600000000001
0.07999999999999996 0.22406000000000026
0.07999999999999996 0.2167200000000003
0.07999999999999996 0.21154000000000048
0.07999999999999996 0.2166000000000006
0.07999999999999996 0.20457999999999993
0.07999999999999996 0.20044000000000028
0.07999999999999996 0.20114000000000024
0.07999999999999996 0.20767999999999998
0.07999999999999996 0.2094200000000002
0.07999999999999996 0.20859999999999992
0.07999999999999996 0.21177999999999972
0.07999999999999996 0.2112000000000001
0.07999999999999996 0.21000000000000021
0.07999999999999996 0.2122600000000001
0.07999999999999996 0.2099200000000005
0.07999999999999996 0.21844000000000025
0.07999999999999996 0.21802000000000005
0.07999999999999996 0.21850000000000014
0.07999999999999996 0.21014000000000002
0.07999999999999996 0.21100000000000027
0.07999999999999996 0.1987599999999997
0.07999999999999996 0.2008999999999998
0.07999999999999996 0.21518000000000007
0.07999999999999996 0.21870000000000017
0.07999999999999996 0.22805999999999968
0.07999999999999996 0.21531999999999993
0.07999999999999996 0.20853999999999995
0.07999999999999996 0.20990000000000003
0.07999999999999996 0.21156000000000014
