0.75 0.3773500000000001
0.83 0.42255000000000004
0.77 0.4147
0.84 0.4376499999999996
0.84 0.43389999999999995
0.67 0.44604999999999984
0.75 0.4558
0.78 0.45455000000000034
0.92 0.4745999999999999
0.83 0.5190500000000001
0.79 0.44514999999999977
0.79 0.4423499999999997
0.66 0.4324
0.82 0.4241
0.84 0.46325000000000016
0.83 0.48260000000000025
0.76 0.43280000000000013
0.94 0.4572999999999999
0.94 0.47000000000000014
0.94 0.4746499999999997
0.67 0.42545000000000033
0.74 0.3972000000000001
0.88 0.46129999999999993
0.88 0.47230000000000044
0.75 0.461
0.94 0.5147000000000009
0.92 0.5207500000000003
0.94 0.41455
0.84 0.4536000000000002
0.84 0.48725000000000046
0.87 0.5271000000000003
0.81 0.5412999999999999
0.86 0.5254500000000003
0.76 0.4368000000000001
0.66 0.4228000000000003
0.91 0.5441499999999998
0.66 0.42125000000000035
0.67 0.4105500000000004
0.67 0.43950000000000017
0.72 0.43555000000000044
0.67 0.43925000000000025
0.67 0.4518499999999998
0.71 0.48265000000000025
0.71 0.4411500000000001
0.71 0.4713500000000005
0.71 0.5053000000000001
0.71 0.5529499999999998
0.71 0.5401499999999997
0.72 0.604250000000001
0.73 0.6359000000000008
0.68 0.5476000000000003
0.65 0.46670000000000017
0.86 0.4802499999999999
0.94 0.5588499999999992
0.94 0.5768999999999996
0.94 0.6047
0.76 0.5304000000000001
0.76 0.5799999999999997
0.76 0.5615499999999997
0.76 0.5984000000000002
0.76 0.6264500000000003
0.76 0.6446000000000002
0.76 0.6725000000000004
0.76 0.5384499999999997
0.93 0.443599999999999
0.88 0.41469999999999907
0.9 0.4256499999999989
0.94 0.6645500000000009
0.94 0.5391000000000001
0.93 0.44414999999999893
0.89 0.4022999999999991
0.94 0.4052999999999992
0.94 0.5055
0.94 0.6007499999999998
0.94 0.6466500000000004
0.94 0.6862000000000001
0.94 0.7543000000000006
0.95 0.7883999999999997
0.95 0.8234000000000005
0.95 0.6520500000000002
0.83 0.4725499999999996
0.83 0.5100000000000006
0.76 0.4489999999999999
0.83 0.527
0.83 0.5349000000000005
0.86 0.5087999999999995
0.83 0.52805
0.83 0.5131499999999999
0.37 0.3306499999999988
0.42 0.33444999999999875
0.68 0.3817999999999995
0.69 0.4202999999999995
0.63 0.38639999999999897
0.63 0.4418499999999993
0.7 0.3814499999999992
0.7 0.4777999999999998
0.65 0.4857499999999995
0.67 0.4965499999999996
0.67 0.525600000000001
0.67 0.5382500000000008
0.67 0.5817
0.67 0.5917999999999984
0.67 0.6145499999999993
0.68 0.6325499999999996
0.67 0.6263499999999995
0.67 0.5422000000000002
0.67 0.645700000000001
0.67 0.6142500000000009
0.67 0.6377500000000008
0.67 0.6358000000000008
0.67 0.6449500000000009
0.67 0.6160500000000007
0.67 0.5770500000000004
0.67 0.4816999999999998
0.67 0.49000000000000016
0.67 0.49129999999999996
0.65 0.3024499999999992
0.67 0.3870499999999994
0.63 0.33174999999999905
0.52 0.3491999999999989
0.65 0.38724999999999915
0.52 0.3915499999999989
0.69 0.4071499999999989
0.69 0.47590000000000127
0.66 0.5003500000000005
0.93 0.5610499999999993
0.94 0.6154499999999993
0.87 0.5677499999999993
0.91 0.5827499999999994
0.91 0.5628999999999994
0.95 0.6394499999999992
0.74 0.6017499999999995
0.71 0.5463499999999996
0.8 0.5973499999999998
0.93 0.6441
0.94 0.6643999999999994
0.95 0.5749499999999992
0.89 0.5297499999999995
0.66 0.5905499999999999
0.67 0.5881999999999992
0.71 0.5676499999999989
0.71 0.6273999999999998
0.71 0.6378
0.71 0.64375
0.71 0.6207499999999997
0.71 0.6144000000000007
0.71 0.5866499999999993
0.71 0.6106
0.71 0.6461500000000007
0.71 0.5824500000000001
0.71 0.5832999999999994
0.71 0.5862500000000003
0.71 0.5741999999999996
0.71 0.6635500000000003
0.71 0.6841499999999999
0.71 0.6961999999999979
0.71 0.6888999999999997
0.71 0.6460499999999996
0.67 0.6219999999999994
0.67 0.5755499999999995
0.67 0.6005499999999996
0.67 0.6328999999999989
0.67 0.6420000000000003
0.67 0.6558500000000003
0.67 0.6614500000000002
0.67 0.6574000000000008
0.67 0.6658500000000009
0.67 0.6638500000000012
0.67 0.6659500000000014
0.67 0.6680000000000013
0.67 0.6664500000000017
0.67 0.6672500000000012
0.67 0.6648000000000013
0.67 0.6676000000000013
0.67 0.6688000000000011
0.67 0.6613000000000013
0.67 0.5991500000000011
0.67 0.6397000000000013
0.67 0.5238500000000009
0.67 0.6607500000000011
0.67 0.5238999999999998
0.67 0.5192499999999994
0.67 0.6140500000000005
0.67 0.6667000000000012
0.67 0.6478000000000016
0.67 0.6511500000000017
0.67 0.6571500000000015
0.67 0.6558500000000009
0.67 0.6518500000000009
0.67 0.645450000000001
0.67 0.6389000000000002
0.67 0.5308499999999996
0.67 0.60225
0.67 0.6470000000000007
0.67 0.6661500000000012
0.67 0.6565500000000015
0.67 0.6479000000000016
0.67 0.6677500000000012
0.67 0.6687500000000013
0.68 0.6491000000000016
0.7 0.6655500000000013
0.71 0.6646000000000012
0.7 0.6640000000000015
0.7 0.669550000000001
0.7 0.6628000000000014
0.7 0.6701000000000008
0.71 0.6715000000000008
0.71 0.6757500000000011
0.71 0.6837500000000009
0.71 0.6726500000000015
0.71 0.5926499999999999
0.71 0.6442500000000007
0.7 0.5681499999999999
0.71 0.6125500000000003
0.7 0.5985499999999999
0.7 0.6464000000000003
0.67 0.6557999999999999
0.67 0.6233500000000004
0.67 0.6623500000000005
0.67 0.6687000000000011
0.67 0.661850000000001
0.7 0.6610500000000011
0.7 0.6665000000000012
0.7 0.6666500000000012
0.7 0.6561000000000018
0.7 0.6688500000000015
0.7 0.6537000000000016
0.7 0.6337000000000012
0.7 0.6757000000000016
0.7 0.6866500000000012
0.7 0.6924500000000013
0.7 0.6961000000000009
0.7 0.6964500000000013
0.7 0.6986000000000014
0.7 0.6949000000000012
0.7 0.6961500000000015
0.7 0.6912500000000017
0.7 0.6681999999999995
0.7 0.6849000000000006
0.7 0.6948500000000015
0.71 0.6941500000000015
0.71 0.6605999999999984
0.71 0.6970000000000012
0.71 0.6955000000000016
0.71 0.7003500000000009
0.71 0.6983500000000008
0.71 0.6978000000000015
0.71 0.6292000000000012
0.71 0.6521500000000024
0.71 0.6950000000000017
0.71 0.6690500000000027
0.71 0.70045
0.71 0.7059499999999982
0.71 0.6962499999999978
0.71 0.7036999999999971
0.71 0.7005499999999969
0.71 0.7041999999999967
0.71 0.7079999999999979
0.71 0.6830999999999989
0.71 0.7055999999999978
0.71 0.7044499999999978
0.71 0.684349999999998
0.71 0.6714999999999992
0.71 0.6441000000000001
0.71 0.5630000000000009
0.71 0.5032000000000011
0.71 0.6135000000000007
0.71 0.6843999999999987
0.71 0.7005999999999976
0.71 0.7019999999999976
0.71 0.7002499999999979
0.71 0.6960499999999991
0.71 0.701899999999998
0.71 0.7055999999999979
0.71 0.7068499999999982
0.71 0.7014499999999974
0.71 0.6874499999999982
0.71 0.7077499999999981
0.71 0.6827499999999976
0.71 0.6246499999999987
0.71 0.56505
0.71 0.6652999999999986
0.71 0.5235500000000005
0.71 0.6310499999999997
0.71 0.6546999999999998
0.71 0.7026499999999969
0.71 0.703799999999997
0.71 0.6990999999999973
0.71 0.697999999999998
0.71 0.7016999999999983
0.71 0.6592500000000023
0.71 0.6472000000000021
0.71 0.6422500000000018
0.71 0.6668000000000022
0.71 0.5943500000000003
0.71 0.5197500000000003
0.71 0.5593000000000004
0.71 0.5843500000000001
0.71 0.6217499999999998
0.71 0.6193499999999997
0.71 0.6575000000000011
0.71 0.680250000000001
0.71 0.6878000000000007
0.71 0.6888999999999996
0.71 0.697449999999999
0.71 0.6833000000000001
0.71 0.6956499999999992
0.71 0.67775
0.71 0.6979999999999988
0.71 0.7021999999999978
0.71 0.694699999999998
0.71 0.7007999999999981
0.71 0.7003999999999978
0.71 0.7008499999999985
0.71 0.7011999999999982
0.71 0.4402499999999987
0.71 0.5090499999999986
0.71 0.5665500000000003
0.71 0.640849999999999
0.71 0.6687999999999996
0.71 0.6859499999999997
0.71 0.6931499999999988
0.71 0.6990499999999983
0.71 0.7037499999999979
0.67 0.6491500000000022
0.67 0.6527500000000026
0.71 0.6955999999999989
0.71 0.6684500000000024
0.71 0.6799500000000012
0.71 0.6885500000000004
0.71 0.6904499999999999
0.71 0.6888999999999997
0.71 0.6286500000000015
0.71 0.653900000000002
0.67 0.6559000000000016
0.67 0.6577500000000007
0.67 0.66345
0.67 0.6597000000000004
0.67 0.6596000000000006
0.67 0.6452000000000008
0.67 0.6681500000000012
0.67 0.6686500000000011
0.67 0.6630500000000014
0.67 0.6572000000000017
0.67 0.6442500000000014
0.67 0.612400000000001
0.67 0.657050000000001
0.67 0.6638000000000014
0.67 0.669050000000001
0.67 0.6643500000000013
0.67 0.6630500000000012
0.67 0.6667000000000013
0.67 0.6678000000000014
0.67 0.6516500000000011
0.67 0.6639500000000013
0.67 0.6644000000000012
0.67 0.6666500000000012
0.67 0.6679500000000015
0.67 0.6674000000000013
0.67 0.6669000000000015
0.67 0.6661000000000012
0.67 0.6686000000000013
0.67 0.647050000000001
0.67 0.6596000000000007
0.67 0.6650000000000013
0.67 0.6675500000000012
0.67 0.6659000000000013
0.67 0.6654500000000014
0.67 0.6650500000000015
0.7 0.6681000000000015
0.7 0.6627500000000016
0.7 0.665650000000002
0.7 0.6648500000000016
0.67 0.6655000000000011
0.67 0.6668500000000013
0.67 0.6655000000000012
0.67 0.6670500000000011
0.67 0.6667500000000014
0.67 0.668850000000001
0.67 0.6676000000000011
0.67 0.668850000000001
0.67 0.6539000000000023
0.67 0.6660000000000018
0.7 0.6611500000000025
0.7 0.6620500000000017
0.69 0.6683500000000016
0.7 0.6690000000000018
0.7 0.6673500000000012
0.7 0.6697500000000014
0.7 0.6703500000000011
0.7 0.6700000000000012
0.7 0.6708000000000008
0.7 0.6714500000000011
0.69 0.6633000000000016
0.7 0.6597500000000012
0.7 0.6772500000000009
0.71 0.6782500000000015
0.71 0.6791500000000018
0.71 0.6788500000000007
0.71 0.6393000000000002
0.71 0.6377500000000002
0.71 0.6882000000000015
0.71 0.6907000000000011
0.71 0.6777500000000012
0.71 0.6678500000000019
0.67 0.65065
0.71 0.6835000000000018
0.71 0.678450000000001
0.71 0.6880000000000015
0.67 0.647199999999999
0.67 0.6511999999999997
0.67 0.662
0.67 0.6669500000000009
0.67 0.6659500000000012
0.67 0.6659500000000014
0.67 0.6635000000000012
0.67 0.6675500000000014
0.67 0.6689500000000014
0.67 0.6687500000000014
0.67 0.6562000000000016
0.67 0.6676000000000013
0.7 0.6678000000000013
0.7 0.6690500000000011
0.7 0.6669000000000012
0.7 0.6464000000000013
0.7 0.6535500000000016
0.67 0.6646500000000012
0.67 0.668950000000001
0.67 0.6683500000000013
0.67 0.6683500000000011
0.67 0.6699500000000009
0.67 0.6693000000000009
0.67 0.6681000000000011
0.67 0.668650000000001
0.67 0.6650000000000011
0.67 0.6661500000000011
0.67 0.6657500000000011
0.67 0.6640500000000016
0.67 0.6664000000000013
0.67 0.669500000000001
0.67 0.6692500000000011
0.67 0.6686000000000011
0.67 0.6177000000000009
0.67 0.632050000000001
0.68 0.6606500000000011
0.68 0.6662000000000009
0.68 0.6665500000000013
0.68 0.6588500000000014
0.71 0.6636000000000009
0.71 0.6695500000000014
0.71 0.6687000000000013
0.68 0.6657500000000018
0.68 0.6675500000000011
0.7 0.6694500000000012
0.7 0.6712500000000009
0.7 0.6730000000000007
0.7 0.6661000000000008
0.71 0.6792500000000014
0.71 0.6780500000000028
0.71 0.6791500000000028
0.7 0.4061999999999988
0.71 0.4775499999999991
0.71 0.5742
0.71 0.5645499999999994
0.7 0.41439999999999894
0.71 0.6523500000000024
0.71 0.5552
0.71 0.5768000000000001
0.71 0.6489499999999994
0.67 0.6328999999999991
0.71 0.65545
0.71 0.6678000000000027
0.71 0.687450000000002
0.71 0.5841500000000008
0.71 0.6853500000000021
0.71 0.6927500000000003
0.71 0.703799999999999
0.71 0.7029999999999978
0.71 0.7019999999999981
0.71 0.6544000000000005
0.71 0.6748499999999997
0.71 0.7003999999999972
0.71 0.7043999999999976
0.71 0.6880999999999983
0.71 0.7045499999999979
0.71 0.640549999999999
0.71 0.688549999999998
0.71 0.6837499999999977
0.71 0.6389499999999985
0.67 0.6225499999999985
0.67 0.611649999999998
0.67 0.611949999999998
0.67 0.6273999999999983
0.67 0.6294999999999993
0.67 0.5918499999999994
0.67 0.5896499999999998
0.67 0.6261000000000001
0.67 0.6324000000000001
0.67 0.6417000000000006
0.67 0.6549000000000008
