0.21999999999999997 0.5813199999999985
0.06000000000000005 0.5480599999999985
0.06000000000000005 0.5246199999999995
0.06000000000000005 0.4989600000000001
0.06000000000000005 0.4835600000000009
0.06000000000000005 0.46431999999999973
0.06000000000000005 0.448499999999999
0.06000000000000005 0.4236799999999986
0.06000000000000005 0.4125599999999986
0.040000000000000036 0.4004599999999991
0.14 0.38887999999999867
0.14 0.38049999999999856
0.14 0.381699999999999
0.14 0.36497999999999914
0.14 0.3558199999999993
0.14 0.3395999999999996
0.14 0.3377799999999993
0.14 0.3317599999999992
0.14 0.3266799999999989
0.14 0.33175999999999944
0.14 0.320679999999999
0.14 0.31029999999999924
0.14 0.29707999999999946
0.14 0.2921399999999994
0.14 0.2896799999999994
0.14 0.2817599999999994
0.14 0.26011999999999946
0.14 0.24345999999999973
0.14 0.23371999999999946
0.14 0.23805999999999966
0.14 0.22967999999999988
0.14 0.23503999999999967
0.14 0.23149999999999996
0.14 0.23015999999999975
0.14 0.22585999999999942
0.14 0.20741999999999974
0.14 0.2066399999999998
0.14 0.20235999999999973
0.14 0.1952799999999999
0.14 0.1977800000000001
0.14 0.19603999999999974
0.14 0.18414000000000003
0.14 0.1863599999999997
0.14 0.18221999999999988
0.14 0.18441999999999978
0.14 0.1788799999999998
0.14 0.17851999999999957
0.14 0.17713999999999985
0.14 0.17575999999999992
0.14 0.1868399999999997
0.14 0.18449999999999978
0.14 0.19863999999999976
0.14 0.1945399999999998
0.14 0.18027999999999972
0.14 0.17771999999999985
0.14 0.16065999999999991
0.14 0.1616199999999994
0.14 0.15847999999999968
0.14 0.17123999999999998
0.14 0.1639399999999997
0.14 0.17271999999999957
0.14 0.16339999999999974
0.14 0.1696599999999996
0.14 0.16441999999999976
0.14 0.1752999999999998
0.14 0.16661999999999957
0.14 0.17099999999999968
0.14 0.19025999999999982
0.14 0.18203999999999984
0.14 0.1757599999999999
0.14 0.16829999999999976
0.14 0.17197999999999963
0.14 0.16857999999999973
0.14 0.16787999999999972
0.14 0.1697799999999996
0.14 0.1705999999999999
0.14 0.15931999999999977
0.14 0.1658799999999995
0.14 0.17299999999999954
0.14 0.17507999999999962
0.14 0.1789199999999993
0.14 0.17423999999999945
0.14 0.17917999999999995
0.14 0.1898599999999999
0.14 0.18151999999999968
0.14 0.1863799999999996
0.14 0.1741799999999998
0.14 0.1704399999999995
0.14 0.18003999999999962
0.14 0.1800999999999996
0.14 0.18459999999999963
0.14 0.16595999999999972
0.14 0.1652199999999998
0.14 0.15991999999999998
0.14 0.16831999999999991
0.14 0.15795999999999974
0.14 0.1631399999999997
0.14 0.16209999999999988
0.14 0.1604799999999998
0.14 0.1607599999999999
