0.33999999999999997 0.6166999999999994
0.4 0.5935999999999994
0.4 0.6128999999999999
0.36 0.5893000000000002
0.33999999999999997 0.5766000000000017
0.36 0.5999000000000019
0.36 0.6168000000000017
0.33999999999999997 0.613700000000001
0.36 0.6024000000000015
0.38 0.6322000000000012
0.33999999999999997 0.618000000000002
0.33999999999999997 0.6079000000000014
0.33999999999999997 0.5897000000000013
0.33999999999999997 0.5743000000000016
0.33999999999999997 0.5807000000000012
0.33999999999999997 0.569000000000001
0.33999999999999997 0.5516000000000014
0.33999999999999997 0.5237000000000008
0.24 0.5299000000000005
0.33999999999999997 0.5837000000000017
0.33999999999999997 0.5739000000000015
0.33999999999999997 0.5354000000000011
0.26 0.5052000000000012
0.21999999999999997 0.508800000000001
0.33999999999999997 0.47400000000000075
0.26 0.4724000000000007
0.33999999999999997 0.5468000000000015
0.33999999999999997 0.4954000000000009
0.33999999999999997 0.45300000000000024
0.33999999999999997 0.4987000000000003
0.33999999999999997 0.4534
0.33999999999999997 0.42640000000000045
0.33999999999999997 0.43860000000000054
0.30000000000000004 0.4255000000000005
0.38 0.38950000000000096
0.33999999999999997 0.37750000000000095
0.36 0.359400000000001
0.36 0.375000000000001
0.36 0.3866000000000012
0.36 0.371400000000001
0.36 0.3846000000000007
0.38 0.36340000000000094
0.36 0.38930000000000065
0.36 0.4088000000000005
0.33999999999999997 0.3770000000000011
0.33999999999999997 0.38110000000000105
0.33999999999999997 0.41170000000000073
0.33999999999999997 0.4445000000000007
0.36 0.3922000000000006
0.33999999999999997 0.4749000000000015
0.33999999999999997 0.4195000000000009
0.36 0.3818000000000004
0.33999999999999997 0.4724000000000013
0.33999999999999997 0.3976000000000014
0.33999999999999997 0.4557000000000015
0.33999999999999997 0.43560000000000143
0.36 0.4527000000000016
0.33999999999999997 0.4926000000000013
0.33999999999999997 0.5272000000000012
0.33999999999999997 0.5714000000000025
0.36 0.5207000000000014
0.33999999999999997 0.5245999999999998
0.33999999999999997 0.5411999999999986
0.33999999999999997 0.48759999999999903
0.33999999999999997 0.44200000000000034
0.33999999999999997 0.4061
0.33999999999999997 0.46920000000000117
0.33999999999999997 0.4578000000000012
0.33999999999999997 0.3882000000000009
0.33999999999999997 0.5029000000000017
0.33999999999999997 0.38630000000000037
0.33999999999999997 0.3998000000000011
0.33999999999999997 0.3610000000000011
0.33999999999999997 0.34910000000000146
0.33999999999999997 0.44020000000000126
0.33999999999999997 0.35680000000000134
0.33999999999999997 0.36160000000000103
0.36 0.45140000000000136
0.33999999999999997 0.3907000000000012
0.36 0.4894000000000016
0.36 0.5268000000000018
0.36 0.45080000000000103
0.36 0.49550000000000166
0.36 0.5647000000000023
0.33999999999999997 0.5448000000000022
0.33999999999999997 0.5759000000000026
0.31999999999999995 0.4585000000000013
0.36 0.4773000000000014
0.33999999999999997 0.4753000000000015
0.43999999999999995 0.3741000000000013
0.33999999999999997 0.6537000000000032
0.33999999999999997 0.5169000000000019
0.33999999999999997 0.35440000000000155
0.33999999999999997 0.4196000000000015
0.33999999999999997 0.3736000000000017
0.33999999999999997 0.3731000000000017
0.33999999999999997 0.6097000000000029
0.33999999999999997 0.5280000000000019
0.33999999999999997 0.45280000000000165
0.33999999999999997 0.41750000000000176
0.33999999999999997 0.36940000000000184
0.33999999999999997 0.3440000000000017
0.33999999999999997 0.34790000000000176
0.33999999999999997 0.42410000000000186
0.33999999999999997 0.3707000000000019
0.33999999999999997 0.43420000000000164
0.33999999999999997 0.47090000000000104
0.33999999999999997 0.4354000000000013
0.33999999999999997 0.3613000000000014
0.33999999999999997 0.3479000000000017
0.33999999999999997 0.5461000000000021
0.33999999999999997 0.4179000000000008
0.33999999999999997 0.3599000000000013
0.33999999999999997 0.3544000000000011
0.33999999999999997 0.3504000000000015
0.33999999999999997 0.3471000000000014
0.33999999999999997 0.3487000000000011
0.33999999999999997 0.34400000000000164
0.33999999999999997 0.3454000000000015
0.33999999999999997 0.3420000000000016
0.33999999999999997 0.4322000000000012
0.36 0.416600000000001
0.36 0.37540000000000057
0.36 0.3619000000000005
0.36 0.36870000000000114
0.36 0.35940000000000105
0.36 0.4176000000000013
0.36 0.37060000000000115
0.36 0.39000000000000085
0.36 0.3581000000000003
0.36 0.3571000000000003
0.36 0.3577000000000004
0.36 0.35640000000000027
0.36 0.3574000000000002
0.36 0.35480000000000017
0.36 0.3506000000000006
0.36 0.3575000000000005
0.36 0.35640000000000044
0.36 0.46610000000000157
0.36 0.5184000000000019
0.36 0.3665000000000013
0.36 0.4626000000000016
0.36 0.5083000000000019
0.33999999999999997 0.37910000000000166
0.33999999999999997 0.3473000000000016
0.33999999999999997 0.35840000000000183
0.33999999999999997 0.36030000000000173
0.33999999999999997 0.3453000000000015
0.33999999999999997 0.3453000000000017
0.33999999999999997 0.3435000000000015
0.33999999999999997 0.34190000000000176
0.33999999999999997 0.34700000000000175
0.33999999999999997 0.3510000000000018
0.33999999999999997 0.3407000000000018
0.33999999999999997 0.3432000000000017
0.33999999999999997 0.35570000000000157
0.33999999999999997 0.3408000000000017
0.33999999999999997 0.3753000000000016
0.33999999999999997 0.3581000000000014
0.33999999999999997 0.3532000000000013
0.33999999999999997 0.35400000000000126
0.33999999999999997 0.3459000000000013
0.33999999999999997 0.3481000000000015
0.33999999999999997 0.3460000000000014
0.33999999999999997 0.3412000000000016
0.33999999999999997 0.3487000000000014
0.33999999999999997 0.3401000000000017
0.33999999999999997 0.3408000000000017
0.33999999999999997 0.3430000000000016
0.33999999999999997 0.3458000000000015
0.33999999999999997 0.3412000000000016
0.33999999999999997 0.34120000000000167
0.33999999999999997 0.34970000000000145
0.33999999999999997 0.3406000000000017
0.33999999999999997 0.3404000000000017
0.33999999999999997 0.34120000000000167
0.33999999999999997 0.34150000000000164
0.33999999999999997 0.34060000000000173
0.33999999999999997 0.34360000000000146
0.36 0.3486000000000014
0.33999999999999997 0.34380000000000144
0.33999999999999997 0.3424000000000017
0.36 0.34180000000000155
0.33999999999999997 0.3402000000000017
0.33999999999999997 0.3400000000000017
0.33999999999999997 0.3404000000000017
0.33999999999999997 0.3404000000000017
0.33999999999999997 0.3407000000000016
0.33999999999999997 0.3448000000000016
0.33999999999999997 0.3411000000000017
0.33999999999999997 0.35230000000000156
0.33999999999999997 0.34900000000000103
0.33999999999999997 0.36060000000000086
0.33999999999999997 0.3480000000000012
0.33999999999999997 0.3450000000000014
0.33999999999999997 0.3475000000000011
0.33999999999999997 0.349000000000001
0.33999999999999997 0.3590000000000008
0.33999999999999997 0.35020000000000073
0.33999999999999997 0.35070000000000107
0.33999999999999997 0.3433000000000013
0.33999999999999997 0.3450000000000014
0.33999999999999997 0.34420000000000145
0.33999999999999997 0.34530000000000155
0.33999999999999997 0.3431000000000013
0.33999999999999997 0.3433000000000014
0.33999999999999997 0.3408000000000017
0.33999999999999997 0.3445000000000015
0.33999999999999997 0.3448000000000016
0.33999999999999997 0.34310000000000157
0.33999999999999997 0.34270000000000145
0.33999999999999997 0.34210000000000157
0.33999999999999997 0.3408000000000016
0.33999999999999997 0.3420000000000015
0.33999999999999997 0.34360000000000157
0.33999999999999997 0.3444000000000015
0.33999999999999997 0.3518000000000012
0.33999999999999997 0.3494000000000011
0.33999999999999997 0.34570000000000123
0.33999999999999997 0.34600000000000114
0.33999999999999997 0.36320000000000086
0.33999999999999997 0.3543000000000012
0.33999999999999997 0.34530000000000116
0.33999999999999997 0.3438000000000012
0.33999999999999997 0.3433000000000014
0.33999999999999997 0.3442000000000014
0.33999999999999997 0.35050000000000137
0.33999999999999997 0.3448000000000013
0.33999999999999997 0.34650000000000125
0.33999999999999997 0.3462000000000012
0.33999999999999997 0.34790000000000126
0.33999999999999997 0.3447000000000015
0.33999999999999997 0.3499000000000015
0.33999999999999997 0.34740000000000143
0.33999999999999997 0.35210000000000136
0.33999999999999997 0.3452000000000012
0.33999999999999997 0.3457000000000011
0.33999999999999997 0.3456000000000013
0.33999999999999997 0.3443000000000013
0.33999999999999997 0.3422000000000015
0.33999999999999997 0.34250000000000147
0.33999999999999997 0.34490000000000137
0.33999999999999997 0.3442000000000015
0.33999999999999997 0.3415000000000015
0.33999999999999997 0.34510000000000135
0.33999999999999997 0.3439000000000015
0.33999999999999997 0.34870000000000134
0.33999999999999997 0.3408000000000016
0.33999999999999997 0.3512000000000014
0.33999999999999997 0.34130000000000166
0.33999999999999997 0.3516000000000015
0.33999999999999997 0.34280000000000166
0.33999999999999997 0.34130000000000166
0.33999999999999997 0.3420000000000015
0.33999999999999997 0.3425000000000016
0.33999999999999997 0.34230000000000155
0.33999999999999997 0.34420000000000156
0.33999999999999997 0.3424000000000016
0.33999999999999997 0.3420000000000015
0.33999999999999997 0.34230000000000155
0.33999999999999997 0.3417000000000015
0.33999999999999997 0.35090000000000154
0.33999999999999997 0.3460000000000011
0.33999999999999997 0.3469000000000012
0.33999999999999997 0.3464000000000012
0.33999999999999997 0.3442000000000013
0.33999999999999997 0.35740000000000127
0.33999999999999997 0.3455000000000013
0.33999999999999997 0.3452000000000012
0.33999999999999997 0.34490000000000137
0.33999999999999997 0.3442000000000012
0.33999999999999997 0.3423000000000016
0.33999999999999997 0.3430000000000015
0.33999999999999997 0.34470000000000134
0.33999999999999997 0.3415000000000015
0.33999999999999997 0.34590000000000154
0.33999999999999997 0.34720000000000156
0.33999999999999997 0.3427000000000015
0.33999999999999997 0.3761000000000017
0.33999999999999997 0.3450000000000016
0.33999999999999997 0.3451000000000015
0.33999999999999997 0.3469000000000015
0.33999999999999997 0.3618000000000015
0.33999999999999997 0.3709000000000018
0.33999999999999997 0.35480000000000167
0.33999999999999997 0.3464000000000017
0.33999999999999997 0.3419000000000017
0.33999999999999997 0.3412000000000017
0.33999999999999997 0.3405000000000017
0.33999999999999997 0.34080000000000155
0.33999999999999997 0.3405000000000017
0.33999999999999997 0.34080000000000177
0.33999999999999997 0.34370000000000156
0.33999999999999997 0.34370000000000156
0.33999999999999997 0.34120000000000167
0.33999999999999997 0.34060000000000173
0.33999999999999997 0.3428000000000015
0.33999999999999997 0.534500000000002
0.33999999999999997 0.5471000000000021
0.33999999999999997 0.41620000000000185
0.33999999999999997 0.36960000000000176
0.33999999999999997 0.3427000000000014
0.33999999999999997 0.34440000000000137
0.33999999999999997 0.34330000000000155
0.33999999999999997 0.35010000000000163
0.33999999999999997 0.3407000000000016
0.33999999999999997 0.3427000000000016
0.33999999999999997 0.3699000000000017
0.33999999999999997 0.3457000000000016
0.33999999999999997 0.3550000000000015
0.33999999999999997 0.3443000000000016
0.33999999999999997 0.3653000000000011
0.33999999999999997 0.35410000000000147
0.33999999999999997 0.34840000000000176
0.33999999999999997 0.37580000000000185
0.33999999999999997 0.36630000000000185
0.33999999999999997 0.3656000000000018
0.33999999999999997 0.3586000000000016
0.33999999999999997 0.3439000000000014
0.33999999999999997 0.34200000000000164
0.33999999999999997 0.3425000000000016
0.33999999999999997 0.34670000000000156
0.33999999999999997 0.35420000000000157
0.33999999999999997 0.5095000000000018
0.33999999999999997 0.3599000000000012
0.33999999999999997 0.35820000000000163
0.36 0.3987000000000018
0.33999999999999997 0.3986000000000018
0.33999999999999997 0.42230000000000173
0.33999999999999997 0.3643000000000012
0.33999999999999997 0.3630000000000013
0.36 0.3654000000000014
0.36 0.36880000000000074
0.36 0.3455000000000014
0.33999999999999997 0.3930000000000017
0.33999999999999997 0.35420000000000174
0.33999999999999997 0.39650000000000185
0.33999999999999997 0.40060000000000173
0.36 0.3535000000000011
0.36 0.35360000000000125
0.36 0.3765000000000014
0.36 0.3543000000000014
0.36 0.3517000000000013
0.36 0.3439000000000014
0.36 0.3527000000000015
0.36 0.34790000000000143
0.36 0.3454000000000015
0.36 0.3474000000000013
0.36 0.3442000000000013
0.33999999999999997 0.3471000000000015
0.33999999999999997 0.4486000000000017
0.33999999999999997 0.35020000000000145
0.33999999999999997 0.36360000000000164
0.33999999999999997 0.3572000000000016
0.33999999999999997 0.6456000000000032
0.33999999999999997 0.4455000000000016
0.33999999999999997 0.3826000000000016
0.33999999999999997 0.40660000000000174
0.33999999999999997 0.38040000000000135
0.33999999999999997 0.3612000000000013
0.33999999999999997 0.34430000000000155
0.33999999999999997 0.3541000000000017
0.33999999999999997 0.5188000000000017
0.33999999999999997 0.38300000000000145
0.33999999999999997 0.3810000000000017
0.33999999999999997 0.3634000000000015
0.33999999999999997 0.3657000000000016
0.33999999999999997 0.36210000000000164
0.33999999999999997 0.421000000000001
0.4 0.45890000000000064
0.33999999999999997 0.3801000000000007
0.33999999999999997 0.3509000000000014
0.33999999999999997 0.35750000000000104
0.33999999999999997 0.35830000000000134
0.33999999999999997 0.3725000000000013
0.33999999999999997 0.4381000000000006
0.33999999999999997 0.43110000000000004
0.33999999999999997 0.43070000000000064
0.33999999999999997 0.4666000000000001
0.33999999999999997 0.506400000000001
0.33999999999999997 0.42850000000000077
0.33999999999999997 0.4068000000000005
0.33999999999999997 0.41460000000000075
0.33999999999999997 0.40160000000000085
0.33999999999999997 0.36710000000000087
0.33999999999999997 0.35580000000000106
0.33999999999999997 0.39310000000000067
0.33999999999999997 0.3930000000000006
0.33999999999999997 0.5663999999999988
0.33999999999999997 0.5280999999999991
0.33999999999999997 0.4891000000000006
0.33999999999999997 0.4558000000000002
0.33999999999999997 0.4430000000000003
0.33999999999999997 0.40750000000000036
0.33999999999999997 0.4031000000000004
0.33999999999999997 0.39580000000000026
0.33999999999999997 0.3948000000000009
0.36 0.3828000000000012
0.36 0.3771000000000014
0.36 0.3741000000000014
0.36 0.3696000000000015
0.36 0.36900000000000127
0.33999999999999997 0.4610999999999998
0.33999999999999997 0.4349000000000003
0.33999999999999997 0.3844000000000009
0.33999999999999997 0.37880000000000086
0.36 0.40280000000000077
0.36 0.3843000000000009
0.36 0.45359999999999995
0.36 0.3969000000000004
0.38 0.43609999999999943
0.38 0.38000000000000095
0.33999999999999997 0.3733000000000011
0.33999999999999997 0.36260000000000153
0.33999999999999997 0.3730000000000014
0.33999999999999997 0.3786000000000008
0.33999999999999997 0.3617000000000011
0.33999999999999997 0.35720000000000085
0.38 0.35900000000000104
0.38 0.367600000000001
0.38 0.3734000000000011
0.38 0.3602000000000011
0.38 0.3645000000000014
0.38 0.35780000000000123
0.33999999999999997 0.3683000000000012
0.33999999999999997 0.35390000000000127
0.33999999999999997 0.3562000000000016
0.33999999999999997 0.35550000000000137
0.33999999999999997 0.375300000000001
0.33999999999999997 0.36380000000000123
0.33999999999999997 0.3576000000000012
0.33999999999999997 0.3571000000000011
0.33999999999999997 0.3482000000000016
0.33999999999999997 0.34400000000000164
0.33999999999999997 0.3404000000000017
0.33999999999999997 0.3770000000000011
0.33999999999999997 0.3433000000000016
0.33999999999999997 0.4053000000000005
0.33999999999999997 0.3865000000000008
0.33999999999999997 0.3632000000000013
0.33999999999999997 0.34120000000000167
0.33999999999999997 0.3432000000000016
0.33999999999999997 0.34030000000000166
0.33999999999999997 0.4248000000000001
0.33999999999999997 0.41570000000000035
0.33999999999999997 0.34840000000000154
0.33999999999999997 0.34970000000000145
0.33999999999999997 0.3416000000000017
0.33999999999999997 0.3822000000000017
0.33999999999999997 0.35400000000000154
0.33999999999999997 0.3754000000000011
0.33999999999999997 0.3416000000000017
0.33999999999999997 0.34250000000000164
0.33999999999999997 0.3419000000000017
0.33999999999999997 0.5502999999999987
0.33999999999999997 0.5516999999999992
0.33999999999999997 0.5456999999999995
0.33999999999999997 0.583600000000001
0.33999999999999997 0.5503000000000015
0.33999999999999997 0.5014000000000007
0.33999999999999997 0.4285000000000006
0.33999999999999997 0.43719999999999976
0.33999999999999997 0.4846999999999992
0.33999999999999997 0.46839999999999954
0.33999999999999997 0.4235999999999996
0.33999999999999997 0.3914999999999995
0.33999999999999997 0.36559999999999987
0.33999999999999997 0.3451000000000012
0.33999999999999997 0.3409000000000016
0.33999999999999997 0.3403000000000017
0.33999999999999997 0.3400000000000017
0.33999999999999997 0.3400000000000017
0.33999999999999997 0.34090000000000165
0.33999999999999997 0.3400000000000017
0.33999999999999997 0.3463000000000017
0.33999999999999997 0.35840000000000116
0.33999999999999997 0.3790999999999998
0.33999999999999997 0.3421000000000015
0.33999999999999997 0.3443000000000017
0.33999999999999997 0.3411000000000017
0.33999999999999997 0.3411000000000017
0.33999999999999997 0.3435000000000016
0.33999999999999997 0.34480000000000166
0.33999999999999997 0.3427000000000017
0.33999999999999997 0.34230000000000166
0.33999999999999997 0.3450000000000016
0.33999999999999997 0.34030000000000166
0.33999999999999997 0.3406000000000017
0.33999999999999997 0.34470000000000156
0.33999999999999997 0.3421000000000016
0.33999999999999997 0.3615000000000016
0.33999999999999997 0.3508000000000018
0.33999999999999997 0.3905000000000016
0.33999999999999997 0.431800000000001
0.33999999999999997 0.4124000000000007
0.33999999999999997 0.3478000000000014
0.33999999999999997 0.3436000000000016
0.33999999999999997 0.3403000000000017
0.33999999999999997 0.3407000000000016
0.33999999999999997 0.3407000000000017
