0.09999999999999998 0.5723400000000031
0.09999999999999998 0.5392400000000026
0.09999999999999998 0.5145000000000003
0.09999999999999998 0.4913000000000008
0.09999999999999998 0.46215999999999985
0.09999999999999998 0.42953999999999976
0.09999999999999998 0.4051599999999997
0.09999999999999998 0.3882600000000003
0.09999999999999998 0.37201999999999996
0.09999999999999998 0.35842000000000057
0.09999999999999998 0.33230000000000093
0.09999999999999998 0.3317600000000008
0.09999999999999998 0.3302200000000012
0.040000000000000036 0.3246400000000009
0.040000000000000036 0.32584000000000046
0.040000000000000036 0.3169800000000009
0.040000000000000036 0.31626000000000126
0.040000000000000036 0.30698000000000103
0.040000000000000036 0.3110200000000012
0.06000000000000005 0.3009200000000012
0.06000000000000005 0.28622000000000103
0.06000000000000005 0.29132000000000113
0.06000000000000005 0.2827400000000008
0.06000000000000005 0.275400000000001
0.06000000000000005 0.2674000000000015
0.06000000000000005 0.26292000000000143
0.06000000000000005 0.26888000000000106
0.06000000000000005 0.2770800000000009
0.06000000000000005 0.2662200000000013
0.06000000000000005 0.25878000000000073
0.06000000000000005 0.2492800000000008
0.06000000000000005 0.25466000000000083
0.06000000000000005 0.251180000000001
0.06000000000000005 0.2489600000000007
0.06000000000000005 0.24286000000000083
0.06000000000000005 0.23248000000000044
0.06000000000000005 0.24386000000000055
0.06000000000000005 0.243080000000001
0.06000000000000005 0.2256600000000008
0.06000000000000005 0.22968000000000058
0.06000000000000005 0.22472000000000072
0.06000000000000005 0.21180000000000065
0.06000000000000005 0.20706000000000047
0.06000000000000005 0.2109200000000001
0.06000000000000005 0.21286000000000033
0.06000000000000005 0.1984599999999997
0.06000000000000005 0.19837999999999997
0.06000000000000005 0.2009800000000001
0.06000000000000005 0.19574000000000003
0.06000000000000005 0.196
0.06000000000000005 0.1884999999999995
0.06000000000000005 0.1875999999999998
0.06000000000000005 0.19371999999999967
0.06000000000000005 0.19139999999999968
0.06000000000000005 0.19546
0.06000000000000005 0.1877999999999995
0.06000000000000005 0.18802000000000005
0.06000000000000005 0.1782
0.06000000000000005 0.19823999999999947
0.06000000000000005 0.17903999999999953
0.06000000000000005 0.1870799999999996
0.06000000000000005 0.18819999999999967
0.06000000000000005 0.20085999999999946
0.06000000000000005 0.1920799999999995
0.06000000000000005 0.18479999999999935
0.06000000000000005 0.18595999999999951
0.06000000000000005 0.1756799999999997
0.06000000000000005 0.16769999999999946
0.06000000000000005 0.17299999999999965
0.06000000000000005 0.17039999999999936
0.06000000000000005 0.1669799999999993
0.06000000000000005 0.1796599999999997
0.06000000000000005 0.17419999999999933
0.06000000000000005 0.17749999999999963
0.06000000000000005 0.17877999999999944
0.06000000000000005 0.1796599999999993
0.06000000000000005 0.17737999999999945
0.06000000000000005 0.18271999999999972
0.06000000000000005 0.16793999999999956
0.06000000000000005 0.15223999999999954
0.06000000000000005 0.15765999999999947
0.06000000000000005 0.1686399999999995
0.06000000000000005 0.17355999999999966
0.06000000000000005 0.1728199999999993
0.06000000000000005 0.17895999999999948
0.06000000000000005 0.18099999999999938
0.06000000000000005 0.1848799999999995
0.06000000000000005 0.18877999999999945
0.06000000000000005 0.1876399999999993
0.06000000000000005 0.18525999999999956
0.06000000000000005 0.19117999999999963
0.06000000000000005 0.19061999999999946
0.06000000000000005 0.18445999999999924
0.06000000000000005 0.20037999999999992
0.06000000000000005 0.1922800000000002
0.06000000000000005 0.19099999999999998
0.06000000000000005 0.18937999999999988
0.06000000000000005 0.1850599999999994
0.06000000000000005 0.1812799999999997
0.06000000000000005 0.1929399999999999
