0.19999999999999996 0.5790799999999985
0.12 0.5379599999999998
0.12 0.5102999999999989
0.12 0.46959999999999896
0.06000000000000005 0.4475599999999995
0.06000000000000005 0.4299800000000006
0.06000000000000005 0.4090000000000003
0.06000000000000005 0.3866000000000014
0.040000000000000036 0.3689000000000014
0.040000000000000036 0.35922000000000104
0.040000000000000036 0.3511000000000014
0.040000000000000036 0.33294000000000173
0.040000000000000036 0.31886000000000153
0.040000000000000036 0.3124600000000018
0.040000000000000036 0.29512000000000216
0.040000000000000036 0.2920400000000017
0.040000000000000036 0.2842600000000015
0.040000000000000036 0.28274000000000193
0.040000000000000036 0.27948000000000167
0.040000000000000036 0.27456000000000197
0.040000000000000036 0.2748200000000019
0.040000000000000036 0.2550800000000014
0.040000000000000036 0.24172000000000135
0.040000000000000036 0.24014000000000138
0.040000000000000036 0.25378000000000156
0.040000000000000036 0.2409200000000011
0.040000000000000036 0.23754000000000142
0.040000000000000036 0.22516000000000083
0.040000000000000036 0.2327600000000009
0.040000000000000036 0.23174000000000133
0.040000000000000036 0.22970000000000104
0.040000000000000036 0.22940000000000133
0.040000000000000036 0.22760000000000116
0.040000000000000036 0.22990000000000121
0.040000000000000036 0.23272000000000126
0.040000000000000036 0.22496000000000102
0.040000000000000036 0.23386000000000107
0.040000000000000036 0.22834000000000115
0.040000000000000036 0.2281800000000012
0.040000000000000036 0.22138000000000108
0.040000000000000036 0.21868000000000085
0.040000000000000036 0.21408000000000077
0.040000000000000036 0.20658000000000074
0.040000000000000036 0.19870000000000057
0.040000000000000036 0.21388000000000126
0.040000000000000036 0.20888000000000087
0.040000000000000036 0.2100200000000006
0.040000000000000036 0.20106000000000063
0.040000000000000036 0.19172000000000033
0.040000000000000036 0.20052000000000061
0.040000000000000036 0.2015200000000003
0.06000000000000005 0.1941800000000005
0.06000000000000005 0.20838000000000048
0.06000000000000005 0.19760000000000033
0.06000000000000005 0.19050000000000028
0.06000000000000005 0.1917800000000004
0.06000000000000005 0.18486000000000016
0.06000000000000005 0.18978000000000037
0.06000000000000005 0.17938000000000034
0.06000000000000005 0.17738000000000023
0.06000000000000005 0.18232000000000032
0.06000000000000005 0.18286000000000005
0.06000000000000005 0.1736799999999999
0.06000000000000005 0.1663199999999997
0.06000000000000005 0.16723999999999975
0.06000000000000005 0.16109999999999988
0.06000000000000005 0.1522599999999997
0.06000000000000005 0.15196000000000012
0.06000000000000005 0.15633999999999992
0.06000000000000005 0.16739999999999997
0.06000000000000005 0.1673999999999996
0.06000000000000005 0.17632
0.06000000000000005 0.1696999999999998
0.06000000000000005 0.16191999999999976
0.06000000000000005 0.16803999999999994
0.06000000000000005 0.1691999999999999
0.06000000000000005 0.1614999999999998
0.06000000000000005 0.1629599999999998
0.06000000000000005 0.15877999999999978
0.06000000000000005 0.1599599999999997
0.06000000000000005 0.15669999999999976
0.06000000000000005 0.1454799999999997
0.06000000000000005 0.14893999999999966
0.06000000000000005 0.15177999999999978
0.06000000000000005 0.15033999999999967
0.06000000000000005 0.1534199999999996
0.06000000000000005 0.15969999999999987
0.06000000000000005 0.14619999999999983
0.06000000000000005 0.1438399999999998
0.06000000000000005 0.1397999999999996
0.06000000000000005 0.13575999999999963
0.06000000000000005 0.1414199999999996
0.06000000000000005 0.14005999999999957
0.06000000000000005 0.14255999999999958
0.06000000000000005 0.1400999999999998
0.06000000000000005 0.14391999999999963
0.06000000000000005 0.15029999999999974
0.06000000000000005 0.1451199999999997
0.06000000000000005 0.14585999999999985
0.06000000000000005 0.13863999999999976
