0.21999999999999997 0.6715000000000003
0.21999999999999997 0.6844000000000005
0.21999999999999997 0.6238000000000001
0.21999999999999997 0.6384000000000004
0.43999999999999995 0.6682000000000005
0.43999999999999995 0.6635000000000001
0.43999999999999995 0.7078000000000008
0.43999999999999995 0.6934000000000003
0.43999999999999995 0.6436000000000004
0.43999999999999995 0.6854000000000002
0.26 0.6445000000000001
0.36 0.6584000000000003
0.43999999999999995 0.6513000000000004
0.43999999999999995 0.6415000000000003
0.43999999999999995 0.6467000000000006
0.43999999999999995 0.6501000000000005
0.43999999999999995 0.6551000000000005
0.43999999999999995 0.6674000000000007
0.43999999999999995 0.6586000000000004
0.43999999999999995 0.6565000000000003
0.43999999999999995 0.6491999999999998
0.43999999999999995 0.6487999999999999
0.21999999999999997 0.6411000000000004
0.43999999999999995 0.5713000000000005
0.43999999999999995 0.5818000000000004
0.43999999999999995 0.5553000000000003
0.28 0.5968000000000003
0.43999999999999995 0.6251000000000002
0.43999999999999995 0.6234000000000003
0.43999999999999995 0.5717
0.43999999999999995 0.5042000000000004
0.43999999999999995 0.5461
0.43999999999999995 0.5292000000000001
0.43999999999999995 0.5069999999999998
0.43999999999999995 0.5108000000000001
0.43999999999999995 0.5292999999999997
0.43999999999999995 0.5478999999999998
0.43999999999999995 0.5259000000000006
0.43999999999999995 0.49759999999999993
0.43999999999999995 0.5000999999999998
0.43999999999999995 0.4928000000000001
0.43999999999999995 0.4915999999999996
0.43999999999999995 0.47539999999999927
0.33999999999999997 0.5223999999999999
0.38 0.4910999999999997
0.43999999999999995 0.5287000000000002
0.43999999999999995 0.46819999999999923
0.36 0.4771999999999996
0.24 0.4531999999999991
0.43999999999999995 0.45519999999999905
0.43999999999999995 0.45579999999999915
0.28 0.447499999999999
0.28 0.4339999999999987
0.19999999999999996 0.4434999999999988
0.42000000000000004 0.44839999999999874
0.42000000000000004 0.45029999999999876
0.36 0.44799999999999884
0.36 0.45499999999999874
0.38 0.45059999999999883
0.16000000000000003 0.44939999999999874
0.12 0.43429999999999874
0.43999999999999995 0.5255999999999988
0.43999999999999995 0.517399999999999
0.12 0.4818999999999988
0.43999999999999995 0.504599999999999
0.43999999999999995 0.4745999999999988
0.28 0.47329999999999905
0.28 0.491499999999999
0.28 0.455599999999999
0.31999999999999995 0.4680999999999993
0.31999999999999995 0.4540999999999994
0.19999999999999996 0.4434999999999991
0.19999999999999996 0.4788999999999989
0.19999999999999996 0.4365999999999992
0.19999999999999996 0.5601999999999984
0.19999999999999996 0.45449999999999924
0.26 0.457599999999999
0.26 0.4552999999999989
0.4 0.5077999999999988
0.38 0.45639999999999903
0.28 0.4484999999999988
0.24 0.44639999999999874
0.21999999999999997 0.4450999999999988
0.33999999999999997 0.4741999999999985
0.21999999999999997 0.4610999999999991
0.30000000000000004 0.45719999999999916
0.30000000000000004 0.46789999999999965
0.21999999999999997 0.438799999999999
0.21999999999999997 0.43119999999999886
0.21999999999999997 0.43919999999999887
0.21999999999999997 0.4330999999999988
0.28 0.420299999999999
0.28 0.417199999999999
0.19999999999999996 0.41039999999999915
0.14 0.3858999999999994
0.14 0.3299999999999994
0.14 0.3178999999999994
0.14 0.36049999999999927
0.24 0.43599999999999917
0.21999999999999997 0.4697999999999993
0.19999999999999996 0.43909999999999955
0.28 0.5340999999999986
0.21999999999999997 0.5108999999999987
0.21999999999999997 0.5112999999999986
0.21999999999999997 0.4691999999999988
0.09999999999999998 0.4198999999999989
0.09999999999999998 0.3842999999999991
0.06000000000000005 0.38689999999999913
0.06000000000000005 0.35589999999999933
0.06000000000000005 0.31609999999999966
0.21999999999999997 0.34039999999999965
0.14 0.30349999999999994
0.14 0.29089999999999994
0.06000000000000005 0.24629999999999988
0.06000000000000005 0.24769999999999978
0.06000000000000005 0.2390999999999999
0.06000000000000005 0.24050000000000005
0.06000000000000005 0.29080000000000006
0.06000000000000005 0.2885
0.06000000000000005 0.24480000000000005
0.24 0.39529999999999993
0.24 0.41839999999999966
0.24 0.41669999999999957
0.06000000000000005 0.3445
0.06000000000000005 0.2934999999999999
0.06000000000000005 0.2565999999999999
0.14 0.3239999999999997
0.09999999999999998 0.3005999999999998
0.09999999999999998 0.30389999999999995
0.09999999999999998 0.28449999999999975
0.07999999999999996 0.2674999999999998
0.07999999999999996 0.2832999999999998
0.07999999999999996 0.25939999999999985
0.07999999999999996 0.21359999999999993
0.07999999999999996 0.20159999999999992
0.07999999999999996 0.17619999999999994
0.07999999999999996 0.14030000000000006
0.07999999999999996 0.17759999999999995
0.07999999999999996 0.15020000000000003
0.07999999999999996 0.1425000000000001
0.07999999999999996 0.13770000000000002
0.07999999999999996 0.1164000000000001
0.07999999999999996 0.18359999999999965
0.06000000000000005 0.23379999999999979
0.06000000000000005 0.21299999999999975
0.06000000000000005 0.2314999999999997
0.06000000000000005 0.19019999999999979
0.06000000000000005 0.14869999999999994
0.06000000000000005 0.1417
0.06000000000000005 0.11270000000000008
0.06000000000000005 0.10240000000000007
0.06000000000000005 0.10930000000000017
0.06000000000000005 0.10270000000000006
0.06000000000000005 0.27660000000000023
0.07999999999999996 0.17620000000000022
0.07999999999999996 0.18810000000000013
0.07999999999999996 0.15780000000000022
0.07999999999999996 0.1328000000000001
0.06000000000000005 0.15320000000000009
0.06000000000000005 0.11670000000000005
0.06000000000000005 0.1324000000000001
0.06000000000000005 0.15040000000000014
0.06000000000000005 0.09950000000000009
0.06000000000000005 0.09350000000000015
0.06000000000000005 0.11690000000000014
0.06000000000000005 0.10080000000000018
0.06000000000000005 0.10170000000000023
0.040000000000000036 0.10880000000000005
0.040000000000000036 0.08630000000000006
0.06000000000000005 0.08070000000000017
0.040000000000000036 0.09270000000000005
0.040000000000000036 0.1059000000000001
0.040000000000000036 0.10130000000000006
0.06000000000000005 0.09950000000000023
0.06000000000000005 0.11380000000000023
0.06000000000000005 0.11450000000000018
0.06000000000000005 0.08620000000000015
0.06000000000000005 0.08510000000000023
0.06000000000000005 0.5682999999999979
0.06000000000000005 0.5402999999999981
0.06000000000000005 0.411599999999999
0.06000000000000005 0.30149999999999966
0.06000000000000005 0.2613
0.06000000000000005 0.1998000000000001
0.06000000000000005 0.1885000000000001
0.06000000000000005 0.22949999999999993
0.06000000000000005 0.19199999999999992
0.06000000000000005 0.16529999999999997
0.06000000000000005 0.1295000000000001
0.06000000000000005 0.10070000000000004
0.06000000000000005 0.10000000000000009
0.06000000000000005 0.08270000000000008
0.06000000000000005 0.08590000000000009
0.06000000000000005 0.07810000000000007
0.06000000000000005 0.09710000000000005
0.06000000000000005 0.08360000000000005
0.06000000000000005 0.08320000000000005
0.06000000000000005 0.09480000000000002
0.06000000000000005 0.09190000000000006
0.06000000000000005 0.09340000000000011
0.06000000000000005 0.08620000000000004
0.06000000000000005 0.06880000000000004
0.06000000000000005 0.07370000000000002
0.06000000000000005 0.08730000000000006
0.06000000000000005 0.08670000000000005
0.06000000000000005 0.08510000000000001
0.06000000000000005 0.09220000000000005
0.06000000000000005 0.08210000000000002
0.06000000000000005 0.07730000000000005
0.06000000000000005 0.08400000000000002
0.06000000000000005 0.0936000000000001
0.06000000000000005 0.1256000000000001
0.06000000000000005 0.10800000000000014
0.06000000000000005 0.0812000000000001
0.06000000000000005 0.0797000000000001
0.06000000000000005 0.07600000000000008
0.06000000000000005 0.08750000000000002
0.06000000000000005 0.07750000000000008
0.06000000000000005 0.07460000000000011
0.06000000000000005 0.07340000000000008
0.06000000000000005 0.09490000000000007
0.06000000000000005 0.09370000000000005
0.06000000000000005 0.10600000000000012
0.06000000000000005 0.11300000000000017
0.06000000000000005 0.1005000000000002
0.06000000000000005 0.10790000000000019
0.06000000000000005 0.09790000000000017
0.43999999999999995 0.31660000000000055
0.06000000000000005 0.11880000000000022
0.06000000000000005 0.1035000000000002
0.06000000000000005 0.09920000000000019
0.06000000000000005 0.09510000000000021
0.06000000000000005 0.09040000000000017
0.19999999999999996 0.3151000000000006
0.19999999999999996 0.3467000000000005
0.06000000000000005 0.2322
0.06000000000000005 0.17390000000000033
0.06000000000000005 0.14230000000000032
0.06000000000000005 0.11580000000000021
0.06000000000000005 0.14540000000000022
0.06000000000000005 0.10890000000000026
0.06000000000000005 0.11780000000000022
0.06000000000000005 0.11580000000000032
0.06000000000000005 0.10270000000000022
0.06000000000000005 0.11250000000000027
0.06000000000000005 0.09750000000000031
0.4 0.32800000000000074
0.28 0.38130000000000025
0.06000000000000005 0.2234
0.19999999999999996 0.36580000000000007
0.12 0.3848999999999997
0.06000000000000005 0.2989999999999995
0.12 0.3650999999999994
0.12 0.33929999999999927
0.09999999999999998 0.419699999999999
0.09999999999999998 0.3502999999999992
0.12 0.32689999999999964
0.12 0.34959999999999947
0.12 0.26580000000000015
0.07999999999999996 0.23010000000000033
0.07999999999999996 0.19820000000000007
0.07999999999999996 0.29409999999999936
0.07999999999999996 0.21999999999999997
0.07999999999999996 0.19099999999999984
0.07999999999999996 0.1974999999999999
0.06000000000000005 0.4768999999999986
0.06000000000000005 0.42809999999999876
0.06000000000000005 0.24859999999999954
0.06000000000000005 0.21859999999999974
0.040000000000000036 0.23069999999999966
0.040000000000000036 0.30079999999999996
0.040000000000000036 0.15139999999999998
0.040000000000000036 0.14870000000000005
0.040000000000000036 0.12880000000000005
0.040000000000000036 0.18439999999999987
0.040000000000000036 0.1413
0.040000000000000036 0.1282000000000001
0.040000000000000036 0.1330000000000001
0.040000000000000036 0.1115000000000001
0.040000000000000036 0.10210000000000012
0.040000000000000036 0.09850000000000016
0.040000000000000036 0.10250000000000012
0.040000000000000036 0.06800000000000007
0.040000000000000036 0.08360000000000005
0.040000000000000036 0.08660000000000007
0.040000000000000036 0.0825000000000001
0.040000000000000036 0.07780000000000012
0.040000000000000036 0.09260000000000007
0.040000000000000036 0.08860000000000005
0.040000000000000036 0.1002
0.040000000000000036 0.07700000000000007
0.040000000000000036 0.07640000000000004
0.040000000000000036 0.08790000000000005
0.040000000000000036 0.06500000000000003
0.040000000000000036 0.08500000000000009
0.040000000000000036 0.07660000000000003
0.040000000000000036 0.07120000000000004
0.040000000000000036 0.12340000000000001
0.040000000000000036 0.13780000000000003
0.040000000000000036 0.41099999999999903
0.040000000000000036 0.11270000000000004
0.040000000000000036 0.2636999999999996
0.040000000000000036 0.22069999999999979
0.040000000000000036 0.47219999999999873
0.040000000000000036 0.3215999999999994
0.040000000000000036 0.22709999999999972
0.040000000000000036 0.16879999999999998
0.040000000000000036 0.5364999999999982
0.33999999999999997 0.650699999999998
0.33999999999999997 0.6420999999999978
0.33999999999999997 0.6355999999999977
0.33999999999999997 0.6190999999999979
0.38 0.6054999999999983
0.09999999999999998 0.5673999999999988
0.09999999999999998 0.5265999999999994
0.06000000000000005 0.4304999999999995
0.06000000000000005 0.3868
0.06000000000000005 0.3063
0.040000000000000036 0.3266999999999999
0.040000000000000036 0.19659999999999986
0.040000000000000036 0.19449999999999995
0.040000000000000036 0.23329999999999992
0.07999999999999996 0.4392999999999999
0.040000000000000036 0.3879999999999996
0.040000000000000036 0.13119999999999998
0.040000000000000036 0.16940000000000002
0.040000000000000036 0.16349999999999995
0.040000000000000036 0.1521
0.040000000000000036 0.1341
0.040000000000000036 0.11450000000000003
0.040000000000000036 0.12000000000000009
0.040000000000000036 0.09130000000000008
0.040000000000000036 0.07750000000000008
0.040000000000000036 0.06760000000000006
0.040000000000000036 0.07060000000000007
0.040000000000000036 0.07600000000000005
0.040000000000000036 0.16840000000000008
0.040000000000000036 0.09269999999999999
0.040000000000000036 0.07180000000000003
0.040000000000000036 0.0868
0.040000000000000036 0.06460000000000005
0.040000000000000036 0.2761000000000003
0.040000000000000036 0.21350000000000033
0.040000000000000036 0.09770000000000001
0.30000000000000004 0.42210000000000014
0.26 0.42010000000000003
0.18000000000000005 0.4037999999999997
0.040000000000000036 0.13680000000000012
0.040000000000000036 0.11190000000000003
0.040000000000000036 0.1274
0.040000000000000036 0.11120000000000002
0.040000000000000036 0.08600000000000003
0.040000000000000036 0.09270000000000005
0.040000000000000036 0.08310000000000003
0.040000000000000036 0.10320000000000006
0.040000000000000036 0.08580000000000004
0.040000000000000036 0.06420000000000005
0.040000000000000036 0.07950000000000003
0.040000000000000036 0.12840000000000018
0.26 0.3964000000000001
0.26 0.37260000000000004
0.040000000000000036 0.35920000000000035
0.040000000000000036 0.3200000000000006
0.040000000000000036 0.08150000000000004
0.040000000000000036 0.07780000000000004
0.040000000000000036 0.07870000000000003
0.040000000000000036 0.10870000000000003
0.040000000000000036 0.08490000000000002
0.040000000000000036 0.08460000000000005
0.040000000000000036 0.06280000000000004
0.040000000000000036 0.06320000000000003
0.040000000000000036 0.08650000000000002
0.040000000000000036 0.08950000000000002
0.040000000000000036 0.10620000000000003
0.040000000000000036 0.10460000000000003
0.040000000000000036 0.10290000000000005
0.040000000000000036 0.34680000000000094
0.30000000000000004 0.3606000000000011
0.040000000000000036 0.3225000000000009
0.31999999999999995 0.34120000000000145
0.31999999999999995 0.3400000000000014
0.31999999999999995 0.347600000000001
0.19999999999999996 0.3388000000000013
0.19999999999999996 0.32330000000000164
0.040000000000000036 0.30670000000000086
0.18000000000000005 0.32370000000000027
0.18000000000000005 0.31029999999999985
0.16000000000000003 0.3095999999999997
0.16000000000000003 0.29979999999999973
0.16000000000000003 0.45769999999999944
0.36 0.6248999999999999
0.16000000000000003 0.4328000000000001
0.28 0.3944000000000005
0.28 0.5147000000000004
0.30000000000000004 0.5270000000000005
0.19999999999999996 0.37150000000000005
0.26 0.48749999999999993
0.18000000000000005 0.5130000000000008
0.30000000000000004 0.48410000000000075
0.26 0.4502999999999999
0.19999999999999996 0.3614999999999997
0.26 0.4526000000000006
0.33999999999999997 0.3917
0.19999999999999996 0.3776000000000001
0.28 0.3584000000000004
0.18000000000000005 0.42589999999999956
0.19999999999999996 0.3813000000000002
0.24 0.3422000000000002
0.24 0.33459999999999984
0.24 0.2986
0.24 0.3388999999999998
0.24 0.2856999999999997
0.24 0.2528000000000002
0.24 0.26910000000000023
0.24 0.26640000000000014
0.24 0.2575
0.24 0.2516999999999999
0.31999999999999995 0.4002000000000001
0.24 0.4512000000000004
0.24 0.2702000000000002
0.31999999999999995 0.4881000000000001
0.31999999999999995 0.4708000000000003
0.28 0.4401999999999997
0.24 0.4799999999999996
0.24 0.3949999999999996
0.24 0.4462
0.24 0.4009000000000002
0.24 0.3575000000000004
0.21999999999999997 0.3765000000000004
0.24 0.3434000000000005
0.24 0.33360000000000034
0.21999999999999997 0.31199999999999994
0.26 0.47209999999999985
0.30000000000000004 0.44989999999999947
0.21999999999999997 0.2837999999999996
0.21999999999999997 0.2767999999999994
0.21999999999999997 0.26279999999999926
0.21999999999999997 0.3944999999999999
0.30000000000000004 0.44870000000000027
0.30000000000000004 0.45610000000000006
0.26 0.41480000000000017
0.26 0.4323999999999999
0.36 0.4485999999999995
0.36 0.44499999999999973
0.28 0.4172
0.28 0.4060999999999996
0.30000000000000004 0.3867999999999997
0.26 0.40109999999999985
0.26 0.37719999999999976
0.26 0.35979999999999995
0.26 0.34020000000000006
0.24 0.3166000000000004
0.24 0.3236000000000002
0.24 0.34709999999999985
0.24 0.3146000000000002
0.19999999999999996 0.3365999999999999
0.19999999999999996 0.31850000000000006
0.6599999999999999 0.6599999999999975
0.6599999999999999 0.6642999999999976
0.6599999999999999 0.6603999999999973
0.6599999999999999 0.6599999999999975
0.6599999999999999 0.6599999999999975
0.6599999999999999 0.6599999999999975
0.6599999999999999 0.6599999999999975
0.6599999999999999 0.6599999999999975
0.6599999999999999 0.6613999999999974
0.6599999999999999 0.6609999999999974
0.6599999999999999 0.6602999999999976
0.6599999999999999 0.6600999999999975
0.6599999999999999 0.6599999999999975
0.6599999999999999 0.6599999999999975
0.6599999999999999 0.6599999999999975
0.26 0.6395999999999975
0.6599999999999999 0.6599999999999975
0.6599999999999999 0.6599999999999975
0.6599999999999999 0.6599999999999975
0.6599999999999999 0.6599999999999975
0.6599999999999999 0.6599999999999975
0.6599999999999999 0.6599999999999975
0.6599999999999999 0.6599999999999975
0.6599999999999999 0.6599999999999975
0.6599999999999999 0.6599999999999975
0.6599999999999999 0.6599999999999975
0.6599999999999999 0.6599999999999975
0.6599999999999999 0.6599999999999975
0.6599999999999999 0.6599999999999975
0.6599999999999999 0.6599999999999975
0.6599999999999999 0.6599999999999975
0.6599999999999999 0.6599999999999975
0.6599999999999999 0.6599999999999975
0.6599999999999999 0.6599999999999975
0.6599999999999999 0.6599999999999975
0.6599999999999999 0.6599999999999975
0.6599999999999999 0.6599999999999975
0.6599999999999999 0.6599999999999975
0.6599999999999999 0.6599999999999975
0.6599999999999999 0.6599999999999975
0.6599999999999999 0.6599999999999975
0.6599999999999999 0.6599999999999975
0.6599999999999999 0.6599999999999975
