0.33999999999999997 0.5771000000000005
0.33999999999999997 0.5749000000000001
0.33999999999999997 0.6036999999999998
0.33999999999999997 0.5865
0.33999999999999997 0.6120999999999998
0.33999999999999997 0.5801999999999997
0.36 0.6203999999999996
0.33999999999999997 0.6025999999999996
0.31999999999999995 0.6328999999999996
0.28 0.5379999999999997
0.07999999999999996 0.5294999999999996
0.07999999999999996 0.5647999999999996
0.28 0.5607
0.07999999999999996 0.48369999999999974
0.33999999999999997 0.5517000000000006
0.07999999999999996 0.5495000000000002
0.12 0.4662999999999997
0.19999999999999996 0.47480000000000017
0.14 0.49490000000000045
0.07999999999999996 0.48989999999999995
0.18000000000000005 0.4640999999999997
0.16000000000000003 0.512
0.12 0.40970000000000006
0.24 0.40200000000000025
0.38 0.5956999999999996
0.14 0.5227999999999996
0.30000000000000004 0.5416999999999997
0.24 0.5236
0.24 0.5619000000000003
0.24 0.5043000000000002
0.24 0.4628
0.24 0.4368999999999999
0.24 0.41450000000000015
0.24 0.5598000000000003
0.21999999999999997 0.6476999999999993
0.21999999999999997 0.6556000000000004
0.26 0.6002
0.21999999999999997 0.5904000000000003
0.28 0.5572999999999999
0.24 0.5111999999999998
0.19999999999999996 0.5392999999999999
0.36 0.5260000000000007
0.24 0.4552999999999999
0.19999999999999996 0.46040000000000025
0.12 0.4326999999999998
0.12 0.4016999999999998
0.14 0.3482
0.14 0.32680000000000037
0.14 0.3423000000000001
0.07999999999999996 0.30800000000000066
0.14 0.3187000000000002
0.16000000000000003 0.32980000000000054
0.18000000000000005 0.32770000000000066
0.12 0.3171000000000007
0.14 0.2751000000000008
0.12 0.3347000000000007
0.07999999999999996 0.3068000000000004
0.12 0.28280000000000066
0.040000000000000036 0.26610000000000034
0.06000000000000005 0.3074000000000005
0.040000000000000036 0.31050000000000094
0.040000000000000036 0.2976000000000006
0.040000000000000036 0.2239000000000002
0.06000000000000005 0.24620000000000045
0.06000000000000005 0.20740000000000014
0.06000000000000005 0.22910000000000008
0.06000000000000005 0.2264000000000001
0.06000000000000005 0.19519999999999996
0.06000000000000005 0.16070000000000007
0.06000000000000005 0.1275
0.06000000000000005 0.10559999999999997
0.06000000000000005 0.09719999999999997
0.06000000000000005 0.10809999999999988
0.06000000000000005 0.15179999999999977
0.06000000000000005 0.1485999999999998
0.06000000000000005 0.1746999999999999
0.06000000000000005 0.10199999999999994
0.06000000000000005 0.1269
0.06000000000000005 0.10029999999999997
0.06000000000000005 0.10960000000000006
0.06000000000000005 0.13040000000000002
0.06000000000000005 0.17520000000000002
0.06000000000000005 0.1822
0.06000000000000005 0.19410000000000005
0.07999999999999996 0.14070000000000005
0.07999999999999996 0.10520000000000002
0.06000000000000005 0.11880000000000025
0.06000000000000005 0.07380000000000021
0.06000000000000005 0.0763000000000002
0.06000000000000005 0.1343000000000002
0.06000000000000005 0.07310000000000023
0.06000000000000005 0.1145000000000003
0.06000000000000005 0.2682000000000004
0.06000000000000005 0.3624
0.06000000000000005 0.40890000000000026
0.06000000000000005 0.3333999999999998
0.06000000000000005 0.46130000000000065
0.06000000000000005 0.3422999999999998
0.06000000000000005 0.23690000000000008
0.06000000000000005 0.26859999999999984
0.06000000000000005 0.4337000000000002
0.33999999999999997 0.538900000000001
0.12 0.2988000000000001
0.19999999999999996 0.2824000000000003
0.36 0.6036000000000005
0.21999999999999997 0.5498000000000011
0.33999999999999997 0.5570000000000013
0.33999999999999997 0.5292000000000003
0.12 0.4404000000000001
0.12 0.37379999999999997
0.30000000000000004 0.39829999999999993
0.07999999999999996 0.32489999999999997
0.06000000000000005 0.33509999999999995
0.06000000000000005 0.2343000000000001
0.06000000000000005 0.28289999999999976
0.12 0.35450000000000037
0.06000000000000005 0.3243
0.07999999999999996 0.3372999999999999
0.07999999999999996 0.3353000000000009
0.07999999999999996 0.20240000000000002
0.07999999999999996 0.16129999999999978
0.06000000000000005 0.11789999999999992
0.06000000000000005 0.10339999999999999
0.06000000000000005 0.10469999999999997
0.06000000000000005 0.09249999999999997
0.07999999999999996 0.13010000000000008
0.06000000000000005 0.09460000000000013
0.06000000000000005 0.3888999999999999
0.06000000000000005 0.3027000000000002
0.06000000000000005 0.20490000000000008
0.06000000000000005 0.18010000000000004
0.06000000000000005 0.15000000000000002
0.06000000000000005 0.11000000000000007
0.06000000000000005 0.09050000000000008
0.06000000000000005 0.11889999999999999
0.06000000000000005 0.09820000000000008
0.06000000000000005 0.0923000000000001
0.07999999999999996 0.19290000000000007
0.07999999999999996 0.19310000000000016
0.07999999999999996 0.31310000000000004
0.040000000000000036 0.2850000000000002
0.06000000000000005 0.2576000000000003
0.21999999999999997 0.3763
0.21999999999999997 0.34409999999999996
0.21999999999999997 0.32010000000000033
0.14 0.2112000000000001
0.14 0.17240000000000005
0.07999999999999996 0.19569999999999996
0.07999999999999996 0.24720000000000023
0.07999999999999996 0.24000000000000013
0.09999999999999998 0.2401999999999999
0.09999999999999998 0.23889999999999986
0.06000000000000005 0.21769999999999992
0.06000000000000005 0.20630000000000004
0.06000000000000005 0.2700000000000003
0.06000000000000005 0.2703000000000001
0.09999999999999998 0.26390000000000013
0.12 0.2575000000000001
0.12 0.2353
0.06000000000000005 0.22479999999999983
0.07999999999999996 0.2790000000000002
0.12 0.21429999999999996
0.07999999999999996 0.22459999999999977
0.12 0.24609999999999996
0.06000000000000005 0.21369999999999997
0.18000000000000005 0.25319999999999987
0.19999999999999996 0.2406999999999999
0.18000000000000005 0.2471999999999998
0.18000000000000005 0.23409999999999964
0.18000000000000005 0.22069999999999962
0.18000000000000005 0.2192999999999995
0.18000000000000005 0.22109999999999963
0.18000000000000005 0.21649999999999964
0.14 0.20269999999999957
0.040000000000000036 0.19419999999999965
0.09999999999999998 0.18689999999999973
0.06000000000000005 0.16019999999999981
0.040000000000000036 0.18429999999999974
0.06000000000000005 0.13459999999999986
0.040000000000000036 0.1947999999999997
0.040000000000000036 0.17749999999999982
0.040000000000000036 0.1894999999999998
0.06000000000000005 0.24900000000000005
0.07999999999999996 0.21929999999999997
0.07999999999999996 0.1964999999999997
0.12 0.2789999999999997
0.07999999999999996 0.18279999999999974
0.07999999999999996 0.22279999999999966
0.040000000000000036 0.2172999999999997
0.040000000000000036 0.18619999999999975
0.040000000000000036 0.1823999999999998
0.040000000000000036 0.16409999999999983
0.040000000000000036 0.18509999999999988
0.06000000000000005 0.25489999999999974
0.06000000000000005 0.16829999999999973
0.06000000000000005 0.1347999999999998
0.06000000000000005 0.11939999999999987
0.06000000000000005 0.09559999999999987
0.06000000000000005 0.07789999999999994
0.06000000000000005 0.09819999999999997
0.06000000000000005 0.08390000000000003
0.06000000000000005 0.07150000000000001
0.06000000000000005 0.06630000000000001
0.06000000000000005 0.13279999999999995
0.06000000000000005 0.0953
0.06000000000000005 0.06530000000000001
0.06000000000000005 0.09600000000000002
0.06000000000000005 0.05659999999999998
0.06000000000000005 0.06290000000000004
0.06000000000000005 0.06500000000000013
0.06000000000000005 0.06700000000000021
0.06000000000000005 0.06700000000000021
0.06000000000000005 0.06680000000000025
0.06000000000000005 0.0673000000000003
0.06000000000000005 0.06770000000000029
0.06000000000000005 0.0704000000000003
0.06000000000000005 0.06820000000000027
0.06000000000000005 0.0671000000000003
0.06000000000000005 0.07030000000000025
0.14 0.0809000000000002
0.06000000000000005 0.08100000000000022
0.06000000000000005 0.07820000000000023
0.06000000000000005 0.06940000000000027
0.06000000000000005 0.07050000000000027
0.06000000000000005 0.06980000000000026
0.06000000000000005 0.09710000000000017
0.06000000000000005 0.17999999999999997
0.06000000000000005 0.13499999999999968
0.06000000000000005 0.11229999999999978
0.06000000000000005 0.09839999999999996
0.06000000000000005 0.0850000000000002
0.06000000000000005 0.07990000000000022
0.06000000000000005 0.07490000000000024
0.06000000000000005 0.07100000000000024
0.06000000000000005 0.07170000000000029
0.09999999999999998 0.07570000000000027
0.06000000000000005 0.06540000000000029
0.06000000000000005 0.08650000000000023
0.06000000000000005 0.06530000000000027
0.06000000000000005 0.06600000000000025
0.06000000000000005 0.06880000000000025
0.06000000000000005 0.07140000000000027
0.06000000000000005 0.0634000000000003
0.06000000000000005 0.0624000000000003
0.06000000000000005 0.06360000000000028
0.06000000000000005 0.07230000000000028
0.06000000000000005 0.06610000000000031
0.06000000000000005 0.0711000000000003
0.06000000000000005 0.11840000000000028
0.06000000000000005 0.07250000000000029
0.06000000000000005 0.12070000000000025
0.06000000000000005 0.09970000000000026
0.06000000000000005 0.07890000000000019
0.06000000000000005 0.07420000000000021
0.06000000000000005 0.12240000000000024
0.06000000000000005 0.0987000000000002
0.06000000000000005 0.11460000000000019
0.07999999999999996 0.09400000000000017
0.07999999999999996 0.0756000000000002
0.06000000000000005 0.07440000000000022
0.06000000000000005 0.07180000000000027
0.06000000000000005 0.06610000000000033
0.06000000000000005 0.06270000000000034
0.06000000000000005 0.06450000000000032
0.06000000000000005 0.06950000000000033
0.06000000000000005 0.06980000000000035
0.06000000000000005 0.07080000000000028
0.06000000000000005 0.062300000000000307
0.06000000000000005 0.06420000000000033
0.06000000000000005 0.06680000000000029
0.06000000000000005 0.06520000000000031
0.07999999999999996 0.06350000000000032
0.07999999999999996 0.09210000000000033
0.07999999999999996 0.17620000000000044
0.06000000000000005 0.19020000000000034
0.06000000000000005 0.14630000000000043
0.06000000000000005 0.11090000000000023
0.06000000000000005 0.08730000000000018
0.06000000000000005 0.1041000000000001
0.06000000000000005 0.11520000000000023
0.06000000000000005 0.11100000000000025
0.06000000000000005 0.09150000000000016
0.06000000000000005 0.10630000000000019
0.06000000000000005 0.12860000000000021
0.06000000000000005 0.1039
0.06000000000000005 0.09030000000000005
0.06000000000000005 0.08780000000000006
0.06000000000000005 0.22060000000000027
0.06000000000000005 0.2477999999999999
0.06000000000000005 0.20660000000000023
0.06000000000000005 0.15500000000000017
0.06000000000000005 0.11190000000000021
0.06000000000000005 0.09310000000000024
0.06000000000000005 0.15100000000000033
0.06000000000000005 0.0880000000000002
0.06000000000000005 0.08550000000000019
0.06000000000000005 0.08030000000000014
0.06000000000000005 0.07550000000000016
0.06000000000000005 0.07790000000000022
0.06000000000000005 0.06810000000000027
0.06000000000000005 0.0948000000000002
0.06000000000000005 0.08050000000000025
0.06000000000000005 0.20330000000000006
0.06000000000000005 0.1718000000000001
0.06000000000000005 0.1137000000000002
0.06000000000000005 0.10540000000000022
0.06000000000000005 0.1534000000000001
0.06000000000000005 0.10860000000000017
0.06000000000000005 0.10490000000000016
0.06000000000000005 0.15060000000000012
0.06000000000000005 0.08070000000000029
0.06000000000000005 0.07630000000000027
0.06000000000000005 0.0794000000000003
0.06000000000000005 0.3904000000000003
0.06000000000000005 0.11110000000000028
0.06000000000000005 0.07470000000000032
0.06000000000000005 0.17940000000000034
0.06000000000000005 0.13330000000000014
0.06000000000000005 0.3187000000000003
0.06000000000000005 0.1550000000000001
0.06000000000000005 0.19100000000000023
0.06000000000000005 0.11600000000000021
0.06000000000000005 0.2786000000000004
0.06000000000000005 0.2517000000000004
0.06000000000000005 0.22620000000000012
0.06000000000000005 0.20249999999999985
0.06000000000000005 0.2353999999999996
0.06000000000000005 0.2051999999999997
0.19999999999999996 0.23369999999999963
0.06000000000000005 0.18809999999999974
0.19999999999999996 0.22479999999999972
0.19999999999999996 0.32329999999999987
0.19999999999999996 0.2388999999999996
0.19999999999999996 0.21739999999999957
0.16000000000000003 0.20909999999999954
0.12 0.20179999999999956
0.12 0.1970999999999996
0.14 0.18939999999999974
0.14 0.18139999999999976
0.14 0.16969999999999982
0.14 0.15979999999999997
0.12 0.19009999999999963
0.12 0.15859999999999996
0.12 0.14879999999999996
0.07999999999999996 0.21219999999999964
0.06000000000000005 0.17709999999999987
0.06000000000000005 0.14309999999999984
0.06000000000000005 0.13199999999999984
0.06000000000000005 0.19549999999999987
0.06000000000000005 0.15049999999999988
0.06000000000000005 0.1390999999999999
0.06000000000000005 0.14799999999999988
0.06000000000000005 0.11739999999999982
0.06000000000000005 0.11089999999999989
0.06000000000000005 0.0996999999999999
0.06000000000000005 0.0911999999999998
0.06000000000000005 0.07969999999999997
0.06000000000000005 0.07800000000000001
0.06000000000000005 0.07070000000000015
0.06000000000000005 0.06850000000000023
0.06000000000000005 0.0661000000000003
0.06000000000000005 0.0646000000000003
0.06000000000000005 0.07060000000000026
0.06000000000000005 0.06960000000000022
0.06000000000000005 0.0709000000000003
0.06000000000000005 0.22090000000000015
0.06000000000000005 0.24309999999999984
0.06000000000000005 0.23179999999999976
0.06000000000000005 0.23930000000000093
0.06000000000000005 0.18430000000000035
0.06000000000000005 0.16300000000000003
0.06000000000000005 0.11510000000000012
0.06000000000000005 0.07830000000000024
0.06000000000000005 0.07680000000000026
0.06000000000000005 0.08810000000000025
0.06000000000000005 0.0654000000000003
0.06000000000000005 0.06330000000000034
0.06000000000000005 0.08460000000000031
0.06000000000000005 0.0901000000000003
0.06000000000000005 0.11460000000000031
0.06000000000000005 0.11830000000000024
0.06000000000000005 0.1448000000000002
0.06000000000000005 0.17690000000000006
0.14 0.2866000000000002
0.14 0.24899999999999994
0.14 0.21179999999999974
0.14 0.19890000000000005
0.14 0.20210000000000006
0.07999999999999996 0.16510000000000002
0.07999999999999996 0.14319999999999974
0.07999999999999996 0.13109999999999983
0.06000000000000005 0.13399999999999998
0.06000000000000005 0.1258000000000002
0.06000000000000005 0.13400000000000023
0.06000000000000005 0.1376000000000002
0.06000000000000005 0.12160000000000024
0.06000000000000005 0.11690000000000018
0.06000000000000005 0.10400000000000015
0.06000000000000005 0.12090000000000027
0.06000000000000005 0.11200000000000022
0.06000000000000005 0.10840000000000026
0.06000000000000005 0.11010000000000021
0.06000000000000005 0.1011000000000001
0.06000000000000005 0.09500000000000001
0.06000000000000005 0.11999999999999994
0.06000000000000005 0.15600000000000017
0.06000000000000005 0.10409999999999998
0.06000000000000005 0.0922
0.06000000000000005 0.12080000000000006
0.06000000000000005 0.09740000000000011
0.06000000000000005 0.21629999999999996
0.06000000000000005 0.19539999999999974
0.19999999999999996 0.22319999999999957
0.06000000000000005 0.2248999999999996
0.19999999999999996 0.2303999999999994
0.19999999999999996 0.22879999999999956
0.19999999999999996 0.22329999999999983
0.19999999999999996 0.22279999999999966
0.19999999999999996 0.2189999999999995
0.040000000000000036 0.1808999999999995
0.040000000000000036 0.20909999999999956
0.040000000000000036 0.16569999999999963
0.040000000000000036 0.14839999999999975
0.040000000000000036 0.16369999999999968
0.040000000000000036 0.15479999999999983
0.040000000000000036 0.14350000000000004
0.040000000000000036 0.1466000000000001
0.040000000000000036 0.13790000000000013
0.040000000000000036 0.13150000000000006
0.040000000000000036 0.12000000000000015
0.040000000000000036 0.11160000000000002
0.06000000000000005 0.09340000000000004
0.06000000000000005 0.08380000000000008
0.040000000000000036 0.32020000000000143
0.07999999999999996 0.264300000000001
0.07999999999999996 0.2159
0.06000000000000005 0.17950000000000008
0.06000000000000005 0.11760000000000004
0.06000000000000005 0.09720000000000008
0.06000000000000005 0.07870000000000008
0.06000000000000005 0.06619999999999993
0.06000000000000005 0.06369999999999998
0.06000000000000005 0.0681000000000001
0.06000000000000005 0.06730000000000023
0.06000000000000005 0.06790000000000025
0.06000000000000005 0.08850000000000023
0.06000000000000005 0.07000000000000024
0.06000000000000005 0.06930000000000025
0.06000000000000005 0.0994000000000002
0.06000000000000005 0.08150000000000025
0.06000000000000005 0.07470000000000025
0.06000000000000005 0.07380000000000025
0.06000000000000005 0.07610000000000025
0.06000000000000005 0.07540000000000027
0.06000000000000005 0.06940000000000028
0.06000000000000005 0.08710000000000026
0.06000000000000005 0.06860000000000024
0.06000000000000005 0.09300000000000025
0.06000000000000005 0.08700000000000026
0.06000000000000005 0.12970000000000037
0.06000000000000005 0.10300000000000024
0.06000000000000005 0.08040000000000021
0.06000000000000005 0.07710000000000021
0.06000000000000005 0.06920000000000028
0.06000000000000005 0.0663000000000003
0.06000000000000005 0.06530000000000029
0.06000000000000005 0.07280000000000028
0.06000000000000005 0.1066000000000003
0.06000000000000005 0.08440000000000024
0.06000000000000005 0.08030000000000022
0.06000000000000005 0.07460000000000025
0.06000000000000005 0.07910000000000023
0.06000000000000005 0.06730000000000028
0.06000000000000005 0.13500000000000015
0.06000000000000005 0.12580000000000008
0.06000000000000005 0.09100000000000011
0.06000000000000005 0.08040000000000017
0.06000000000000005 0.07800000000000021
0.06000000000000005 0.1250000000000001
0.06000000000000005 0.11410000000000002
0.06000000000000005 0.07710000000000021
0.06000000000000005 0.09140000000000008
0.06000000000000005 0.09170000000000009
0.06000000000000005 0.06790000000000024
0.06000000000000005 0.07680000000000013
0.06000000000000005 0.06860000000000023
0.06000000000000005 0.06690000000000024
0.06000000000000005 0.0721000000000001
0.06000000000000005 0.07630000000000013
0.06000000000000005 0.10610000000000014
0.06000000000000005 0.0727000000000002
0.06000000000000005 0.06670000000000029
0.06000000000000005 0.08020000000000024
0.06000000000000005 0.07040000000000028
0.06000000000000005 0.0657000000000003
0.06000000000000005 0.06220000000000032
0.06000000000000005 0.06250000000000032
0.06000000000000005 0.09840000000000032
0.06000000000000005 0.11890000000000037
0.06000000000000005 0.08220000000000026
