0.07999999999999996 0.5767199999999992
0.16000000000000003 0.5399000000000002
0.16000000000000003 0.510100000000001
0.09999999999999998 0.48352000000000145
0.040000000000000036 0.4591400000000015
0.040000000000000036 0.43238000000000176
0.040000000000000036 0.41100000000000025
0.040000000000000036 0.3755800000000002
0.040000000000000036 0.3503200000000002
0.040000000000000036 0.33264000000000016
0.040000000000000036 0.3278000000000001
0.040000000000000036 0.31590000000000085
0.040000000000000036 0.2996400000000011
0.040000000000000036 0.29386000000000123
0.040000000000000036 0.2783600000000009
0.040000000000000036 0.2799400000000015
0.040000000000000036 0.2757200000000014
0.040000000000000036 0.26556000000000063
0.040000000000000036 0.25694000000000106
0.020000000000000018 0.25196000000000107
0.020000000000000018 0.24244000000000102
0.020000000000000018 0.23674000000000064
0.020000000000000018 0.2489600000000011
0.020000000000000018 0.2482600000000006
0.020000000000000018 0.23324000000000047
0.020000000000000018 0.2266200000000005
0.020000000000000018 0.2132400000000005
0.020000000000000018 0.21862000000000043
0.020000000000000018 0.22414000000000028
0.020000000000000018 0.22018
0.020000000000000018 0.19999999999999996
0.020000000000000018 0.1991600000000002
0.020000000000000018 0.19493999999999975
0.020000000000000018 0.19288000000000005
0.020000000000000018 0.1819799999999999
0.020000000000000018 0.17879999999999985
0.020000000000000018 0.16837999999999992
0.020000000000000018 0.15895999999999966
0.020000000000000018 0.15901999999999972
0.020000000000000018 0.14779999999999965
0.020000000000000018 0.13983999999999963
0.020000000000000018 0.13949999999999962
0.020000000000000018 0.14477999999999963
0.020000000000000018 0.13683999999999963
0.020000000000000018 0.13109999999999958
0.020000000000000018 0.13317999999999955
0.020000000000000018 0.12817999999999968
0.020000000000000018 0.12373999999999957
0.020000000000000018 0.11451999999999954
0.020000000000000018 0.11819999999999954
0.020000000000000018 0.11989999999999952
0.020000000000000018 0.1298799999999996
0.020000000000000018 0.1260599999999996
0.020000000000000018 0.1261399999999997
0.020000000000000018 0.13621999999999967
0.020000000000000018 0.1311399999999997
0.020000000000000018 0.13667999999999964
0.020000000000000018 0.12885999999999972
0.020000000000000018 0.12805999999999973
0.020000000000000018 0.13225999999999957
0.020000000000000018 0.12873999999999952
0.020000000000000018 0.11971999999999959
0.020000000000000018 0.11873999999999962
0.020000000000000018 0.11997999999999961
0.020000000000000018 0.1171399999999995
0.020000000000000018 0.1107199999999996
0.020000000000000018 0.11119999999999966
0.020000000000000018 0.11215999999999962
0.020000000000000018 0.12485999999999958
0.020000000000000018 0.11805999999999961
0.020000000000000018 0.1308799999999997
0.020000000000000018 0.1303799999999996
0.020000000000000018 0.12209999999999963
0.020000000000000018 0.1293799999999996
0.020000000000000018 0.12605999999999953
0.020000000000000018 0.12063999999999954
0.020000000000000018 0.1219599999999996
0.020000000000000018 0.1340799999999997
0.020000000000000018 0.12961999999999962
0.020000000000000018 0.12943999999999964
0.020000000000000018 0.13145999999999952
0.020000000000000018 0.13847999999999963
0.020000000000000018 0.12865999999999955
0.020000000000000018 0.1227399999999997
0.020000000000000018 0.12465999999999963
0.020000000000000018 0.11939999999999946
0.020000000000000018 0.1352399999999996
0.020000000000000018 0.12549999999999956
0.020000000000000018 0.13517999999999974
0.020000000000000018 0.13153999999999955
0.020000000000000018 0.12981999999999938
0.020000000000000018 0.13377999999999937
0.020000000000000018 0.13413999999999962
0.020000000000000018 0.1268599999999995
0.020000000000000018 0.13175999999999966
0.020000000000000018 0.1301599999999996
0.020000000000000018 0.12229999999999962
0.020000000000000018 0.11915999999999966
0.020000000000000018 0.12229999999999966
0.020000000000000018 0.1323399999999996
