0.42000000000000004 0.6477000000000004
0.42000000000000004 0.6588000000000003
0.42000000000000004 0.6697000000000004
0.42000000000000004 0.6560000000000004
0.42000000000000004 0.6617000000000008
0.26 0.6625000000000003
0.42000000000000004 0.6908999999999995
0.09999999999999998 0.6876999999999996
0.42000000000000004 0.6673000000000004
0.42000000000000004 0.6971999999999998
0.42000000000000004 0.7164
0.42000000000000004 0.7196000000000007
0.42000000000000004 0.7148000000000003
0.42000000000000004 0.7207000000000003
0.43999999999999995 0.7138999999999995
0.42000000000000004 0.7134999999999999
0.42000000000000004 0.7147000000000006
0.43999999999999995 0.6989000000000005
0.43999999999999995 0.7103000000000007
0.42000000000000004 0.7336000000000008
0.43999999999999995 0.7573000000000006
0.43999999999999995 0.7441000000000006
0.42000000000000004 0.7620000000000009
0.42000000000000004 0.7470000000000004
0.42000000000000004 0.7510000000000008
0.43999999999999995 0.7225000000000006
0.42000000000000004 0.7285000000000007
0.42000000000000004 0.7051000000000005
0.42000000000000004 0.7464000000000008
0.42000000000000004 0.7115000000000005
0.42000000000000004 0.7243000000000006
0.42000000000000004 0.7273000000000005
0.43999999999999995 0.6974000000000004
0.45999999999999996 0.6808000000000001
0.45999999999999996 0.6526000000000006
0.42000000000000004 0.6324000000000006
0.42000000000000004 0.6401000000000007
0.42000000000000004 0.6144000000000007
0.42000000000000004 0.5627000000000004
0.42000000000000004 0.5608000000000005
0.42000000000000004 0.6006000000000006
0.42000000000000004 0.5670000000000006
0.45999999999999996 0.5445000000000005
0.45999999999999996 0.5406000000000004
0.42000000000000004 0.5708000000000006
0.42000000000000004 0.5688000000000007
0.42000000000000004 0.6013000000000008
0.42000000000000004 0.6018000000000007
0.45999999999999996 0.5971000000000007
0.45999999999999996 0.5826000000000006
0.42000000000000004 0.5687000000000006
0.42000000000000004 0.5401000000000006
0.42000000000000004 0.5316000000000005
0.42000000000000004 0.5461000000000006
0.42000000000000004 0.6654000000000002
0.42000000000000004 0.6361000000000004
0.42000000000000004 0.5864000000000006
0.42000000000000004 0.6075000000000006
0.42000000000000004 0.5750000000000006
0.42000000000000004 0.6629000000000005
0.42000000000000004 0.6742000000000004
0.42000000000000004 0.6037000000000008
0.42000000000000004 0.6560000000000007
0.42000000000000004 0.5942000000000008
0.42000000000000004 0.6116000000000004
0.42000000000000004 0.5943000000000005
0.42000000000000004 0.5925000000000004
0.42000000000000004 0.5138000000000007
0.42000000000000004 0.5355000000000003
0.42000000000000004 0.5773000000000007
0.42000000000000004 0.5173000000000006
0.42000000000000004 0.4520000000000003
0.42000000000000004 0.45480000000000026
0.42000000000000004 0.44020000000000054
0.42000000000000004 0.43280000000000063
0.42000000000000004 0.4322000000000005
0.42000000000000004 0.44190000000000074
0.42000000000000004 0.43830000000000063
0.42000000000000004 0.4304000000000009
0.42000000000000004 0.4309000000000009
0.42000000000000004 0.4319000000000009
0.42000000000000004 0.43420000000000075
0.42000000000000004 0.560300000000001
0.42000000000000004 0.4499000000000011
0.42000000000000004 0.4470000000000011
0.42000000000000004 0.475000000000001
0.42000000000000004 0.44930000000000087
0.42000000000000004 0.45470000000000094
0.42000000000000004 0.45760000000000106
0.42000000000000004 0.4428000000000008
0.42000000000000004 0.4990000000000006
0.43999999999999995 0.5915000000000008
0.43999999999999995 0.5238000000000008
0.43999999999999995 0.47450000000000075
0.43999999999999995 0.4634000000000008
0.43999999999999995 0.44640000000000085
0.43999999999999995 0.43790000000000084
0.43999999999999995 0.4429000000000007
0.43999999999999995 0.43640000000000084
0.43999999999999995 0.43590000000000095
0.43999999999999995 0.4395000000000011
0.43999999999999995 0.43030000000000085
0.43999999999999995 0.4349000000000008
0.43999999999999995 0.43310000000000104
0.42000000000000004 0.4382000000000011
0.42000000000000004 0.4292000000000011
0.42000000000000004 0.43620000000000103
0.42000000000000004 0.42520000000000097
0.42000000000000004 0.4638000000000011
0.42000000000000004 0.5456000000000008
0.42000000000000004 0.46150000000000063
0.42000000000000004 0.46700000000000086
0.42000000000000004 0.43510000000000104
0.42000000000000004 0.428800000000001
0.42000000000000004 0.439500000000001
0.42000000000000004 0.479600000000001
0.42000000000000004 0.4637000000000011
0.42000000000000004 0.4476000000000011
0.42000000000000004 0.4357000000000011
0.42000000000000004 0.46590000000000076
0.42000000000000004 0.44960000000000105
0.42000000000000004 0.4389000000000011
0.42000000000000004 0.4377000000000008
0.42000000000000004 0.4408000000000009
0.42000000000000004 0.43630000000000085
0.42000000000000004 0.437200000000001
0.42000000000000004 0.43310000000000115
0.42000000000000004 0.42870000000000125
0.42000000000000004 0.4417000000000012
0.42000000000000004 0.432200000000001
0.42000000000000004 0.4273000000000012
0.42000000000000004 0.4264000000000012
0.42000000000000004 0.4259000000000012
0.42000000000000004 0.43250000000000105
0.42000000000000004 0.42770000000000125
0.42000000000000004 0.5620000000000008
0.42000000000000004 0.5109000000000008
0.42000000000000004 0.5395000000000009
0.42000000000000004 0.5184000000000007
0.42000000000000004 0.5187000000000007
0.42000000000000004 0.48510000000000103
0.42000000000000004 0.49770000000000086
0.42000000000000004 0.48500000000000093
0.42000000000000004 0.46430000000000077
0.42000000000000004 0.45690000000000064
0.42000000000000004 0.4529000000000006
0.42000000000000004 0.4505000000000009
0.42000000000000004 0.4459000000000009
0.42000000000000004 0.46180000000000077
0.42000000000000004 0.4457000000000011
0.42000000000000004 0.44250000000000095
0.42000000000000004 0.433800000000001
0.42000000000000004 0.44960000000000105
0.42000000000000004 0.458200000000001
0.42000000000000004 0.4310000000000011
0.42000000000000004 0.43610000000000104
0.42000000000000004 0.4947000000000009
0.42000000000000004 0.4778000000000009
0.42000000000000004 0.4491000000000007
0.42000000000000004 0.48420000000000096
0.42000000000000004 0.4634000000000011
0.42000000000000004 0.4478000000000011
0.42000000000000004 0.44310000000000094
0.42000000000000004 0.460500000000001
0.42000000000000004 0.4723000000000011
0.42000000000000004 0.43860000000000104
0.42000000000000004 0.44860000000000105
0.42000000000000004 0.4453000000000009
0.42000000000000004 0.448900000000001
0.42000000000000004 0.512500000000001
0.42000000000000004 0.43260000000000093
0.42000000000000004 0.4258000000000009
0.42000000000000004 0.542500000000001
0.42000000000000004 0.7653000000000009
0.42000000000000004 0.576000000000001
0.42000000000000004 0.457800000000001
0.42000000000000004 0.4559000000000007
0.42000000000000004 0.4873000000000006
0.42000000000000004 0.45010000000000105
0.42000000000000004 0.441200000000001
0.42000000000000004 0.4529000000000012
0.42000000000000004 0.439000000000001
0.42000000000000004 0.43730000000000124
0.42000000000000004 0.4349000000000012
0.42000000000000004 0.4413000000000011
0.42000000000000004 0.43240000000000095
0.42000000000000004 0.4304000000000009
0.42000000000000004 0.4282000000000012
0.42000000000000004 0.4478000000000009
0.42000000000000004 0.4396000000000011
0.42000000000000004 0.44520000000000104
0.42000000000000004 0.449200000000001
0.42000000000000004 0.44170000000000104
0.42000000000000004 0.43650000000000105
0.42000000000000004 0.44270000000000104
0.42000000000000004 0.44310000000000094
0.42000000000000004 0.43020000000000097
0.42000000000000004 0.4376000000000008
0.42000000000000004 0.426300000000001
0.42000000000000004 0.4296000000000008
0.42000000000000004 0.42540000000000106
0.42000000000000004 0.4374000000000008
0.42000000000000004 0.429100000000001
0.42000000000000004 0.44440000000000096
0.42000000000000004 0.4410000000000009
0.42000000000000004 0.4422000000000009
0.42000000000000004 0.43740000000000095
0.42000000000000004 0.4351000000000012
0.42000000000000004 0.4324000000000012
0.42000000000000004 0.4262000000000009
0.42000000000000004 0.43080000000000107
0.42000000000000004 0.437100000000001
0.42000000000000004 0.437300000000001
0.42000000000000004 0.4373000000000007
0.42000000000000004 0.4312000000000009
0.42000000000000004 0.4356000000000009
0.42000000000000004 0.43200000000000105
0.42000000000000004 0.4357000000000007
0.42000000000000004 0.43830000000000086
0.42000000000000004 0.4319000000000008
0.42000000000000004 0.4339000000000008
0.42000000000000004 0.4385000000000008
0.42000000000000004 0.4386000000000008
0.42000000000000004 0.43000000000000116
0.42000000000000004 0.43830000000000097
0.42000000000000004 0.46100000000000074
0.42000000000000004 0.431800000000001
0.42000000000000004 0.43330000000000096
0.43999999999999995 0.43240000000000095
0.43999999999999995 0.4280000000000011
0.42000000000000004 0.4696000000000009
0.42000000000000004 0.447300000000001
0.42000000000000004 0.5001000000000009
0.42000000000000004 0.5017000000000009
0.42000000000000004 0.4912000000000008
0.42000000000000004 0.4595000000000011
0.42000000000000004 0.4462000000000009
0.42000000000000004 0.432800000000001
0.42000000000000004 0.4280000000000011
0.42000000000000004 0.430200000000001
0.42000000000000004 0.43710000000000093
0.42000000000000004 0.4298000000000009
0.42000000000000004 0.4268000000000012
0.42000000000000004 0.43210000000000115
0.42000000000000004 0.42800000000000105
0.42000000000000004 0.429000000000001
0.42000000000000004 0.43170000000000086
0.42000000000000004 0.4317000000000011
0.42000000000000004 0.436400000000001
0.42000000000000004 0.42760000000000103
0.42000000000000004 0.433700000000001
0.42000000000000004 0.4324000000000008
0.42000000000000004 0.431700000000001
0.42000000000000004 0.4302000000000011
0.42000000000000004 0.42550000000000104
0.42000000000000004 0.4264000000000008
0.42000000000000004 0.4290000000000011
0.42000000000000004 0.431200000000001
0.42000000000000004 0.4396000000000011
0.42000000000000004 0.43030000000000107
0.42000000000000004 0.4269000000000011
0.42000000000000004 0.4266000000000011
0.42000000000000004 0.43620000000000103
0.42000000000000004 0.436300000000001
0.42000000000000004 0.425100000000001
0.42000000000000004 0.42860000000000104
0.42000000000000004 0.429900000000001
0.42000000000000004 0.4292000000000011
0.42000000000000004 0.4310000000000011
0.42000000000000004 0.43890000000000096
0.42000000000000004 0.4362000000000012
0.42000000000000004 0.43820000000000126
0.42000000000000004 0.42450000000000115
0.42000000000000004 0.4258000000000012
0.42000000000000004 0.431300000000001
0.42000000000000004 0.4317000000000009
0.42000000000000004 0.4327000000000008
0.42000000000000004 0.434300000000001
0.42000000000000004 0.43280000000000096
0.42000000000000004 0.447100000000001
0.42000000000000004 0.438200000000001
0.42000000000000004 0.43090000000000084
0.42000000000000004 0.43870000000000076
0.42000000000000004 0.5449000000000008
0.42000000000000004 0.5178000000000008
0.42000000000000004 0.46050000000000074
0.42000000000000004 0.4778000000000007
0.42000000000000004 0.5377000000000008
0.42000000000000004 0.5001000000000009
0.42000000000000004 0.45680000000000104
0.42000000000000004 0.44060000000000094
0.42000000000000004 0.428000000000001
0.42000000000000004 0.4788000000000008
0.42000000000000004 0.4701000000000006
0.42000000000000004 0.4456000000000006
0.42000000000000004 0.44410000000000077
0.42000000000000004 0.44240000000000096
0.42000000000000004 0.43550000000000094
0.42000000000000004 0.4314000000000011
0.42000000000000004 0.4247000000000011
0.42000000000000004 0.42760000000000103
0.42000000000000004 0.4379000000000009
0.42000000000000004 0.42860000000000104
0.42000000000000004 0.43010000000000104
0.42000000000000004 0.426000000000001
0.42000000000000004 0.43840000000000096
0.42000000000000004 0.430000000000001
0.42000000000000004 0.4513000000000008
0.42000000000000004 0.4422000000000007
0.42000000000000004 0.44090000000000096
0.42000000000000004 0.43990000000000085
0.42000000000000004 0.437500000000001
0.42000000000000004 0.4340000000000011
0.42000000000000004 0.4334000000000011
0.42000000000000004 0.4317000000000009
0.42000000000000004 0.4312000000000009
0.42000000000000004 0.42910000000000104
0.42000000000000004 0.42840000000000067
0.42000000000000004 0.42830000000000085
0.42000000000000004 0.42860000000000076
0.42000000000000004 0.4313000000000009
0.42000000000000004 0.42670000000000075
0.42000000000000004 0.4309000000000007
0.42000000000000004 0.4315000000000008
0.42000000000000004 0.4284000000000009
0.42000000000000004 0.42810000000000087
0.42000000000000004 0.44990000000000085
0.42000000000000004 0.4362000000000009
0.42000000000000004 0.46280000000000093
0.42000000000000004 0.5146000000000005
0.42000000000000004 0.44690000000000113
0.42000000000000004 0.47050000000000103
0.42000000000000004 0.4860000000000011
0.42000000000000004 0.4366000000000011
0.42000000000000004 0.43520000000000103
0.42000000000000004 0.43120000000000097
0.42000000000000004 0.43260000000000093
0.42000000000000004 0.43520000000000086
0.42000000000000004 0.4293000000000009
0.42000000000000004 0.430300000000001
0.42000000000000004 0.4320000000000007
0.42000000000000004 0.7075000000000009
0.42000000000000004 0.7115000000000008
0.42000000000000004 0.5649000000000008
0.42000000000000004 0.45130000000000087
0.42000000000000004 0.6250000000000009
0.42000000000000004 0.46600000000000064
0.42000000000000004 0.5277000000000008
0.42000000000000004 0.45560000000000095
0.42000000000000004 0.43830000000000097
0.42000000000000004 0.46370000000000117
0.42000000000000004 0.4406000000000011
0.42000000000000004 0.5332000000000007
0.42000000000000004 0.5412000000000008
0.42000000000000004 0.5292000000000008
0.42000000000000004 0.5053000000000012
0.42000000000000004 0.45680000000000104
0.42000000000000004 0.4465000000000011
0.42000000000000004 0.44120000000000104
0.42000000000000004 0.43810000000000104
0.42000000000000004 0.44090000000000096
0.42000000000000004 0.44040000000000107
0.42000000000000004 0.48370000000000113
0.42000000000000004 0.5771000000000011
0.42000000000000004 0.43690000000000107
0.42000000000000004 0.4328000000000011
0.42000000000000004 0.43810000000000104
0.42000000000000004 0.432400000000001
0.42000000000000004 0.43690000000000107
0.42000000000000004 0.43780000000000113
0.42000000000000004 0.43610000000000093
0.42000000000000004 0.43390000000000084
0.42000000000000004 0.43820000000000087
0.42000000000000004 0.4297000000000009
0.42000000000000004 0.4529000000000007
0.42000000000000004 0.433600000000001
0.42000000000000004 0.4639000000000008
0.42000000000000004 0.5299000000000007
0.42000000000000004 0.5381000000000005
0.42000000000000004 0.47040000000000065
0.42000000000000004 0.44990000000000085
0.42000000000000004 0.4373000000000012
0.42000000000000004 0.5174000000000009
0.42000000000000004 0.474700000000001
0.42000000000000004 0.4625000000000008
0.42000000000000004 0.44900000000000095
0.42000000000000004 0.434300000000001
0.42000000000000004 0.4328000000000011
0.42000000000000004 0.4319000000000011
0.42000000000000004 0.43960000000000116
0.42000000000000004 0.4459000000000011
0.42000000000000004 0.4645000000000011
0.42000000000000004 0.4671000000000011
0.42000000000000004 0.43050000000000127
0.42000000000000004 0.5219000000000008
0.42000000000000004 0.5440000000000009
0.42000000000000004 0.6520000000000009
0.42000000000000004 0.5494000000000009
0.42000000000000004 0.769600000000001
0.42000000000000004 0.7667000000000008
0.42000000000000004 0.7544000000000008
0.42000000000000004 0.731000000000001
0.42000000000000004 0.7054000000000008
0.42000000000000004 0.6828000000000009
0.42000000000000004 0.6363000000000008
0.42000000000000004 0.5988000000000007
0.42000000000000004 0.5681000000000008
0.42000000000000004 0.5651000000000009
0.42000000000000004 0.5238000000000007
0.42000000000000004 0.4765000000000008
0.42000000000000004 0.5273000000000008
0.42000000000000004 0.49560000000000093
0.42000000000000004 0.4461000000000008
0.42000000000000004 0.44190000000000074
0.42000000000000004 0.45900000000000096
0.42000000000000004 0.437700000000001
0.42000000000000004 0.43340000000000095
0.42000000000000004 0.43180000000000085
0.42000000000000004 0.43110000000000076
0.42000000000000004 0.429100000000001
0.42000000000000004 0.4368000000000011
0.42000000000000004 0.43780000000000113
0.42000000000000004 0.435000000000001
0.42000000000000004 0.43640000000000095
0.42000000000000004 0.43190000000000106
0.42000000000000004 0.437500000000001
0.42000000000000004 0.4363000000000008
0.42000000000000004 0.43360000000000104
0.42000000000000004 0.43220000000000103
0.42000000000000004 0.43560000000000093
0.42000000000000004 0.43090000000000067
0.42000000000000004 0.43170000000000086
0.42000000000000004 0.44110000000000077
0.43999999999999995 0.5310000000000009
0.42000000000000004 0.5022000000000008
0.42000000000000004 0.4469000000000007
0.42000000000000004 0.44040000000000085
0.42000000000000004 0.43520000000000075
0.42000000000000004 0.44020000000000054
0.42000000000000004 0.4437000000000005
0.42000000000000004 0.7249000000000007
0.42000000000000004 0.7130000000000009
0.78 0.780000000000001
0.78 0.780000000000001
0.78 0.780000000000001
0.78 0.780000000000001
0.78 0.780000000000001
0.42000000000000004 0.7606000000000008
0.78 0.780000000000001
0.42000000000000004 0.7692000000000009
0.42000000000000004 0.7692000000000009
0.42000000000000004 0.6998000000000006
0.42000000000000004 0.6073000000000008
0.42000000000000004 0.4712000000000009
0.42000000000000004 0.501900000000001
0.42000000000000004 0.48910000000000103
0.42000000000000004 0.5410000000000009
0.78 0.780000000000001
0.78 0.780000000000001
0.42000000000000004 0.7354000000000007
0.42000000000000004 0.5310000000000009
0.42000000000000004 0.47020000000000095
0.42000000000000004 0.48870000000000113
0.42000000000000004 0.621600000000001
0.43999999999999995 0.588000000000001
0.43999999999999995 0.45820000000000105
0.43999999999999995 0.438900000000001
0.43999999999999995 0.441100000000001
0.43999999999999995 0.43490000000000106
0.43999999999999995 0.432300000000001
0.43999999999999995 0.4328000000000011
0.43999999999999995 0.42870000000000097
0.43999999999999995 0.43250000000000116
0.43999999999999995 0.43490000000000106
0.43999999999999995 0.4429000000000009
0.43999999999999995 0.434500000000001
0.43999999999999995 0.43220000000000103
0.43999999999999995 0.43900000000000083
0.43999999999999995 0.433800000000001
0.43999999999999995 0.43330000000000096
0.43999999999999995 0.4280000000000011
0.43999999999999995 0.446000000000001
0.43999999999999995 0.44350000000000106
0.43999999999999995 0.440700000000001
0.43999999999999995 0.4404000000000009
0.43999999999999995 0.44050000000000095
0.43999999999999995 0.4527000000000012
0.43999999999999995 0.4370000000000009
0.43999999999999995 0.437100000000001
0.42000000000000004 0.4523000000000012
0.42000000000000004 0.4487000000000012
0.42000000000000004 0.44600000000000106
0.42000000000000004 0.44930000000000114
0.42000000000000004 0.43260000000000104
0.42000000000000004 0.7353000000000008
0.42000000000000004 0.7374000000000008
0.42000000000000004 0.7265000000000008
0.42000000000000004 0.4894000000000009
0.42000000000000004 0.443100000000001
0.42000000000000004 0.582100000000001
