0.07999999999999996 0.5545400000000021
0.07999999999999996 0.51468
0.12 0.49245999999999984
0.12 0.45211999999999963
0.12 0.4206599999999989
0.040000000000000036 0.40071999999999935
0.040000000000000036 0.3752599999999998
0.040000000000000036 0.35240000000000005
0.040000000000000036 0.3345399999999997
0.040000000000000036 0.32952000000000015
0.040000000000000036 0.31728000000000095
0.040000000000000036 0.30732000000000137
0.040000000000000036 0.2950000000000021
0.040000000000000036 0.2873200000000018
0.040000000000000036 0.2836400000000027
0.09999999999999998 0.27754000000000223
0.09999999999999998 0.27430000000000193
0.09999999999999998 0.27666000000000174
0.09999999999999998 0.27900000000000225
0.09999999999999998 0.2722200000000023
0.09999999999999998 0.2677800000000018
0.09999999999999998 0.2625000000000023
0.09999999999999998 0.25098000000000203
0.09999999999999998 0.2557600000000016
0.09999999999999998 0.2506400000000013
0.09999999999999998 0.2563200000000014
0.09999999999999998 0.25930000000000153
0.09999999999999998 0.2559800000000019
0.09999999999999998 0.2564800000000016
0.09999999999999998 0.24482000000000165
0.09999999999999998 0.24730000000000135
0.09999999999999998 0.24572000000000166
0.09999999999999998 0.23264000000000154
0.09999999999999998 0.22788000000000097
0.09999999999999998 0.23606000000000094
0.09999999999999998 0.229980000000001
0.09999999999999998 0.22458000000000086
0.09999999999999998 0.2179600000000004
0.09999999999999998 0.21891999999999984
0.09999999999999998 0.22198000000000007
0.09999999999999998 0.20104000000000066
0.09999999999999998 0.19598000000000038
0.09999999999999998 0.20628000000000066
0.09999999999999998 0.20426000000000066
0.09999999999999998 0.2030200000000005
0.09999999999999998 0.20752000000000026
0.09999999999999998 0.19170000000000018
0.09999999999999998 0.1922
0.09999999999999998 0.20759999999999998
0.09999999999999998 0.19708000000000003
0.09999999999999998 0.18271999999999997
0.09999999999999998 0.19925999999999924
0.09999999999999998 0.2001199999999997
0.09999999999999998 0.20607999999999993
0.09999999999999998 0.19934000000000004
0.09999999999999998 0.19837999999999983
0.09999999999999998 0.19819999999999996
0.09999999999999998 0.18759999999999982
0.09999999999999998 0.1860199999999998
0.09999999999999998 0.18461999999999998
0.09999999999999998 0.18521999999999994
0.09999999999999998 0.18960000000000005
0.09999999999999998 0.18721999999999994
0.09999999999999998 0.1637599999999996
0.09999999999999998 0.1741399999999997
0.09999999999999998 0.1720199999999995
0.09999999999999998 0.1737999999999994
0.09999999999999998 0.17731999999999953
0.09999999999999998 0.17589999999999964
0.09999999999999998 0.1670599999999995
0.09999999999999998 0.17151999999999987
0.09999999999999998 0.17439999999999967
0.020000000000000018 0.1830999999999999
0.020000000000000018 0.16651999999999978
0.020000000000000018 0.1704199999999997
0.020000000000000018 0.1720199999999996
0.020000000000000018 0.17109999999999953
0.020000000000000018 0.15795999999999957
0.020000000000000018 0.16025999999999951
0.020000000000000018 0.14281999999999948
0.020000000000000018 0.15655999999999942
0.020000000000000018 0.15749999999999936
0.020000000000000018 0.16329999999999928
0.020000000000000018 0.15703999999999946
0.020000000000000018 0.16165999999999953
0.020000000000000018 0.1554599999999994
0.020000000000000018 0.1651599999999995
0.020000000000000018 0.15595999999999938
0.020000000000000018 0.15793999999999933
0.020000000000000018 0.16627999999999934
0.020000000000000018 0.16213999999999928
0.020000000000000018 0.1630199999999994
0.020000000000000018 0.15819999999999942
0.020000000000000018 0.14919999999999944
0.020000000000000018 0.1552599999999993
0.020000000000000018 0.16019999999999918
0.020000000000000018 0.1480799999999994
0.020000000000000018 0.15687999999999935
0.020000000000000018 0.17277999999999935
0.020000000000000018 0.15649999999999933
