0.78 0.38435
0.78 0.41650000000000004
0.78 0.43409999999999976
0.7 0.4451000000000003
0.86 0.47099999999999986
0.95 0.49579999999999946
0.69 0.42634999999999984
0.73 0.4305499999999995
0.82 0.4686999999999997
0.82 0.4302499999999998
0.77 0.4588499999999999
0.77 0.48259999999999986
0.7 0.4328500000000001
0.79 0.44715000000000005
0.93 0.49025000000000013
0.93 0.5234000000000002
0.93 0.45194999999999985
0.91 0.5076500000000003
0.85 0.47204999999999997
0.7 0.41459999999999964
0.7 0.44439999999999963
0.7 0.46499999999999964
0.7 0.4988999999999995
0.7 0.4128999999999994
0.75 0.5128499999999998
0.89 0.45660000000000034
0.79 0.5307499999999997
0.79 0.49915
0.79 0.5365499999999997
0.7 0.5467999999999998
0.77 0.5378499999999998
0.74 0.5363499999999993
0.7 0.5552999999999993
0.7 0.47249999999999964
0.7 0.5397499999999998
0.7 0.5514999999999993
0.91 0.5741499999999994
0.7 0.4702500000000008
0.77 0.49814999999999976
0.7 0.5048000000000001
0.7 0.4921000000000002
0.7 0.44455
0.7 0.4544999999999995
0.7 0.4453999999999997
0.7 0.4517999999999997
0.7 0.45739999999999953
0.86 0.5350999999999998
0.7 0.5123499999999999
0.72 0.5514499999999998
0.72 0.5909999999999992
0.85 0.6448500000000003
0.7 0.46390000000000037
0.7 0.5154500000000003
0.72 0.5976999999999993
0.78 0.5883000000000002
0.83 0.6026500000000011
0.83 0.6173000000000005
0.83 0.6581000000000001
0.74 0.6726000000000009
0.74 0.6733500000000002
0.73 0.6592000000000005
0.84 0.6408500000000007
0.84 0.6865000000000008
0.82 0.6597000000000005
0.82 0.6415499999999996
0.82 0.6574000000000008
0.82 0.6645500000000001
0.77 0.657500000000001
0.77 0.683200000000001
0.77 0.6716000000000011
0.77 0.6856500000000011
0.78 0.6537000000000006
0.78 0.6774000000000013
0.78 0.6827500000000021
0.77 0.6885000000000019
0.77 0.6949000000000016
0.78 0.6954500000000016
0.77 0.6830000000000019
0.77 0.6953500000000017
0.77 0.6989500000000016
0.87 0.7024500000000014
0.87 0.5792500000000015
0.87 0.6232000000000015
0.77 0.6893500000000015
0.77 0.6700500000000013
0.91 0.6932500000000016
0.91 0.6926000000000018
0.91 0.7171500000000008
0.96 0.7173000000000005
0.91 0.7287999999999996
0.96 0.7218999999999999
0.96 0.7323499999999998
0.95 0.6083999999999997
0.95 0.6067500000000001
0.77 0.6316000000000003
0.84 0.6669500000000009
0.87 0.6842500000000016
0.87 0.6936500000000013
0.87 0.7077000000000011
0.87 0.7105000000000011
0.87 0.7102000000000017
0.96 0.700850000000001
0.96 0.7205500000000005
0.91 0.7109000000000009
0.96 0.744849999999999
0.96 0.7541999999999992
0.96 0.7743999999999985
0.96 0.7966499999999995
0.96 0.6308000000000002
0.96 0.6442499999999997
0.96 0.7391999999999996
0.97 0.786049999999999
0.96 0.7974499999999991
0.94 0.7560499999999994
0.94 0.7460499999999993
0.94 0.7948499999999996
0.94 0.7386500000000004
0.93 0.6848500000000014
0.91 0.6699500000000014
0.93 0.7452000000000002
0.93 0.8082999999999982
0.94 0.823399999999999
0.93 0.8260999999999988
0.93 0.7957000000000004
0.93 0.8427500000000018
0.92 0.8430000000000014
0.92 0.8637000000000018
0.93 0.8374499999999996
0.94 0.8716500000000014
0.94 0.8406000000000005
0.94 0.8650500000000011
0.94 0.8293000000000015
0.94 0.824000000000001
0.94 0.8547500000000009
0.94 0.8682500000000004
0.96 0.893899999999999
0.96 0.747450000000001
0.92 0.759200000000001
0.94 0.7884500000000004
0.94 0.8262999999999999
0.96 0.8856499999999999
0.96 0.9009999999999995
0.96 0.8874500000000003
0.94 0.9015000000000001
0.95 0.9067499999999993
0.97 0.9242499999999991
0.96 0.9303999999999992
0.95 0.9222499999999989
0.95 0.9173499999999997
0.96 0.9290500000000007
0.96 0.9319500000000008
0.95 0.9337999999999991
0.95 0.9127999999999998
0.95 0.9042000000000003
0.96 0.92
0.96 0.9220000000000002
0.96 0.9272999999999998
0.97 0.9271999999999992
0.97 0.9238000000000013
0.97 0.9117500000000011
0.98 0.9272500000000004
0.98 0.9205000000000015
0.97 0.8669000000000012
0.97 0.8971000000000012
0.98 0.9203999999999977
0.98 0.929349999999998
0.98 0.929949999999999
0.99 0.9001999999999997
0.99 0.9210000000000004
0.96 0.9125500000000027
0.98 0.9020000000000032
0.98 0.9292999999999978
0.99 0.8487499999999997
0.99 0.8098000000000022
0.99 0.8175000000000003
0.98 0.8000500000000008
0.99 0.8565000000000004
0.99 0.8267500000000002
0.99 0.8814000000000018
0.98 0.8436999999999997
0.98 0.8545000000000007
0.96 0.671249999999998
0.97 0.8132000000000008
0.99 0.8768500000000009
0.99 0.8804000000000007
0.99 0.8876999999999995
0.99 0.9103500000000005
0.96 0.744200000000001
0.97 0.8884500000000017
0.96 0.7759999999999999
0.97 0.8929000000000008
0.99 0.9113499999999989
0.99 0.9103499999999991
0.98 0.8837500000000001
0.63 0.5802999999999994
0.9 0.5632500000000003
0.85 0.5460999999999995
0.84 0.5719000000000007
0.86 0.5733999999999998
0.6 0.5409000000000005
0.6 0.5637000000000006
0.6 0.5845499999999995
0.85 0.5962499999999986
0.6 0.5905499999999985
0.6 0.5825499999999987
0.6 0.5828999999999989
0.6 0.5952499999999983
0.6 0.5972499999999981
0.6 0.5958999999999982
0.6 0.596849999999998
0.6 0.5998999999999979
0.6 0.5986999999999979
0.96 0.6699999999999972
0.6 0.5726499999999985
0.6 0.596899999999998
0.6 0.5994999999999979
0.84 0.603649999999998
0.6 0.5979499999999981
0.6 0.597849999999998
0.6 0.5592499999999984
0.6 0.47899999999999887
0.6 0.5067999999999995
0.6 0.41409999999999825
0.6 0.4252499999999981
0.6 0.5523
0.6 0.5760999999999998
0.6 0.482300000000002
0.6 0.46685000000000215
0.6 0.533750000000001
0.6 0.5703999999999997
0.6 0.5662499999999996
0.6 0.5075000000000016
0.34 0.3400000000000017
0.34 0.3400000000000017
0.34 0.3400000000000017
0.7 0.34930000000000183
0.34 0.3400000000000017
0.7 0.34505000000000174
0.34 0.3400000000000017
0.7 0.4697500000000017
0.34 0.3400000000000017
0.7 0.365200000000002
0.7 0.5537500000000015
0.7 0.6079000000000016
0.7 0.6136500000000018
0.7 0.6434500000000019
0.7 0.5934000000000009
0.7 0.6087000000000011
0.7 0.6119500000000013
0.7 0.6414000000000015
0.7 0.6780500000000018
0.7 0.6785500000000018
0.7 0.6893000000000014
0.96 0.6261500000000013
0.96 0.7022000000000017
0.96 0.7191000000000011
0.96 0.5725500000000007
0.96 0.5996
0.96 0.687650000000002
0.94 0.6063000000000008
0.94 0.5906500000000012
0.7 0.5713000000000019
0.7 0.5565000000000005
0.7 0.610000000000001
0.7 0.6593000000000014
0.7 0.5974500000000005
0.7 0.6329500000000019
0.7 0.5817000000000021
0.7 0.6275000000000021
0.7 0.651600000000002
0.7 0.6720000000000022
0.7 0.6603500000000017
0.7 0.5534
0.7 0.6361500000000015
0.7 0.6906500000000017
0.7 0.46325000000000244
0.7 0.5110000000000023
0.7 0.5692500000000021
0.7 0.3847000000000022
0.34 0.3400000000000017
0.34 0.3400000000000017
0.7 0.4096000000000024
0.7 0.4578500000000023
0.7 0.6327000000000016
0.7 0.6611000000000017
0.66 0.5297499999999997
0.66 0.55195
0.67 0.5831500000000002
0.69 0.6088999999999993
0.69 0.6327499999999997
0.69 0.6419999999999988
0.69 0.6397999999999987
0.69 0.6481499999999987
0.69 0.6531499999999991
0.69 0.6571999999999989
0.69 0.6699999999999993
0.69 0.6586999999999987
0.7 0.6646999999999988
0.7 0.6714999999999988
0.7 0.6758999999999987
0.7 0.6829499999999982
0.7 0.6878499999999987
0.7 0.6797999999999996
0.7 0.6821499999999997
0.7 0.6779000000000007
0.7 0.6744000000000011
0.7 0.6675000000000015
0.7 0.6842000000000017
0.7 0.6952000000000018
0.7 0.6922000000000014
0.7 0.6921000000000013
0.7 0.6863500000000013
0.7 0.6753000000000019
0.7 0.676100000000002
0.7 0.6694500000000018
0.7 0.6694500000000018
0.7 0.6745500000000019
0.7 0.6830000000000018
0.7 0.6875000000000017
0.7 0.672150000000001
0.72 0.6739500000000013
0.72 0.6884500000000017
0.72 0.6926500000000015
0.7 0.6822500000000019
0.7 0.677500000000002
0.7 0.6749000000000019
0.7 0.6722000000000018
0.7 0.6900000000000013
0.7 0.6830000000000015
0.7 0.6896000000000015
0.82 0.6495500000000008
0.82 0.675150000000001
0.75 0.698600000000001
0.84 0.6957000000000012
0.84 0.6908000000000019
0.86 0.7021500000000017
0.86 0.7096000000000017
0.91 0.7201000000000009
0.93 0.7306999999999998
0.93 0.7351999999999994
0.94 0.7568499999999985
0.95 0.7788999999999972
0.96 0.7922999999999973
0.97 0.7886499999999971
0.85 0.6919000000000018
0.91 0.7000000000000014
0.79 0.6936500000000017
0.95 0.7207500000000008
0.98 0.8305499999999985
0.98 0.8361499999999986
0.98 0.8744500000000005
0.98 0.8879500000000004
0.98 0.8998500000000001
0.98 0.8679999999999982
0.98 0.9213499999999994
0.98 0.9410499999999996
0.99 0.9418999999999991
0.99 0.9068500000000007
1.0 0.9416000000000001
1.0 0.9606500000000022
0.99 0.9446499999999959
0.99 0.9434999999999971
1.0 0.9578000000000004
1.0 0.9670499999999995
0.99 0.9637499999999986
1.0 0.9768499999999976
1.0 0.9801999999999974
1.0 0.9809499999999989
1.0 0.9793499999999997
1.0 0.9728499999999994
1.0 0.9823999999999994
1.0 0.9709999999999962
1.0 0.9715499999999961
1.0 0.9839999999999981
1.0 0.9794499999999983
0.99 0.9720999999999961
0.99 0.9742499999999975
1.0 0.9789999999999983
1.0 0.9842499999999993
1.0 0.980799999999999
1.0 0.9817499999999996
1.0 0.9724499999999989
1.0 0.9746999999999996
1.0 0.9371999999999983
1.0 0.9723499999999987
1.0 0.9781499999999984
1.0 0.9806999999999967
1.0 0.983799999999996
1.0 0.9882499999999991
1.0 0.9930499999999997
1.0 0.9939500000000003
1.0 0.9878000000000001
1.0 0.9938499999999999
1.0 0.9986000000000002
1.0 0.9971499999999999
1.0 0.9963
1.0 0.9937
1.0 0.9914499999999999
1.0 0.9961000000000001
1.0 0.9924500000000002
1.0 0.9881500000000003
1.0 0.9900999999999999
1.0 0.99245
1.0 0.9944500000000001
1.0 0.9935
1.0 0.994449999999999
1.0 0.9921999999999995
1.0 0.9942999999999994
1.0 0.9915499999999988
1.0 0.9836499999999976
1.0 0.9899499999999994
1.0 0.997599999999999
1.0 0.9834499999999984
1.0 0.9769
1.0 0.9971
1.0 0.9913
1.0 0.9916000000000001
1.0 0.9937499999999999
1.0 0.9852500000000003
1.0 0.9940000000000001
1.0 0.9922
1.0 0.9963000000000001
1.0 0.99375
1.0 0.9985999999999998
1.0 0.9927999999999993
1.0 0.99705
1.0 0.9959499999999992
1.0 0.9880999999999978
1.0 0.9925499999999993
1.0 0.9767499999999978
1.0 0.9788999999999979
1.0 0.9804999999999979
1.0 0.9789499999999964
1.0 0.983949999999997
1.0 0.9825499999999954
1.0 0.9921500000000014
1.0 0.9870500000000006
1.0 0.9916999999999991
1.0 0.984449999999997
1.0 0.990899999999998
1.0 0.9926499999999985
1.0 0.9910000000000013
1.0 0.9932500000000011
1.0 0.9953500000000001
1.0 0.9936500000000013
1.0 0.9948500000000018
1.0 0.991500000000001
1.0 0.9766499999999987
0.99 0.9646999999999997
1.0 0.9753499999999997
0.99 0.9793999999999976
0.99 0.9792499999999993
1.0 0.9853000000000007
1.0 0.9845
1.0 0.9796999999999997
1.0 0.9813500000000009
1.0 0.9789500000000008
0.99 0.9814000000000013
1.0 0.9884500000000014
1.0 0.9855500000000013
1.0 0.9918000000000023
0.99 0.9869500000000012
0.99 0.9802500000000012
0.99 0.9834500000000012
0.99 0.9871000000000011
0.99 0.9782500000000012
0.99 0.9833500000000011
0.99 0.9782500000000003
1.0 0.9835000000000015
1.0 0.9868000000000017
1.0 0.9863000000000014
1.0 0.9810500000000012
0.99 0.9783000000000008
1.0 0.9858000000000006
1.0 0.9862500000000005
1.0 0.9847499999999967
1.0 0.9817999999999959
1.0 0.986849999999999
1.0 0.9846500000000024
1.0 0.9877000000000012
1.0 0.9931000000000005
1.0 0.9877000000000006
1.0 0.9932500000000003
1.0 0.9923000000000002
1.0 0.9929000000000012
1.0 0.9873500000000012
0.99 0.9875500000000014
0.99 0.977200000000001
1.0 0.9741999999999992
1.0 0.943099999999998
1.0 0.9476499999999983
1.0 0.9620999999999982
1.0 0.974099999999999
1.0 0.9937499999999997
1.0 0.9953
1.0 0.9979
1.0 0.9991999999999999
1.0 0.9951499999999999
1.0 0.9969
1.0 0.9997000000000001
