0.81 0.40584999999999916
0.7 0.420749999999999
0.68 0.42539999999999883
0.71 0.41734999999999883
0.71 0.4312499999999996
0.77 0.39744999999999897
0.77 0.41619999999999924
0.76 0.4197999999999989
0.68 0.43915000000000004
0.67 0.3982499999999988
0.89 0.4352999999999996
0.73 0.4246499999999994
0.7 0.4341000000000004
0.67 0.4484000000000012
0.67 0.45765000000000083
0.67 0.43065000000000053
0.67 0.43460000000000115
0.67 0.45430000000000137
0.67 0.45820000000000083
0.7 0.4174499999999997
0.67 0.39704999999999907
0.67 0.43515000000000087
0.71 0.45905000000000107
0.68 0.41554999999999986
0.83 0.45490000000000125
0.87 0.5241500000000018
0.9 0.5553500000000006
0.98 0.5630000000000004
0.97 0.5959500000000003
0.98 0.5840500000000011
0.98 0.6310000000000006
0.92 0.6030000000000002
0.91 0.6238499999999999
0.98 0.6469000000000004
0.7 0.48060000000000136
0.74 0.4134999999999996
0.89 0.5320000000000009
0.88 0.5854499999999997
0.93 0.5901500000000008
0.9 0.5884500000000005
0.9 0.5939000000000011
0.93 0.5652000000000005
0.93 0.5962000000000003
0.93 0.5496500000000003
0.93 0.5218999999999999
0.93 0.61335
0.93 0.5859000000000004
0.85 0.5975000000000007
0.91 0.61995
0.92 0.6612000000000002
0.95 0.6750000000000006
0.92 0.6134000000000003
0.95 0.5785500000000013
0.67 0.49215000000000136
0.76 0.6111500000000004
0.67 0.4265999999999985
0.67 0.5921500000000005
0.67 0.561700000000001
0.67 0.5899500000000001
0.67 0.6275500000000005
0.67 0.6465500000000003
0.67 0.6005000000000006
0.67 0.6446500000000011
0.67 0.6489000000000011
0.68 0.6473500000000009
0.71 0.6413000000000008
0.71 0.6025500000000004
0.81 0.5769000000000003
0.67 0.55265
0.77 0.5237000000000002
0.77 0.5971499999999998
0.83 0.6148500000000001
0.8 0.5782999999999996
0.9 0.6207500000000007
0.8 0.5635000000000009
0.82 0.6247000000000009
0.82 0.6533000000000004
0.82 0.7078500000000006
0.82 0.6777500000000015
0.82 0.7460500000000004
0.86 0.7542499999999985
0.82 0.7956000000000018
0.82 0.7761500000000001
0.84 0.7743000000000009
0.82 0.6146000000000008
0.82 0.6356
0.82 0.6554500000000005
0.82 0.724550000000001
0.83 0.7617499999999996
0.91 0.7608999999999988
0.91 0.7744499999999975
0.8 0.6601000000000004
0.92 0.7098500000000001
0.98 0.7669499999999985
0.94 0.5923500000000012
0.98 0.6800000000000006
0.94 0.7248999999999997
0.82 0.7024000000000004
0.82 0.6594000000000009
0.82 0.6762000000000005
0.67 0.6274999999999988
0.98 0.6079500000000007
0.96 0.5218000000000018
0.94 0.6039000000000003
0.95 0.6990500000000006
0.96 0.6636500000000001
0.96 0.515700000000002
0.67 0.4222500000000005
0.69 0.5185500000000011
0.67 0.42805000000000104
0.67 0.5209000000000014
0.67 0.4511500000000014
0.67 0.40205000000000074
0.67 0.43980000000000075
0.67 0.41170000000000123
0.67 0.590300000000001
0.67 0.478300000000001
0.67 0.577200000000001
0.72 0.640200000000001
0.67 0.6530000000000009
0.83 0.6727500000000012
0.67 0.617250000000001
0.67 0.46445000000000114
0.71 0.6122000000000012
0.67 0.6001500000000012
0.7 0.5104000000000011
0.67 0.5296500000000014
0.67 0.553000000000001
0.67 0.5873500000000008
0.67 0.6015000000000016
0.67 0.6398000000000009
0.67 0.6182500000000019
0.67 0.6391000000000018
0.67 0.660250000000001
0.67 0.6604000000000014
0.67 0.6516500000000015
0.67 0.6653000000000007
0.67 0.615500000000001
0.67 0.6334500000000005
0.67 0.6560000000000009
0.67 0.6503000000000011
0.67 0.5391500000000022
0.67 0.6202500000000017
0.67 0.6490000000000014
0.67 0.6450500000000012
0.67 0.6611000000000015
0.67 0.6676500000000012
0.67 0.6684500000000011
0.67 0.6660500000000015
0.67 0.6671500000000011
0.67 0.6676000000000013
0.67 0.6689000000000012
0.67 0.667900000000001
0.67 0.6688500000000009
0.67 0.6639000000000012
0.67 0.6682500000000011
0.67 0.6669000000000013
0.67 0.666600000000001
0.67 0.6646500000000012
0.67 0.668950000000001
0.67 0.6564500000000015
0.67 0.6590000000000015
0.67 0.6409000000000014
0.67 0.6619000000000014
0.67 0.6402500000000012
0.67 0.6575000000000014
0.67 0.6668000000000012
0.67 0.622750000000001
0.67 0.6593000000000017
0.67 0.669250000000001
0.67 0.6548500000000016
0.67 0.6584000000000018
0.67 0.6610500000000015
0.67 0.6672500000000013
0.67 0.669350000000001
0.67 0.6684500000000011
0.67 0.6699000000000009
0.67 0.6672000000000011
0.67 0.6680500000000013
0.67 0.6361000000000014
0.67 0.6609500000000011
0.67 0.6676000000000012
0.67 0.6681500000000011
0.67 0.6685500000000011
0.67 0.6596500000000011
0.67 0.6661000000000011
0.67 0.6679000000000014
0.67 0.6676500000000013
0.67 0.6612500000000016
0.67 0.6670000000000013
0.67 0.6675500000000012
0.67 0.655300000000001
0.67 0.6475500000000011
0.67 0.6396000000000011
0.67 0.6473000000000014
0.67 0.6552500000000013
0.67 0.6423000000000012
0.67 0.6467500000000012
0.67 0.655300000000001
0.67 0.6544000000000009
0.67 0.6559500000000013
0.67 0.6255000000000009
0.67 0.6545000000000013
0.67 0.6620500000000012
0.67 0.6667000000000014
0.67 0.6602000000000011
0.67 0.6561000000000012
0.67 0.6603000000000011
0.67 0.6662500000000011
0.67 0.6629000000000012
0.67 0.6662500000000012
0.67 0.662100000000001
0.67 0.6397000000000014
0.67 0.6616000000000013
0.67 0.6649500000000015
0.67 0.6679500000000012
0.67 0.6656500000000013
0.67 0.668450000000001
0.67 0.6684500000000011
0.67 0.666200000000001
0.67 0.6647000000000012
0.67 0.6697000000000011
0.67 0.6689500000000014
0.67 0.6613500000000012
0.67 0.6517000000000013
0.67 0.6671000000000012
0.67 0.6643000000000013
0.67 0.6605000000000012
0.67 0.6615000000000012
0.67 0.6662000000000013
0.67 0.6637000000000012
0.67 0.6674000000000012
0.67 0.6415000000000012
0.67 0.6508000000000013
0.67 0.6585500000000014
0.67 0.667550000000001
0.67 0.6663000000000012
0.67 0.668250000000001
0.67 0.668600000000001
0.67 0.6676000000000011
0.67 0.667900000000001
0.67 0.659000000000001
0.67 0.6647500000000014
0.67 0.6651000000000014
0.67 0.6664500000000017
0.67 0.6663500000000012
0.67 0.667500000000001
0.67 0.6677000000000013
0.67 0.6579000000000015
0.67 0.6680000000000011
0.67 0.637600000000001
0.67 0.6605500000000015
0.67 0.668850000000001
0.67 0.668850000000001
0.67 0.6656000000000013
0.67 0.6684500000000013
0.67 0.6672500000000009
0.67 0.6696500000000011
0.67 0.6684000000000009
0.67 0.6654000000000012
0.67 0.668200000000001
0.67 0.6566500000000013
0.67 0.6610000000000015
0.67 0.6609500000000011
0.67 0.6642500000000013
0.67 0.6668000000000014
0.67 0.6670500000000013
0.67 0.6585000000000011
0.67 0.6667000000000014
0.67 0.6647000000000013
0.67 0.6677000000000014
0.67 0.669750000000001
0.67 0.6039000000000008
0.67 0.6556000000000012
0.67 0.6636000000000013
0.67 0.666600000000001
0.67 0.6699000000000009
0.67 0.6569500000000013
0.67 0.6382000000000013
0.67 0.6323000000000014
0.67 0.6181500000000006
0.67 0.658850000000001
0.67 0.659500000000001
0.67 0.6617000000000013
0.67 0.6515000000000015
0.67 0.6561500000000013
0.67 0.6510000000000014
0.67 0.6565500000000012
0.67 0.6697500000000011
0.67 0.6402500000000014
0.67 0.5911500000000017
0.67 0.6572500000000013
0.67 0.6674500000000013
0.67 0.6646500000000013
0.67 0.6658500000000009
0.67 0.6480000000000014
0.67 0.5980000000000006
0.67 0.6515000000000013
0.67 0.6445500000000013
0.67 0.5794000000000016
0.67 0.5824500000000016
0.67 0.5999500000000018
0.67 0.6626000000000012
0.67 0.665250000000001
0.67 0.6668000000000014
0.67 0.6682500000000011
0.67 0.6676500000000012
0.67 0.6558500000000013
0.67 0.6665500000000013
0.67 0.6667000000000014
0.67 0.6670500000000013
0.67 0.646650000000001
0.67 0.6658000000000012
0.67 0.5791499999999997
0.67 0.6116500000000005
0.67 0.6337000000000007
0.67 0.6505500000000011
0.67 0.6415000000000011
0.67 0.6603500000000011
0.67 0.6539500000000013
0.67 0.6629500000000011
0.67 0.608850000000001
0.67 0.6218500000000011
0.67 0.6488000000000013
0.67 0.6411000000000012
0.67 0.6654000000000013
0.67 0.6593500000000012
0.67 0.6623500000000013
0.67 0.6629500000000015
0.67 0.6612000000000015
0.67 0.6682000000000012
0.67 0.6681000000000015
0.67 0.6666000000000011
0.67 0.668850000000001
0.67 0.6547500000000013
0.67 0.6679500000000012
0.67 0.668450000000001
0.67 0.6642500000000011
0.67 0.668300000000001
0.67 0.6685500000000011
0.67 0.668200000000001
0.67 0.6696500000000011
0.67 0.668950000000001
0.67 0.6696000000000012
0.67 0.6674000000000013
0.67 0.6668000000000011
0.67 0.6699000000000009
0.67 0.669700000000001
0.67 0.6694000000000011
0.67 0.6696500000000011
0.67 0.6693000000000011
0.67 0.669000000000001
0.67 0.669200000000001
0.67 0.6696500000000009
0.67 0.6699500000000009
0.67 0.6700000000000008
0.67 0.668850000000001
0.67 0.669700000000001
0.67 0.6671000000000009
0.67 0.669050000000001
0.67 0.6699500000000009
0.67 0.669350000000001
0.67 0.6696500000000011
0.67 0.6700000000000008
0.67 0.669400000000001
0.67 0.669700000000001
0.67 0.6700000000000008
0.67 0.6665000000000012
0.67 0.6665500000000013
0.67 0.6651000000000014
0.67 0.6666500000000012
0.67 0.669700000000001
0.67 0.6686500000000012
0.67 0.669500000000001
0.67 0.6699000000000009
0.67 0.669050000000001
0.67 0.6661000000000012
0.67 0.6689000000000012
0.67 0.6696000000000011
0.67 0.6691500000000009
0.67 0.6646000000000012
0.67 0.6691500000000009
0.67 0.6651500000000012
0.67 0.6685000000000011
0.67 0.6668500000000012
0.67 0.6691500000000009
0.67 0.669150000000001
0.67 0.669850000000001
0.67 0.669600000000001
0.67 0.668250000000001
0.67 0.6687500000000008
0.67 0.6687500000000008
0.67 0.668200000000001
0.67 0.668250000000001
0.67 0.669700000000001
0.67 0.669850000000001
0.67 0.6700000000000008
0.67 0.6692000000000011
0.67 0.6700000000000008
0.67 0.6691000000000009
0.67 0.6690000000000009
0.67 0.6688000000000011
0.67 0.6671500000000014
0.67 0.6458500000000014
0.67 0.6467000000000013
0.67 0.6312000000000015
0.67 0.6289000000000015
0.67 0.6433500000000013
0.67 0.668850000000001
0.67 0.6699000000000009
0.79 0.6718500000000008
0.82 0.6822000000000004
0.93 0.6941499999999998
0.93 0.7240499999999983
0.94 0.7487999999999981
0.95 0.7804499999999974
0.95 0.8156
0.95 0.8143499999999994
0.97 0.8466499999999999
0.97 0.8683499999999985
0.95 0.8264999999999961
0.97 0.8852999999999999
0.98 0.9033999999999996
0.98 0.9138000000000006
0.98 0.9323500000000006
0.98 0.9415500000000008
0.98 0.9466999999999998
0.98 0.9496499999999988
0.98 0.9455499999999994
0.98 0.9540999999999977
0.98 0.9542999999999973
0.98 0.956149999999996
0.98 0.9608499999999958
0.98 0.962649999999999
0.98 0.963549999999999
0.98 0.9676000000000002
0.98 0.9726000000000002
0.98 0.9746499999999988
0.98 0.9640499999999987
0.98 0.9749499999999978
0.98 0.971299999999998
0.98 0.9731999999999974
0.98 0.9764999999999976
0.98 0.9753499999999977
0.98 0.9770999999999979
0.98 0.9778999999999975
0.98 0.9781999999999975
0.98 0.9772499999999976
0.98 0.9737499999999979
0.98 0.9722499999999976
0.98 0.9776999999999977
0.98 0.9754999999999976
0.98 0.9784999999999975
0.98 0.9761999999999976
0.98 0.9749999999999978
0.98 0.9667499999999981
0.98 0.9680999999999987
0.98 0.9576499999999989
0.98 0.9636499999999983
0.98 0.940049999999998
0.98 0.9539499999999991
0.98 0.9727499999999983
0.98 0.9642999999999985
0.98 0.9712999999999979
0.98 0.9796499999999974
0.98 0.9785499999999974
0.98 0.9742499999999978
0.98 0.9755499999999975
0.98 0.9776499999999976
0.98 0.9725999999999978
0.98 0.9722999999999977
0.98 0.9740999999999977
0.98 0.9711499999999978
0.98 0.9622999999999985
0.98 0.9692999999999983
0.98 0.9582999999999984
0.98 0.9667999999999982
0.98 0.9752499999999977
0.98 0.9716999999999979
0.98 0.9725999999999978
0.98 0.9701499999999978
0.98 0.9724999999999977
0.98 0.9765499999999975
0.98 0.9741999999999977
0.98 0.970849999999998
0.98 0.9765999999999974
0.98 0.9606999999999979
0.98 0.9325999999999989
0.98 0.9773999999999979
0.98 0.9772999999999977
0.98 0.9778999999999973
0.98 0.9736499999999977
0.98 0.9755499999999975
0.98 0.9776499999999975
0.98 0.9771999999999978
0.98 0.9686999999999985
0.98 0.9677999999999984
0.98 0.9764499999999976
0.98 0.9651999999999981
0.98 0.9734499999999977
