0.24 0.6351199999999991
0.18000000000000005 0.6075599999999985
0.18000000000000005 0.573779999999999
0.12 0.5404599999999993
0.09999999999999998 0.5148799999999998
0.09999999999999998 0.4948599999999998
0.09999999999999998 0.46967999999999954
0.09999999999999998 0.4518800000000007
0.12 0.4337200000000014
0.12 0.39954000000000167
0.12 0.38144000000000106
0.12 0.3661800000000012
0.12 0.3563600000000012
0.12 0.344940000000001
0.12 0.3356400000000008
0.12 0.323760000000001
0.12 0.3170600000000007
0.12 0.3216000000000005
0.12 0.31638000000000066
0.12 0.30740000000000106
0.12 0.30816000000000116
0.12 0.3111200000000013
0.12 0.2869000000000007
0.12 0.27766000000000046
0.12 0.2747800000000011
0.12 0.28146000000000093
0.12 0.2781400000000011
0.12 0.2814800000000011
0.12 0.2788200000000011
0.12 0.2642800000000011
0.12 0.27044000000000146
0.12 0.2880200000000021
0.12 0.27522000000000146
0.12 0.2793000000000014
0.12 0.28008000000000144
0.12 0.27672000000000135
0.12 0.2839400000000016
0.12 0.2835400000000015
0.12 0.27810000000000173
0.12 0.27116000000000157
0.12 0.27278000000000124
0.12 0.2658200000000009
0.12 0.2661400000000009
0.12 0.26290000000000113
0.12 0.26560000000000084
0.12 0.2555400000000009
0.12 0.25702000000000097
0.12 0.25728000000000095
0.12 0.2404400000000006
0.12 0.2364200000000005
0.12 0.23166000000000042
0.12 0.21802000000000038
0.12 0.22428000000000015
0.12 0.22450000000000023
0.12 0.21806000000000036
0.12 0.20214000000000015
0.12 0.2114400000000004
0.12 0.20852000000000043
0.12 0.19566000000000036
0.12 0.19306000000000054
0.12 0.19550000000000042
0.12 0.1951600000000004
0.12 0.18146000000000032
0.12 0.18400000000000005
0.12 0.17860000000000018
0.12 0.18002000000000012
0.12 0.17434000000000038
0.12 0.1781000000000002
0.12 0.17900000000000008
0.12 0.17497999999999986
0.12 0.17163999999999957
0.12 0.1706
0.12 0.1786599999999998
0.12 0.17683999999999994
0.12 0.16929999999999956
0.12 0.17161999999999977
0.12 0.16959999999999978
0.12 0.17631999999999998
0.12 0.18245999999999973
0.12 0.18697999999999987
0.12 0.18252000000000013
0.12 0.18084000000000003
0.12 0.1857399999999999
0.12 0.1832000000000001
0.12 0.18695999999999985
0.12 0.1750799999999997
0.12 0.17365999999999987
0.12 0.17427999999999952
0.12 0.1741999999999997
0.12 0.17335999999999935
0.12 0.1679199999999996
0.12 0.1707399999999999
0.12 0.1727799999999997
0.12 0.16489999999999966
0.12 0.16713999999999934
0.12 0.16489999999999913
0.12 0.1705999999999996
0.12 0.17373999999999956
0.12 0.1713199999999996
0.12 0.16909999999999947
