0.12 0.5848799999999986
0.30000000000000004 0.5630599999999988
0.19999999999999996 0.5402599999999996
0.09999999999999998 0.5037400000000003
0.09999999999999998 0.4906200000000003
0.040000000000000036 0.46657999999999916
0.040000000000000036 0.4466799999999985
0.040000000000000036 0.42143999999999854
0.040000000000000036 0.4141199999999986
0.040000000000000036 0.38705999999999857
0.020000000000000018 0.38265999999999845
0.020000000000000018 0.35683999999999816
0.020000000000000018 0.36555999999999794
0.020000000000000018 0.3566599999999979
0.020000000000000018 0.3414399999999978
0.020000000000000018 0.3364399999999976
0.020000000000000018 0.3303999999999976
0.020000000000000018 0.32993999999999746
0.020000000000000018 0.3200999999999979
0.020000000000000018 0.32057999999999737
0.020000000000000018 0.3160799999999972
0.020000000000000018 0.3185999999999975
0.020000000000000018 0.3092599999999975
0.020000000000000018 0.29671999999999815
0.020000000000000018 0.281119999999998
0.020000000000000018 0.28139999999999804
0.020000000000000018 0.28515999999999786
0.020000000000000018 0.2851399999999984
0.020000000000000018 0.2760999999999981
0.020000000000000018 0.2649599999999981
0.020000000000000018 0.2588799999999982
0.020000000000000018 0.2604799999999984
0.020000000000000018 0.2524999999999982
0.020000000000000018 0.23849999999999844
0.020000000000000018 0.24213999999999838
0.020000000000000018 0.23941999999999855
0.020000000000000018 0.2266399999999988
0.020000000000000018 0.22497999999999882
0.020000000000000018 0.21601999999999863
0.020000000000000018 0.21633999999999867
0.020000000000000018 0.21261999999999875
0.020000000000000018 0.2120399999999989
0.020000000000000018 0.211499999999999
0.020000000000000018 0.21129999999999893
0.020000000000000018 0.18421999999999886
0.020000000000000018 0.1809599999999992
0.020000000000000018 0.18881999999999902
0.020000000000000018 0.1869999999999992
0.020000000000000018 0.1853199999999991
0.020000000000000018 0.18383999999999937
0.020000000000000018 0.17141999999999954
0.020000000000000018 0.17793999999999952
0.020000000000000018 0.16793999999999948
0.020000000000000018 0.1477999999999996
0.020000000000000018 0.15067999999999973
0.020000000000000018 0.15589999999999954
0.020000000000000018 0.15765999999999963
0.020000000000000018 0.15451999999999974
0.020000000000000018 0.1703599999999995
0.020000000000000018 0.16373999999999952
0.020000000000000018 0.15447999999999965
0.020000000000000018 0.1456999999999996
0.020000000000000018 0.1484199999999997
0.020000000000000018 0.14875999999999953
0.020000000000000018 0.14605999999999958
0.020000000000000018 0.15593999999999977
0.020000000000000018 0.16643999999999973
0.020000000000000018 0.16467999999999935
0.020000000000000018 0.16357999999999953
0.020000000000000018 0.1599599999999994
0.020000000000000018 0.14781999999999954
0.020000000000000018 0.15955999999999948
0.020000000000000018 0.14827999999999938
0.020000000000000018 0.14045999999999945
0.020000000000000018 0.13839999999999952
0.020000000000000018 0.1343199999999996
0.020000000000000018 0.1292599999999994
0.020000000000000018 0.11869999999999951
0.020000000000000018 0.11917999999999937
0.020000000000000018 0.12869999999999948
0.020000000000000018 0.14175999999999947
0.020000000000000018 0.1379399999999994
0.020000000000000018 0.14013999999999943
0.020000000000000018 0.1309999999999994
0.020000000000000018 0.14299999999999952
0.020000000000000018 0.14917999999999954
0.020000000000000018 0.13803999999999939
0.020000000000000018 0.12823999999999952
0.020000000000000018 0.12045999999999947
0.020000000000000018 0.1141599999999994
0.020000000000000018 0.11865999999999945
0.020000000000000018 0.12903999999999938
0.020000000000000018 0.1317599999999992
0.020000000000000018 0.1279799999999993
0.020000000000000018 0.12679999999999933
0.020000000000000018 0.13271999999999953
0.020000000000000018 0.13467999999999958
0.020000000000000018 0.1256999999999995
0.020000000000000018 0.12877999999999948
0.020000000000000018 0.13457999999999956
