0.69 0.3881999999999996
0.77 0.4117499999999996
0.75 0.4103999999999997
0.81 0.4207999999999997
0.68 0.3826499999999994
0.68 0.4053999999999994
0.7 0.42854999999999926
0.69 0.44269999999999954
0.72 0.4740499999999998
0.73 0.4719499999999998
0.69 0.41799999999999926
0.7 0.43844999999999956
0.7 0.4433499999999991
0.88 0.46064999999999967
0.72 0.4210499999999993
0.73 0.42954999999999927
0.69 0.45769999999999966
0.69 0.45135000000000003
0.72 0.4797
0.72 0.4416
0.73 0.45379999999999965
0.7 0.43424999999999936
0.71 0.43049999999999966
0.69 0.4696499999999995
0.88 0.5285500000000005
0.9 0.4954500000000001
0.88 0.5123999999999995
0.73 0.49919999999999987
0.94 0.5929999999999999
0.94 0.6133499999999994
0.94 0.6391499999999999
0.94 0.6259999999999997
0.94 0.6751500000000008
0.94 0.6856000000000003
0.94 0.6035499999999995
0.94 0.6300000000000001
0.96 0.6962500000000001
0.94 0.5759500000000002
0.94 0.5666499999999992
0.94 0.5779500000000001
0.94 0.6342499999999994
0.94 0.5613499999999997
0.94 0.5259000000000003
0.94 0.5344500000000001
0.94 0.5882500000000002
0.94 0.68385
0.96 0.7479000000000013
0.88 0.6403999999999996
0.94 0.5917999999999993
0.93 0.6210499999999995
0.94 0.6463500000000004
0.94 0.6598000000000003
0.94 0.6945000000000013
0.94 0.7059000000000006
0.94 0.6336000000000004
0.94 0.6764500000000007
0.95 0.5833500000000006
0.94 0.6581500000000005
0.94 0.6208000000000016
0.79 0.5920000000000012
0.85 0.6321000000000015
0.88 0.6587000000000012
0.84 0.625050000000001
0.88 0.6076000000000008
0.71 0.6331000000000001
0.75 0.6310000000000001
0.88 0.6499500000000004
0.88 0.5801000000000005
0.69 0.5148999999999997
0.82 0.5587500000000005
0.82 0.45715000000000056
0.57 0.3663500000000006
0.61 0.3787500000000011
0.59 0.3282000000000005
0.54 0.337
0.67 0.38745000000000007
0.66 0.3809000000000002
0.67 0.4209500000000003
0.72 0.43849999999999995
0.62 0.3980499999999996
0.37 0.3564499999999996
0.51 0.3663999999999995
0.42 0.34934999999999944
0.62 0.3624999999999996
0.62 0.3620999999999996
0.63 0.3773499999999995
0.64 0.37054999999999955
0.64 0.3879499999999998
0.64 0.3826499999999997
0.69 0.4008999999999998
0.76 0.40654999999999936
0.64 0.4312499999999996
0.77 0.4705999999999998
0.77 0.4685499999999997
0.64 0.3878499999999995
0.64 0.4066999999999997
0.95 0.47479999999999983
0.68 0.5078499999999998
0.81 0.43940000000000096
0.94 0.45015000000000077
0.81 0.5185499999999992
0.81 0.5632000000000011
0.81 0.6328500000000004
0.95 0.5051000000000011
0.96 0.48580000000000056
0.95 0.493350000000001
0.93 0.6327499999999997
0.92 0.6420999999999998
0.92 0.6268999999999998
0.94 0.6361999999999997
0.93 0.6512999999999992
0.94 0.7088500000000006
0.96 0.5313500000000005
0.64 0.4205000000000009
0.96 0.6717500000000003
0.94 0.5982000000000002
0.94 0.6569499999999999
0.91 0.6777000000000001
0.96 0.6822500000000001
0.96 0.7031500000000002
0.96 0.7927499999999966
0.96 0.6924000000000009
0.96 0.7505500000000004
0.96 0.7321500000000004
0.96 0.8286000000000009
0.96 0.8677000000000018
0.96 0.8774000000000014
0.96 0.8782500000000014
0.96 0.8528000000000014
0.96 0.7845000000000002
0.96 0.8320500000000008
0.96 0.8709000000000018
0.96 0.8713000000000015
0.96 0.8782999999999997
0.96 0.9017499999999983
0.96 0.7915999999999979
0.96 0.7873499999999993
0.96 0.8408000000000004
0.96 0.8353999999999999
0.96 0.8688499999999998
0.96 0.8365000000000012
0.96 0.8857000000000006
0.96 0.9085499999999996
0.96 0.924749999999998
0.96 0.9217999999999984
0.96 0.8385500000000001
0.96 0.9413999999999983
0.96 0.946199999999999
0.96 0.9574499999999992
0.96 0.9515000000000002
0.96 0.8909499999999977
0.96 0.9481499999999997
0.96 0.9495
0.96 0.9540500000000004
0.96 0.9567000000000004
0.96 0.95185
0.96 0.9570500000000004
0.96 0.9501500000000003
0.96 0.9573500000000001
0.96 0.9558500000000006
0.96 0.9586000000000006
0.96 0.9552000000000005
0.96 0.9368999999999997
0.96 0.9323499999999985
0.96 0.9190499999999987
0.96 0.9070999999999977
0.96 0.9061999999999985
0.96 0.8606999999999974
0.96 0.901449999999999
0.96 0.8835499999999982
0.97 0.7710999999999987
0.96 0.8405999999999973
0.96 0.8798999999999987
0.96 0.9123999999999978
0.96 0.8829499999999979
0.96 0.8781999999999983
0.96 0.9147499999999971
0.96 0.8960499999999995
0.96 0.7664000000000004
0.96 0.9099999999999973
0.96 0.9292499999999984
0.96 0.9083499999999983
0.96 0.874800000000001
0.96 0.7643000000000013
0.96 0.766300000000001
0.96 0.8326999999999987
0.96 0.8983500000000011
0.96 0.9261999999999986
0.96 0.9342499999999987
0.96 0.9460999999999986
0.96 0.9506499999999994
0.96 0.9501499999999994
0.96 0.9488000000000001
0.96 0.9494
0.96 0.9155999999999992
0.96 0.9385499999999988
0.96 0.9518999999999994
0.96 0.93875
0.96 0.9364999999999993
0.96 0.9318499999999993
0.96 0.9250499999999988
0.96 0.8860500000000033
0.96 0.7554000000000031
0.96 0.7597500000000035
0.96 0.8506500000000016
0.96 0.9393000000000005
0.96 0.888050000000004
0.94 0.8029000000000015
0.96 0.7515000000000006
0.96 0.8299000000000014
0.96 0.7970000000000007
0.96 0.8120499999999992
0.96 0.8083499999999989
0.96 0.6620999999999982
0.96 0.7504499999999998
0.96 0.8608999999999984
0.96 0.8792499999999995
0.96 0.8687499999999991
0.64 0.5057499999999989
0.96 0.8140000000000007
0.96 0.5511999999999994
0.96 0.7288
0.97 0.5612499999999998
0.97 0.7879500000000003
0.97 0.6438999999999993
0.96 0.6394499999999994
0.96 0.7007500000000002
0.96 0.7904499999999999
0.96 0.6208499999999995
0.96 0.6850499999999982
0.96 0.7500999999999989
0.96 0.826849999999999
0.96 0.8408499999999988
0.96 0.8948499999999981
0.96 0.9227499999999977
0.96 0.9390499999999988
0.96 0.9313999999999985
0.96 0.9413999999999989
0.96 0.9414999999999999
0.96 0.9454000000000002
0.96 0.9255999999999992
0.96 0.9152999999999983
0.96 0.7848999999999984
0.96 0.8854499999999971
0.96 0.9118499999999975
0.96 0.9199499999999975
0.96 0.9301999999999987
0.96 0.9348499999999997
0.96 0.9279999999999992
0.96 0.9451499999999998
0.96 0.9475499999999997
0.96 0.9485499999999998
0.96 0.9540000000000003
0.96 0.9569000000000006
0.96 0.9591500000000004
0.96 0.9525500000000006
0.96 0.9408499999999989
0.96 0.8949499999999982
0.96 0.7780000000000009
0.96 0.8479499999999999
0.96 0.8995499999999993
0.96 0.8756000000000002
0.96 0.8547499999999999
0.96 0.8793999999999985
0.96 0.9026499999999992
0.96 0.9325999999999981
0.96 0.8349500000000029
0.97 0.8547000000000015
0.96 0.9214999999999993
0.96 0.8800999999999999
0.96 0.8997999999999999
0.96 0.8965999999999994
0.96 0.9251499999999985
0.96 0.8746999999999994
0.96 0.9061499999999987
0.96 0.9210999999999985
0.96 0.9279499999999986
0.96 0.8789000000000007
0.96 0.9175500000000005
0.96 0.9319499999999978
0.96 0.9480499999999982
0.96 0.9512499999999995
0.96 0.9514999999999993
0.96 0.9454499999999995
0.96 0.9454499999999996
0.96 0.9501000000000001
0.96 0.9527500000000001
0.96 0.9548000000000002
0.96 0.9505000000000003
0.96 0.9533000000000004
0.96 0.94325
0.96 0.9506000000000003
0.96 0.803749999999998
0.96 0.945749999999999
0.96 0.9557000000000002
0.96 0.9422000000000001
0.96 0.9578500000000006
0.96 0.9451499999999995
0.96 0.9177000000000005
0.96 0.8905999999999986
0.96 0.9046999999999984
0.96 0.8343499999999991
0.96 0.8279499999999996
0.96 0.8323999999999999
0.96 0.8783999999999997
0.96 0.9243999999999991
0.96 0.9366499999999991
0.96 0.8961499999999996
0.96 0.9273999999999982
0.96 0.9333499999999982
0.92 0.7771499999999995
0.92 0.806150000000001
0.92 0.8281000000000007
0.96 0.9354499999999978
0.92 0.8421499999999995
0.92 0.8516499999999998
0.93 0.8291999999999976
0.94 0.8151499999999985
0.92 0.807699999999999
0.9 0.7981499999999992
0.94 0.8503499999999993
0.94 0.8577499999999988
0.96 0.9011500000000003
0.96 0.8821500000000003
0.96 0.8978500000000017
0.95 0.8937000000000023
0.96 0.895000000000002
0.96 0.8741500000000021
0.96 0.8956000000000012
0.96 0.9179000000000017
0.96 0.8774000000000004
0.9 0.6221999999999995
0.96 0.8267000000000004
0.63 0.6210499999999989
0.96 0.7496499999999984
0.63 0.6139499999999994
0.63 0.6260499999999987
0.63 0.6252499999999988
0.63 0.6248999999999987
0.63 0.6261999999999986
0.63 0.6236999999999986
0.63 0.6254999999999986
0.63 0.6264499999999986
0.63 0.6158499999999989
0.63 0.6207999999999988
0.63 0.6283499999999984
0.63 0.6181999999999988
0.63 0.6230999999999989
0.63 0.6243499999999986
0.63 0.6253999999999987
0.63 0.6279999999999986
0.63 0.6222999999999986
0.63 0.6275999999999985
0.63 0.6283999999999985
0.63 0.6297999999999984
0.63 0.6244499999999986
0.96 0.701499999999998
0.63 0.6265499999999986
0.63 0.6272499999999986
0.96 0.6753999999999989
0.63 0.618499999999999
0.63 0.6232999999999989
0.63 0.6269499999999987
0.96 0.7353499999999974
0.63 0.6269499999999986
0.63 0.6281499999999985
0.96 0.6666499999999982
0.96 0.6817999999999982
0.96 0.8283999999999991
0.96 0.87485
0.96 0.8649000000000007
0.95 0.8768500000000009
0.95 0.8913500000000014
0.96 0.8993000000000008
0.96 0.8928499999999986
0.96 0.7782999999999991
0.63 0.6198999999999989
0.63 0.6194499999999985
0.96 0.8143999999999997
0.96 0.8726000000000007
0.96 0.88315
0.96 0.9131500000000002
0.96 0.9205999999999996
0.96 0.926999999999998
0.96 0.9326499999999978
0.63 0.6280999999999987
0.63 0.6271999999999985
0.79 0.624499999999999
0.76 0.6259499999999987
0.76 0.6298499999999985
0.76 0.6250999999999987
0.96 0.8603499999999995
0.96 0.8319999999999987
0.96 0.9010999999999971
0.96 0.9329999999999974
0.96 0.9237999999999983
0.96 0.9437999999999995
0.96 0.9391499999999996
0.96 0.9438499999999997
0.96 0.9290499999999993
0.96 0.9333499999999998
0.96 0.9385999999999999
0.96 0.9340999999999995
0.96 0.9413499999999999
0.96 0.9399
0.96 0.9360499999999996
0.96 0.9340499999999995
0.96 0.9167499999999982
0.96 0.9247999999999991
0.96 0.9298999999999994
0.96 0.932649999999999
0.96 0.9315999999999999
0.96 0.9388499999999995
0.96 0.924049999999999
0.96 0.9276499999999993
0.96 0.9246499999999992
0.96 0.9351499999999998
0.96 0.9332999999999992
0.96 0.9275999999999992
0.96 0.9285999999999985
0.96 0.937449999999999
0.96 0.9389499999999994
0.96 0.9329499999999998
0.96 0.9383
0.96 0.9314999999999998
0.96 0.9482000000000003
0.96 0.9380999999999999
0.96 0.9391999999999995
0.96 0.9281499999999996
0.63 0.6273999999999984
0.96 0.9454500000000001
0.96 0.9395000000000003
0.96 0.9464000000000006
0.96 0.9537500000000004
0.96 0.9455500000000002
0.96 0.9320999999999999
0.96 0.9315499999999994
0.96 0.9451999999999999
0.96 0.9393999999999997
0.96 0.9364000000000001
0.96 0.9494000000000001
0.96 0.9289999999999999
0.96 0.9325499999999998
0.96 0.9292499999999997
0.96 0.9306999999999997
0.96 0.9362999999999998
0.96 0.9460500000000002
0.96 0.9374499999999997
0.96 0.9272499999999992
0.96 0.9420999999999996
0.96 0.9349499999999996
0.96 0.9452999999999991
0.96 0.9365499999999995
0.96 0.9340499999999996
0.96 0.9303999999999997
0.96 0.9300999999999996
0.96 0.9318999999999994
0.96 0.94475
0.96 0.9353999999999999
0.96 0.9374499999999997
0.65 0.6232499999999985
0.63 0.6233999999999986
0.65 0.6238499999999986
0.63 0.6255999999999985
0.63 0.6257999999999986
0.63 0.6264999999999985
0.63 0.6245499999999985
0.63 0.6253499999999985
0.63 0.6211499999999985
0.63 0.6254499999999985
0.63 0.6268999999999985
0.63 0.6266999999999985
0.63 0.6256499999999986
0.63 0.6192499999999986
0.63 0.6298999999999984
0.63 0.6287499999999985
0.63 0.6278999999999985
0.63 0.6271999999999985
0.63 0.6251999999999986
0.63 0.6272499999999984
0.63 0.6295499999999984
0.63 0.6283999999999984
0.63 0.6213499999999985
0.63 0.6264999999999986
0.63 0.6252499999999985
0.92 0.6345499999999984
0.92 0.6415999999999983
0.92 0.6471999999999983
0.92 0.6730999999999971
0.63 0.6256999999999986
0.63 0.6208499999999989
0.63 0.6287499999999985
0.63 0.6271999999999985
0.63 0.6240999999999987
0.63 0.6216999999999986
0.63 0.6213999999999986
0.63 0.6287499999999985
0.63 0.6226499999999987
0.63 0.6266999999999984
0.63 0.6243499999999986
