0.78 0.37199999999999966
0.92 0.41424999999999934
0.67 0.3857999999999999
0.66 0.39210000000000017
0.68 0.4086499999999997
0.68 0.4247499999999992
0.68 0.4229499999999991
0.85 0.4070999999999995
0.67 0.3985000000000001
0.7 0.44529999999999875
0.77 0.4814499999999983
0.7 0.48794999999999916
0.74 0.4679999999999987
0.68 0.46949999999999953
0.77 0.49939999999999957
0.71 0.5072499999999998
0.81 0.47294999999999876
0.76 0.5091499999999991
0.71 0.4877999999999992
0.78 0.4943999999999994
0.71 0.4790499999999991
0.75 0.5279999999999994
0.82 0.5654999999999988
0.73 0.5872000000000003
0.77 0.5841499999999994
0.68 0.6132000000000004
0.68 0.5973999999999998
0.68 0.5731499999999992
0.86 0.6197499999999998
0.85 0.6376499999999999
0.68 0.6089500000000008
0.68 0.6343500000000006
0.68 0.6519500000000009
0.68 0.6533500000000019
0.68 0.6656500000000029
0.68 0.6700000000000024
0.68 0.6374000000000011
0.68 0.6517500000000015
0.68 0.5685499999999997
0.68 0.6640500000000018
0.68 0.6711000000000028
0.68 0.6719500000000029
0.68 0.6564500000000011
0.68 0.6694000000000028
0.68 0.6763000000000029
0.68 0.6772500000000029
0.68 0.6707500000000024
0.68 0.6765500000000024
0.68 0.674950000000003
0.68 0.6766500000000027
0.68 0.6726000000000029
0.68 0.6569000000000016
0.68 0.6575000000000017
0.68 0.6581500000000021
0.68 0.645100000000002
0.68 0.5071999999999998
0.68 0.5768
0.68 0.6314500000000013
0.68 0.6710000000000028
0.68 0.6557000000000022
0.68 0.6154500000000005
0.68 0.6734500000000031
0.68 0.6474000000000022
0.68 0.654150000000002
0.68 0.6676000000000029
0.68 0.6729000000000029
0.68 0.6774500000000032
0.68 0.6733000000000028
0.68 0.6762000000000031
0.68 0.673400000000003
0.68 0.6787500000000034
0.68 0.62495
0.68 0.6686500000000024
0.68 0.6216500000000013
0.68 0.6182500000000011
0.68 0.6690000000000026
0.68 0.6726500000000025
0.68 0.6572500000000021
0.68 0.6392500000000013
0.68 0.6661500000000028
0.68 0.6410500000000019
0.68 0.6779000000000032
0.68 0.6782500000000031
0.68 0.6787500000000029
0.68 0.6741500000000026
0.68 0.671450000000003
0.68 0.6775000000000033
0.68 0.6780500000000034
0.68 0.6750500000000033
0.68 0.6611000000000027
0.68 0.6113500000000004
0.68 0.6144500000000006
0.68 0.6739500000000028
0.68 0.6783500000000032
0.68 0.6308000000000007
0.68 0.6673000000000022
0.68 0.6521000000000013
0.68 0.6756000000000025
0.68 0.6750000000000029
0.68 0.6417000000000018
0.68 0.6747500000000032
0.68 0.6789500000000033
0.68 0.6800000000000034
0.68 0.6779500000000034
0.68 0.6790500000000034
0.68 0.6782500000000034
0.68 0.6796000000000032
0.68 0.6787500000000033
0.68 0.6800000000000034
0.68 0.6787000000000033
0.68 0.6747500000000026
0.68 0.6797000000000031
0.68 0.678000000000003
0.68 0.6781500000000029
0.68 0.6791500000000026
0.68 0.6793000000000029
0.68 0.6540000000000021
0.68 0.6630000000000025
0.68 0.6773000000000031
0.68 0.6767500000000026
0.68 0.6787500000000033
0.68 0.6632000000000032
0.68 0.5844000000000014
0.68 0.6688000000000026
0.68 0.673800000000003
0.68 0.6697500000000032
0.68 0.6796000000000033
0.68 0.6755000000000028
0.68 0.6778000000000028
0.68 0.6751000000000026
0.68 0.6645500000000025
0.68 0.6688000000000026
0.68 0.6454500000000022
0.68 0.6692500000000028
0.68 0.671550000000003
0.68 0.6697000000000028
0.68 0.6781500000000033
0.68 0.6709000000000027
0.68 0.6698500000000029
0.68 0.6795500000000032
0.68 0.6794000000000032
0.68 0.6781500000000033
0.68 0.6767500000000033
0.68 0.6779500000000032
0.68 0.6774000000000033
0.68 0.6745500000000029
0.68 0.6763000000000027
0.68 0.6775500000000031
0.68 0.6769500000000028
0.68 0.677700000000003
0.68 0.6791000000000031
0.68 0.6738500000000026
0.68 0.6732500000000031
0.68 0.6799000000000034
0.68 0.6784000000000033
0.68 0.6797500000000032
0.68 0.6783500000000033
0.68 0.6708000000000033
0.68 0.6621000000000029
0.68 0.6743000000000029
0.68 0.672500000000003
0.68 0.6798000000000032
0.68 0.6770500000000029
0.68 0.6790000000000034
0.68 0.6764500000000031
0.68 0.6556000000000027
0.68 0.6669500000000028
0.68 0.6796000000000031
0.68 0.6465000000000022
0.68 0.6642000000000027
0.68 0.6435500000000012
0.68 0.6543000000000011
0.68 0.6582500000000013
0.68 0.6774000000000026
0.68 0.6603500000000021
0.68 0.6641000000000026
0.68 0.651650000000002
0.68 0.6392500000000009
0.68 0.6429000000000018
0.68 0.6668000000000031
0.68 0.6258500000000004
0.68 0.6137
0.68 0.6647500000000022
0.68 0.6576000000000015
0.68 0.6607000000000024
0.68 0.5384999999999998
0.68 0.5486499999999997
0.68 0.6521000000000009
0.68 0.656600000000001
0.68 0.6709500000000019
0.68 0.6723000000000029
0.68 0.6745000000000029
0.68 0.6715500000000028
0.68 0.6764000000000026
0.68 0.673850000000003
0.68 0.6563000000000021
0.68 0.6614000000000021
0.68 0.6742500000000028
0.68 0.6768000000000027
0.68 0.670600000000003
0.68 0.6631000000000025
0.68 0.6576500000000024
0.68 0.6771000000000028
0.68 0.678000000000003
0.68 0.6760000000000028
0.68 0.6790000000000025
0.68 0.6772000000000028
0.68 0.6688000000000024
0.68 0.6727500000000026
0.68 0.6738500000000025
0.68 0.6522000000000021
0.68 0.6722500000000028
0.68 0.6378000000000016
0.68 0.6724000000000027
0.68 0.6771000000000029
0.68 0.6765500000000033
0.68 0.6722000000000034
0.68 0.6756000000000029
0.68 0.674600000000003
0.68 0.6735000000000033
0.68 0.675350000000003
0.68 0.6375000000000022
0.68 0.6340000000000021
0.68 0.6621000000000035
0.68 0.6498500000000029
0.68 0.6180000000000015
0.68 0.6484500000000025
0.68 0.6782000000000034
0.68 0.5831999999999992
0.68 0.6574500000000024
0.68 0.6726000000000031
0.68 0.6590500000000028
0.68 0.674950000000003
0.68 0.6753000000000031
0.68 0.6781500000000033
0.68 0.6779000000000031
0.68 0.6780500000000034
0.68 0.6761000000000031
0.68 0.6772000000000028
0.68 0.6768500000000028
0.68 0.6766000000000032
0.68 0.6774000000000032
0.68 0.6796000000000032
0.68 0.6781500000000031
0.68 0.6766000000000031
0.68 0.6731500000000031
0.68 0.6759500000000033
0.68 0.6782000000000034
0.68 0.6794500000000033
0.68 0.6782000000000034
0.68 0.6795000000000033
0.68 0.6799000000000034
0.68 0.6783000000000032
0.68 0.6743000000000028
0.68 0.6763000000000032
0.68 0.6765000000000033
0.68 0.6798000000000033
0.68 0.677700000000003
0.68 0.6792000000000031
0.68 0.678200000000003
0.68 0.6789000000000033
0.68 0.6784000000000033
0.68 0.6789000000000034
0.68 0.6795500000000031
0.68 0.6777500000000029
0.68 0.6783000000000031
0.68 0.6740500000000027
0.68 0.674600000000003
0.68 0.6794500000000029
0.68 0.6735500000000029
0.68 0.6764000000000031
0.68 0.6762000000000031
0.68 0.6778500000000033
0.68 0.6797500000000034
0.68 0.6769500000000034
0.68 0.6723000000000033
0.68 0.6786500000000033
0.68 0.6752000000000032
0.68 0.6753000000000032
0.68 0.6763500000000033
0.68 0.6790000000000034
0.68 0.675650000000003
0.68 0.678000000000003
0.68 0.6784000000000033
0.68 0.6796000000000033
0.68 0.6800000000000034
0.68 0.6797500000000032
0.68 0.6794500000000031
0.68 0.6784500000000034
0.68 0.6741000000000029
0.68 0.6776500000000033
0.68 0.6556500000000027
0.68 0.6682000000000029
0.68 0.6739500000000028
0.68 0.6741500000000034
0.68 0.673450000000003
0.68 0.6790000000000034
0.68 0.6800000000000034
0.68 0.6793000000000033
0.68 0.6751000000000035
0.68 0.6789500000000034
0.68 0.675850000000003
0.68 0.6768000000000031
0.68 0.667000000000003
0.68 0.663950000000003
0.68 0.6754500000000031
0.68 0.6638000000000033
0.68 0.6723500000000034
0.68 0.6717500000000031
0.68 0.6712500000000031
0.68 0.6748000000000028
0.68 0.6737500000000032
0.68 0.673450000000003
0.68 0.6739000000000029
0.68 0.672450000000003
0.68 0.6748500000000028
0.68 0.6626000000000029
0.68 0.6750000000000028
0.68 0.6797000000000034
0.68 0.6800000000000034
0.68 0.6781500000000033
0.68 0.6773500000000034
0.68 0.6788000000000034
0.68 0.6770000000000033
0.68 0.6764500000000032
0.68 0.6781500000000033
0.68 0.6780000000000034
0.68 0.6764500000000032
0.68 0.6771000000000033
0.68 0.6788500000000033
0.68 0.6784000000000034
0.68 0.6800000000000034
0.68 0.6790000000000034
0.68 0.6789000000000034
0.68 0.6783500000000032
0.68 0.6762000000000031
0.68 0.6785500000000033
0.68 0.6797500000000034
0.68 0.6778500000000033
0.68 0.6756500000000031
0.68 0.6782500000000034
0.68 0.6796500000000033
0.68 0.6798500000000034
0.68 0.6799000000000034
0.68 0.679300000000003
0.68 0.677950000000003
0.68 0.6799000000000032
0.68 0.6794000000000031
0.68 0.6797500000000032
0.68 0.6797000000000033
0.68 0.6795500000000034
0.68 0.6787000000000032
0.68 0.669050000000003
0.68 0.6523500000000024
0.68 0.674600000000003
0.68 0.6721000000000028
0.68 0.6775000000000031
0.68 0.671050000000003
0.68 0.6534000000000023
0.68 0.6798000000000033
0.68 0.6616500000000026
0.68 0.6683500000000031
0.68 0.6621000000000028
0.68 0.675350000000003
0.68 0.6767500000000034
0.68 0.6751500000000035
0.68 0.6795000000000033
0.68 0.6771500000000031
0.68 0.6773000000000033
0.68 0.6800000000000034
0.68 0.6777000000000032
0.68 0.6799000000000034
0.68 0.6765500000000031
0.68 0.676200000000003
0.68 0.6767000000000033
0.68 0.6799500000000033
0.68 0.6773000000000031
0.68 0.6800000000000034
0.68 0.6790000000000034
0.68 0.6782000000000032
0.68 0.6743000000000032
0.68 0.6741500000000028
0.68 0.6773000000000033
0.68 0.6792500000000034
0.68 0.6776000000000032
0.68 0.6710500000000029
0.68 0.6483000000000021
0.68 0.6498000000000023
0.68 0.6725000000000031
0.68 0.6787500000000033
0.68 0.6789000000000033
0.68 0.676900000000003
0.68 0.6760000000000029
0.68 0.6794000000000032
0.68 0.6763500000000032
0.68 0.6779000000000032
0.68 0.6752500000000033
0.68 0.6800000000000034
0.68 0.6799000000000032
0.68 0.6752000000000032
0.68 0.6778000000000033
0.68 0.6799500000000033
0.68 0.678400000000003
0.68 0.6799000000000034
0.68 0.6771000000000033
0.68 0.6773500000000032
0.68 0.6800000000000034
0.68 0.5366999999999981
0.68 0.5282499999999984
0.68 0.6355500000000014
0.68 0.5961999999999998
0.68 0.6651500000000027
0.68 0.6500500000000019
0.68 0.6677500000000027
0.68 0.6792500000000032
0.68 0.676050000000003
0.68 0.649050000000002
0.68 0.508499999999999
0.68 0.6753500000000027
0.68 0.6780000000000029
0.68 0.6794500000000033
0.68 0.6798500000000032
0.68 0.6783500000000033
0.68 0.6800000000000034
0.68 0.6786500000000032
0.68 0.6790000000000032
0.68 0.6773500000000032
0.68 0.675500000000003
0.68 0.6794000000000031
0.68 0.6781500000000028
0.68 0.6783000000000032
0.68 0.6718000000000027
0.68 0.6633500000000027
0.68 0.6782000000000034
0.68 0.6799000000000034
0.68 0.6798000000000033
0.68 0.673200000000003
0.68 0.6788500000000033
0.68 0.6751500000000031
0.68 0.6775500000000028
0.68 0.6768000000000033
0.68 0.6773000000000033
0.68 0.654700000000003
0.68 0.6574500000000029
0.68 0.6788500000000033
0.68 0.48549999999999843
0.68 0.5627999999999996
0.68 0.6768000000000033
0.68 0.6718500000000028
0.68 0.6798000000000033
0.68 0.6797500000000034
0.68 0.6800000000000034
0.68 0.6798000000000033
0.68 0.6787500000000034
0.68 0.6787500000000034
0.68 0.6778000000000034
0.68 0.6716500000000031
0.68 0.6630500000000029
0.68 0.6757000000000031
0.68 0.6799000000000034
0.68 0.3750999999999995
0.68 0.3823999999999989
0.68 0.38744999999999874
0.68 0.5295999999999988
0.68 0.6632500000000026
0.68 0.5042499999999985
0.68 0.6594000000000019
0.68 0.6739000000000027
0.68 0.677450000000003
0.68 0.6746500000000027
0.68 0.6798000000000031
0.68 0.6774500000000029
0.68 0.6798000000000033
0.68 0.6800000000000034
0.68 0.6784000000000033
0.68 0.6786000000000033
0.68 0.6785500000000033
0.68 0.6800000000000034
0.68 0.6783500000000033
0.68 0.672650000000003
0.68 0.6791000000000031
0.68 0.6560500000000026
0.68 0.5534999999999994
0.68 0.49449999999999844
0.68 0.6208000000000014
0.68 0.6549500000000027
0.68 0.6701500000000028
0.68 0.6665500000000029
0.68 0.6726500000000029
0.68 0.6797000000000031
0.68 0.6798000000000033
0.68 0.6763500000000033
0.68 0.676900000000003
0.68 0.6786500000000033
0.68 0.6703000000000031
0.68 0.6767000000000033
0.68 0.6782000000000034
0.68 0.6779000000000033
0.68 0.675050000000003
0.68 0.6800000000000034
