0.91 0.4251899999999999
0.91 0.46537000000000045
0.91 0.5043000000000013
0.96 0.5323000000000007
0.96 0.5573600000000005
0.96 0.5655200000000006
0.96 0.5909899999999978
0.96 0.6181199999999958
0.96 0.6410499999999981
0.96 0.6556199999999983
0.96 0.6618200000000007
0.96 0.685870000000003
0.97 0.6960000000000041
0.97 0.7083500000000045
0.97 0.7152500000000073
0.97 0.7319700000000107
0.97 0.73588000000001
0.97 0.74624000000001
0.97 0.7507900000000105
0.97 0.75472000000001
0.97 0.763250000000008
0.97 0.7688100000000087
0.97 0.7676400000000084
0.97 0.7658000000000068
0.97 0.7626000000000069
0.97 0.7845300000000069
0.97 0.7845300000000066
0.97 0.7784000000000065
0.97 0.7926700000000061
0.97 0.7976000000000057
0.97 0.7885000000000056
0.98 0.8061400000000039
0.98 0.818460000000002
0.98 0.822280000000002
0.98 0.8350100000000032
0.98 0.8228200000000011
0.98 0.8238700000000042
0.98 0.8256600000000047
0.98 0.8319800000000034
0.98 0.8366600000000028
0.98 0.8302600000000042
0.98 0.8316700000000035
0.98 0.8397000000000032
0.98 0.830330000000002
0.98 0.839920000000003
0.98 0.8627599999999978
0.98 0.8495300000000006
0.98 0.8429900000000005
0.98 0.8451400000000008
0.98 0.8605899999999977
0.98 0.8498000000000011
0.98 0.8504700000000003
0.98 0.8495300000000007
0.98 0.862049999999998
0.98 0.8578099999999976
0.98 0.8539599999999988
0.98 0.8604599999999959
0.98 0.861979999999995
0.98 0.860189999999998
0.98 0.8560899999999982
0.98 0.8591499999999969
0.98 0.8633199999999924
0.98 0.8681799999999936
0.98 0.866949999999995
0.98 0.8702499999999956
0.98 0.8628499999999957
0.98 0.8647599999999958
0.98 0.8666299999999934
0.98 0.8783899999999969
0.98 0.8719999999999951
0.98 0.8775699999999956
0.98 0.8698799999999963
0.98 0.8570199999999957
0.98 0.8571599999999944
0.98 0.8638099999999943
0.98 0.8698999999999943
0.98 0.8766999999999932
0.98 0.8750899999999938
0.98 0.8624999999999946
0.98 0.8647599999999942
0.98 0.8626099999999959
0.98 0.8654899999999952
0.98 0.8647499999999959
0.98 0.8688399999999957
0.98 0.8721399999999961
0.98 0.8751899999999965
0.98 0.8667399999999964
0.98 0.8603699999999967
0.98 0.8671799999999955
0.98 0.8666399999999945
0.98 0.857139999999995
0.98 0.857169999999997
0.98 0.8586799999999969
0.98 0.863149999999998
0.98 0.8560099999999978
0.98 0.8546299999999963
0.98 0.8527399999999974
0.98 0.8636099999999984
0.98 0.8630199999999973
0.98 0.8634299999999956
