0.07999999999999996 0.5904200000000055
0.020000000000000018 0.5363200000000043
0.020000000000000018 0.5042800000000026
0.020000000000000018 0.46822000000000186
0.020000000000000018 0.4472000000000012
0.020000000000000018 0.4094000000000007
0.020000000000000018 0.38576000000000144
0.020000000000000018 0.3730000000000016
0.020000000000000018 0.3721800000000021
0.020000000000000018 0.3646200000000019
0.020000000000000018 0.3515800000000026
0.020000000000000018 0.3386200000000019
0.020000000000000018 0.339120000000002
0.020000000000000018 0.31958000000000253
0.020000000000000018 0.2984200000000025
0.020000000000000018 0.2911200000000021
0.020000000000000018 0.2894600000000022
0.020000000000000018 0.2848000000000023
0.020000000000000018 0.2742200000000022
0.020000000000000018 0.26972000000000157
0.020000000000000018 0.26486000000000165
0.020000000000000018 0.2636000000000016
0.020000000000000018 0.24472000000000146
0.020000000000000018 0.2538000000000011
0.020000000000000018 0.24812000000000087
0.020000000000000018 0.23052000000000097
0.020000000000000018 0.229460000000001
0.020000000000000018 0.22914000000000087
0.020000000000000018 0.24490000000000084
0.020000000000000018 0.23950000000000096
0.020000000000000018 0.21850000000000092
0.020000000000000018 0.2144000000000004
0.020000000000000018 0.2064000000000007
0.020000000000000018 0.2145000000000004
0.020000000000000018 0.21468000000000056
0.020000000000000018 0.2105200000000005
0.020000000000000018 0.20906000000000102
0.020000000000000018 0.21224000000000054
0.020000000000000018 0.2051600000000006
0.020000000000000018 0.20262000000000022
0.020000000000000018 0.20464000000000018
0.020000000000000018 0.19310000000000022
0.020000000000000018 0.1933999999999998
0.020000000000000018 0.20034000000000024
0.020000000000000018 0.20130000000000026
0.020000000000000018 0.18429999999999985
0.020000000000000018 0.19050000000000006
0.020000000000000018 0.18155999999999953
0.020000000000000018 0.18265999999999985
0.020000000000000018 0.1922599999999996
0.020000000000000018 0.1994599999999999
0.020000000000000018 0.19151999999999958
0.020000000000000018 0.18399999999999994
0.020000000000000018 0.17503999999999958
0.020000000000000018 0.16477999999999945
0.020000000000000018 0.18095999999999984
0.020000000000000018 0.1809999999999996
0.020000000000000018 0.17923999999999965
0.020000000000000018 0.16875999999999958
0.020000000000000018 0.1733799999999996
0.020000000000000018 0.1725199999999999
0.020000000000000018 0.1680799999999994
0.020000000000000018 0.17407999999999949
0.020000000000000018 0.1589799999999997
0.020000000000000018 0.16155999999999948
0.020000000000000018 0.15287999999999974
0.020000000000000018 0.1537399999999994
0.020000000000000018 0.15445999999999946
0.020000000000000018 0.1574799999999994
0.020000000000000018 0.1554199999999995
0.020000000000000018 0.14335999999999946
0.020000000000000018 0.15449999999999942
0.020000000000000018 0.1590999999999994
0.020000000000000018 0.15221999999999938
0.020000000000000018 0.13793999999999934
0.020000000000000018 0.13511999999999952
0.020000000000000018 0.13123999999999963
0.020000000000000018 0.13119999999999957
0.020000000000000018 0.13791999999999954
0.020000000000000018 0.14581999999999942
0.020000000000000018 0.1443799999999995
0.020000000000000018 0.15015999999999935
0.020000000000000018 0.14723999999999943
0.020000000000000018 0.15155999999999956
0.020000000000000018 0.1414399999999995
0.020000000000000018 0.13149999999999953
0.020000000000000018 0.13463999999999943
0.020000000000000018 0.13847999999999955
0.020000000000000018 0.13703999999999938
0.020000000000000018 0.1391399999999995
0.020000000000000018 0.13443999999999937
0.020000000000000018 0.13785999999999937
0.020000000000000018 0.13289999999999946
0.020000000000000018 0.13725999999999922
0.020000000000000018 0.1400799999999994
0.020000000000000018 0.1342399999999995
0.020000000000000018 0.13579999999999945
0.020000000000000018 0.13089999999999957
0.020000000000000018 0.12617999999999946
0.020000000000000018 0.12157999999999945
