0.89 0.4266499999999992
0.89 0.4640699999999998
0.95 0.5011399999999999
0.95 0.53061
0.95 0.5567500000000005
0.97 0.5848699999999973
0.99 0.6047600000000005
0.99 0.6235099999999981
0.99 0.6454699999999999
0.99 0.6690699999999979
0.99 0.6758599999999958
0.99 0.6765899999999948
0.99 0.6778499999999927
0.99 0.6937299999999946
0.99 0.7106300000000004
0.99 0.7136700000000012
0.99 0.7213000000000032
0.99 0.7256600000000034
0.99 0.7245900000000042
0.99 0.7367500000000061
0.99 0.7495700000000074
0.99 0.7513500000000077
0.99 0.748810000000006
0.99 0.7600700000000077
0.99 0.7742700000000078
0.99 0.7718400000000081
0.99 0.7809700000000058
0.99 0.7861200000000047
0.99 0.787230000000006
0.99 0.7877500000000053
0.99 0.7909900000000045
0.99 0.8002400000000027
0.99 0.7961300000000046
0.99 0.7966900000000046
0.99 0.8020100000000006
0.99 0.7977400000000042
0.99 0.8008799999999998
0.99 0.8056700000000008
0.99 0.8183500000000025
0.99 0.8268000000000042
0.99 0.8254400000000037
0.99 0.8253300000000052
0.99 0.8251700000000042
0.99 0.8295000000000039
0.99 0.8253500000000042
0.99 0.8236200000000031
0.99 0.8245500000000036
0.99 0.8276100000000036
0.99 0.8254200000000035
0.99 0.8216900000000021
0.99 0.8316100000000042
0.99 0.8339100000000029
0.99 0.8421500000000041
0.99 0.8443100000000031
0.99 0.8459200000000038
0.99 0.850700000000002
0.99 0.8481200000000033
0.99 0.848430000000002
0.99 0.8451000000000034
0.99 0.8415500000000025
0.99 0.8517400000000033
0.99 0.8478400000000029
0.99 0.8453300000000006
0.99 0.8366700000000015
0.99 0.8478699999999991
0.99 0.8570499999999991
0.99 0.8563299999999953
0.99 0.8636499999999938
0.99 0.8555299999999956
0.99 0.8523399999999992
0.99 0.8542899999999986
0.99 0.8512599999999976
0.99 0.853189999999994
0.99 0.8464399999999964
0.99 0.8557999999999958
0.99 0.8610999999999952
0.99 0.865309999999993
0.99 0.8632699999999947
0.99 0.861649999999997
0.99 0.8650499999999971
0.99 0.8571199999999967
0.99 0.8699699999999962
0.99 0.8618999999999971
0.99 0.8559799999999971
0.99 0.8662199999999991
0.99 0.8764000000000023
0.99 0.8590099999999995
0.99 0.8445099999999983
0.99 0.8585699999999993
0.99 0.8612100000000027
0.99 0.8534499999999995
0.99 0.8522700000000007
0.99 0.8498200000000002
0.99 0.8574700000000007
0.99 0.867890000000003
0.99 0.8741300000000033
0.99 0.8718000000000031
0.99 0.8730100000000033
0.99 0.8632700000000005
0.99 0.8582000000000006
