0.66 0.3774000000000012
0.79 0.4082000000000006
0.7 0.41120000000000084
0.66 0.3788500000000007
0.8 0.3760500000000008
0.66 0.38070000000000087
0.78 0.4009500000000006
0.66 0.40669999999999973
0.81 0.39055
0.81 0.41784999999999933
0.7 0.4517999999999983
0.88 0.47869999999999846
0.7 0.4047000000000001
0.66 0.39630000000000015
0.64 0.363700000000001
0.66 0.3900999999999999
0.64 0.3798
0.64 0.3726500000000002
0.67 0.38285000000000013
0.72 0.4023999999999996
0.72 0.4149499999999991
0.73 0.4312999999999987
0.78 0.4279499999999987
0.72 0.4027999999999996
0.66 0.40699999999999936
0.69 0.41624999999999884
0.65 0.40214999999999923
0.65 0.4133999999999995
0.77 0.4590499999999982
0.81 0.44604999999999856
0.76 0.4509499999999985
0.66 0.3766500000000012
0.8 0.4420999999999991
0.93 0.4074499999999998
0.86 0.40644999999999926
0.66 0.4000999999999993
0.67 0.42734999999999856
0.66 0.4447999999999989
0.62 0.40369999999999934
0.7 0.445699999999999
0.66 0.437699999999999
0.73 0.43114999999999865
0.74 0.44674999999999815
0.66 0.4118499999999993
0.78 0.46729999999999916
0.69 0.5211999999999994
0.65 0.46849999999999964
0.68 0.43889999999999924
0.79 0.483549999999999
0.81 0.50715
0.71 0.5367999999999999
0.68 0.5376999999999993
0.69 0.5676999999999994
0.68 0.5590999999999994
0.76 0.6004999999999988
0.55 0.4198499999999992
0.89 0.6198499999999996
0.9 0.5600999999999998
0.93 0.5739999999999998
0.74 0.43394999999999845
0.92 0.4525499999999984
0.66 0.3097999999999994
0.63 0.33840000000000137
0.73 0.4328000000000008
0.81 0.5299000000000003
0.63 0.44604999999999995
0.78 0.4895000000000007
0.76 0.4778
0.8 0.5354500000000001
0.65 0.4511999999999996
0.65 0.4628500000000003
0.86 0.5054000000000001
0.65 0.37730000000000047
0.75 0.41810000000000014
0.84 0.47004999999999947
0.8 0.5580000000000003
0.76 0.5093999999999997
0.84 0.52115
0.84 0.5184999999999995
0.92 0.5078000000000009
0.96 0.5830499999999997
0.88 0.5130499999999988
0.9 0.49789999999999923
0.8 0.4622499999999985
0.96 0.5870499999999997
0.94 0.5389
0.95 0.6159500000000007
0.96 0.7281000000000012
0.96 0.6102
0.95 0.6106499999999997
0.94 0.5477000000000006
0.94 0.5658500000000004
0.94 0.62285
0.97 0.7047000000000001
0.97 0.79345
0.97 0.7719500000000002
0.95 0.5789999999999993
0.97 0.6937000000000003
0.96 0.6257999999999998
0.97 0.6869999999999997
0.9 0.5865499999999987
0.97 0.7087499999999994
0.97 0.7769000000000003
0.97 0.7139499999999992
0.97 0.6716999999999992
0.97 0.7337999999999996
0.94 0.7140499999999993
0.97 0.8181000000000005
0.97 0.8796000000000015
0.97 0.8963
0.94 0.9119000000000009
0.94 0.8663500000000011
0.94 0.9067000000000001
0.94 0.9174999999999978
0.95 0.9308999999999977
0.96 0.9214499999999979
0.94 0.926749999999998
0.94 0.9004999999999993
0.94 0.9287499999999983
0.94 0.9251999999999986
0.94 0.9281999999999985
0.94 0.4249499999999991
0.94 0.45359999999999845
0.94 0.5523499999999965
0.95 0.427049999999999
0.94 0.7191499999999984
0.94 0.8063999999999997
0.94 0.8841499999999997
0.94 0.8864999999999995
0.94 0.876749999999999
0.94 0.8490000000000005
0.94 0.8969499999999982
0.94 0.9180999999999981
0.94 0.9275999999999983
0.94 0.9348499999999984
0.94 0.7934000000000019
0.94 0.9254999999999979
0.94 0.6898999999999975
0.94 0.4936499999999971
0.94 0.4109999999999991
0.62 0.36175000000000024
0.65 0.3759000000000002
0.65 0.4002999999999994
0.62 0.3936499999999996
0.66 0.42149999999999854
0.66 0.44294999999999796
0.65 0.5193999999999989
0.65 0.5356499999999994
0.89 0.5647499999999992
0.82 0.588049999999999
0.91 0.6163999999999988
0.85 0.6194999999999995
0.94 0.6349999999999995
0.83 0.6113499999999988
0.83 0.6398500000000005
0.82 0.6451000000000012
0.84 0.646800000000001
0.92 0.680450000000002
0.9 0.6628000000000017
0.95 0.6565000000000017
0.95 0.6868500000000022
0.95 0.7749500000000004
0.96 0.7798999999999999
0.95 0.8316499999999992
0.95 0.8157999999999994
0.96 0.7722500000000001
0.94 0.7493499999999998
0.95 0.7377999999999996
0.95 0.8158999999999982
0.96 0.8455499999999998
0.96 0.7955500000000001
0.96 0.7717500000000007
0.96 0.8211499999999995
0.96 0.9026499999999998
0.96 0.9259999999999983
0.96 0.9240499999999989
0.96 0.9338999999999977
0.96 0.9464999999999971
0.96 0.9438499999999972
0.97 0.7963499999999984
0.97 0.8370000000000004
0.96 0.7442499999999996
0.97 0.8373000000000012
0.96 0.6914499999999997
0.97 0.8047999999999988
0.97 0.8151499999999995
0.96 0.8449000000000007
0.96 0.8455000000000016
0.96 0.8543000000000006
0.96 0.8486499999999999
0.96 0.894050000000001
0.97 0.9019000000000008
0.96 0.9258499999999983
0.96 0.8727000000000014
0.96 0.9216999999999977
0.96 0.7634000000000013
0.97 0.8929000000000012
0.96 0.9139000000000003
0.96 0.913100000000001
0.96 0.8944500000000016
0.96 0.9193499999999998
0.96 0.8481499999999985
0.96 0.7794999999999978
0.96 0.8426499999999989
0.96 0.9020999999999998
0.96 0.904599999999999
0.96 0.9310499999999979
0.96 0.9066499999999977
0.96 0.7413000000000025
0.96 0.9289499999999974
0.96 0.8472000000000002
0.96 0.9264999999999982
0.96 0.9377999999999983
0.96 0.9150999999999978
0.96 0.9448999999999994
0.96 0.9354999999999986
0.96 0.8836000000000023
0.96 0.9053999999999981
0.96 0.9451999999999995
0.96 0.7928000000000024
0.96 0.8598500000000029
0.96 0.8876500000000012
0.96 0.7785000000000006
0.96 0.8654000000000005
0.96 0.8599500000000009
0.96 0.8587000000000002
0.96 0.8288500000000006
0.94 0.8542499999999995
0.96 0.8743999999999993
0.94 0.8266499999999983
0.94 0.88315
0.95 0.7695500000000002
0.95 0.6683000000000014
0.95 0.7744000000000004
0.95 0.7804500000000008
0.94 0.8169999999999991
0.96 0.8956000000000012
0.96 0.9012000000000004
0.94 0.7790000000000018
0.96 0.9040499999999994
0.94 0.9000999999999995
0.94 0.6849500000000007
0.94 0.4414499999999991
0.94 0.5546000000000002
0.94 0.6364500000000001
0.94 0.48814999999999986
0.8 0.5242000000000002
0.94 0.5967000000000006
0.87 0.639900000000001
0.94 0.7162500000000007
0.94 0.732100000000001
0.94 0.7324000000000005
0.94 0.80325
0.94 0.8357000000000002
0.94 0.8288499999999991
0.94 0.8192000000000003
0.94 0.698200000000001
0.94 0.6733500000000003
0.94 0.56425
0.84 0.6384499999999999
0.65 0.6385499999999995
0.94 0.61565
0.73 0.45445000000000035
0.65 0.46670000000000017
0.65 0.44005000000000044
0.65 0.5688999999999997
0.65 0.5852999999999996
0.65 0.6101999999999994
0.65 0.4339000000000002
0.65 0.5868999999999999
0.65 0.6353499999999993
0.65 0.6418499999999997
0.65 0.6445500000000007
0.65 0.6477500000000016
0.65 0.5730000000000012
0.65 0.6147000000000014
0.78 0.6506000000000023
0.65 0.5373500000000004
0.77 0.6316000000000016
0.68 0.6394000000000015
0.68 0.539000000000001
0.78 0.6532500000000024
0.79 0.6573500000000024
0.65 0.6460000000000022
0.65 0.6485500000000023
0.65 0.629000000000002
0.79 0.6651000000000026
0.79 0.6546500000000026
0.89 0.6977500000000026
0.89 0.719250000000002
0.65 0.6478000000000024
0.65 0.6498500000000021
0.65 0.6314500000000021
0.65 0.6449500000000021
0.65 0.6440500000000022
0.65 0.5445500000000013
0.65 0.6485000000000024
0.65 0.6500000000000025
0.65 0.6446500000000023
0.65 0.6473500000000024
0.65 0.6491500000000023
0.65 0.6453500000000022
0.65 0.6445000000000023
0.65 0.6415000000000021
0.65 0.6434500000000023
0.65 0.6460500000000023
0.65 0.6467000000000024
0.65 0.6451500000000023
0.65 0.6437000000000022
0.65 0.6430000000000022
0.96 0.7403000000000034
0.96 0.7789000000000027
0.94 0.7105000000000024
0.94 0.7461500000000018
0.96 0.8251000000000016
0.96 0.8686499999999994
0.96 0.8900999999999992
0.96 0.9225999999999981
0.96 0.9326499999999983
0.96 0.9477999999999999
0.96 0.9428500000000003
0.96 0.9464000000000001
0.96 0.9488500000000003
0.96 0.9410499999999999
0.96 0.94025
0.96 0.9495999999999997
0.96 0.9495999999999989
0.96 0.912049999999999
0.96 0.9244499999999995
0.96 0.9152999999999994
0.96 0.9195499999999996
0.96 0.8486499999999979
0.96 0.7682499999999989
0.96 0.8435499999999995
0.96 0.8614999999999989
0.96 0.9220999999999981
0.96 0.8882999999999989
0.96 0.9312999999999978
0.96 0.7663999999999973
0.96 0.7569499999999999
0.96 0.8197499999999992
0.96 0.796100000000001
0.96 0.9268999999999987
0.96 0.8000000000000022
0.96 0.9300999999999974
0.96 0.8134500000000018
0.96 0.9231499999999958
0.96 0.9365999999999955
0.96 0.9309999999999975
0.96 0.9360999999999982
0.96 0.897999999999998
0.94 0.709700000000003
0.96 0.8349500000000012
0.94 0.5996500000000013
0.66 0.5032999999999993
0.89 0.669950000000001
0.94 0.6433500000000001
0.94 0.7636500000000019
0.96 0.7107000000000029
0.8 0.5133999999999996
0.81 0.5872999999999989
0.94 0.6515499999999992
0.81 0.6332999999999995
0.96 0.7197500000000001
0.96 0.8850500000000001
0.96 0.9217000000000002
0.96 0.9303499999999992
0.96 0.9412499999999973
0.96 0.7655500000000005
0.96 0.7347500000000008
0.96 0.6797999999999981
0.96 0.8249999999999998
0.96 0.8193499999999984
0.96 0.8971999999999984
0.96 0.8738499999999992
0.96 0.7641500000000021
0.96 0.7760000000000022
0.96 0.815950000000001
0.96 0.7207500000000003
0.96 0.6585500000000012
0.96 0.8733999999999993
0.96 0.9168999999999976
0.96 0.9226999999999983
0.96 0.9268999999999978
0.96 0.9351499999999987
0.96 0.9471999999999993
0.96 0.9544000000000001
0.96 0.9483
0.96 0.9494000000000001
0.96 0.9386
0.96 0.9534000000000001
0.96 0.9423000000000001
0.96 0.9533000000000004
0.96 0.9516500000000004
0.96 0.9548000000000004
0.96 0.9481500000000004
0.96 0.9360999999999993
0.96 0.9497000000000003
0.96 0.9572000000000003
0.96 0.7681499999999989
0.96 0.6430000000000012
0.96 0.7652500000000002
0.96 0.8470999999999976
0.96 0.8651499999999983
0.96 0.9333499999999989
0.96 0.9439499999999995
0.96 0.93065
0.96 0.9426499999999999
0.96 0.8947999999999985
0.96 0.9490999999999995
0.96 0.9412999999999994
0.96 0.9492500000000003
0.96 0.9512
0.96 0.9465999999999998
0.96 0.919199999999999
0.96 0.9230999999999991
0.96 0.891499999999999
0.96 0.9373499999999996
0.96 0.9176499999999997
0.96 0.9522000000000004
0.96 0.7099500000000029
0.96 0.8741999999999979
0.96 0.8918499999999987
0.96 0.5038500000000012
0.96 0.6642500000000023
0.96 0.5448000000000017
0.96 0.676200000000002
0.96 0.8432999999999996
0.96 0.9375499999999984
0.96 0.9345999999999985
0.96 0.9315499999999995
0.96 0.9278499999999991
0.96 0.9485000000000001
0.96 0.9324499999999994
0.96 0.8931499999999986
0.96 0.9443499999999999
0.96 0.7622500000000033
0.96 0.9439999999999996
0.96 0.9474500000000002
0.96 0.9234499999999995
0.96 0.9417999999999995
0.96 0.9435499999999997
0.96 0.94375
0.96 0.8908999999999986
0.96 0.7769500000000028
0.96 0.9459999999999994
0.96 0.9469999999999998
0.96 0.9515000000000002
0.96 0.9490000000000006
0.96 0.9474000000000004
0.96 0.894399999999997
0.96 0.9478500000000003
0.96 0.9217499999999988
0.96 0.9396499999999998
0.96 0.8551999999999971
0.96 0.9462499999999991
0.96 0.8891499999999967
0.96 0.9379499999999992
0.96 0.9455500000000001
0.96 0.8527999999999962
0.96 0.8436499999999962
0.96 0.7061499999999993
0.96 0.8009999999999979
0.96 0.9113499999999974
0.96 0.9299999999999976
0.96 0.9483499999999995
0.96 0.9445999999999998
0.96 0.9416499999999997
0.96 0.9499500000000005
0.96 0.9549500000000006
0.96 0.9570000000000002
0.96 0.926649999999999
0.96 0.9547500000000001
0.96 0.9556000000000006
0.96 0.9514500000000001
0.96 0.8927999999999985
0.96 0.9468499999999994
0.96 0.9494500000000001
0.96 0.9495000000000003
0.96 0.9581500000000004
0.96 0.9468
0.96 0.9532500000000003
0.96 0.9518
0.96 0.9525500000000003
0.96 0.8881999999999998
0.96 0.7400500000000033
0.96 0.822600000000001
0.96 0.8279000000000002
0.96 0.8903999999999991
0.96 0.9202499999999987
0.96 0.9374999999999993
0.96 0.7258500000000032
0.96 0.9263999999999976
0.96 0.9480499999999991
0.96 0.9482500000000001
0.96 0.9369
0.96 0.8944499999999991
0.96 0.8444999999999999
0.96 0.8880999999999986
0.96 0.9428499999999989
