0.16000000000000003 0.5943199999999993
0.16000000000000003 0.5575999999999999
0.16000000000000003 0.5228200000000002
0.16000000000000003 0.49296000000000084
0.040000000000000036 0.4529600000000005
0.040000000000000036 0.4341399999999997
0.040000000000000036 0.4140000000000009
0.040000000000000036 0.3854800000000012
0.040000000000000036 0.3566200000000015
0.040000000000000036 0.34846000000000227
0.040000000000000036 0.3419400000000027
0.020000000000000018 0.32842000000000215
0.020000000000000018 0.310920000000003
0.020000000000000018 0.31352000000000224
0.020000000000000018 0.29530000000000217
0.020000000000000018 0.2849000000000018
0.020000000000000018 0.27862000000000203
0.020000000000000018 0.2820000000000018
0.020000000000000018 0.2704800000000014
0.020000000000000018 0.2748600000000014
0.020000000000000018 0.2636400000000018
0.020000000000000018 0.2617200000000015
0.020000000000000018 0.2648400000000014
0.020000000000000018 0.26984000000000147
0.020000000000000018 0.25516000000000116
0.020000000000000018 0.2567000000000013
0.020000000000000018 0.2519000000000013
0.020000000000000018 0.2397400000000013
0.020000000000000018 0.22950000000000148
0.020000000000000018 0.23222000000000165
0.020000000000000018 0.220720000000001
0.020000000000000018 0.22380000000000103
0.020000000000000018 0.22302000000000127
0.020000000000000018 0.22640000000000124
0.020000000000000018 0.22804000000000135
0.020000000000000018 0.22254000000000118
0.020000000000000018 0.21132000000000095
0.020000000000000018 0.2063400000000006
0.020000000000000018 0.20044000000000053
0.020000000000000018 0.19120000000000043
0.020000000000000018 0.17902000000000018
0.020000000000000018 0.17766000000000018
0.020000000000000018 0.16545999999999997
0.020000000000000018 0.16740000000000027
0.020000000000000018 0.16044000000000008
0.020000000000000018 0.1357399999999999
0.020000000000000018 0.12955999999999976
0.020000000000000018 0.1413999999999997
0.020000000000000018 0.14205999999999971
0.020000000000000018 0.14853999999999976
0.020000000000000018 0.15203999999999981
0.020000000000000018 0.13517999999999994
0.020000000000000018 0.13811999999999983
0.020000000000000018 0.1378599999999998
0.020000000000000018 0.12999999999999984
0.020000000000000018 0.1317399999999998
0.020000000000000018 0.12651999999999974
0.020000000000000018 0.1286999999999998
0.020000000000000018 0.12743999999999972
0.020000000000000018 0.1366199999999997
0.020000000000000018 0.12855999999999973
0.020000000000000018 0.1261199999999999
0.020000000000000018 0.1236599999999998
0.020000000000000018 0.1151799999999997
0.020000000000000018 0.1157599999999998
0.020000000000000018 0.09791999999999974
0.020000000000000018 0.11079999999999984
0.020000000000000018 0.11309999999999987
0.020000000000000018 0.10309999999999978
0.020000000000000018 0.11161999999999973
0.020000000000000018 0.1139599999999998
0.020000000000000018 0.10915999999999974
0.020000000000000018 0.10705999999999964
0.020000000000000018 0.1118999999999997
0.020000000000000018 0.10889999999999968
0.020000000000000018 0.10851999999999967
0.020000000000000018 0.11367999999999963
0.020000000000000018 0.11321999999999958
0.020000000000000018 0.10679999999999966
0.020000000000000018 0.1103999999999996
0.020000000000000018 0.11875999999999963
0.020000000000000018 0.1223199999999997
0.020000000000000018 0.12303999999999973
0.020000000000000018 0.12581999999999974
0.020000000000000018 0.13017999999999968
0.020000000000000018 0.12933999999999968
0.020000000000000018 0.14321999999999963
0.020000000000000018 0.12739999999999962
0.020000000000000018 0.13115999999999972
0.020000000000000018 0.11935999999999963
0.020000000000000018 0.12029999999999968
0.020000000000000018 0.11693999999999971
0.020000000000000018 0.10461999999999969
0.020000000000000018 0.10811999999999969
0.020000000000000018 0.09319999999999969
0.020000000000000018 0.10309999999999962
0.020000000000000018 0.09555999999999966
0.020000000000000018 0.09773999999999972
0.020000000000000018 0.10545999999999964
0.020000000000000018 0.09485999999999958
