0.8 0.4064000000000009
0.8 0.42830000000000057
0.8 0.43935000000000046
0.71 0.4339500000000006
0.69 0.4011
0.63 0.41985000000000045
0.71 0.4174500000000002
0.71 0.4338000000000007
0.71 0.46685000000000165
0.71 0.49780000000000185
0.84 0.5156500000000013
0.84 0.542950000000001
0.82 0.5036000000000008
0.75 0.41510000000000036
0.72 0.3943499999999996
0.69 0.44015000000000043
0.71 0.40504999999999947
0.71 0.3930500000000005
0.71 0.4413000000000006
0.85 0.48330000000000156
0.85 0.46735000000000126
0.81 0.4321000000000008
0.72 0.4369500000000007
0.77 0.4142000000000002
0.79 0.4709500000000014
0.79 0.5229000000000016
0.9 0.5301500000000009
0.8 0.46395000000000175
0.85 0.4904500000000017
0.71 0.43080000000000046
0.69 0.41875000000000034
0.7 0.4442000000000009
0.72 0.44230000000000097
0.71 0.4366000000000009
0.78 0.43640000000000084
0.86 0.4603500000000008
0.76 0.48915000000000125
0.81 0.5129500000000011
0.91 0.5638500000000001
0.82 0.5453000000000003
0.85 0.4411500000000004
0.86 0.4455500000000013
0.83 0.49585000000000035
0.79 0.5482500000000005
0.79 0.5889999999999995
0.79 0.6123500000000005
0.71 0.5536500000000002
0.79 0.6229000000000009
0.71 0.5806499999999998
0.76 0.6110499999999998
0.81 0.5940500000000003
0.72 0.6388499999999991
0.8 0.6698500000000002
0.87 0.5354000000000009
0.71 0.47605000000000053
0.71 0.6422500000000013
0.71 0.652750000000001
0.71 0.6768000000000012
0.73 0.6390500000000003
0.71 0.6600999999999998
0.71 0.6919499999999976
0.71 0.5813500000000011
0.8 0.7051499999999972
0.8 0.6996499999999972
0.8 0.49445000000000067
0.71 0.41835000000000017
0.71 0.43555000000000077
0.71 0.4676000000000007
0.62 0.4341500000000009
0.71 0.43885000000000085
0.77 0.5070499999999993
0.77 0.493899999999999
0.71 0.5546000000000012
0.82 0.4285000000000005
0.71 0.4434500000000014
0.67 0.3890999999999999
0.62 0.4703000000000019
0.71 0.49300000000000244
0.71 0.5963500000000009
0.71 0.6495500000000007
0.71 0.3986500000000024
0.96 0.502250000000001
0.71 0.4512500000000007
0.71 0.6218500000000011
0.71 0.6246000000000006
0.71 0.5660000000000018
0.71 0.6736999999999999
0.71 0.6727999999999993
0.71 0.6729999999999994
0.71 0.42845000000000033
0.71 0.5370000000000004
0.71 0.5919500000000005
0.71 0.4345500000000021
0.78 0.505550000000001
0.7 0.3722500000000021
0.76 0.46180000000000093
0.71 0.6005000000000004
0.71 0.5809500000000013
0.71 0.6021500000000011
0.71 0.5684000000000018
0.96 0.5802000000000015
0.9 0.49100000000000077
0.73 0.5177000000000006
0.73 0.5447500000000004
0.83 0.5101999999999999
0.73 0.48755000000000026
0.96 0.5483500000000017
0.83 0.6347999999999998
0.96 0.5471000000000003
0.97 0.5449999999999996
0.94 0.48725000000000096
0.8 0.4358000000000011
0.96 0.506300000000001
0.96 0.4996500000000011
0.93 0.5538999999999996
0.93 0.4935000000000016
0.95 0.5425000000000006
0.95 0.57855
0.9 0.4765500000000008
0.9 0.5632000000000006
0.89 0.5437000000000012
0.9 0.5765500000000006
0.85 0.5931500000000003
0.94 0.6598999999999998
0.94 0.7104499999999999
0.96 0.7672999999999993
0.96 0.7891999999999996
0.96 0.8256999999999983
0.96 0.8321499999999987
0.97 0.8557499999999995
0.97 0.8893000000000012
0.97 0.8911500000000017
0.97 0.8034499999999981
0.97 0.7312499999999973
0.95 0.7085999999999971
0.95 0.7087999999999969
0.96 0.7299999999999969
0.97 0.7771499999999983
0.97 0.8132000000000008
0.97 0.8615500000000025
0.97 0.9200999999999984
0.97 0.9403499999999976
0.97 0.8715499999999982
0.97 0.8637499999999985
0.97 0.9286499999999982
0.97 0.9566500000000004
0.97 0.8695999999999987
0.97 0.8740499999999991
0.97 0.8263999999999989
0.97 0.7902999999999988
0.97 0.8875499999999985
0.97 0.8332499999999982
0.97 0.7515999999999982
0.97 0.8216499999999978
0.97 0.8063999999999983
0.97 0.7244499999999995
0.97 0.6150000000000017
0.97 0.5012499999999999
0.97 0.5434500000000003
0.97 0.6082499999999993
0.97 0.6403500000000004
0.76 0.5661000000000006
0.76 0.5983999999999997
0.97 0.621749999999999
0.65 0.5768500000000002
0.85 0.6161499999999992
0.85 0.6257999999999988
0.85 0.626399999999999
0.85 0.6067999999999995
0.89 0.6383999999999986
0.89 0.6474499999999987
0.97 0.6951499999999977
0.89 0.6614999999999989
0.89 0.6548499999999987
0.89 0.6835499999999981
0.97 0.6765499999999999
0.97 0.7079000000000005
0.97 0.7360500000000004
0.97 0.6346500000000008
0.97 0.6509000000000007
0.97 0.7836999999999993
0.97 0.8154499999999993
0.97 0.7499000000000008
0.89 0.5500000000000007
0.89 0.7148000000000004
0.89 0.7923499999999991
0.89 0.6147500000000002
0.89 0.7799999999999998
0.89 0.7938500000000012
0.89 0.8370000000000011
0.63 0.4829999999999992
0.96 0.5134999999999978
0.89 0.6357999999999993
0.89 0.3906500000000013
0.89 0.7386499999999994
0.61 0.36949999999999955
0.63 0.37684999999999974
0.37 0.36999999999999966
0.37 0.36999999999999966
0.37 0.36999999999999966
0.37 0.36999999999999966
0.37 0.36999999999999966
0.37 0.36999999999999966
0.41 0.3701999999999997
0.63 0.40334999999999993
0.46 0.37119999999999964
0.67 0.41425000000000034
0.63 0.39614999999999995
0.63 0.3936499999999999
0.63 0.40279999999999994
0.63 0.41240000000000004
0.37 0.36999999999999966
0.62 0.3875999999999999
0.54 0.3852
0.6 0.4070000000000005
0.75 0.4562000000000005
0.63 0.45870000000000083
0.76 0.47500000000000087
0.63 0.4937500000000003
0.63 0.5233999999999999
0.63 0.569699999999999
0.63 0.5929999999999991
0.63 0.6070500000000006
0.97 0.6258000000000009
0.63 0.6189000000000004
0.97 0.6608499999999996
0.97 0.5827500000000015
0.63 0.538650000000002
0.63 0.5770000000000008
0.63 0.5870000000000006
0.85 0.5513500000000015
0.63 0.5881000000000011
0.97 0.606850000000001
0.97 0.6134500000000009
0.97 0.6498499999999997
0.97 0.6925999999999983
0.9 0.5603500000000017
0.97 0.44960000000000067
0.63 0.5667000000000009
0.97 0.6595499999999995
0.97 0.679
0.97 0.7060499999999993
0.97 0.6897000000000003
0.97 0.7294999999999997
0.97 0.7670000000000001
0.97 0.7981999999999995
0.73 0.48495000000000166
0.84 0.48370000000000163
0.97 0.70945
0.97 0.7063999999999985
0.97 0.8470000000000019
0.97 0.8579000000000018
0.97 0.8808500000000014
0.87 0.7057000000000011
0.89 0.5930000000000004
0.79 0.548500000000001
0.62 0.464700000000001
0.69 0.5420000000000011
0.83 0.5133500000000012
0.85 0.5565000000000009
0.97 0.5625000000000003
0.63 0.5429000000000005
0.89 0.7004500000000001
0.63 0.5975000000000007
0.63 0.5828000000000011
0.63 0.5841500000000013
0.97 0.6094500000000024
0.97 0.6768000000000004
0.97 0.7400999999999988
0.63 0.6181
0.97 0.6342499999999992
0.97 0.8010999999999983
0.97 0.6823999999999983
0.97 0.8754999999999982
0.97 0.8614999999999989
0.97 0.8253999999999982
0.97 0.9219499999999985
0.97 0.8433999999999979
0.97 0.9538999999999989
0.97 0.6546499999999992
0.97 0.8627499999999994
0.97 0.911799999999999
0.97 0.937449999999999
0.97 0.9374999999999993
0.97 0.9282999999999996
0.97 0.9376999999999996
0.97 0.9506999999999992
0.97 0.947499999999999
0.97 0.9496999999999989
0.97 0.968199999999999
0.97 0.962249999999999
0.97 0.9643499999999989
0.97 0.8910500000000012
0.97 0.8525500000000013
0.97 0.81825
0.97 0.6624499999999999
0.97 0.6614999999999991
0.96 0.6713999999999984
0.97 0.7327499999999978
0.97 0.7763999999999975
0.97 0.7862499999999977
0.97 0.6946999999999988
0.97 0.8032999999999991
0.97 0.823750000000001
0.97 0.8260999999999997
0.97 0.8734999999999994
0.97 0.8162999999999997
0.97 0.8067500000000005
0.97 0.8464999999999996
0.97 0.9094999999999991
0.97 0.9022999999999999
0.97 0.9014499999999999
0.97 0.8980499999999993
0.97 0.9307499999999991
0.97 0.7608499999999973
0.97 0.7876499999999982
0.97 0.8096999999999984
0.97 0.926450000000001
0.97 0.9107499999999996
0.97 0.9113999999999999
0.97 0.9264
0.97 0.9488499999999995
0.97 0.9389999999999996
0.97 0.9475999999999993
0.97 0.9514499999999996
0.97 0.9593499999999995
0.97 0.92245
0.97 0.9147000000000004
0.97 0.9416999999999992
0.97 0.9425499999999992
0.97 0.949649999999999
0.97 0.9457999999999998
0.97 0.9454999999999992
0.97 0.93895
0.97 0.9243499999999993
0.97 0.9361999999999986
0.97 0.9399499999999987
0.97 0.9230499999999988
0.97 0.9234999999999991
0.97 0.9501999999999993
0.97 0.9386499999999992
0.97 0.9364499999999998
0.97 0.9211999999999996
0.97 0.9479999999999998
0.97 0.962099999999999
0.97 0.9680999999999993
0.97 0.9255999999999996
0.97 0.9018499999999993
0.97 0.9115499999999997
0.97 0.9168999999999997
0.97 0.9561999999999995
0.97 0.9649499999999991
0.97 0.8546999999999981
0.97 0.9036999999999997
0.97 0.959849999999999
0.97 0.7500499999999998
0.97 0.7634999999999996
0.97 0.8130499999999994
0.97 0.9052500000000001
0.97 0.9437999999999992
0.97 0.8480999999999989
0.97 0.7668499999999977
0.97 0.7928499999999977
0.97 0.7684999999999976
0.97 0.7363499999999984
0.97 0.7857999999999977
0.97 0.7147999999999978
0.97 0.7259499999999978
0.94 0.5967999999999999
0.94 0.4306000000000014
0.86 0.6531999999999981
0.97 0.6162000000000001
0.97 0.7508999999999969
0.97 0.730799999999997
0.97 0.890699999999999
0.97 0.913599999999999
0.97 0.6594499999999985
0.97 0.8431499999999992
0.97 0.705449999999998
0.97 0.6225000000000004
0.71 0.6385999999999997
0.71 0.6862999999999986
0.71 0.6242500000000007
0.71 0.6021500000000014
0.71 0.6489500000000004
0.71 0.6545999999999998
0.71 0.663399999999999
0.37 0.36999999999999966
0.71 0.6298500000000005
0.37 0.36999999999999966
0.37 0.36999999999999966
0.37 0.36999999999999966
0.37 0.36999999999999966
0.37 0.36999999999999966
0.37 0.36969999999999964
0.37 0.36969999999999964
0.37 0.36999999999999966
0.37 0.36999999999999966
0.71 0.3900999999999999
0.71 0.3903999999999999
0.37 0.3670999999999996
0.37 0.36999999999999966
0.71 0.5549000000000022
0.71 0.6524999999999999
0.71 0.6835499999999982
0.71 0.6906999999999972
0.71 0.6730499999999984
0.71 0.6798999999999981
0.71 0.6704999999999984
0.71 0.6975999999999973
0.71 0.5292500000000007
0.8 0.5726000000000009
0.8 0.5802500000000012
0.46 0.3178499999999998
0.51 0.3654999999999992
0.62 0.37659999999999955
0.62 0.40939999999999993
0.62 0.43590000000000073
0.95 0.5669000000000001
0.61 0.4516500000000019
0.61 0.4945000000000004
0.77 0.5150999999999996
0.95 0.6362999999999992
0.95 0.7055
0.95 0.7330500000000003
0.64 0.5368499999999993
0.62 0.5452499999999997
0.37 0.3668999999999993
0.37 0.36889999999999906
0.47 0.36989999999999923
0.37 0.36969999999999964
0.62 0.3809999999999998
0.62 0.3921499999999999
0.62 0.43254999999999993
0.62 0.44820000000000065
0.51 0.38794999999999985
0.71 0.4456000000000006
0.92 0.538200000000001
0.62 0.43755000000000044
0.6 0.4107500000000006
0.62 0.47150000000000086
0.62 0.48280000000000106
0.62 0.5065000000000012
0.62 0.5416500000000002
0.62 0.5746999999999989
0.37 0.36999999999999966
0.37 0.36999999999999966
0.37 0.36999999999999966
0.37 0.36999999999999966
0.37 0.36999999999999966
0.37 0.36999999999999966
0.37 0.36999999999999966
0.37 0.36999999999999966
0.37 0.36999999999999966
0.41 0.37059999999999965
0.37 0.36999999999999966
0.37 0.36999999999999966
0.37 0.36999999999999966
0.38 0.37014999999999965
0.38 0.37024999999999963
0.38 0.37029999999999963
0.41 0.3711499999999996
0.61 0.3930999999999999
0.59 0.3743999999999997
0.42 0.3720999999999996
0.63 0.5155500000000004
0.63 0.5199500000000004
0.63 0.5113500000000006
0.59 0.38294999999999974
0.63 0.5499500000000005
0.63 0.5882999999999985
0.64 0.6070999999999989
0.64 0.612
0.63 0.6156000000000007
0.63 0.600300000000001
0.63 0.6163000000000013
0.63 0.6149000000000013
0.7 0.6174500000000015
0.7 0.5602500000000012
0.7 0.6189000000000017
0.7 0.6177000000000022
0.7 0.5624500000000016
0.7 0.5810500000000025
0.37 0.36999999999999966
0.37 0.36999999999999966
0.37 0.36999999999999966
0.38 0.37144999999999967
0.38 0.37259999999999976
0.38 0.37334999999999957
0.71 0.5538000000000018
0.37 0.36999999999999966
0.65 0.3784999999999997
0.37 0.36999999999999966
0.37 0.36999999999999966
0.37 0.36999999999999966
0.37 0.36999999999999966
0.67 0.4204500000000002
0.7 0.5213500000000016
0.7 0.44655000000000067
0.7 0.4786500000000016
