0.86 0.4263199999999997
0.86 0.46014000000000127
0.86 0.49762000000000073
0.97 0.5380499999999996
0.97 0.5489400000000005
0.98 0.5823499999999984
0.98 0.6167300000000007
0.98 0.6277600000000025
0.98 0.6419700000000048
0.98 0.6569600000000037
0.98 0.6696900000000037
0.98 0.675970000000001
0.98 0.7016099999999964
0.98 0.7119699999999944
1.0 0.7202999999999915
1.0 0.7237499999999919
1.0 0.7236899999999914
1.0 0.7317599999999898
1.0 0.7528899999999962
1.0 0.7661400000000002
1.0 0.7643700000000018
1.0 0.7820600000000024
1.0 0.8023600000000013
1.0 0.8031200000000023
1.0 0.8147300000000018
1.0 0.8179200000000021
1.0 0.8260300000000043
1.0 0.8341100000000038
1.0 0.851930000000006
1.0 0.8659499999999997
1.0 0.8646599999999985
1.0 0.8765899999999931
1.0 0.8784799999999952
1.0 0.8716799999999979
1.0 0.8801699999999951
1.0 0.8824999999999942
1.0 0.8841299999999991
1.0 0.8800599999999977
1.0 0.884619999999997
1.0 0.8726699999999952
1.0 0.8723199999999965
1.0 0.8692599999999955
1.0 0.8641699999999973
1.0 0.8662399999999979
1.0 0.8756899999999982
1.0 0.8686699999999989
1.0 0.8673799999999976
1.0 0.8728400000000005
1.0 0.878520000000002
1.0 0.8878000000000044
1.0 0.8840299999999996
1.0 0.8778699999999966
1.0 0.8693599999999985
1.0 0.8682399999999986
1.0 0.8803699999999981
1.0 0.8790399999999992
1.0 0.8756199999999982
1.0 0.8838700000000042
1.0 0.8886600000000042
1.0 0.8815700000000042
1.0 0.8764100000000025
1.0 0.8922600000000045
1.0 0.8977100000000069
1.0 0.8946900000000085
1.0 0.9040500000000101
1.0 0.9010900000000088
1.0 0.8993700000000104
1.0 0.888600000000007
1.0 0.8845600000000076
1.0 0.8856500000000092
1.0 0.8902400000000091
1.0 0.8932800000000074
1.0 0.8941900000000074
1.0 0.9058800000000103
1.0 0.895970000000008
1.0 0.8957400000000075
1.0 0.9001700000000074
1.0 0.9002000000000079
1.0 0.894440000000008
1.0 0.8988100000000083
1.0 0.9024000000000092
1.0 0.9019100000000067
1.0 0.8981300000000075
1.0 0.905390000000008
1.0 0.8993600000000066
1.0 0.903610000000008
1.0 0.8956600000000078
1.0 0.9001300000000102
1.0 0.9028200000000112
1.0 0.9123200000000103
1.0 0.9014300000000064
1.0 0.8965800000000059
1.0 0.9021100000000083
1.0 0.8990400000000071
1.0 0.9011900000000069
1.0 0.9065300000000078
1.0 0.9016300000000075
1.0 0.895910000000008
1.0 0.9008100000000078
1.0 0.9004700000000074
