0.8 0.393560000000004
0.89 0.43520000000000225
0.89 0.4663600000000048
0.92 0.4914100000000041
0.95 0.5161600000000022
0.95 0.53965
0.95 0.5549100000000001
0.95 0.582610000000001
0.95 0.6036899999999987
0.95 0.6218699999999949
0.95 0.6245399999999958
0.96 0.6383099999999938
0.96 0.6542199999999926
0.96 0.6595799999999928
0.96 0.6738499999999917
0.96 0.6751999999999924
0.96 0.6777999999999926
0.96 0.688479999999994
0.96 0.6982799999999938
0.97 0.7059599999999931
0.97 0.7158699999999946
0.97 0.7226599999999952
0.98 0.7109499999999952
0.98 0.7143499999999948
0.98 0.7248599999999951
0.98 0.7319599999999945
0.98 0.7487399999999946
0.98 0.7454799999999946
0.98 0.7398299999999959
0.98 0.7436499999999959
0.98 0.7617899999999937
0.98 0.7620699999999921
0.98 0.7680899999999947
0.98 0.7715299999999965
0.98 0.7808399999999973
0.98 0.784619999999997
0.98 0.7970699999999956
0.98 0.8120499999999952
0.98 0.813999999999998
0.98 0.8265099999999993
0.98 0.8337599999999982
0.98 0.8351399999999969
0.98 0.8350099999999976
0.98 0.8410099999999968
0.98 0.8455899999999963
0.98 0.841979999999997
0.98 0.8489799999999965
0.98 0.852419999999995
0.98 0.8624099999999937
0.98 0.8625099999999931
0.98 0.8598199999999933
0.98 0.8535399999999942
0.98 0.8578099999999923
0.98 0.8588099999999941
0.98 0.8464199999999962
0.98 0.8489799999999973
0.98 0.8455199999999972
0.98 0.8544999999999934
0.98 0.8535099999999954
0.98 0.852329999999994
0.98 0.8569699999999935
0.98 0.8633699999999926
0.98 0.8637299999999939
0.98 0.8637599999999949
0.98 0.868679999999995
0.98 0.8703399999999942
0.98 0.8679899999999947
0.98 0.8706399999999952
0.98 0.8584499999999948
0.98 0.8641399999999937
0.98 0.8519199999999928
0.98 0.8552899999999933
0.98 0.863319999999994
0.98 0.8579899999999947
0.98 0.8616299999999935
0.98 0.865149999999996
0.98 0.8675199999999964
0.98 0.853889999999994
0.98 0.8564999999999938
0.98 0.8538699999999925
0.98 0.8538699999999932
0.98 0.8477199999999934
0.98 0.8563499999999935
0.98 0.865129999999994
0.98 0.8643899999999937
0.98 0.8649599999999948
0.98 0.8525199999999937
0.98 0.8608199999999934
0.98 0.8507399999999933
0.98 0.855639999999993
0.98 0.8564099999999939
0.98 0.8517299999999931
0.98 0.8519599999999917
0.98 0.8599099999999938
0.98 0.8530599999999927
0.98 0.8550799999999927
0.98 0.8610999999999971
0.98 0.8639899999999973
0.98 0.8616999999999951
0.98 0.8481799999999944
