0.21999999999999997 0.5848199999999992
0.16000000000000003 0.5533000000000003
0.24 0.5206400000000005
0.24 0.49872000000000066
0.09999999999999998 0.46348000000000017
0.09999999999999998 0.4480400000000011
0.040000000000000036 0.42140000000000133
0.040000000000000036 0.4028200000000017
0.040000000000000036 0.3814400000000018
0.040000000000000036 0.37982000000000216
0.040000000000000036 0.3699800000000033
0.040000000000000036 0.35808000000000306
0.040000000000000036 0.35594000000000364
0.040000000000000036 0.3459200000000037
0.040000000000000036 0.33508000000000304
0.040000000000000036 0.33340000000000375
0.040000000000000036 0.3251600000000032
0.040000000000000036 0.3188600000000032
0.040000000000000036 0.31220000000000314
0.040000000000000036 0.3134400000000033
0.040000000000000036 0.3089200000000033
0.040000000000000036 0.3063800000000036
0.040000000000000036 0.30174000000000323
0.040000000000000036 0.29024000000000344
0.040000000000000036 0.28866000000000347
0.0 0.28610000000000285
