0.89 0.42201000000000355
0.89 0.46203000000000594
0.93 0.5022700000000045
0.93 0.5383400000000033
0.93 0.5656900000000008
0.93 0.5845799999999974
0.93 0.6052300000000008
0.95 0.6272900000000012
0.95 0.6359600000000034
0.95 0.6541100000000037
0.95 0.6653500000000035
0.96 0.6761200000000017
0.96 0.6955699999999961
0.96 0.7015999999999953
0.96 0.7095199999999945
0.96 0.7165899999999958
0.96 0.722049999999996
0.96 0.7352400000000002
0.97 0.74161
0.97 0.7450300000000014
0.97 0.7341600000000007
0.97 0.7364200000000032
0.98 0.7514800000000056
