0.73 0.385899999999999
0.85 0.4114999999999995
0.85 0.4431499999999986
0.74 0.42289999999999917
0.66 0.43149999999999866
0.75 0.4456999999999983
0.73 0.4512499999999986
0.67 0.4431499999999985
0.69 0.4329999999999987
0.69 0.4006999999999993
0.65 0.4668499999999986
0.67 0.4378499999999985
0.78 0.47759999999999886
0.67 0.4731499999999979
0.8 0.5118999999999995
0.82 0.5305999999999992
0.8 0.5104499999999988
0.74 0.5075999999999986
0.8 0.48874999999999863
0.79 0.49484999999999935
0.82 0.5129999999999996
0.75 0.5216999999999993
0.74 0.5593999999999989
0.72 0.48974999999999835
0.89 0.5234999999999991
0.9 0.5925499999999994
0.91 0.5827
0.85 0.5953999999999989
0.91 0.6419000000000011
0.83 0.6105500000000003
0.92 0.6023000000000001
0.91 0.6521000000000001
0.85 0.6334499999999996
0.91 0.6201000000000001
0.93 0.7267000000000009
0.93 0.6953500000000002
0.93 0.5870499999999993
0.94 0.6297999999999998
0.91 0.6863000000000004
0.91 0.6988500000000005
0.94 0.7020500000000007
0.95 0.7339500000000014
0.95 0.7502500000000015
0.93 0.654600000000001
0.95 0.7747500000000013
0.94 0.6534500000000014
0.88 0.6775000000000015
0.94 0.6663000000000012
0.89 0.7320000000000012
0.95 0.7736999999999997
0.95 0.7387000000000008
0.91 0.7124500000000008
0.92 0.7291500000000011
0.92 0.7608000000000014
0.94 0.7155500000000024
0.95 0.6956500000000028
0.92 0.6903000000000022
0.94 0.7314000000000023
0.91 0.6702500000000026
0.93 0.6936000000000022
0.95 0.7371000000000013
0.95 0.7560500000000009
0.95 0.7872000000000002
0.95 0.8144499999999993
0.95 0.8293999999999992
0.95 0.843549999999999
0.92 0.6930500000000006
0.95 0.8302499999999995
0.95 0.8391500000000001
0.95 0.8096999999999993
0.95 0.8271499999999997
0.95 0.7930000000000008
0.95 0.7342500000000001
0.95 0.738350000000001
0.95 0.7378000000000005
0.95 0.802749999999999
0.95 0.8385499999999992
0.95 0.8325999999999988
0.95 0.7461999999999999
0.95 0.7642500000000005
0.95 0.7800499999999991
0.95 0.8025999999999992
0.95 0.8171000000000003
0.95 0.7953499999999998
0.95 0.8260499999999995
0.95 0.8391000000000001
0.95 0.8079999999999987
0.95 0.8511999999999996
0.95 0.8778500000000008
0.95 0.8778999999999998
0.95 0.8996999999999988
0.91 0.6796499999999992
0.91 0.7066999999999994
0.91 0.7426499999999983
0.83 0.6961499999999993
0.94 0.7289000000000005
0.94 0.7580500000000003
0.9 0.7682000000000001
0.81 0.7248500000000005
0.9 0.7735000000000001
0.92 0.7923499999999993
0.95 0.7914999999999993
0.95 0.7375499999999997
0.87 0.6924499999999988
0.94 0.7465000000000004
0.94 0.7379000000000014
0.93 0.7388000000000011
0.95 0.7411000000000009
0.96 0.7242499999999997
0.96 0.8207499999999994
0.96 0.8252999999999993
0.97 0.835649999999999
0.95 0.8520000000000006
0.95 0.8399499999999999
0.96 0.873300000000001
0.96 0.8821000000000015
0.96 0.9073499999999994
0.97 0.917649999999999
0.97 0.8922500000000011
0.97 0.91
0.96 0.89955
0.97 0.8942999999999997
0.96 0.9103500000000005
0.96 0.8797500000000003
0.97 0.8066000000000011
