0.78 0.40019999999999967
0.78 0.4262999999999994
0.81 0.45404999999999923
0.71 0.41084999999999927
0.71 0.4593999999999997
0.78 0.4235499999999991
0.72 0.4543999999999994
0.73 0.45874999999999894
0.75 0.4487999999999998
0.91 0.4642000000000001
0.92 0.4798999999999994
0.71 0.4618999999999994
0.77 0.4265999999999997
0.71 0.41509999999999925
0.71 0.4688999999999999
0.84 0.5155000000000004
0.87 0.4909000000000001
0.82 0.5212500000000004
0.82 0.5578499999999997
0.88 0.5681499999999997
0.85 0.5018999999999995
0.88 0.5721999999999999
0.86 0.5594999999999993
0.88 0.5858499999999995
0.88 0.63235
0.76 0.5883999999999998
0.74 0.5997999999999991
0.95 0.6454500000000014
0.95 0.6465500000000013
0.86 0.6331000000000012
0.86 0.6430000000000003
0.88 0.6437500000000004
0.88 0.62655
0.87 0.6693500000000006
0.87 0.6701499999999992
0.96 0.7022999999999996
0.95 0.7077499999999981
0.94 0.7271999999999973
0.97 0.7890999999999987
0.97 0.8043999999999998
0.96 0.7191999999999998
0.96 0.7614499999999975
0.96 0.7750499999999986
0.96 0.7730499999999978
0.96 0.7932999999999992
0.96 0.7453499999999997
0.97 0.7613999999999996
0.85 0.6209000000000002
0.96 0.7570499999999991
0.9 0.5437000000000011
0.96 0.7441
0.97 0.7905500000000006
0.97 0.7981999999999997
0.97 0.8395499999999997
0.97 0.8565999999999989
0.93 0.7913999999999995
0.88 0.5946999999999993
0.68 0.5932500000000003
0.68 0.6141499999999995
0.68 0.57935
0.68 0.6223499999999995
0.93 0.6422000000000001
0.94 0.7143000000000019
0.96 0.7168000000000022
0.96 0.7715000000000013
0.81 0.6881500000000025
0.96 0.6562500000000024
0.75 0.4897500000000005
0.83 0.569200000000001
0.96 0.56335
0.95 0.6238000000000008
0.71 0.59845
0.84 0.6830000000000007
0.87 0.6971499999999993
0.84 0.6353000000000006
0.84 0.5597000000000001
0.87 0.6684000000000012
0.87 0.7154499999999993
0.88 0.7134499999999985
0.9 0.5183500000000004
0.9 0.607749999999999
0.79 0.6078999999999996
0.78 0.5673500000000005
0.79 0.6136500000000001
0.94 0.6770500000000013
0.94 0.6696500000000004
0.71 0.6185000000000008
0.71 0.6013999999999998
0.91 0.671700000000001
0.75 0.6389999999999998
0.91 0.6531000000000007
0.91 0.6541000000000013
0.91 0.7106999999999998
0.94 0.7344500000000009
0.94 0.6192000000000004
0.87 0.6029500000000002
0.87 0.6160000000000003
0.87 0.6528500000000022
0.87 0.6544000000000019
0.92 0.7117000000000023
0.93 0.7055000000000017
0.94 0.7015999999999992
0.94 0.7419
0.94 0.793100000000001
0.96 0.8291000000000018
0.94 0.7133500000000026
0.94 0.7732500000000023
0.96 0.8614000000000018
0.96 0.8603000000000016
0.96 0.872550000000002
0.96 0.8684000000000012
0.96 0.8946000000000011
0.96 0.8990000000000012
0.95 0.8625500000000014
0.95 0.7217999999999982
0.97 0.7559999999999987
0.97 0.7516999999999987
0.97 0.856700000000004
0.97 0.8854500000000028
0.97 0.9065500000000009
0.97 0.9036999999999995
0.97 0.8313999999999999
0.96 0.7300999999999997
0.97 0.8850000000000015
0.97 0.8212000000000024
0.97 0.8939500000000011
0.95 0.7540999999999994
0.95 0.7658499999999995
0.97 0.7748999999999997
0.97 0.7423999999999985
0.97 0.7642500000000001
0.95 0.7148499999999983
0.95 0.7165499999999981
0.94 0.7178999999999985
0.97 0.7537499999999991
0.95 0.755599999999999
0.95 0.8105500000000017
0.95 0.8343500000000015
0.95 0.8875500000000006
0.95 0.8738500000000013
0.95 0.8649500000000017
0.95 0.8547000000000016
0.95 0.8893500000000009
0.95 0.8906500000000009
0.95 0.9014500000000014
0.95 0.8909000000000017
0.95 0.9189
0.95 0.9073499999999999
0.95 0.9185499999999992
0.95 0.9066000000000001
0.95 0.8980500000000005
0.95 0.9221499999999999
0.95 0.9223499999999993
0.95 0.9157499999999992
0.95 0.9280499999999988
0.95 0.9292499999999988
0.95 0.9287499999999987
0.95 0.9268999999999992
0.95 0.9338499999999983
0.95 0.9146499999999992
0.95 0.9052499999999998
0.95 0.9285499999999989
0.95 0.9255499999999988
0.95 0.9253999999999991
0.95 0.8889500000000014
0.98 0.9081
0.98 0.91665
0.98 0.9297999999999988
0.98 0.9170499999999997
0.95 0.9173499999999996
0.98 0.8789500000000027
0.98 0.9096500000000006
0.98 0.9262999999999993
0.98 0.9296499999999991
0.98 0.9173499999999996
0.98 0.9161499999999996
0.97 0.6992499999999982
0.98 0.7183999999999985
0.98 0.8982999999999995
0.98 0.9090999999999992
0.98 0.9282499999999986
0.98 0.928849999999999
0.98 0.9439999999999987
0.98 0.9099500000000014
0.98 0.9339000000000003
0.98 0.9382999999999995
0.98 0.9187000000000001
0.98 0.9307999999999995
0.98 0.9077500000000004
0.98 0.9532999999999993
0.98 0.9278499999999997
0.98 0.9434999999999986
0.98 0.9374499999999983
0.98 0.9559999999999982
0.98 0.9617499999999981
0.98 0.9516999999999982
0.98 0.9512499999999983
0.98 0.9287999999999993
0.98 0.9433999999999989
0.88 0.7055499999999975
0.95 0.7220499999999984
0.95 0.7299999999999974
0.95 0.7420999999999985
0.95 0.7654499999999986
0.97 0.763649999999999
0.97 0.7930000000000015
0.98 0.729500000000003
0.95 0.7419000000000024
0.95 0.7765500000000023
0.95 0.8277500000000014
0.97 0.8647500000000012
0.97 0.8688500000000013
0.97 0.9038000000000003
0.97 0.8931000000000009
0.97 0.9078000000000007
0.98 0.9326499999999989
0.97 0.9024499999999995
0.97 0.8972500000000002
0.97 0.9408999999999973
0.97 0.9266999999999971
0.97 0.9099499999999974
0.97 0.7906500000000024
0.97 0.8522000000000007
0.97 0.9067999999999985
0.97 0.930599999999998
0.97 0.9311499999999991
0.97 0.9262500000000005
0.97 0.9236000000000005
0.97 0.9313000000000003
0.97 0.9309499999999996
0.97 0.9342499999999991
0.97 0.938649999999999
0.97 0.9364999999999997
0.97 0.9594499999999989
0.97 0.9504499999999991
0.97 0.9483999999999996
0.97 0.8990999999999998
0.97 0.9432499999999995
0.97 0.6519000000000027
0.97 0.9149999999999998
0.97 0.6703000000000029
0.97 0.4708000000000009
0.97 0.6696000000000027
0.97 0.7003500000000029
0.65 0.6382500000000021
0.65 0.6444500000000023
0.65 0.6360000000000021
0.97 0.7557000000000034
0.97 0.642000000000002
0.97 0.8042500000000024
0.97 0.8686000000000016
0.97 0.7174000000000025
0.97 0.7821499999999993
0.97 0.8641999999999986
0.97 0.8306999999999999
0.97 0.929849999999999
0.97 0.8137000000000011
0.97 0.6389500000000006
0.97 0.6888000000000025
0.97 0.7481500000000022
0.97 0.8297000000000015
0.97 0.9046499999999996
0.97 0.9343499999999983
0.97 0.4658999999999995
0.97 0.8873999999999999
0.97 0.9041499999999992
0.97 0.9401499999999988
0.97 0.9234499999999995
0.92 0.6439000000000021
0.65 0.6464500000000022
0.65 0.6468500000000023
0.97 0.6733000000000026
0.97 0.9093000000000001
0.97 0.9470499999999993
0.97 0.9585999999999989
0.97 0.9311499999999997
0.97 0.6586500000000025
0.97 0.8359000000000022
0.97 0.9408999999999996
0.97 0.93125
0.65 0.6481500000000022
0.97 0.818800000000002
0.97 0.9304499999999998
0.97 0.9349499999999995
0.97 0.952799999999999
0.97 0.9057999999999997
0.97 0.9248499999999996
0.97 0.9476999999999992
0.97 0.9660499999999991
0.97 0.9659999999999991
0.97 0.9627499999999992
0.97 0.9658499999999991
0.97 0.9555999999999991
0.97 0.9645499999999991
0.97 0.9150500000000004
0.97 0.8602500000000016
0.97 0.9521499999999993
0.97 0.9297499999999996
0.97 0.9618999999999993
0.97 0.9255500000000002
0.97 0.7510500000000039
0.97 0.8749500000000013
0.97 0.9014000000000019
0.97 0.8934000000000009
0.97 0.8588500000000009
0.97 0.9153499999999988
0.97 0.7710000000000004
0.97 0.858000000000001
0.97 0.7109500000000023
0.97 0.8507500000000029
0.65 0.5944500000000019
0.97 0.7272000000000027
0.97 0.7404500000000026
0.65 0.5263999999999995
0.65 0.6059500000000011
0.97 0.6994000000000032
0.65 0.6422500000000022
0.97 0.7457500000000026
0.65 0.6499500000000024
0.65 0.6435000000000022
0.65 0.6443000000000022
0.65 0.6481500000000022
0.69 0.6425500000000021
0.69 0.6210000000000019
0.68 0.6317000000000021
0.65 0.6251500000000024
0.65 0.6256000000000024
0.65 0.6308000000000024
0.78 0.649350000000002
0.78 0.6433000000000021
0.87 0.6726500000000022
0.97 0.8504499999999993
0.97 0.866349999999999
0.97 0.8857499999999986
0.97 0.9017499999999992
0.97 0.9264499999999988
0.98 0.935599999999999
0.97 0.9085999999999987
0.98 0.9457499999999992
0.97 0.9437999999999995
0.98 0.9493000000000004
0.98 0.9550500000000006
0.97 0.9001000000000029
0.97 0.9528999999999995
0.97 0.9476499999999994
0.97 0.9600499999999994
0.98 0.9525500000000006
0.98 0.9542499999999999
0.97 0.7751499999999986
0.97 0.8344000000000018
0.97 0.8398500000000026
0.97 0.8928000000000026
0.98 0.7225000000000031
0.97 0.9036000000000014
0.98 0.9268500000000004
0.97 0.9365000000000003
0.98 0.9250500000000007
0.98 0.9404500000000005
0.98 0.9116000000000003
0.98 0.9537499999999999
0.97 0.8676000000000011
0.98 0.9114000000000008
0.98 0.9308500000000008
0.98 0.9418500000000009
0.98 0.9296000000000008
0.98 0.9265000000000003
0.98 0.732799999999999
0.98 0.9244500000000008
0.98 0.8795000000000026
0.98 0.9012500000000014
0.98 0.9245000000000005
0.98 0.9259
0.98 0.9347000000000003
0.98 0.9313999999999999
0.98 0.746899999999999
0.98 0.7845999999999986
0.98 0.7104999999999981
0.98 0.7149499999999983
0.97 0.7229999999999989
0.98 0.8326499999999993
0.98 0.8076000000000002
0.98 0.8449500000000024
0.98 0.756699999999999
0.98 0.7399999999999985
0.98 0.8040500000000007
0.98 0.8277000000000014
0.98 0.8011000000000007
0.95 0.8548000000000018
0.95 0.7923000000000018
0.95 0.8225500000000007
0.95 0.8585000000000009
0.95 0.867500000000001
0.95 0.8734499999999998
0.95 0.7551000000000022
0.96 0.7342500000000025
0.95 0.8674499999999999
0.95 0.7909500000000013
0.96 0.8361500000000015
0.95 0.8947999999999996
0.96 0.8450500000000014
0.96 0.8904000000000006
0.95 0.915000000000001
0.96 0.815100000000003
0.95 0.8228500000000032
0.95 0.8569500000000028
0.96 0.9151000000000008
0.95 0.9260500000000004
0.95 0.9183500000000007
0.95 0.92785
0.95 0.9037500000000013
0.95 0.8977000000000007
0.95 0.8879000000000006
0.95 0.8839500000000012
0.95 0.91065
0.95 0.8903000000000012
0.95 0.9175999999999996
0.95 0.9251999999999996
0.95 0.9162499999999999
0.96 0.6802500000000031
0.95 0.6986000000000032
0.95 0.7223000000000025
0.96 0.7600000000000009
0.97 0.7899499999999995
0.97 0.8232499999999985
0.97 0.8674
0.97 0.8955000000000001
0.97 0.8890000000000008
0.97 0.9037499999999997
0.97 0.9189999999999988
0.97 0.9145499999999974
0.97 0.9231499999999992
0.97 0.9285999999999999
0.97 0.9255500000000011
0.97 0.7946000000000022
0.97 0.8430500000000025
0.97 0.8785000000000016
0.36 0.3599999999999996
0.36 0.3567999999999996
0.51 0.36149999999999954
0.51 0.36354999999999954
0.51 0.3654999999999995
0.51 0.36759999999999954
0.58 0.3719999999999996
0.58 0.37594999999999973
0.61 0.3840999999999996
0.62 0.3997999999999999
0.62 0.4182999999999996
0.73 0.45495000000000024
0.73 0.49965000000000004
0.76 0.54345
0.77 0.6058999999999992
0.96 0.6181999999999992
0.77 0.6428500000000006
0.77 0.6549000000000005
0.77 0.690950000000001
0.89 0.7246000000000015
0.91 0.7456000000000013
0.97 0.8012999999999991
0.97 0.8311500000000008
0.97 0.8531000000000016
0.97 0.8702500000000005
0.97 0.8756000000000016
0.97 0.8942500000000012
0.97 0.9023000000000009
0.97 0.905649999999999
0.97 0.912349999999998
0.97 0.9232999999999975
0.97 0.9245999999999981
0.97 0.9093999999999989
0.97 0.9209499999999984
0.98 0.8987499999999984
0.98 0.9159999999999981
0.98 0.9109499999999988
0.98 0.7372000000000003
0.98 0.7599500000000015
0.98 0.7215500000000005
0.98 0.790900000000001
0.98 0.8061
0.96 0.7367999999999977
0.98 0.7215499999999975
0.98 0.7846000000000024
0.98 0.8482499999999987
0.98 0.8420999999999991
0.98 0.9077000000000003
0.98 0.9237999999999998
0.98 0.9247500000000005
0.98 0.5934999999999997
0.98 0.726850000000003
0.98 0.8776500000000008
0.98 0.879450000000001
0.98 0.90185
0.98 0.8766500000000005
0.98 0.9052000000000007
0.98 0.9400500000000008
0.98 0.8741500000000006
0.98 0.9075500000000002
0.98 0.8952000000000008
0.98 0.8292500000000005
0.98 0.892800000000002
0.98 0.8627500000000002
