0.88 0.4197300000000026
0.88 0.4629400000000024
0.89 0.505290000000002
0.89 0.531240000000001
0.91 0.5660000000000007
0.91 0.5845699999999973
0.91 0.5964899999999994
0.91 0.6197399999999993
0.94 0.6258200000000007
0.96 0.6419900000000018
0.96 0.6509000000000013
0.96 0.6620199999999998
0.96 0.6671400000000001
0.96 0.6814099999999954
0.96 0.6901199999999923
0.96 0.7000899999999916
0.97 0.70512999999999
0.97 0.7055199999999958
0.97 0.7152599999999965
0.97 0.7237599999999971
0.97 0.7273400000000005
0.97 0.7295499999999986
0.97 0.7278499999999979
0.97 0.7328399999999999
0.97 0.7473700000000038
0.97 0.74283
0.97 0.74583
0.97 0.7449999999999998
0.97 0.7573300000000055
0.97 0.7629900000000049
0.97 0.7627600000000038
0.97 0.7712800000000054
0.97 0.7731300000000051
0.97 0.7727400000000055
0.97 0.7767200000000035
0.97 0.7875900000000041
0.97 0.787070000000004
0.97 0.7926400000000022
0.97 0.7968100000000023
0.97 0.7994600000000025
0.97 0.8023500000000007
0.97 0.8039600000000013
0.97 0.80368
0.97 0.8024799999999996
0.97 0.8027499999999992
0.97 0.8158099999999984
0.97 0.8101999999999991
0.97 0.8107699999999978
0.97 0.8194099999999976
0.97 0.8246400000000002
0.97 0.8379399999999978
0.97 0.831309999999999
0.97 0.826889999999999
0.97 0.8228899999999993
0.97 0.8218900000000002
0.97 0.8276699999999986
0.97 0.8375399999999988
0.97 0.8418299999999994
0.97 0.8459999999999976
0.97 0.8409699999999989
0.98 0.8410100000000006
0.98 0.8414700000000013
0.98 0.8311399999999999
0.98 0.8427900000000013
0.98 0.8417300000000005
0.98 0.8409400000000009
0.98 0.8452000000000014
0.98 0.8498100000000003
0.98 0.8476000000000004
0.98 0.8493599999999994
0.98 0.8662499999999982
0.98 0.8622599999999968
0.98 0.8512199999999976
0.98 0.8407799999999999
0.98 0.8339499999999999
0.98 0.83422
0.98 0.8354600000000003
0.98 0.8433600000000013
0.98 0.8420400000000013
0.98 0.8434299999999988
0.98 0.844609999999997
0.98 0.8481899999999988
0.98 0.8442199999999996
0.98 0.8397899999999985
0.98 0.8396199999999983
0.98 0.8385299999999973
0.98 0.8403399999999973
0.98 0.8438599999999989
0.98 0.8322499999999982
0.98 0.8311199999999969
0.98 0.8250599999999991
0.98 0.8336699999999975
0.98 0.8401499999999973
0.98 0.834249999999996
0.98 0.8429899999999972
0.98 0.8367099999999974
0.98 0.8372599999999988
0.98 0.8471399999999982
0.98 0.848069999999998
0.98 0.8342599999999986
