0.19999999999999996 0.5864000000000019
0.19999999999999996 0.5430800000000015
0.020000000000000018 0.523940000000002
0.020000000000000018 0.505660000000002
0.020000000000000018 0.46978000000000136
0.020000000000000018 0.44382000000000094
0.020000000000000018 0.43678000000000067
0.020000000000000018 0.4250800000000008
0.06000000000000005 0.40534000000000087
0.06000000000000005 0.39066000000000073
0.06000000000000005 0.37578000000000056
0.06000000000000005 0.3711800000000006
0.06000000000000005 0.36124000000000134
0.06000000000000005 0.3519400000000011
0.06000000000000005 0.35138000000000197
0.06000000000000005 0.34684000000000187
0.07999999999999996 0.3341200000000023
0.07999999999999996 0.32972000000000234
0.07999999999999996 0.31990000000000296
0.07999999999999996 0.32032000000000344
0.07999999999999996 0.3067000000000034
0.07999999999999996 0.31220000000000314
0.07999999999999996 0.3077200000000033
0.07999999999999996 0.301600000000004
0.07999999999999996 0.2902200000000032
0.07999999999999996 0.282800000000003
0.07999999999999996 0.2811200000000029
0.07999999999999996 0.2661200000000028
0.07999999999999996 0.2532400000000019
0.07999999999999996 0.24556000000000183
0.07999999999999996 0.24198000000000128
0.07999999999999996 0.24168000000000128
0.07999999999999996 0.24502000000000115
0.07999999999999996 0.24076000000000092
0.07999999999999996 0.24340000000000078
0.07999999999999996 0.23362000000000072
0.07999999999999996 0.23444000000000115
0.07999999999999996 0.21534000000000036
0.07999999999999996 0.19738000000000014
0.07999999999999996 0.19492000000000007
0.07999999999999996 0.17763999999999994
0.07999999999999996 0.18702000000000019
0.07999999999999996 0.1826000000000001
0.07999999999999996 0.1841600000000001
0.07999999999999996 0.17399999999999985
0.07999999999999996 0.16433999999999988
0.07999999999999996 0.16147999999999973
0.07999999999999996 0.16983999999999994
0.07999999999999996 0.15528
0.07999999999999996 0.15985999999999986
0.07999999999999996 0.1671599999999998
0.07999999999999996 0.16665999999999975
0.07999999999999996 0.16855999999999982
0.07999999999999996 0.1665999999999999
0.07999999999999996 0.17079999999999984
0.07999999999999996 0.17493999999999993
0.07999999999999996 0.1793799999999998
0.07999999999999996 0.1692400000000001
0.07999999999999996 0.15983999999999993
0.07999999999999996 0.15301999999999985
0.07999999999999996 0.1424399999999998
0.07999999999999996 0.15822000000000003
0.07999999999999996 0.14846000000000006
0.07999999999999996 0.14333999999999988
0.07999999999999996 0.14577999999999997
0.07999999999999996 0.14918000000000003
0.07999999999999996 0.14073999999999984
0.07999999999999996 0.14003999999999983
0.07999999999999996 0.14075999999999986
0.07999999999999996 0.14919999999999978
0.07999999999999996 0.1564799999999997
0.07999999999999996 0.1552199999999998
0.07999999999999996 0.15974000000000005
0.07999999999999996 0.1551799999999999
0.07999999999999996 0.15372000000000027
0.07999999999999996 0.1524799999999998
0.07999999999999996 0.14859999999999987
0.07999999999999996 0.15257999999999988
0.07999999999999996 0.15065999999999968
0.07999999999999996 0.15104
0.07999999999999996 0.15100000000000016
0.07999999999999996 0.14514000000000027
0.07999999999999996 0.15774000000000027
0.07999999999999996 0.16094000000000017
0.07999999999999996 0.15545999999999988
0.07999999999999996 0.16398000000000007
0.07999999999999996 0.16480000000000006
0.07999999999999996 0.16213999999999995
0.07999999999999996 0.16347999999999985
0.07999999999999996 0.15544000000000013
0.07999999999999996 0.16106000000000012
0.07999999999999996 0.16842
0.07999999999999996 0.15531999999999996
0.07999999999999996 0.15625999999999984
0.07999999999999996 0.1558199999999999
0.07999999999999996 0.15929999999999994
0.07999999999999996 0.16235999999999967
0.07999999999999996 0.17163999999999982
0.07999999999999996 0.17023999999999992
0.07999999999999996 0.16540000000000007
