0.86 0.3910099999999987
0.86 0.4313999999999998
0.86 0.4633900000000003
0.86 0.5042600000000007
0.87 0.5252399999999968
0.92 0.5440799999999996
0.92 0.5665099999999994
0.98 0.5891600000000008
0.98 0.6074200000000005
0.98 0.6324700000000011
0.98 0.645600000000003
0.98 0.6618000000000033
0.98 0.6790000000000028
0.98 0.6760600000000027
0.98 0.6758000000000005
0.98 0.6915099999999998
0.98 0.690659999999999
0.99 0.7027499999999963
0.99 0.7081699999999965
0.99 0.7128699999999969
0.99 0.7145899999999954
0.99 0.7156999999999931
0.99 0.7239299999999905
0.99 0.7262999999999915
0.99 0.7341699999999912
0.99 0.7353399999999916
0.99 0.7349699999999909
0.99 0.7446699999999906
0.99 0.7577099999999892
0.99 0.7600199999999931
0.99 0.7569499999999922
0.99 0.7592299999999911
0.99 0.7746399999999956
0.99 0.7680999999999935
0.99 0.7761799999999934
0.99 0.7754399999999937
0.99 0.7876599999999939
0.99 0.7859699999999956
0.99 0.7885099999999973
0.99 0.7923999999999962
0.99 0.787549999999995
0.99 0.7951599999999959
0.99 0.8002599999999946
0.99 0.8034499999999938
0.99 0.8132699999999944
0.99 0.8128099999999953
0.99 0.816949999999997
0.99 0.8271899999999978
0.99 0.8264499999999988
0.99 0.8248299999999958
0.99 0.8225299999999991
0.99 0.8335299999999967
0.99 0.8426899999999973
0.99 0.8281699999999961
0.99 0.8286499999999954
0.99 0.8316699999999948
0.99 0.8258299999999957
0.99 0.8269499999999934
0.99 0.8224099999999959
0.99 0.8183999999999945
0.99 0.8161999999999946
0.99 0.8301899999999953
0.99 0.8344599999999966
0.99 0.8381699999999976
0.99 0.8398699999999988
0.99 0.8510799999999976
0.99 0.8547899999999974
0.99 0.850889999999997
0.99 0.8543699999999967
0.99 0.8507699999999956
0.99 0.8376499999999926
0.99 0.8433499999999955
0.99 0.8395199999999974
0.99 0.8497399999999972
0.99 0.8428899999999975
0.99 0.8448899999999976
0.99 0.8520499999999951
0.99 0.8555099999999943
0.99 0.866049999999996
0.99 0.8657199999999966
0.99 0.8564799999999972
0.99 0.8574699999999954
0.99 0.8422999999999963
0.99 0.8473199999999975
0.99 0.8580399999999974
0.99 0.8522599999999971
0.99 0.8539499999999957
0.99 0.8597499999999976
0.99 0.8547600000000002
0.99 0.8717000000000029
0.99 0.876860000000004
0.99 0.8798400000000034
0.99 0.8580199999999993
0.99 0.8671600000000012
0.99 0.868310000000002
0.99 0.8703300000000028
0.99 0.8696600000000047
0.99 0.8717800000000027
0.99 0.8723800000000035
0.99 0.8896600000000046
