0.4 0.6109999999999997
0.4 0.5966999999999998
0.4 0.5918999999999984
0.4 0.608299999999999
0.07999999999999996 0.6375999999999986
0.4 0.6360999999999983
0.19999999999999996 0.5818999999999989
0.31999999999999995 0.568999999999999
0.12 0.5653999999999989
0.31999999999999995 0.585099999999999
0.14 0.5928999999999981
0.07999999999999996 0.5953999999999982
0.07999999999999996 0.5423999999999984
0.09999999999999998 0.5429999999999986
0.42000000000000004 0.5538999999999986
0.09999999999999998 0.5465999999999991
0.14 0.5541999999999987
0.33999999999999997 0.5887999999999985
0.020000000000000018 0.5315999999999991
0.14 0.5135999999999992
0.06000000000000005 0.49249999999999916
0.020000000000000018 0.45370000000000005
0.06000000000000005 0.46049999999999985
0.21999999999999997 0.581799999999999
0.07999999999999996 0.5676999999999987
0.020000000000000018 0.5284999999999989
0.4 0.5324999999999988
0.18000000000000005 0.5677999999999992
0.18000000000000005 0.5273999999999994
0.18000000000000005 0.5481999999999995
0.040000000000000036 0.47319999999999957
0.12 0.4540999999999996
0.12 0.4804999999999994
0.040000000000000036 0.473
0.040000000000000036 0.4832999999999994
0.09999999999999998 0.45539999999999986
0.040000000000000036 0.45829999999999993
0.09999999999999998 0.4702999999999999
0.09999999999999998 0.5000999999999993
0.09999999999999998 0.633199999999998
0.09999999999999998 0.5927999999999982
0.14 0.5567999999999984
0.040000000000000036 0.47899999999999954
0.09999999999999998 0.4943999999999994
0.06000000000000005 0.4713999999999995
0.30000000000000004 0.507199999999999
0.09999999999999998 0.43149999999999894
0.020000000000000018 0.4246999999999992
0.020000000000000018 0.3854999999999994
0.020000000000000018 0.3333999999999996
0.09999999999999998 0.48109999999999964
0.020000000000000018 0.4518999999999997
0.020000000000000018 0.44609999999999966
0.14 0.5640999999999994
0.4 0.586099999999999
0.06000000000000005 0.4928999999999995
0.4 0.6087999999999988
0.4 0.617299999999998
0.4 0.47949999999999954
0.4 0.4550999999999991
0.14 0.4245999999999993
0.06000000000000005 0.44669999999999954
0.30000000000000004 0.4442999999999992
0.09999999999999998 0.40949999999999925
0.09999999999999998 0.3755999999999996
0.020000000000000018 0.37669999999999915
0.020000000000000018 0.38819999999999966
0.14 0.43569999999999914
0.020000000000000018 0.4241999999999992
0.020000000000000018 0.4093999999999995
0.020000000000000018 0.39089999999999975
0.020000000000000018 0.3690999999999992
0.020000000000000018 0.35869999999999924
0.020000000000000018 0.3404999999999992
0.020000000000000018 0.3779999999999988
0.020000000000000018 0.2959999999999994
0.020000000000000018 0.28069999999999945
0.020000000000000018 0.22219999999999954
0.020000000000000018 0.19329999999999964
0.020000000000000018 0.16889999999999986
0.020000000000000018 0.12649999999999995
0.020000000000000018 0.07609999999999999
0.020000000000000018 0.073
0.020000000000000018 0.0632
0.020000000000000018 0.052800000000000014
0.020000000000000018 0.0581
0.020000000000000018 0.048100000000000004
0.020000000000000018 0.061200000000000004
0.020000000000000018 0.04029999999999998
0.020000000000000018 0.1006999999999999
0.020000000000000018 0.1808
0.09999999999999998 0.2945999999999997
0.09999999999999998 0.35109999999999986
0.18000000000000005 0.5474999999999993
0.06000000000000005 0.33110000000000006
0.06000000000000005 0.47540000000000093
0.45999999999999996 0.5390000000000001
0.09999999999999998 0.4911000000000009
0.30000000000000004 0.5198000000000005
0.4 0.5280999999999998
0.30000000000000004 0.5040000000000007
0.30000000000000004 0.45910000000000023
0.36 0.4474999999999996
0.28 0.4486999999999996
0.24 0.4152999999999995
0.020000000000000018 0.4013999999999996
0.020000000000000018 0.37849999999999967
0.24 0.4335
0.18000000000000005 0.3930999999999998
0.18000000000000005 0.4019
0.07999999999999996 0.4034000000000001
0.07999999999999996 0.3951
0.020000000000000018 0.32029999999999936
0.020000000000000018 0.2784999999999994
0.020000000000000018 0.22119999999999962
0.4 0.40250000000000014
0.020000000000000018 0.3225999999999993
0.020000000000000018 0.21509999999999974
0.020000000000000018 0.2431999999999999
0.020000000000000018 0.25649999999999984
0.06000000000000005 0.31670000000000004
0.06000000000000005 0.29979999999999996
0.06000000000000005 0.26289999999999975
0.06000000000000005 0.2720999999999997
0.06000000000000005 0.25359999999999977
0.020000000000000018 0.3327999999999993
0.020000000000000018 0.28569999999999957
0.020000000000000018 0.23179999999999992
0.06000000000000005 0.33279999999999915
0.020000000000000018 0.33799999999999913
0.020000000000000018 0.2977999999999997
0.4 0.4033000000000001
0.4 0.40159999999999996
0.020000000000000018 0.31559999999999944
0.4 0.43840000000000096
0.4 0.4174000000000001
0.4 0.40789999999999976
0.4 0.40630000000000016
0.4 0.4049000000000003
0.4 0.4074999999999999
0.4 0.40330000000000005
0.30000000000000004 0.40979999999999955
0.14 0.37229999999999963
0.14 0.3502999999999995
0.12 0.39449999999999946
0.4 0.4176999999999993
0.4 0.40249999999999986
0.4 0.4006000000000002
0.4 0.40190000000000003
0.4 0.40280000000000016
0.4 0.42699999999999927
0.4 0.43009999999999904
0.4 0.4126999999999994
0.4 0.4041000000000002
0.4 0.4000000000000003
0.4 0.4047
0.4 0.4019000000000002
0.4 0.40210000000000007
0.4 0.4015000000000001
0.28 0.40529999999999966
0.26 0.39510000000000006
0.4 0.4064000000000001
0.36 0.4003000000000003
0.14 0.3981000000000001
0.14 0.3919
0.14 0.3850999999999998
0.4 0.4026000000000001
0.4 0.41519999999999935
0.4 0.4160999999999997
0.14 0.413199999999999
0.4 0.4009000000000002
0.14 0.3921
0.14 0.39399999999999985
0.28 0.4039000000000001
0.36 0.4017999999999999
0.4 0.4045000000000001
0.14 0.4024000000000001
0.14 0.3978000000000002
0.14 0.3954000000000002
0.4 0.4020000000000002
0.4 0.41369999999999985
0.42000000000000004 0.41100000000000003
0.42000000000000004 0.4134000000000001
0.42000000000000004 0.42219999999999963
0.42000000000000004 0.40340000000000054
0.4 0.40480000000000016
0.42000000000000004 0.4025000000000006
0.42000000000000004 0.40370000000000045
0.4 0.4025000000000002
0.42000000000000004 0.4052000000000002
0.42000000000000004 0.4068000000000007
0.42000000000000004 0.4020000000000003
0.4 0.4012000000000003
0.42000000000000004 0.40460000000000024
0.4 0.40130000000000016
0.42000000000000004 0.4044000000000003
0.36 0.40230000000000005
0.4 0.4012000000000004
0.4 0.4000000000000003
0.4 0.40690000000000004
0.4 0.4168999999999998
0.4 0.4015000000000002
0.4 0.7437999999999968
0.4 0.6018999999999974
0.4 0.4238999999999998
0.4 0.6148999999999981
0.4 0.6816999999999971
0.4 0.42469999999999947
0.4 0.4114
0.4 0.4199999999999997
0.4 0.47379999999999906
0.4 0.6945999999999978
0.4 0.7572999999999965
0.4 0.7110999999999967
0.4 0.6663999999999974
0.4 0.5404999999999992
0.4 0.6047999999999991
0.4 0.5544999999999994
0.4 0.5099999999999997
0.4 0.4501999999999991
0.4 0.42009999999999953
0.4 0.41749999999999965
0.4 0.40100000000000025
0.4 0.40050000000000024
0.4 0.4381999999999993
0.4 0.40430000000000016
0.4 0.4000000000000003
0.36 0.4271999999999994
0.36 0.4229999999999993
0.4 0.41569999999999974
0.4 0.4069000000000002
0.4 0.4134
0.4 0.4045000000000002
0.4 0.4020000000000001
0.38 0.40090000000000026
0.4 0.4015000000000001
0.4 0.4003000000000002
0.4 0.4006000000000002
0.4 0.40250000000000014
0.4 0.40580000000000005
0.4 0.4007000000000002
0.4 0.40060000000000023
0.4 0.40100000000000025
0.4 0.40050000000000024
0.4 0.4003000000000002
0.4 0.4001000000000003
0.4 0.40200000000000025
0.4 0.4022000000000002
0.4 0.4000000000000003
0.38 0.4251999999999993
0.4 0.4197999999999994
0.4 0.41529999999999956
0.4 0.4058
0.4 0.40419999999999995
0.33999999999999997 0.3998000000000001
0.36 0.39860000000000023
0.31999999999999995 0.39580000000000026
0.31999999999999995 0.3948000000000001
0.31999999999999995 0.3911
0.31999999999999995 0.3954000000000001
0.31999999999999995 0.3947
0.30000000000000004 0.39110000000000006
0.19999999999999996 0.37470000000000003
0.4 0.4000000000000003
0.16000000000000003 0.3837000000000001
0.16000000000000003 0.3837
0.31999999999999995 0.4009000000000002
0.24 0.39800000000000024
0.4 0.4064999999999999
0.4 0.40399999999999997
0.33999999999999997 0.39910000000000023
0.33999999999999997 0.4015000000000001
0.33999999999999997 0.3891000000000001
0.4 0.40509999999999996
0.4 0.40120000000000017
0.21999999999999997 0.38189999999999985
0.28 0.3851999999999999
0.28 0.40080000000000005
0.4 0.4002000000000002
0.4 0.4025000000000002
0.4 0.4002000000000002
0.4 0.4002000000000002
0.4 0.4002000000000002
0.4 0.4003000000000002
0.4 0.4002000000000002
0.36 0.4001000000000001
0.12 0.36919999999999964
0.07999999999999996 0.3080999999999999
0.020000000000000018 0.2858
0.020000000000000018 0.24660000000000007
0.020000000000000018 0.23870000000000016
0.020000000000000018 0.1898000000000001
0.020000000000000018 0.1655000000000001
0.040000000000000036 0.1453000000000001
0.040000000000000036 0.1339000000000001
0.07999999999999996 0.11230000000000004
0.07999999999999996 0.10190000000000003
0.07999999999999996 0.08470000000000003
0.07999999999999996 0.07210000000000004
0.07999999999999996 0.1093
0.07999999999999996 0.07180000000000004
0.07999999999999996 0.05089999999999992
0.07999999999999996 0.05760000000000001
0.07999999999999996 0.05889999999999992
0.07999999999999996 0.06329999999999984
0.07999999999999996 0.05839999999999991
0.07999999999999996 0.05959999999999985
0.07999999999999996 0.06339999999999983
0.07999999999999996 0.07509999999999993
0.07999999999999996 0.08310000000000002
0.07999999999999996 0.08160000000000008
0.040000000000000036 0.07810000000000003
0.040000000000000036 0.1090000000000001
0.040000000000000036 0.07500000000000004
0.040000000000000036 0.16500000000000006
0.040000000000000036 0.088
0.07999999999999996 0.09820000000000012
0.07999999999999996 0.08180000000000007
0.07999999999999996 0.07690000000000002
0.07999999999999996 0.2609999999999997
0.040000000000000036 0.17499999999999993
0.040000000000000036 0.1257
0.040000000000000036 0.08520000000000003
0.040000000000000036 0.08370000000000005
0.040000000000000036 0.25110000000000016
0.040000000000000036 0.09000000000000005
0.040000000000000036 0.3178999999999992
0.040000000000000036 0.2508999999999994
0.040000000000000036 0.16309999999999988
0.040000000000000036 0.12020000000000004
0.040000000000000036 0.0825
0.040000000000000036 0.06910000000000002
0.040000000000000036 0.08920000000000006
0.040000000000000036 0.07170000000000001
0.040000000000000036 0.15320000000000006
0.040000000000000036 0.24779999999999955
0.040000000000000036 0.3556999999999993
0.040000000000000036 0.2805999999999997
0.040000000000000036 0.2235999999999999
0.040000000000000036 0.2747
0.040000000000000036 0.2058
0.14 0.38089999999999946
0.040000000000000036 0.34119999999999967
0.020000000000000018 0.2914999999999998
0.020000000000000018 0.19479999999999995
0.020000000000000018 0.12200000000000007
0.020000000000000018 0.23370000000000005
0.020000000000000018 0.1467000000000001
0.020000000000000018 0.07040000000000005
0.020000000000000018 0.15070000000000006
0.040000000000000036 0.09440000000000001
0.06000000000000005 0.31469999999999965
0.040000000000000036 0.20389999999999975
0.040000000000000036 0.07590000000000004
0.040000000000000036 0.08670000000000004
0.040000000000000036 0.13239999999999996
0.040000000000000036 0.2173999999999996
0.040000000000000036 0.21229999999999954
0.040000000000000036 0.21889999999999965
0.040000000000000036 0.19959999999999972
0.040000000000000036 0.13489999999999994
0.040000000000000036 0.3525999999999997
0.040000000000000036 0.12989999999999988
0.040000000000000036 0.06299999999999999
0.040000000000000036 0.056899999999999985
0.040000000000000036 0.063
0.040000000000000036 0.16000000000000014
0.040000000000000036 0.07259999999999998
0.040000000000000036 0.0522
0.040000000000000036 0.06399999999999989
0.040000000000000036 0.056499999999999925
0.040000000000000036 0.05120000000000001
0.040000000000000036 0.04539999999999998
0.040000000000000036 0.07669999999999995
0.040000000000000036 0.14459999999999984
0.020000000000000018 0.07070000000000004
0.020000000000000018 0.09070000000000004
0.040000000000000036 0.10039999999999993
0.040000000000000036 0.05949999999999997
0.040000000000000036 0.06069999999999989
0.040000000000000036 0.06430000000000002
0.040000000000000036 0.05200000000000004
0.040000000000000036 0.057600000000000026
0.040000000000000036 0.04800000000000002
0.040000000000000036 0.06400000000000002
0.040000000000000036 0.043300000000000026
0.040000000000000036 0.1258999999999999
0.040000000000000036 0.04930000000000003
0.040000000000000036 0.04190000000000002
0.040000000000000036 0.04310000000000002
0.040000000000000036 0.049200000000000035
0.040000000000000036 0.041600000000000026
0.040000000000000036 0.04350000000000003
0.040000000000000036 0.04840000000000004
0.040000000000000036 0.04230000000000003
0.040000000000000036 0.04760000000000003
0.040000000000000036 0.045800000000000035
0.040000000000000036 0.037799999999999834
0.040000000000000036 0.034399999999999833
0.040000000000000036 0.06449999999999997
0.040000000000000036 0.048899999999999944
0.020000000000000018 0.05969999999999998
0.040000000000000036 0.07349999999999995
0.020000000000000018 0.04270000000000002
0.040000000000000036 0.02580000000000001
0.040000000000000036 0.036399999999999835
0.040000000000000036 0.03369999999999997
0.040000000000000036 0.03169999999999988
0.020000000000000018 0.02570000000000001
0.020000000000000018 0.03890000000000002
0.020000000000000018 0.04280000000000002
0.040000000000000036 0.03030000000000002
0.040000000000000036 0.07550000000000001
0.040000000000000036 0.08749999999999998
0.040000000000000036 0.10949999999999988
0.040000000000000036 0.05139999999999996
0.040000000000000036 0.04030000000000002
0.040000000000000036 0.0431
0.040000000000000036 0.04409999999999987
0.040000000000000036 0.053299999999999896
0.040000000000000036 0.05269999999999995
0.040000000000000036 0.09000000000000002
0.040000000000000036 0.10639999999999991
0.040000000000000036 0.08879999999999999
0.040000000000000036 0.07550000000000003
0.040000000000000036 0.09570000000000001
0.020000000000000018 0.0986
0.020000000000000018 0.114
0.020000000000000018 0.09820000000000002
0.07999999999999996 0.1436999999999999
0.040000000000000036 0.1762999999999998
0.020000000000000018 0.29699999999999954
0.020000000000000018 0.30159999999999937
0.020000000000000018 0.32519999999999954
0.020000000000000018 0.32239999999999924
0.020000000000000018 0.3349999999999994
0.020000000000000018 0.22159999999999958
0.020000000000000018 0.25689999999999946
0.020000000000000018 0.3845
0.020000000000000018 0.12239999999999998
0.020000000000000018 0.16679999999999978
0.020000000000000018 0.16009999999999983
0.020000000000000018 0.07580000000000005
0.020000000000000018 0.047400000000000005
0.020000000000000018 0.0342
0.020000000000000018 0.033600000000000005
0.040000000000000036 0.0357
0.040000000000000036 0.031299999999999974
0.020000000000000018 0.1891999999999997
0.020000000000000018 0.11289999999999996
0.020000000000000018 0.12109999999999993
0.020000000000000018 0.16479999999999978
0.020000000000000018 0.27049999999999963
0.020000000000000018 0.06610000000000005
0.020000000000000018 0.07410000000000001
0.020000000000000018 0.06240000000000003
0.040000000000000036 0.07910000000000005
0.040000000000000036 0.07720000000000005
0.040000000000000036 0.05070000000000004
0.040000000000000036 0.056100000000000046
0.040000000000000036 0.04480000000000005
0.040000000000000036 0.05290000000000003
0.040000000000000036 0.052000000000000046
0.040000000000000036 0.049600000000000026
0.040000000000000036 0.050900000000000015
0.040000000000000036 0.04720000000000003
0.040000000000000036 0.0716000000000001
0.040000000000000036 0.04350000000000003
0.040000000000000036 0.04320000000000002
0.040000000000000036 0.05820000000000003
0.040000000000000036 0.05200000000000005
0.040000000000000036 0.05030000000000003
0.040000000000000036 0.047000000000000014
0.040000000000000036 0.04720000000000001
0.040000000000000036 0.03930000000000002
0.040000000000000036 0.05570000000000005
0.040000000000000036 0.0417
0.040000000000000036 0.04400000000000004
0.040000000000000036 0.05050000000000003
0.040000000000000036 0.043000000000000045
0.040000000000000036 0.06290000000000005
0.040000000000000036 0.3073999999999993
0.040000000000000036 0.049300000000000004
0.040000000000000036 0.2653999999999994
0.040000000000000036 0.09370000000000003
0.040000000000000036 0.042600000000000034
0.040000000000000036 0.05000000000000004
0.040000000000000036 0.05900000000000006
0.040000000000000036 0.06880000000000007
0.040000000000000036 0.04970000000000001
0.040000000000000036 0.2749999999999994
0.4 0.40210000000000024
0.4 0.40420000000000017
0.4 0.4001000000000003
0.040000000000000036 0.38940000000000013
0.4 0.40050000000000024
0.040000000000000036 0.3787
0.4 0.40080000000000027
0.040000000000000036 0.3826
0.020000000000000018 0.40519999999999917
