0.26 0.6254200000000041
0.26 0.595560000000003
0.12 0.5669600000000026
0.12 0.5391000000000024
0.12 0.5124400000000026
0.07999999999999996 0.4862800000000032
0.06000000000000005 0.4670200000000029
0.06000000000000005 0.45180000000000303
0.06000000000000005 0.4312600000000026
0.06000000000000005 0.40800000000000103
0.06000000000000005 0.4021200000000016
0.06000000000000005 0.40210000000000146
0.06000000000000005 0.4032000000000023
0.06000000000000005 0.38806000000000185
0.06000000000000005 0.3747200000000015
0.06000000000000005 0.3718400000000017
0.06000000000000005 0.3657800000000004
0.06000000000000005 0.3586200000000008
0.06000000000000005 0.3540400000000016
0.06000000000000005 0.3414200000000006
0.06000000000000005 0.32810000000000145
0.06000000000000005 0.3219800000000015
0.06000000000000005 0.3196600000000015
0.06000000000000005 0.304540000000002
0.06000000000000005 0.2916600000000013
0.06000000000000005 0.29104000000000163
0.06000000000000005 0.27472000000000135
0.06000000000000005 0.26354000000000094
0.06000000000000005 0.26022000000000084
0.06000000000000005 0.2595200000000007
0.06000000000000005 0.2608200000000008
0.06000000000000005 0.24788000000000068
0.06000000000000005 0.2527000000000004
0.06000000000000005 0.2492600000000007
0.06000000000000005 0.24470000000000083
0.06000000000000005 0.24888000000000113
0.06000000000000005 0.24480000000000063
0.06000000000000005 0.24370000000000078
0.06000000000000005 0.2273000000000005
0.06000000000000005 0.21916000000000052
0.06000000000000005 0.2161200000000006
0.06000000000000005 0.21432000000000054
0.06000000000000005 0.2126400000000004
0.06000000000000005 0.20712000000000053
0.06000000000000005 0.2120000000000006
0.06000000000000005 0.21544000000000005
0.06000000000000005 0.21384000000000034
0.06000000000000005 0.2159600000000003
0.06000000000000005 0.22346000000000038
0.06000000000000005 0.22520000000000057
0.06000000000000005 0.21638000000000027
0.06000000000000005 0.21152000000000035
0.06000000000000005 0.19878000000000032
0.06000000000000005 0.19710000000000052
0.06000000000000005 0.1971600000000006
0.06000000000000005 0.19310000000000074
0.06000000000000005 0.19062000000000046
0.06000000000000005 0.1899600000000004
0.06000000000000005 0.19318000000000024
0.06000000000000005 0.19204000000000046
0.06000000000000005 0.18260000000000054
0.06000000000000005 0.1877400000000006
0.06000000000000005 0.19266000000000036
0.06000000000000005 0.19834000000000032
0.06000000000000005 0.1880600000000003
0.06000000000000005 0.18056000000000047
0.06000000000000005 0.17532000000000014
0.06000000000000005 0.16874000000000014
0.06000000000000005 0.18034000000000036
0.06000000000000005 0.18130000000000043
0.06000000000000005 0.18210000000000018
0.06000000000000005 0.18720000000000048
0.06000000000000005 0.18264000000000008
0.06000000000000005 0.19012000000000034
0.06000000000000005 0.17862000000000036
0.06000000000000005 0.17116000000000012
0.06000000000000005 0.1698799999999999
0.06000000000000005 0.17254000000000014
0.06000000000000005 0.17416000000000023
0.06000000000000005 0.16966000000000034
0.06000000000000005 0.18296000000000023
0.06000000000000005 0.16900000000000023
0.06000000000000005 0.17798000000000017
0.06000000000000005 0.1829400000000002
0.06000000000000005 0.17259999999999992
0.06000000000000005 0.16014000000000025
0.06000000000000005 0.17876000000000036
0.06000000000000005 0.19294000000000025
0.06000000000000005 0.17705999999999994
0.06000000000000005 0.1744999999999999
0.06000000000000005 0.1839200000000002
0.06000000000000005 0.18954000000000026
0.06000000000000005 0.18850000000000028
0.06000000000000005 0.18038000000000015
0.06000000000000005 0.1721600000000001
0.06000000000000005 0.16210000000000013
0.06000000000000005 0.16246000000000024
0.06000000000000005 0.1615000000000004
0.06000000000000005 0.1725200000000003
0.06000000000000005 0.17560000000000012
