0.87 0.42457
0.93 0.45425000000000126
0.94 0.5085800000000008
0.96 0.5259399999999979
0.96 0.5633299999999994
0.96 0.5830399999999972
0.96 0.6045600000000002
0.96 0.6242399999999999
0.96 0.6462400000000016
0.97 0.6675100000000035
0.97 0.6741400000000011
0.97 0.683769999999998
0.97 0.6881899999999982
0.97 0.7054299999999949
0.97 0.703289999999995
0.97 0.7147099999999929
0.97 0.721819999999996
0.97 0.7284199999999965
0.97 0.7396499999999999
0.97 0.7461000000000005
0.97 0.7577500000000063
0.97 0.7672400000000057
0.97 0.7758000000000085
0.98 0.7761100000000071
0.98 0.7888600000000031
0.98 0.7865900000000031
0.98 0.794480000000005
0.98 0.7937800000000046
0.98 0.7897100000000035
0.98 0.7917400000000051
0.98 0.7957600000000045
0.98 0.8018200000000012
0.98 0.802690000000002
0.98 0.8016700000000005
0.98 0.8155599999999982
0.98 0.8128899999999971
0.98 0.8161499999999985
0.98 0.8213000000000018
0.98 0.8235200000000018
0.98 0.8281800000000028
0.98 0.8217499999999994
0.98 0.8339499999999996
0.98 0.8321300000000008
0.98 0.8206399999999995
0.98 0.8397900000000019
0.98 0.8437900000000027
0.98 0.8390700000000015
0.98 0.8349599999999987
0.98 0.8370699999999981
0.98 0.8350599999999999
0.98 0.8461899999999988
0.98 0.8425400000000026
0.98 0.8245899999999997
0.98 0.8312500000000002
0.98 0.8281499999999997
0.98 0.8402499999999987
0.98 0.8310999999999985
0.98 0.8382599999999992
0.98 0.8370800000000017
0.98 0.8301500000000016
0.98 0.8364800000000022
0.98 0.8362500000000028
0.98 0.8501600000000008
0.98 0.8442300000000008
0.98 0.8521700000000003
0.98 0.8431799999999996
0.98 0.8423100000000004
0.98 0.8377600000000026
0.98 0.8271400000000012
0.98 0.8298600000000007
0.98 0.8388600000000003
0.98 0.8425599999999986
0.98 0.8527500000000006
0.98 0.8523600000000009
0.98 0.8439200000000011
0.98 0.8466399999999998
0.98 0.858329999999998
0.98 0.8521299999999993
0.98 0.8586799999999976
0.98 0.8544899999999972
0.98 0.8557099999999954
0.98 0.8485199999999979
0.98 0.8596999999999956
0.98 0.844669999999997
0.98 0.8535599999999967
0.98 0.8422699999999972
0.98 0.8394299999999983
0.98 0.8490499999999981
0.98 0.8488799999999999
0.98 0.84743
0.98 0.8570499999999971
0.98 0.8476599999999972
0.98 0.8651699999999934
0.98 0.8453199999999977
0.98 0.8541899999999942
0.98 0.8566899999999951
0.98 0.8368499999999981
0.98 0.8365199999999983
0.98 0.8482499999999983
0.98 0.8557999999999949
