0.75 0.39440000000000014
0.75 0.40265000000000045
0.75 0.41420000000000007
0.75 0.4173499999999995
0.7 0.41499999999999965
0.9 0.40699999999999986
0.95 0.42170000000000035
0.95 0.41679999999999995
0.95 0.4235499999999996
0.71 0.42829999999999996
0.66 0.4273499999999999
0.85 0.4608500000000001
0.67 0.4346499999999998
0.68 0.45625000000000004
0.74 0.4385
0.74 0.4623499999999996
0.8 0.4671499999999996
0.8 0.4746999999999997
0.89 0.5155500000000004
0.78 0.4601499999999998
0.9 0.5322499999999992
0.76 0.4507499999999999
0.67 0.4836499999999997
0.71 0.4917999999999994
0.78 0.5171499999999994
0.69 0.5090499999999999
0.79 0.4864
0.81 0.5004
0.93 0.5313000000000002
0.92 0.5334500000000001
0.94 0.5648499999999999
0.93 0.6387000000000002
0.93 0.5163000000000005
0.91 0.5107500000000001
0.93 0.5443000000000005
0.95 0.6119999999999988
0.94 0.5861499999999996
0.95 0.6525500000000005
0.95 0.6073499999999993
0.94 0.5896999999999998
0.91 0.5665000000000002
0.71 0.45004999999999973
0.89 0.5522999999999998
0.91 0.5965999999999996
0.82 0.5439500000000003
0.94 0.5757999999999993
0.94 0.6098999999999993
0.68 0.5787999999999989
0.82 0.5116999999999998
0.82 0.5493499999999998
0.83 0.5713499999999986
0.79 0.5688499999999991
0.91 0.5873499999999994
0.84 0.5367999999999992
0.94 0.6011499999999995
0.73 0.5737999999999996
0.8 0.5716499999999995
0.66 0.6101000000000001
0.82 0.6327499999999988
0.84 0.6309499999999991
0.82 0.6233999999999992
0.87 0.6265499999999987
0.78 0.6152999999999992
0.75 0.5820999999999991
0.88 0.6378999999999982
0.88 0.6481499999999984
0.77 0.6403499999999983
0.66 0.6332499999999981
0.88 0.642549999999998
0.81 0.6351499999999982
0.66 0.6215499999999986
0.87 0.6422999999999981
0.68 0.6377999999999981
0.68 0.6150999999999986
0.68 0.5735499999999987
0.66 0.6086999999999986
0.92 0.6386999999999983
0.93 0.6697999999999977
0.87 0.6894499999999979
0.89 0.6656999999999986
0.66 0.6382999999999989
0.66 0.6399499999999984
0.66 0.6239999999999982
0.68 0.6404499999999983
0.66 0.649599999999998
0.66 0.6295999999999983
0.66 0.6103999999999983
0.66 0.648449999999998
0.66 0.6570499999999977
0.66 0.6569499999999975
0.91 0.6947499999999976
0.94 0.720899999999999
0.95 0.7518499999999994
0.95 0.7572999999999993
0.89 0.5932999999999993
0.94 0.593799999999999
0.93 0.6431999999999993
0.93 0.6888499999999983
0.93 0.6243500000000003
0.95 0.6798500000000013
0.98 0.7764000000000003
0.96 0.7512500000000004
0.96 0.7821000000000008
0.96 0.8067499999999996
0.96 0.8309499999999994
0.93 0.7590999999999997
0.96 0.8356500000000004
0.96 0.8801499999999998
0.96 0.8991999999999993
0.96 0.879800000000001
0.95 0.7620999999999996
0.96 0.8815500000000006
0.96 0.8749000000000013
0.96 0.8586000000000014
0.96 0.8863000000000011
0.96 0.9041499999999995
0.96 0.8742500000000003
0.96 0.8941500000000002
0.96 0.9201499999999977
0.95 0.6682499999999982
0.95 0.7223999999999982
0.95 0.7419999999999992
0.96 0.9068999999999977
0.96 0.9153999999999971
0.96 0.9125999999999961
0.96 0.914349999999997
0.96 0.906499999999997
0.96 0.9175499999999974
0.96 0.8243000000000018
0.96 0.9081499999999997
0.96 0.897499999999998
0.96 0.9107499999999985
0.92 0.6275499999999979
0.92 0.5923499999999988
0.95 0.629299999999998
0.66 0.622849999999998
0.66 0.6379999999999978
0.95 0.5773499999999988
0.95 0.6558999999999985
0.95 0.6372999999999981
0.95 0.669449999999999
0.66 0.6294999999999981
0.66 0.637999999999998
0.66 0.6316999999999978
0.66 0.6383999999999976
0.66 0.6333999999999977
0.66 0.6341499999999978
0.66 0.648299999999998
0.66 0.6517499999999977
0.66 0.6421499999999978
0.66 0.6476999999999978
0.95 0.7043999999999984
0.95 0.7454999999999987
0.95 0.7798999999999998
0.95 0.8105000000000007
0.96 0.8636000000000013
0.66 0.6412499999999983
0.66 0.6437999999999979
0.96 0.8761500000000022
0.96 0.9074500000000013
0.96 0.9100500000000005
0.96 0.9249999999999994
0.96 0.923749999999999
0.96 0.9109999999999985
0.96 0.9045499999999984
0.96 0.9104499999999972
0.96 0.9384999999999977
0.96 0.8972499999999977
0.96 0.8933999999999994
0.96 0.8710000000000017
0.96 0.8992499999999981
0.96 0.910849999999997
0.96 0.9083999999999978
0.96 0.8929999999999982
0.96 0.900499999999998
0.96 0.9056499999999994
0.96 0.8973499999999995
0.96 0.9054499999999994
0.96 0.8993499999999993
0.96 0.915949999999999
0.96 0.9302499999999995
0.96 0.9219499999999994
0.96 0.9373499999999991
0.96 0.9051
0.96 0.5475500000000009
0.96 0.7832000000000012
0.96 0.6610000000000008
0.96 0.6937000000000016
0.96 0.7662000000000012
0.96 0.8006000000000013
0.96 0.8374000000000008
0.98 0.8646499999999994
0.98 0.8720499999999995
0.98 0.9051999999999985
0.98 0.9201499999999975
0.98 0.9367999999999967
0.98 0.9334999999999972
0.98 0.915299999999997
0.98 0.9233499999999977
0.98 0.899549999999998
0.98 0.9240999999999984
0.98 0.9414499999999987
0.98 0.9435999999999989
0.98 0.9280499999999989
0.98 0.9307499999999992
0.96 0.9226999999999995
0.98 0.9347999999999996
0.98 0.9200500000000003
0.96 0.9133500000000002
0.96 0.90055
0.96 0.9355
0.96 0.93525
0.96 0.9244500000000003
0.96 0.9032500000000006
0.96 0.9179
0.96 0.9277999999999998
0.96 0.9415999999999997
0.96 0.9469499999999996
0.96 0.9266999999999997
0.96 0.916649999999999
0.96 0.9318499999999992
0.96 0.4285500000000023
0.96 0.4672000000000013
0.96 0.550600000000001
0.96 0.6449000000000008
0.96 0.7439500000000011
0.96 0.8366499999999993
0.96 0.874699999999998
0.96 0.8582000000000017
0.96 0.8713500000000001
0.96 0.9013499999999985
0.96 0.8983999999999978
0.96 0.845999999999999
0.96 0.7939999999999995
0.96 0.8371499999999995
0.74 0.64935
0.74 0.6592499999999996
0.91 0.6704999999999997
0.94 0.6805499999999995
0.94 0.6902999999999997
0.94 0.6754000000000001
0.94 0.6964500000000003
0.94 0.6976499999999998
0.94 0.7318999999999997
0.94 0.765549999999999
0.94 0.7992499999999977
0.95 0.8241999999999982
0.96 0.8629500000000001
0.96 0.8897500000000005
0.96 0.8521000000000002
0.96 0.6587000000000005
0.96 0.8294499999999994
0.96 0.7504999999999995
0.96 0.7652
0.96 0.8129499999999996
0.96 0.6139000000000003
0.96 0.6720999999999995
0.96 0.7324499999999996
0.96 0.7465500000000006
0.96 0.8021999999999998
0.96 0.8340500000000008
0.96 0.8509000000000004
0.96 0.8727500000000006
0.96 0.8771000000000005
0.96 0.8960500000000003
0.96 0.9082499999999998
0.96 0.918299999999999
0.96 0.915849999999999
0.98 0.9263999999999973
0.98 0.9305499999999971
0.98 0.926449999999998
0.98 0.9340999999999984
0.98 0.9208999999999983
0.98 0.9306499999999979
0.98 0.9228499999999984
0.98 0.9247999999999986
0.98 0.935799999999999
0.98 0.919399999999999
0.98 0.9179999999999988
0.98 0.9174499999999989
0.98 0.919949999999999
0.98 0.9049499999999984
0.98 0.9019999999999986
0.98 0.8883499999999985
0.98 0.8878999999999978
0.98 0.8912999999999981
0.98 0.8682999999999977
0.98 0.9067499999999978
0.98 0.9249499999999984
0.98 0.9109999999999987
0.98 0.9073499999999978
0.98 0.8874499999999987
0.98 0.9128499999999973
0.98 0.9094999999999981
0.98 0.9177999999999983
0.68 0.5998999999999998
0.68 0.618249999999999
0.98 0.9025499999999979
0.96 0.6237500000000026
0.68 0.5427500000000012
0.98 0.6482999999999995
0.96 0.7586500000000024
0.68 0.6119000000000016
0.68 0.6473000000000022
0.68 0.6092500000000013
0.68 0.5695000000000006
0.68 0.6485000000000017
0.68 0.6611500000000022
0.68 0.6611000000000022
0.68 0.6723500000000029
0.68 0.6767000000000032
0.68 0.6726500000000033
0.68 0.6712000000000031
0.76 0.6748000000000033
0.95 0.6827500000000035
0.95 0.6909000000000034
0.68 0.6714000000000034
0.68 0.6761500000000032
0.68 0.6737000000000031
0.95 0.6984000000000034
0.95 0.7089500000000021
0.95 0.7216500000000028
0.97 0.7403000000000033
0.94 0.6744500000000018
0.95 0.7112500000000029
0.95 0.699100000000003
0.68 0.6706000000000032
0.68 0.674150000000003
0.95 0.6886000000000034
0.95 0.6793000000000032
0.82 0.6728500000000028
0.95 0.6961500000000034
0.94 0.6928000000000035
0.96 0.6927500000000034
0.96 0.6843000000000034
0.96 0.6939500000000035
0.94 0.674300000000003
0.68 0.665800000000003
0.68 0.6726500000000031
0.87 0.6625500000000024
0.92 0.6753000000000027
0.94 0.6979500000000032
0.68 0.6728000000000027
0.95 0.6687500000000023
0.68 0.6621000000000019
0.68 0.6728000000000028
0.68 0.6632000000000023
0.68 0.6687500000000027
0.68 0.6695500000000029
0.68 0.6726500000000031
0.68 0.6733500000000031
0.68 0.6737500000000033
0.68 0.6619000000000029
0.68 0.6681500000000029
0.68 0.6606000000000032
0.68 0.666800000000003
0.68 0.6711000000000032
0.68 0.6615500000000029
0.68 0.6727000000000032
0.68 0.672300000000003
0.68 0.6788500000000033
0.68 0.6752500000000032
0.68 0.6763500000000032
0.68 0.6768500000000032
0.68 0.672300000000003
0.68 0.6739000000000029
0.68 0.6724500000000029
0.68 0.664150000000003
0.68 0.6724000000000033
0.68 0.6675500000000031
0.68 0.6374000000000026
0.68 0.6498500000000027
0.68 0.584550000000002
0.68 0.6531500000000023
0.68 0.663650000000003
0.68 0.6679500000000033
0.68 0.669300000000003
0.68 0.6796000000000033
0.68 0.6722000000000032
0.68 0.6696500000000032
0.68 0.6736000000000033
0.68 0.6764500000000032
0.68 0.676250000000003
0.68 0.6793000000000033
0.68 0.6763500000000033
0.68 0.6660000000000033
0.68 0.673300000000003
0.68 0.6704000000000029
0.68 0.6728500000000031
0.68 0.6780500000000032
0.68 0.6772000000000031
0.68 0.670450000000003
0.68 0.6720000000000032
0.68 0.6663000000000032
0.68 0.6712000000000031
0.68 0.6694000000000032
0.68 0.6759500000000032
0.68 0.6710000000000033
0.68 0.6696500000000032
0.68 0.6724000000000032
0.68 0.670450000000003
0.68 0.6758500000000032
0.68 0.6719000000000033
0.68 0.6787000000000032
0.68 0.678400000000003
0.68 0.676200000000003
0.68 0.6762500000000032
0.68 0.6744000000000031
0.68 0.6764000000000031
0.68 0.6757500000000033
0.68 0.6754000000000032
0.68 0.6751000000000031
0.68 0.6781000000000033
0.68 0.6715000000000031
0.68 0.6734000000000034
0.68 0.6728500000000031
0.68 0.6722000000000031
0.68 0.6735500000000033
0.68 0.6685000000000032
0.68 0.670650000000003
0.68 0.674000000000003
0.68 0.6778000000000033
0.68 0.6685500000000033
0.68 0.6738000000000031
0.68 0.6749500000000032
0.68 0.6723500000000032
0.68 0.6762500000000032
0.68 0.6732500000000033
0.68 0.6744500000000032
0.68 0.6738500000000032
0.68 0.677100000000003
0.68 0.6789000000000033
0.68 0.6764000000000031
0.68 0.6754000000000032
0.68 0.6745500000000031
0.68 0.6756000000000033
0.68 0.6701500000000031
0.68 0.6746000000000033
0.68 0.6717500000000031
0.68 0.6792000000000032
0.68 0.6748000000000032
0.68 0.6710000000000033
0.68 0.668750000000003
0.68 0.6640000000000026
0.68 0.6716500000000026
0.68 0.6765500000000033
0.68 0.6757500000000032
0.68 0.6755000000000031
0.68 0.672900000000003
0.68 0.6703000000000031
0.68 0.671200000000003
0.68 0.6740000000000034
0.68 0.672100000000003
0.69 0.6741500000000029
0.69 0.6781500000000033
0.69 0.6757000000000031
0.69 0.679050000000003
0.68 0.6782000000000029
0.9 0.6776000000000034
0.9 0.6837000000000036
0.98 0.7004000000000034
0.98 0.7140000000000033
0.98 0.7299500000000033
0.98 0.7391500000000035
0.98 0.7750500000000025
0.98 0.8389500000000011
0.98 0.8890499999999999
0.98 0.9111999999999989
0.98 0.9380999999999996
0.98 0.9383500000000012
0.98 0.9352000000000001
0.98 0.9378499999999996
0.98 0.9226500000000002
0.98 0.9391499999999994
0.98 0.9429499999999984
0.98 0.9471499999999986
0.98 0.9395999999999988
0.98 0.8990000000000009
0.98 0.9046000000000004
0.98 0.9167500000000004
0.68 0.6592000000000021
0.98 0.8944499999999996
0.68 0.6544000000000021
0.68 0.6585500000000022
0.68 0.6601500000000029
0.68 0.6585500000000026
0.68 0.6646500000000028
0.68 0.6743500000000033
0.68 0.675100000000003
0.68 0.6712000000000033
0.68 0.6730000000000033
0.68 0.6700000000000031
0.68 0.6740000000000029
0.98 0.682350000000003
0.98 0.7001500000000029
0.98 0.7903000000000024
0.98 0.8036000000000023
0.98 0.8708000000000014
0.98 0.8831000000000016
0.98 0.8281000000000023
