0.14 0.6502599999999987
0.14 0.6228599999999989
0.14 0.5991599999999985
0.09999999999999998 0.5676599999999993
0.09999999999999998 0.5429999999999999
0.09999999999999998 0.5322000000000005
0.09999999999999998 0.5093199999999999
0.09999999999999998 0.5009599999999985
0.09999999999999998 0.48529999999999934
0.09999999999999998 0.4713999999999984
0.09999999999999998 0.46651999999999805
0.09999999999999998 0.4625199999999994
0.09999999999999998 0.45149999999999896
0.09999999999999998 0.4455999999999996
0.09999999999999998 0.44572000000000056
0.09999999999999998 0.43432000000000054
0.09999999999999998 0.4268400000000005
0.06000000000000005 0.4279600000000005
0.06000000000000005 0.4241800000000006
0.06000000000000005 0.420600000000001
0.06000000000000005 0.4098800000000007
0.06000000000000005 0.4053400000000002
0.06000000000000005 0.40703999999999985
0.06000000000000005 0.3979199999999997
0.06000000000000005 0.38759999999999895
0.06000000000000005 0.37711999999999885
0.06000000000000005 0.37383999999999873
0.06000000000000005 0.38503999999999916
0.06000000000000005 0.3737799999999995
0.06000000000000005 0.36481999999999976
0.06000000000000005 0.3645399999999991
0.06000000000000005 0.3722999999999988
0.06000000000000005 0.36681999999999815
0.06000000000000005 0.3742599999999983
0.06000000000000005 0.34981999999999797
0.06000000000000005 0.3486599999999981
0.06000000000000005 0.347699999999998
0.06000000000000005 0.34565999999999747
0.06000000000000005 0.3412199999999971
0.06000000000000005 0.3394599999999976
0.06000000000000005 0.3260999999999964
0.06000000000000005 0.32449999999999696
0.06000000000000005 0.31175999999999704
0.06000000000000005 0.29809999999999803
0.06000000000000005 0.2949799999999984
0.06000000000000005 0.2888999999999983
0.06000000000000005 0.2904799999999976
0.06000000000000005 0.2855999999999983
0.06000000000000005 0.2953199999999978
0.06000000000000005 0.30415999999999743
0.06000000000000005 0.3031399999999977
0.06000000000000005 0.2906999999999987
0.06000000000000005 0.2899199999999984
0.06000000000000005 0.2756599999999986
0.06000000000000005 0.2726599999999986
0.06000000000000005 0.26967999999999875
0.06000000000000005 0.2590999999999987
0.06000000000000005 0.24507999999999894
0.06000000000000005 0.24593999999999896
0.06000000000000005 0.2589599999999991
0.06000000000000005 0.25525999999999943
0.06000000000000005 0.24923999999999918
0.06000000000000005 0.2444199999999992
0.06000000000000005 0.24743999999999913
0.06000000000000005 0.24361999999999923
0.06000000000000005 0.24555999999999883
0.06000000000000005 0.23927999999999897
0.06000000000000005 0.24223999999999912
0.06000000000000005 0.24227999999999933
0.06000000000000005 0.2543999999999996
0.06000000000000005 0.2517599999999994
0.06000000000000005 0.24859999999999943
0.06000000000000005 0.25707999999999914
0.06000000000000005 0.24777999999999925
0.06000000000000005 0.23763999999999927
0.06000000000000005 0.22689999999999913
0.06000000000000005 0.2309199999999992
0.06000000000000005 0.2196199999999994
0.06000000000000005 0.23945999999999965
0.06000000000000005 0.22313999999999956
0.06000000000000005 0.2215399999999993
0.06000000000000005 0.2289999999999997
0.06000000000000005 0.2109599999999998
0.06000000000000005 0.21591999999999972
0.06000000000000005 0.2208199999999996
0.06000000000000005 0.21146000000000004
0.06000000000000005 0.21983999999999979
0.06000000000000005 0.21963999999999978
0.06000000000000005 0.21729999999999972
0.06000000000000005 0.2038399999999994
0.06000000000000005 0.19887999999999967
0.06000000000000005 0.20523999999999956
0.06000000000000005 0.2064999999999993
0.06000000000000005 0.18605999999999956
0.06000000000000005 0.19621999999999964
0.06000000000000005 0.20133999999999946
0.06000000000000005 0.21277999999999966
0.06000000000000005 0.20313999999999968
0.06000000000000005 0.20805999999999994
0.06000000000000005 0.19166000000000002
