0.9 0.4050200000000021
0.9 0.43902000000000124
0.96 0.47457000000000027
0.96 0.49894999999999995
0.96 0.5264299999999972
0.97 0.5428299999999976
0.97 0.5777799999999994
0.97 0.6068699999999998
0.97 0.6213899999999987
0.97 0.6378500000000037
0.97 0.654510000000005
0.97 0.6598400000000031
0.97 0.6609600000000033
0.97 0.6743500000000044
0.97 0.6913100000000041
0.97 0.6946700000000042
0.97 0.6961500000000026
0.97 0.7013600000000018
0.97 0.714489999999998
0.98 0.7257199999999959
0.98 0.7403799999999943
0.98 0.757119999999991
0.98 0.7424099999999922
0.98 0.7452399999999915
0.98 0.7633699999999889
0.98 0.7644899999999916
0.98 0.767289999999992
0.98 0.7717499999999908
0.98 0.7885799999999965
0.98 0.8009599999999951
0.98 0.8095499999999938
0.98 0.809829999999995
0.98 0.8225899999999948
0.98 0.8256399999999969
0.98 0.8431199999999958
0.98 0.8497299999999982
0.98 0.8495699999999985
0.98 0.8414999999999985
0.98 0.8469800000000002
0.98 0.8370099999999986
0.98 0.8442099999999975
0.98 0.8490399999999977
0.98 0.8543200000000004
0.98 0.8581700000000002
0.98 0.8541799999999982
0.98 0.8582999999999965
0.98 0.8730699999999952
0.98 0.871289999999998
0.98 0.8679199999999982
0.98 0.8664199999999992
0.99 0.8724400000000019
0.99 0.8683699999999985
0.99 0.8747199999999979
0.99 0.8666599999999973
0.99 0.8683799999999976
0.99 0.8748099999999996
0.99 0.869319999999997
0.99 0.8683800000000006
0.99 0.8666
0.99 0.8707800000000002
0.99 0.8677600000000019
0.99 0.8789600000000047
0.99 0.8890900000000065
0.99 0.8824300000000049
0.99 0.8784800000000051
0.99 0.8715699999999997
0.99 0.8676999999999991
0.99 0.8702699999999974
0.99 0.864769999999999
0.99 0.8703099999999997
0.99 0.8640999999999994
0.99 0.861099999999999
0.99 0.8711999999999986
0.99 0.8604199999999993
0.99 0.8588299999999998
0.99 0.8622100000000003
0.99 0.8616699999999979
0.99 0.8658299999999999
0.99 0.8746799999999975
0.99 0.8777999999999972
0.99 0.8765600000000008
0.99 0.869960000000001
0.99 0.8815900000000042
0.99 0.8803400000000043
0.99 0.8764500000000012
0.99 0.8914100000000059
0.99 0.8912400000000075
0.99 0.885100000000005
0.99 0.8871800000000054
0.99 0.8849800000000025
0.99 0.8837700000000012
0.99 0.8888000000000044
0.99 0.8889800000000018
0.99 0.8835500000000046
0.99 0.8852100000000048
0.99 0.8843100000000046
0.99 0.879260000000005
0.99 0.8891200000000083
0.99 0.8815100000000057
0.99 0.8846600000000056
