0.93 0.4156599999999977
0.93 0.4499099999999997
0.93 0.49128000000000016
0.93 0.5243299999999993
0.97 0.551900000000003
0.97 0.5800200000000021
0.97 0.5965100000000036
0.97 0.604880000000003
0.97 0.6360700000000048
0.97 0.6542000000000018
0.97 0.6699100000000013
0.97 0.6690600000000022
0.97 0.6862000000000008
0.97 0.6999699999999959
0.97 0.7062899999999935
0.97 0.7187799999999991
0.97 0.7244999999999988
0.97 0.7261900000000016
0.97 0.7315900000000036
0.98 0.731720000000003
0.98 0.7378000000000009
0.98 0.7356700000000034
0.98 0.7324400000000042
0.98 0.7373400000000033
0.98 0.7451900000000029
0.98 0.7393900000000043
0.98 0.7474500000000053
0.98 0.7512200000000063
0.98 0.7601500000000059
0.98 0.7603500000000066
0.98 0.7719000000000099
0.98 0.7772800000000092
0.98 0.7853700000000066
0.98 0.7975900000000056
0.98 0.8091900000000058
0.98 0.8082400000000058
0.98 0.8148500000000031
0.98 0.8133400000000038
0.98 0.8144700000000042
0.98 0.8135300000000047
0.98 0.8197700000000053
0.98 0.8231500000000035
0.98 0.8068200000000046
0.98 0.821010000000004
0.98 0.8191400000000049
0.98 0.8241900000000065
0.98 0.8195400000000074
0.98 0.8220400000000055
0.98 0.8258800000000056
0.98 0.826370000000005
0.98 0.8335700000000055
0.98 0.8381300000000047
0.98 0.840310000000004
0.98 0.8336800000000049
0.98 0.8409100000000054
0.98 0.8437400000000057
0.98 0.8368900000000029
0.98 0.8376700000000012
0.98 0.8385800000000033
0.98 0.8430700000000033
0.98 0.8467400000000032
0.98 0.8527700000000036
0.98 0.850780000000003
0.98 0.8556800000000019
0.98 0.8585400000000024
0.98 0.8646200000000023
0.98 0.8678600000000016
0.98 0.8758100000000014
0.98 0.8725900000000034
0.98 0.8750500000000042
0.98 0.873980000000004
0.98 0.8746800000000031
0.98 0.8812800000000053
0.98 0.8796200000000055
0.98 0.8722700000000047
0.98 0.872450000000004
0.98 0.8766400000000077
0.98 0.8816900000000067
0.98 0.8749200000000061
0.98 0.8760500000000084
0.98 0.8661300000000057
0.98 0.8686000000000086
0.98 0.8700700000000104
0.98 0.8674800000000081
0.98 0.8691200000000064
0.98 0.8838200000000103
0.98 0.887630000000012
0.98 0.8781200000000113
0.98 0.8792700000000091
0.98 0.8644100000000065
0.98 0.8659300000000065
0.98 0.8650500000000073
0.98 0.8727000000000104
0.98 0.8730600000000094
0.98 0.878030000000006
0.98 0.8788700000000047
0.98 0.8795200000000057
0.98 0.8798800000000085
0.98 0.8813000000000113
0.98 0.8751100000000102
