0.8 0.4052199999999977
0.83 0.44562999999999964
0.86 0.47166000000000075
0.86 0.5093000000000014
0.94 0.5324000000000029
0.94 0.5531800000000042
0.94 0.5761300000000008
0.95 0.6047700000000007
0.95 0.6144000000000008
0.95 0.630700000000001
0.95 0.6439300000000032
0.95 0.6579900000000026
0.96 0.6709100000000047
0.96 0.6781600000000051
0.97 0.6932300000000027
0.97 0.7025700000000005
0.97 0.70474
0.97 0.716559999999998
0.97 0.7201099999999981
0.97 0.7308999999999949
0.97 0.7425699999999931
0.97 0.7531999999999909
0.97 0.7646899999999928
0.97 0.7677699999999921
0.97 0.7720199999999943
0.97 0.7708699999999958
0.97 0.7766099999999951
0.97 0.761639999999994
0.97 0.7718699999999956
0.97 0.7793699999999958
0.97 0.7856899999999952
0.97 0.7813899999999953
0.97 0.7824999999999959
0.97 0.7806399999999961
0.97 0.7925699999999932
0.97 0.7876399999999942
0.97 0.7925699999999944
0.97 0.7914199999999956
0.97 0.7901399999999972
0.97 0.7899099999999952
0.97 0.7920799999999973
0.97 0.8019799999999953
0.97 0.7990199999999961
0.97 0.7973199999999984
0.97 0.8056099999999966
0.97 0.8066199999999951
0.97 0.7958699999999956
0.97 0.783129999999998
0.97 0.7926899999999982
0.97 0.7928999999999976
0.97 0.7881899999999981
0.97 0.793669999999999
0.97 0.792679999999997
0.97 0.8004999999999943
0.97 0.8029799999999948
0.97 0.7994999999999951
0.97 0.7984099999999947
0.97 0.8057699999999943
0.97 0.8064699999999964
0.97 0.8060999999999947
0.97 0.8051899999999955
0.97 0.808729999999996
0.97 0.8139299999999973
0.97 0.8163599999999966
0.97 0.8126099999999964
0.97 0.8022699999999936
0.97 0.8065999999999935
0.97 0.8109499999999948
0.97 0.8118599999999951
0.97 0.821689999999996
0.97 0.823109999999997
0.97 0.8323799999999979
0.97 0.8261699999999975
0.97 0.8315999999999972
0.97 0.8330699999999965
0.97 0.8257999999999975
0.97 0.8358399999999974
0.97 0.8209699999999958
0.97 0.8310999999999953
0.97 0.836639999999996
0.97 0.8409599999999966
0.97 0.8474199999999963
0.97 0.8436399999999966
0.97 0.8373199999999956
0.97 0.8337599999999948
0.97 0.8358099999999951
0.97 0.8482199999999959
0.97 0.8435699999999963
0.97 0.8478399999999924
0.97 0.8422799999999954
0.97 0.8411399999999952
0.97 0.8420999999999966
0.97 0.8435899999999941
0.97 0.8397199999999966
0.97 0.8301599999999978
0.97 0.8506999999999972
0.97 0.8478699999999949
0.97 0.8441799999999946
0.97 0.850939999999994
0.97 0.8523599999999936
