0.73 0.3841999999999997
0.82 0.3876499999999997
0.82 0.39259999999999956
0.71 0.4091999999999991
0.71 0.4333999999999999
0.66 0.4275499999999999
0.66 0.4358999999999994
0.72 0.4314499999999996
0.69 0.4579499999999998
0.84 0.4183999999999996
0.67 0.4205999999999998
0.67 0.40604999999999974
0.67 0.43784999999999996
0.91 0.44960000000000006
0.71 0.4567499999999998
0.83 0.5140499999999999
0.82 0.51205
0.74 0.4695999999999995
0.66 0.4509999999999995
0.78 0.40904999999999975
0.78 0.42675
0.76 0.41989999999999983
0.76 0.4616999999999999
0.85 0.42944999999999967
0.83 0.4496999999999993
0.83 0.43209999999999965
0.83 0.4425999999999998
0.83 0.4567499999999998
0.9 0.4742999999999998
0.94 0.5004999999999995
0.94 0.5224500000000001
0.94 0.5267
0.94 0.5676500000000001
0.82 0.5317999999999995
0.95 0.5708999999999996
0.88 0.5346499999999995
0.66 0.5514500000000007
0.9 0.6070499999999991
0.94 0.5725999999999988
0.66 0.5275499999999996
0.8 0.5433999999999996
0.74 0.5772499999999993
0.74 0.6051999999999986
0.66 0.6345999999999985
0.8 0.6456499999999984
0.94 0.6751499999999979
0.85 0.6771999999999976
0.91 0.6594499999999978
0.67 0.6574499999999981
0.66 0.648999999999998
0.81 0.6446499999999981
0.84 0.6647999999999976
0.84 0.6648499999999974
0.67 0.6551499999999976
0.81 0.6617499999999977
0.78 0.6534499999999975
0.76 0.6576999999999974
0.76 0.6587499999999976
0.76 0.6586499999999975
0.93 0.6398999999999977
0.94 0.6583999999999984
0.94 0.6814999999999984
0.94 0.694149999999999
0.94 0.7102999999999992
0.94 0.7317999999999985
0.94 0.7692999999999993
0.94 0.8015999999999996
0.94 0.7486
0.94 0.6964500000000006
0.94 0.5756499999999994
0.96 0.7003499999999997
0.96 0.7596500000000002
0.96 0.8150499999999989
0.97 0.8116499999999996
0.97 0.867
0.97 0.7825500000000014
0.97 0.8898499999999995
0.97 0.8397999999999992
0.97 0.7503500000000004
0.97 0.8654999999999989
0.97 0.8911999999999991
0.97 0.915849999999999
0.97 0.9285499999999997
0.97 0.9354999999999981
0.97 0.9226999999999979
0.97 0.9421999999999975
0.97 0.925799999999997
0.97 0.9541499999999994
0.97 0.9617000000000008
0.97 0.819499999999999
0.97 0.8255499999999988
0.97 0.9025499999999975
0.97 0.711849999999999
0.97 0.839149999999999
0.97 0.9008999999999981
0.97 0.8414999999999996
0.97 0.8170499999999997
0.97 0.8240499999999993
0.93 0.748
0.93 0.7423999999999998
0.94 0.6422000000000005
0.94 0.5413
0.94 0.7052500000000014
0.92 0.6767000000000009
0.9 0.7097500000000008
0.94 0.7401499999999999
0.91 0.7799999999999996
0.95 0.7680999999999998
0.93 0.7020999999999998
0.94 0.7567500000000007
0.94 0.7755499999999995
0.93 0.7829499999999996
0.96 0.8574500000000004
0.96 0.8414999999999998
0.96 0.8375499999999998
0.96 0.8729499999999999
0.96 0.8482500000000003
0.94 0.7337500000000015
0.94 0.738000000000001
0.93 0.64865
0.83 0.6390999999999997
0.97 0.7022500000000007
0.97 0.7827499999999996
0.97 0.8398999999999991
0.96 0.8478499999999991
0.96 0.8962999999999987
