0.21999999999999997 0.5993999999999992
0.16000000000000003 0.5635999999999991
0.16000000000000003 0.5313999999999989
0.16000000000000003 0.5039599999999986
0.16000000000000003 0.4800999999999995
0.16000000000000003 0.45049999999999985
0.16000000000000003 0.4414000000000006
0.16000000000000003 0.4227200000000007
0.16000000000000003 0.4032000000000013
0.16000000000000003 0.3839000000000011
0.16000000000000003 0.366320000000002
0.16000000000000003 0.35678000000000176
0.16000000000000003 0.3504400000000005
0.16000000000000003 0.3369400000000006
0.16000000000000003 0.33704000000000056
0.16000000000000003 0.3269000000000006
0.16000000000000003 0.3104200000000006
0.16000000000000003 0.3035200000000004
0.16000000000000003 0.3013600000000003
0.16000000000000003 0.3092200000000012
0.16000000000000003 0.30436000000000063
0.16000000000000003 0.29646000000000045
0.16000000000000003 0.28992000000000057
0.16000000000000003 0.2877200000000005
0.16000000000000003 0.2906600000000006
0.16000000000000003 0.2925400000000008
0.16000000000000003 0.28600000000000053
0.16000000000000003 0.2861600000000001
0.16000000000000003 0.2757000000000003
0.16000000000000003 0.2631400000000001
0.16000000000000003 0.25751999999999986
0.16000000000000003 0.25937999999999994
0.16000000000000003 0.26026000000000005
0.16000000000000003 0.2607999999999998
0.16000000000000003 0.2596400000000001
0.16000000000000003 0.2580999999999997
0.16000000000000003 0.26057999999999987
0.16000000000000003 0.2604400000000001
0.16000000000000003 0.2589799999999998
0.16000000000000003 0.2564400000000001
0.16000000000000003 0.24630000000000019
0.16000000000000003 0.23982
0.16000000000000003 0.24271999999999996
0.16000000000000003 0.24330000000000002
0.16000000000000003 0.23940000000000014
0.16000000000000003 0.2447799999999997
0.16000000000000003 0.24215999999999974
0.16000000000000003 0.24456000000000022
0.16000000000000003 0.2457199999999998
0.16000000000000003 0.24228000000000025
0.16000000000000003 0.24430000000000002
0.16000000000000003 0.24330000000000002
0.16000000000000003 0.24148000000000003
0.16000000000000003 0.23047999999999988
0.16000000000000003 0.23697999999999972
0.16000000000000003 0.23833999999999989
0.16000000000000003 0.23953999999999998
0.16000000000000003 0.23409999999999997
0.16000000000000003 0.24129999999999982
0.16000000000000003 0.24009999999999965
0.16000000000000003 0.2425999999999998
0.16000000000000003 0.23207999999999945
0.16000000000000003 0.22645999999999994
0.16000000000000003 0.23463999999999965
0.16000000000000003 0.22841999999999976
0.16000000000000003 0.22577999999999993
0.16000000000000003 0.23285999999999976
0.16000000000000003 0.23331999999999958
0.16000000000000003 0.23229999999999934
0.16000000000000003 0.22889999999999947
0.16000000000000003 0.22461999999999946
0.16000000000000003 0.2187599999999994
0.16000000000000003 0.22399999999999923
0.16000000000000003 0.21267999999999926
0.16000000000000003 0.2207399999999995
0.16000000000000003 0.22185999999999956
0.16000000000000003 0.22877999999999948
0.16000000000000003 0.2240399999999995
0.16000000000000003 0.21927999999999973
0.16000000000000003 0.22635999999999923
0.16000000000000003 0.22317999999999935
0.16000000000000003 0.2278599999999992
0.16000000000000003 0.2233799999999989
0.16000000000000003 0.2303799999999992
0.16000000000000003 0.21613999999999917
0.16000000000000003 0.21757999999999939
0.16000000000000003 0.21143999999999927
0.16000000000000003 0.2131399999999992
0.16000000000000003 0.2122399999999992
0.16000000000000003 0.21579999999999913
0.16000000000000003 0.2151799999999997
0.16000000000000003 0.21201999999999938
0.16000000000000003 0.21933999999999965
0.16000000000000003 0.21699999999999958
0.16000000000000003 0.21849999999999942
0.16000000000000003 0.21715999999999905
0.16000000000000003 0.2208199999999991
0.16000000000000003 0.21781999999999888
0.16000000000000003 0.21951999999999908
0.16000000000000003 0.22613999999999915
