0.92 0.40769999999999534
0.92 0.4531499999999967
0.95 0.48754999999999826
0.95 0.5226299999999976
0.95 0.5469500000000026
0.97 0.5769700000000004
0.98 0.5939400000000005
0.98 0.6248199999999986
0.98 0.6371600000000014
0.98 0.6549599999999999
0.98 0.6699900000000008
0.98 0.6767000000000003
0.98 0.6932099999999999
0.98 0.7031099999999961
0.98 0.7118999999999961
0.98 0.7136599999999945
0.98 0.7147699999999961
0.98 0.7271599999999996
0.98 0.7289999999999998
0.98 0.7295600000000002
0.98 0.737630000000002
0.98 0.725430000000001
0.98 0.7248199999999989
0.98 0.7397800000000031
0.98 0.760580000000007
0.98 0.7510900000000028
0.98 0.754890000000005
0.98 0.7541800000000045
0.98 0.7793700000000073
0.98 0.7799100000000061
0.98 0.7846500000000061
0.98 0.784010000000006
0.98 0.7939000000000054
0.98 0.7974300000000056
0.98 0.8027700000000054
0.98 0.8003900000000023
0.98 0.7989200000000034
0.98 0.810030000000003
0.98 0.8015600000000017
0.98 0.7993899999999996
0.98 0.7998500000000012
0.98 0.8109900000000023
0.98 0.8079100000000004
0.98 0.8000500000000026
0.98 0.8009800000000002
0.98 0.8098400000000011
0.98 0.8111399999999999
0.98 0.8136299999999999
0.98 0.8070699999999982
0.98 0.8129499999999998
0.98 0.809300000000001
0.98 0.8187600000000026
0.98 0.8248300000000002
0.98 0.8252199999999995
0.98 0.8206000000000027
0.98 0.8196400000000007
0.98 0.8119000000000021
0.98 0.8168800000000006
0.98 0.8272600000000007
0.98 0.8320900000000022
0.98 0.822700000000002
0.98 0.8264600000000017
0.98 0.8341100000000011
0.98 0.8389700000000019
0.98 0.84612
0.98 0.8553599999999992
0.98 0.8543799999999944
0.98 0.8483699999999964
0.98 0.8510899999999972
0.98 0.8449899999999971
0.98 0.8531899999999999
0.98 0.8548100000000002
0.98 0.8569899999999989
0.98 0.8650200000000003
0.98 0.859219999999999
0.98 0.854569999999999
0.98 0.8546599999999996
0.98 0.8630200000000017
0.98 0.8575400000000035
0.98 0.872890000000006
0.98 0.8763200000000071
0.98 0.8696300000000056
0.98 0.8677900000000066
0.98 0.8635600000000065
0.98 0.8616700000000044
0.98 0.8751900000000086
0.98 0.8628800000000024
0.98 0.8607000000000018
0.98 0.864710000000002
0.98 0.8752400000000069
0.98 0.8790700000000085
0.98 0.879470000000009
0.98 0.8825100000000101
0.98 0.8752900000000093
0.98 0.8698200000000081
0.98 0.8701100000000077
0.98 0.8761700000000077
0.98 0.8789200000000099
0.98 0.8715800000000078
0.98 0.8800500000000084
