0.36 0.6055999999999993
0.36 0.6193999999999994
0.4 0.6063999999999996
0.4 0.6204000000000002
0.4 0.6599999999999998
0.36 0.6467
0.33999999999999997 0.6335000000000008
0.36 0.6519000000000001
0.4 0.6463000000000004
0.33999999999999997 0.6306000000000006
0.33999999999999997 0.6301000000000009
0.36 0.6224000000000008
0.4 0.6315000000000012
0.4 0.6720000000000015
0.36 0.6416000000000013
0.36 0.6657000000000014
0.36 0.6892000000000018
0.26 0.6360000000000015
0.4 0.6638000000000013
0.36 0.6552000000000016
0.4 0.652700000000001
0.14 0.6336000000000015
0.4 0.619200000000001
0.36 0.5980000000000013
0.36 0.5909000000000014
0.4 0.602000000000002
0.4 0.560100000000001
0.33999999999999997 0.5441000000000011
0.36 0.4963000000000005
0.28 0.5508000000000005
0.19999999999999996 0.4852000000000001
0.30000000000000004 0.49200000000000055
0.30000000000000004 0.4930000000000005
0.26 0.4975
0.30000000000000004 0.4407999999999996
0.42000000000000004 0.4478999999999993
0.4 0.46189999999999976
0.4 0.4411999999999996
0.42000000000000004 0.4443999999999999
0.42000000000000004 0.4503000000000003
0.4 0.48969999999999936
0.43999999999999995 0.5459000000000007
0.43999999999999995 0.4776999999999994
0.43999999999999995 0.5395000000000006
0.42000000000000004 0.533400000000001
0.4 0.5423000000000009
0.43999999999999995 0.49590000000000023
0.43999999999999995 0.4665999999999996
0.43999999999999995 0.4505999999999991
0.43999999999999995 0.44579999999999986
0.43999999999999995 0.4847000000000003
0.43999999999999995 0.4830000000000001
0.06000000000000005 0.45809999999999945
0.06000000000000005 0.44649999999999934
0.06000000000000005 0.4567999999999995
0.12 0.637500000000002
0.12 0.5773000000000017
0.12 0.5205000000000011
0.06000000000000005 0.532100000000001
0.06000000000000005 0.48659999999999953
0.12 0.4727000000000001
0.09999999999999998 0.36879999999999974
0.4 0.5250000000000005
0.4 0.5785000000000005
0.07999999999999996 0.515100000000001
0.06000000000000005 0.46210000000000034
0.06000000000000005 0.3963000000000001
0.06000000000000005 0.37470000000000026
0.040000000000000036 0.2728999999999999
0.06000000000000005 0.20150000000000012
0.06000000000000005 0.26420000000000016
0.06000000000000005 0.2416999999999997
0.06000000000000005 0.24349999999999977
0.07999999999999996 0.3518000000000003
0.06000000000000005 0.37290000000000023
0.06000000000000005 0.3311000000000001
0.07999999999999996 0.4065
0.07999999999999996 0.39610000000000034
0.07999999999999996 0.37720000000000053
0.07999999999999996 0.35360000000000014
0.07999999999999996 0.35100000000000003
0.06000000000000005 0.41280000000000017
0.06000000000000005 0.3677000000000002
0.06000000000000005 0.3134
0.14 0.40240000000000015
0.16000000000000003 0.4015999999999997
0.040000000000000036 0.3580999999999998
0.12 0.3589999999999998
0.06000000000000005 0.39499999999999974
0.12 0.40010000000000007
0.07999999999999996 0.40380000000000055
0.040000000000000036 0.4700000000000002
0.24 0.4388000000000002
0.4 0.45109999999999995
0.4 0.4904000000000005
0.12 0.47730000000000056
0.4 0.5052000000000002
0.28 0.545100000000001
0.26 0.5583999999999998
0.07999999999999996 0.43070000000000064
0.07999999999999996 0.38080000000000025
0.07999999999999996 0.3813000000000002
0.42000000000000004 0.45260000000000056
0.42000000000000004 0.4368000000000001
0.040000000000000036 0.2754
0.040000000000000036 0.41849999999999893
0.040000000000000036 0.24880000000000013
0.4 0.43329999999999935
0.4 0.4263
0.4 0.4260000000000001
0.4 0.4366999999999999
0.4 0.42330000000000007
0.38 0.46330000000000077
0.42000000000000004 0.4252999999999998
0.45999999999999996 0.4450999999999998
0.28 0.43609999999999993
0.45999999999999996 0.4373999999999998
0.45999999999999996 0.42939999999999956
0.21999999999999997 0.4372999999999997
0.12 0.4707999999999997
0.07999999999999996 0.38230000000000003
0.12 0.30529999999999996
0.09999999999999998 0.4213999999999999
0.4 0.4834999999999998
0.040000000000000036 0.42800000000000005
0.040000000000000036 0.34650000000000014
0.040000000000000036 0.4579000000000007
0.4 0.6090000000000017
0.43999999999999995 0.6390000000000018
0.4 0.5355000000000015
0.4 0.5268000000000014
0.4 0.46980000000000044
0.4 0.5888000000000015
0.4 0.49550000000000105
0.4 0.5380000000000014
0.4 0.6017000000000015
0.4 0.538900000000001
0.4 0.4327999999999995
0.4 0.408
0.4 0.4139000000000001
0.4 0.39990000000000026
0.4 0.4000000000000002
0.38 0.4026000000000001
0.38 0.4089000000000004
0.38 0.40380000000000055
0.36 0.4023000000000003
0.36 0.40070000000000017
0.36 0.41790000000000044
0.36 0.3947000000000002
0.36 0.43830000000000013
0.36 0.5147
0.26 0.38970000000000005
0.26 0.38960000000000017
0.26 0.38290000000000013
0.31999999999999995 0.3865
0.19999999999999996 0.3754
0.18000000000000005 0.36650000000000055
0.07999999999999996 0.3532000000000003
0.07999999999999996 0.35920000000000024
0.19999999999999996 0.3537000000000002
0.14 0.33290000000000014
0.14 0.3057000000000001
0.14 0.43360000000000015
0.14 0.4681999999999998
0.14 0.3881000000000001
0.07999999999999996 0.3301000000000003
0.18000000000000005 0.5822
0.18000000000000005 0.4727000000000002
0.07999999999999996 0.4085000000000004
0.16000000000000003 0.5307
0.43999999999999995 0.5626000000000001
0.43999999999999995 0.5931000000000011
0.43999999999999995 0.5403000000000009
0.43999999999999995 0.5054000000000002
0.09999999999999998 0.40080000000000027
0.09999999999999998 0.3400000000000003
0.12 0.19790000000000008
0.09999999999999998 0.17850000000000005
0.09999999999999998 0.14509999999999998
0.09999999999999998 0.12230000000000002
0.09999999999999998 0.11480000000000003
0.09999999999999998 0.16340000000000013
0.09999999999999998 0.1384999999999998
0.07999999999999996 0.16989999999999988
0.07999999999999996 0.14289999999999997
0.06000000000000005 0.17249999999999982
0.040000000000000036 0.11510000000000005
0.040000000000000036 0.1423
0.12 0.12620000000000003
0.12 0.1032
0.12 0.14459999999999995
0.12 0.16739999999999988
0.09999999999999998 0.1362
0.09999999999999998 0.3537999999999999
0.09999999999999998 0.17190000000000005
0.040000000000000036 0.2532000000000002
0.09999999999999998 0.1494
0.14 0.24540000000000042
0.07999999999999996 0.21830000000000016
0.07999999999999996 0.3773000000000004
0.020000000000000018 0.2480000000000002
0.14 0.4486000000000016
0.040000000000000036 0.30180000000000035
0.040000000000000036 0.1641
0.040000000000000036 0.1508
0.040000000000000036 0.17240000000000014
0.040000000000000036 0.14640000000000009
0.040000000000000036 0.13460000000000016
0.040000000000000036 0.12040000000000019
0.020000000000000018 0.15580000000000013
0.07999999999999996 0.15440000000000004
0.020000000000000018 0.13600000000000012
0.020000000000000018 0.13920000000000016
0.020000000000000018 0.11360000000000009
0.020000000000000018 0.09990000000000004
0.020000000000000018 0.07449999999999994
0.020000000000000018 0.2357
0.020000000000000018 0.16140000000000004
0.040000000000000036 0.23449999999999985
0.020000000000000018 0.2817999999999999
0.020000000000000018 0.3239999999999994
0.020000000000000018 0.28019999999999956
0.020000000000000018 0.10180000000000003
0.020000000000000018 0.1819
0.0 0.33990000000000004
