0.19999999999999996 0.6206000000000015
0.19999999999999996 0.6149000000000013
0.18000000000000005 0.6242000000000016
0.36 0.6490000000000018
0.30000000000000004 0.6312000000000016
0.30000000000000004 0.6222000000000019
0.33999999999999997 0.6276000000000017
0.4 0.5935000000000012
0.07999999999999996 0.6189000000000013
0.07999999999999996 0.6100000000000014
0.14 0.6015000000000014
0.42000000000000004 0.6017000000000011
0.42000000000000004 0.5622000000000011
0.31999999999999995 0.6197000000000018
0.28 0.5804000000000015
0.33999999999999997 0.5964000000000012
0.31999999999999995 0.6177000000000014
0.31999999999999995 0.6196000000000016
0.38 0.6224000000000017
0.18000000000000005 0.6206000000000013
0.020000000000000018 0.6138000000000015
0.06000000000000005 0.600900000000001
0.42000000000000004 0.6088000000000011
0.4 0.6285000000000012
0.38 0.598400000000001
0.38 0.6033000000000013
0.38 0.579900000000001
0.0 0.5718000000000012
