0.33999999999999997 0.6355000000000005
0.42000000000000004 0.6290000000000006
0.36 0.6758000000000008
0.33999999999999997 0.6591000000000008
0.33999999999999997 0.655700000000001
0.48 0.6380000000000012
0.36 0.6461000000000012
0.21999999999999997 0.6317000000000011
0.26 0.6284000000000016
0.33999999999999997 0.6078000000000015
0.33999999999999997 0.6278000000000012
0.38 0.6334000000000016
0.09999999999999998 0.6226000000000015
0.30000000000000004 0.6634000000000018
0.21999999999999997 0.6401000000000018
0.31999999999999995 0.6460000000000017
0.33999999999999997 0.6391000000000016
0.14 0.645900000000001
0.14 0.6389000000000015
0.14 0.6597000000000014
0.42000000000000004 0.6841000000000013
0.33999999999999997 0.6728000000000014
0.4 0.6808000000000013
0.36 0.6765000000000017
0.33999999999999997 0.6703000000000015
0.4 0.6822000000000012
0.4 0.6710000000000014
0.4 0.6677000000000014
0.33999999999999997 0.682000000000001
0.33999999999999997 0.6686000000000019
0.33999999999999997 0.6475000000000015
0.36 0.6287000000000017
0.14 0.6126000000000016
0.21999999999999997 0.5887000000000014
0.21999999999999997 0.596300000000001
0.21999999999999997 0.5709000000000013
0.21999999999999997 0.5742000000000012
0.26 0.5957000000000015
0.18000000000000005 0.5636000000000012
0.14 0.5515000000000009
0.31999999999999995 0.5232000000000004
0.30000000000000004 0.5382000000000002
0.14 0.5090000000000001
0.31999999999999995 0.5140999999999999
0.24 0.49909999999999954
0.06000000000000005 0.5173000000000003
0.06000000000000005 0.4648999999999999
0.06000000000000005 0.4736
0.09999999999999998 0.5078000000000004
0.07999999999999996 0.538
0.09999999999999998 0.4961999999999998
0.09999999999999998 0.5147000000000002
0.06000000000000005 0.4854000000000002
0.21999999999999997 0.5541
0.18000000000000005 0.5277999999999993
0.43999999999999995 0.5836999999999996
0.21999999999999997 0.5649000000000003
0.43999999999999995 0.5407000000000001
0.43999999999999995 0.5137999999999997
0.43999999999999995 0.49029999999999996
0.4 0.4728999999999999
0.28 0.48990000000000017
0.21999999999999997 0.48119999999999985
0.28 0.4601999999999999
0.28 0.605000000000001
0.28 0.579400000000001
0.28 0.48600000000000015
0.28 0.5131000000000001
0.21999999999999997 0.4588999999999997
0.38 0.4937999999999997
0.28 0.45439999999999925
0.09999999999999998 0.4717000000000002
0.09999999999999998 0.4137999999999994
0.09999999999999998 0.3724999999999997
0.24 0.4028999999999994
0.24 0.3799999999999997
0.09999999999999998 0.3800999999999998
0.09999999999999998 0.37069999999999986
0.28 0.45219999999999977
0.36 0.6521000000000018
0.24 0.5850000000000012
0.24 0.4628000000000003
0.19999999999999996 0.6702000000000014
0.28 0.6748000000000015
0.42000000000000004 0.6822000000000014
0.42000000000000004 0.6785000000000013
0.42000000000000004 0.6818000000000013
0.42000000000000004 0.6750000000000014
0.42000000000000004 0.6570000000000011
0.42000000000000004 0.6561000000000011
0.42000000000000004 0.648900000000001
0.42000000000000004 0.6495000000000007
0.42000000000000004 0.6383000000000005
0.42000000000000004 0.6244000000000003
0.42000000000000004 0.6006999999999995
0.4 0.5879999999999996
0.43999999999999995 0.5638000000000002
0.4 0.5738000000000004
0.4 0.5490000000000003
0.4 0.5242
0.4 0.5629000000000006
0.4 0.5720000000000008
0.42000000000000004 0.5643000000000007
0.42000000000000004 0.578400000000001
0.42000000000000004 0.5317000000000006
0.42000000000000004 0.6877000000000011
0.7 0.7000000000000008
0.7 0.7000000000000008
0.7 0.7018000000000009
0.42000000000000004 0.6594000000000001
0.42000000000000004 0.6573000000000008
0.7 0.7000000000000008
0.38 0.6555000000000016
0.7 0.7000000000000008
0.7 0.7000000000000008
0.42000000000000004 0.6427000000000015
0.42000000000000004 0.6191000000000012
0.42000000000000004 0.5781000000000006
0.42000000000000004 0.5608000000000006
0.42000000000000004 0.5247000000000006
0.42000000000000004 0.5091000000000006
0.42000000000000004 0.5305000000000003
0.42000000000000004 0.4990999999999999
0.42000000000000004 0.49139999999999984
0.38 0.4900999999999998
0.38 0.4858999999999998
0.38 0.5066000000000002
0.38 0.4875999999999997
0.38 0.5246999999999998
0.38 0.5491999999999991
0.38 0.5590999999999988
0.38 0.5571999999999994
0.38 0.5755999999999988
0.38 0.5675999999999989
0.28 0.5752999999999995
0.28 0.5676999999999999
0.28 0.5918000000000001
0.28 0.5945000000000001
0.28 0.5680000000000001
0.42000000000000004 0.563
0.42000000000000004 0.5626000000000002
0.42000000000000004 0.5356000000000005
0.36 0.5127000000000005
0.36 0.5123000000000003
0.36 0.5007000000000001
0.36 0.48920000000000063
0.26 0.5102000000000004
0.42000000000000004 0.46790000000000065
0.42000000000000004 0.46960000000000063
0.42000000000000004 0.46400000000000086
0.42000000000000004 0.45130000000000103
0.42000000000000004 0.44780000000000136
0.42000000000000004 0.4450000000000011
0.42000000000000004 0.45190000000000113
0.38 0.456600000000001
0.38 0.4651000000000012
0.38 0.46340000000000103
0.38 0.46120000000000105
0.38 0.44380000000000114
0.38 0.4542000000000011
0.48 0.4586000000000011
0.48 0.48510000000000114
0.48 0.47380000000000116
0.48 0.4838000000000011
0.48 0.5266000000000011
0.48 0.5172000000000011
0.4 0.5134000000000006
0.4 0.49060000000000115
0.4 0.48020000000000096
0.4 0.48890000000000117
0.4 0.4904000000000006
0.4 0.4799000000000009
0.4 0.47770000000000074
0.4 0.47630000000000094
0.4 0.4531000000000013
0.38 0.45370000000000155
0.38 0.4577000000000014
0.38 0.4551000000000011
0.4 0.4986
0.38 0.4624000000000009
0.38 0.44550000000000095
0.38 0.4576000000000012
0.38 0.4547000000000013
0.38 0.46260000000000123
0.38 0.45830000000000126
0.38 0.4609000000000012
0.38 0.45880000000000115
0.38 0.4519000000000012
0.31999999999999995 0.45620000000000116
0.31999999999999995 0.46410000000000146
0.31999999999999995 0.4518000000000012
0.31999999999999995 0.46160000000000134
0.21999999999999997 0.49220000000000025
0.21999999999999997 0.4914000000000008
0.48 0.5063000000000006
0.4 0.4938000000000012
0.4 0.4829000000000013
0.4 0.47590000000000104
0.21999999999999997 0.4835000000000007
0.21999999999999997 0.480200000000001
0.21999999999999997 0.46160000000000134
0.21999999999999997 0.4676000000000012
0.21999999999999997 0.48160000000000075
0.21999999999999997 0.47630000000000067
0.21999999999999997 0.4847000000000006
0.21999999999999997 0.4712000000000007
0.21999999999999997 0.46650000000000064
0.21999999999999997 0.46820000000000095
0.21999999999999997 0.4524000000000013
0.21999999999999997 0.4791000000000008
0.21999999999999997 0.4658000000000007
0.21999999999999997 0.4717000000000008
0.21999999999999997 0.46700000000000075
0.21999999999999997 0.44610000000000094
0.21999999999999997 0.4487000000000008
0.21999999999999997 0.45730000000000115
0.21999999999999997 0.46000000000000113
0.21999999999999997 0.4480000000000012
0.21999999999999997 0.4531000000000011
0.21999999999999997 0.45930000000000104
0.21999999999999997 0.46430000000000105
0.21999999999999997 0.45950000000000135
0.21999999999999997 0.4657000000000012
0.21999999999999997 0.46380000000000104
0.21999999999999997 0.46700000000000086
0.21999999999999997 0.4590000000000007
0.21999999999999997 0.4495000000000011
0.21999999999999997 0.4492000000000012
0.21999999999999997 0.4479000000000013
0.21999999999999997 0.45360000000000134
0.21999999999999997 0.461600000000001
0.21999999999999997 0.46430000000000077
0.21999999999999997 0.47440000000000054
0.21999999999999997 0.4574000000000011
0.21999999999999997 0.4526000000000011
0.21999999999999997 0.4915000000000006
0.21999999999999997 0.485000000000001
0.21999999999999997 0.4821000000000011
0.21999999999999997 0.46450000000000125
0.21999999999999997 0.45520000000000116
0.21999999999999997 0.4611000000000008
0.21999999999999997 0.47290000000000076
0.21999999999999997 0.4649000000000011
0.21999999999999997 0.459600000000001
0.21999999999999997 0.46380000000000116
0.21999999999999997 0.47200000000000114
0.21999999999999997 0.4619000000000012
0.21999999999999997 0.4599000000000013
0.21999999999999997 0.4541000000000014
0.21999999999999997 0.4694000000000012
0.21999999999999997 0.46100000000000124
0.24 0.45180000000000137
0.24 0.4558000000000014
0.24 0.45120000000000127
0.24 0.44410000000000116
0.24 0.47690000000000077
0.21999999999999997 0.46820000000000084
0.21999999999999997 0.482100000000001
0.21999999999999997 0.5021000000000008
0.21999999999999997 0.4992000000000009
0.21999999999999997 0.47420000000000084
0.21999999999999997 0.4537000000000011
0.42000000000000004 0.443800000000001
0.42000000000000004 0.446400000000001
0.42000000000000004 0.4484000000000012
0.42000000000000004 0.43800000000000117
0.42000000000000004 0.44610000000000105
0.42000000000000004 0.44950000000000095
0.42000000000000004 0.4497000000000012
0.42000000000000004 0.44930000000000136
0.42000000000000004 0.44980000000000103
0.42000000000000004 0.44830000000000103
0.42000000000000004 0.463500000000001
0.42000000000000004 0.4640000000000009
0.42000000000000004 0.45550000000000096
0.42000000000000004 0.44270000000000126
0.42000000000000004 0.4404000000000013
0.42000000000000004 0.4468000000000012
0.42000000000000004 0.44350000000000117
0.42000000000000004 0.44630000000000114
0.42000000000000004 0.44400000000000117
0.42000000000000004 0.4457000000000014
0.42000000000000004 0.44750000000000123
0.42000000000000004 0.45560000000000145
0.42000000000000004 0.45570000000000105
0.42000000000000004 0.4549000000000015
0.42000000000000004 0.4448000000000013
0.42000000000000004 0.4528000000000012
0.42000000000000004 0.45580000000000126
0.42000000000000004 0.4490000000000014
0.42000000000000004 0.45880000000000154
0.42000000000000004 0.45740000000000125
0.42000000000000004 0.4331000000000012
0.42000000000000004 0.44510000000000105
0.42000000000000004 0.4514000000000011
0.42000000000000004 0.4559000000000012
0.42000000000000004 0.45360000000000134
0.42000000000000004 0.4337000000000013
0.42000000000000004 0.43610000000000126
0.42000000000000004 0.47500000000000137
0.42000000000000004 0.47090000000000115
0.42000000000000004 0.45430000000000126
0.42000000000000004 0.4467000000000013
0.42000000000000004 0.4513000000000013
0.42000000000000004 0.4505000000000012
0.42000000000000004 0.45430000000000104
0.42000000000000004 0.44850000000000123
0.42000000000000004 0.4458000000000013
0.42000000000000004 0.4386000000000015
0.42000000000000004 0.4357000000000013
0.42000000000000004 0.45200000000000096
0.42000000000000004 0.44350000000000134
0.42000000000000004 0.4472000000000013
0.42000000000000004 0.44960000000000117
0.42000000000000004 0.4524000000000013
0.42000000000000004 0.4466000000000012
0.42000000000000004 0.46110000000000134
0.42000000000000004 0.4707000000000013
0.42000000000000004 0.45250000000000123
0.42000000000000004 0.45290000000000136
0.42000000000000004 0.4483000000000013
0.42000000000000004 0.4361000000000013
0.42000000000000004 0.44020000000000137
0.42000000000000004 0.4426000000000013
0.42000000000000004 0.4406000000000014
0.42000000000000004 0.4442000000000012
0.42000000000000004 0.44230000000000125
0.42000000000000004 0.4535000000000015
0.42000000000000004 0.4549000000000016
0.42000000000000004 0.4502000000000013
0.42000000000000004 0.4502000000000011
0.42000000000000004 0.4392000000000013
0.42000000000000004 0.4435000000000012
0.42000000000000004 0.4404000000000012
0.42000000000000004 0.4426000000000013
0.42000000000000004 0.44430000000000114
0.42000000000000004 0.44380000000000114
0.42000000000000004 0.44760000000000116
0.42000000000000004 0.46260000000000123
0.42000000000000004 0.46790000000000115
0.42000000000000004 0.45600000000000085
0.42000000000000004 0.454600000000001
0.42000000000000004 0.4400000000000011
0.42000000000000004 0.4559000000000013
0.42000000000000004 0.45090000000000124
0.42000000000000004 0.4499000000000011
0.42000000000000004 0.44970000000000143
0.42000000000000004 0.45210000000000117
0.42000000000000004 0.4477000000000013
0.42000000000000004 0.44460000000000144
0.42000000000000004 0.46040000000000114
0.42000000000000004 0.465500000000001
0.42000000000000004 0.45090000000000124
0.42000000000000004 0.4453000000000013
0.42000000000000004 0.44930000000000125
0.42000000000000004 0.4525000000000016
0.42000000000000004 0.4558000000000013
0.42000000000000004 0.4489000000000012
0.42000000000000004 0.4490000000000013
0.42000000000000004 0.4446000000000012
0.42000000000000004 0.44080000000000125
0.42000000000000004 0.4448000000000011
0.42000000000000004 0.4351000000000012
0.42000000000000004 0.45400000000000135
0.42000000000000004 0.4503000000000013
0.42000000000000004 0.46080000000000126
0.42000000000000004 0.4522000000000011
0.42000000000000004 0.44580000000000125
0.42000000000000004 0.46740000000000115
0.42000000000000004 0.47880000000000095
0.42000000000000004 0.45950000000000135
0.42000000000000004 0.4585000000000011
0.42000000000000004 0.451800000000001
0.42000000000000004 0.4471000000000012
0.42000000000000004 0.43360000000000126
0.42000000000000004 0.4343000000000013
0.42000000000000004 0.4348000000000012
0.42000000000000004 0.4430000000000012
0.42000000000000004 0.44480000000000125
0.42000000000000004 0.4415000000000013
0.42000000000000004 0.4489000000000013
0.42000000000000004 0.45930000000000126
0.42000000000000004 0.4462000000000013
0.42000000000000004 0.44550000000000123
0.42000000000000004 0.4399000000000013
0.42000000000000004 0.45110000000000133
0.42000000000000004 0.4583000000000012
0.42000000000000004 0.4526000000000016
0.42000000000000004 0.45770000000000144
0.42000000000000004 0.44170000000000137
0.42000000000000004 0.44550000000000123
0.42000000000000004 0.4374000000000012
0.42000000000000004 0.4485000000000012
0.42000000000000004 0.43750000000000105
0.42000000000000004 0.45150000000000107
0.42000000000000004 0.4599000000000009
0.42000000000000004 0.45840000000000125
0.42000000000000004 0.45200000000000123
0.42000000000000004 0.45320000000000116
0.42000000000000004 0.4465000000000013
0.42000000000000004 0.4407000000000014
0.42000000000000004 0.4578000000000015
0.42000000000000004 0.44180000000000164
0.42000000000000004 0.43980000000000147
0.42000000000000004 0.4427000000000013
0.42000000000000004 0.4434000000000014
0.42000000000000004 0.45750000000000135
0.42000000000000004 0.4512000000000013
0.42000000000000004 0.4431000000000013
0.42000000000000004 0.4480000000000012
0.42000000000000004 0.4467000000000012
0.42000000000000004 0.4527000000000014
0.42000000000000004 0.4618000000000013
0.42000000000000004 0.4681000000000012
0.42000000000000004 0.45730000000000137
0.42000000000000004 0.5187000000000013
0.42000000000000004 0.6836000000000011
0.42000000000000004 0.6743000000000013
0.42000000000000004 0.6515000000000016
0.42000000000000004 0.6319000000000018
0.42000000000000004 0.6084000000000013
0.42000000000000004 0.6063000000000011
0.43999999999999995 0.6390999999999999
0.43999999999999995 0.6122999999999995
0.43999999999999995 0.5916999999999996
0.43999999999999995 0.5673999999999991
0.43999999999999995 0.5355999999999996
0.43999999999999995 0.5181
0.43999999999999995 0.5029000000000002
0.43999999999999995 0.5015000000000002
0.43999999999999995 0.5208999999999996
0.43999999999999995 0.5005999999999999
0.43999999999999995 0.4840999999999996
0.43999999999999995 0.48159999999999925
0.43999999999999995 0.4721999999999993
0.43999999999999995 0.4746999999999994
0.43999999999999995 0.46819999999999923
0.43999999999999995 0.46779999999999916
0.43999999999999995 0.4721999999999996
0.43999999999999995 0.49629999999999946
0.43999999999999995 0.4841999999999997
0.43999999999999995 0.4766999999999993
0.43999999999999995 0.46379999999999894
0.43999999999999995 0.45579999999999904
0.43999999999999995 0.45919999999999916
0.43999999999999995 0.4657999999999991
0.43999999999999995 0.5392000000000003
0.43999999999999995 0.5200000000000004
0.43999999999999995 0.4926
0.43999999999999995 0.5084999999999998
0.43999999999999995 0.6754000000000012
0.43999999999999995 0.5599000000000008
0.43999999999999995 0.5134999999999998
0.43999999999999995 0.5022999999999999
0.43999999999999995 0.47129999999999916
0.43999999999999995 0.5185000000000002
0.43999999999999995 0.5465000000000009
0.43999999999999995 0.5098000000000001
0.43999999999999995 0.5143000000000001
0.43999999999999995 0.48649999999999954
0.43999999999999995 0.48089999999999944
0.43999999999999995 0.48439999999999955
0.43999999999999995 0.48679999999999957
0.43999999999999995 0.48229999999999945
0.43999999999999995 0.4782999999999993
0.43999999999999995 0.464999999999999
0.43999999999999995 0.45679999999999893
0.43999999999999995 0.4565999999999991
0.43999999999999995 0.46489999999999915
0.43999999999999995 0.47349999999999925
0.43999999999999995 0.47649999999999937
0.43999999999999995 0.4601999999999989
0.43999999999999995 0.4597999999999989
0.43999999999999995 0.468199999999999
0.43999999999999995 0.4646999999999993
0.43999999999999995 0.4653999999999992
0.43999999999999995 0.45899999999999913
0.43999999999999995 0.4565999999999989
0.43999999999999995 0.5124999999999994
0.43999999999999995 0.4937999999999995
0.43999999999999995 0.4956999999999997
0.43999999999999995 0.6052999999999977
0.43999999999999995 0.6533999999999974
0.43999999999999995 0.5125
0.43999999999999995 0.5002999999999997
0.43999999999999995 0.48339999999999955
0.43999999999999995 0.48169999999999935
0.43999999999999995 0.470399999999999
0.43999999999999995 0.46979999999999905
0.43999999999999995 0.459799999999999
0.43999999999999995 0.46829999999999905
0.43999999999999995 0.468599999999999
0.43999999999999995 0.46929999999999905
0.43999999999999995 0.45899999999999896
0.43999999999999995 0.6366000000000018
0.43999999999999995 0.4706999999999993
0.43999999999999995 0.460899999999999
0.43999999999999995 0.5401999999999988
0.43999999999999995 0.48319999999999913
0.43999999999999995 0.4752999999999991
