0.88 0.4134499999999983
0.88 0.4590399999999991
0.88 0.49334
0.94 0.5198899999999989
0.94 0.5436100000000027
0.94 0.5698000000000019
0.94 0.5882900000000015
0.95 0.603690000000002
0.95 0.610480000000002
0.95 0.632600000000002
0.97 0.6436800000000016
0.97 0.6559300000000022
0.97 0.6708400000000003
0.97 0.6793999999999986
0.97 0.6871099999999954
0.98 0.6963999999999989
0.98 0.6982499999999987
0.98 0.7112100000000005
0.98 0.7180800000000053
0.98 0.7253000000000024
0.98 0.7234000000000019
0.98 0.7316500000000041
0.98 0.7280700000000018
0.98 0.7241100000000041
0.98 0.7321700000000066
0.98 0.736770000000008
0.98 0.7373300000000067
0.98 0.7352000000000072
0.98 0.7357400000000067
0.98 0.7366300000000074
0.98 0.749550000000006
0.98 0.7579600000000072
0.98 0.7569600000000068
0.98 0.7673200000000082
0.98 0.7693000000000082
0.98 0.7678500000000074
0.98 0.7731200000000095
0.98 0.7646800000000071
0.98 0.7698800000000081
0.98 0.7778200000000096
0.98 0.7734000000000096
0.98 0.7759500000000107
0.98 0.7823600000000116
0.98 0.7898700000000132
0.98 0.7886300000000114
0.98 0.8020600000000119
0.98 0.8077400000000076
0.98 0.8074900000000071
0.98 0.7984400000000075
0.98 0.8088300000000067
0.98 0.8066300000000066
0.98 0.8067700000000076
0.98 0.8125600000000074
0.98 0.8173300000000051
0.98 0.8288400000000089
0.98 0.8306100000000084
0.98 0.821040000000008
0.98 0.8320200000000062
0.98 0.8329100000000057
0.98 0.838010000000006
0.98 0.8412600000000053
0.98 0.8366400000000058
0.98 0.8357800000000064
0.98 0.8357100000000063
0.98 0.8425800000000078
0.98 0.843640000000008
0.98 0.8428200000000067
0.98 0.845970000000005
0.98 0.8428900000000052
0.98 0.8441600000000055
0.98 0.8431400000000039
0.98 0.8381800000000027
0.98 0.8465800000000046
0.98 0.8588300000000015
0.98 0.8501600000000016
0.98 0.8537100000000034
0.98 0.8541700000000026
0.98 0.8526100000000038
0.98 0.846510000000005
0.98 0.8529300000000033
0.98 0.8577800000000029
0.98 0.852230000000004
0.98 0.854050000000003
0.98 0.8369100000000025
0.98 0.8392100000000036
0.98 0.8438000000000039
0.98 0.8503000000000034
0.98 0.8444900000000021
0.98 0.8483500000000019
0.98 0.843860000000001
0.98 0.8513800000000022
0.98 0.8593900000000004
0.98 0.8620600000000009
0.98 0.8548600000000021
0.98 0.8577299999999983
0.98 0.8529900000000021
0.98 0.8468500000000029
0.98 0.8462200000000029
0.98 0.8473000000000022
0.98 0.8569900000000024
