0.93 0.41290000000000354
0.93 0.46479000000000514
0.95 0.49360000000000503
0.95 0.5267300000000026
0.96 0.5557500000000022
0.96 0.5842399999999993
0.96 0.6053600000000013
0.96 0.6176500000000021
0.96 0.6326500000000046
0.96 0.6349300000000033
0.96 0.6559800000000042
0.96 0.6679000000000037
0.97 0.6745000000000039
0.97 0.6926800000000026
0.98 0.701609999999999
0.98 0.7162399999999957
0.98 0.7167399999999948
0.98 0.7283699999999957
0.98 0.7314299999999991
0.98 0.733609999999999
0.98 0.7346699999999968
0.98 0.7524800000000015
0.98 0.7486499999999993
0.98 0.750370000000002
0.98 0.7531800000000046
0.98 0.757560000000003
0.98 0.7743500000000046
0.98 0.7685900000000058
0.98 0.7721300000000052
0.98 0.780680000000005
0.98 0.7729700000000065
0.98 0.7859200000000061
0.98 0.7911800000000023
0.98 0.7915600000000053
0.98 0.7951000000000061
0.98 0.7879000000000063
0.98 0.7928700000000068
0.98 0.7982700000000033
0.98 0.8089000000000003
0.98 0.8077500000000023
0.98 0.8058200000000022
0.98 0.7934200000000011
0.98 0.8021599999999985
0.98 0.8127500000000006
0.98 0.8199899999999993
0.98 0.8204900000000004
0.98 0.8241800000000008
0.98 0.8327100000000032
0.99 0.8311200000000029
0.99 0.8342900000000019
0.99 0.8308800000000018
0.99 0.8440500000000017
0.99 0.8448500000000017
0.99 0.836279999999999
0.99 0.8401400000000003
0.99 0.8472499999999993
0.99 0.8477099999999976
0.99 0.8411099999999991
0.99 0.847979999999999
0.99 0.8549199999999988
0.99 0.8433699999999985
0.99 0.8505300000000003
0.99 0.8541900000000017
0.99 0.8516299999999993
0.99 0.8554399999999998
0.99 0.8506600000000005
0.99 0.8538699999999974
0.99 0.8604599999999997
0.99 0.8626799999999979
0.99 0.8589799999999971
0.99 0.8575899999999946
0.99 0.8504599999999984
0.99 0.8592199999999959
0.99 0.8712999999999962
0.99 0.8649599999999968
0.99 0.8595599999999949
0.99 0.859939999999996
0.99 0.8586399999999962
0.99 0.8553499999999978
0.99 0.8701599999999967
0.99 0.8711599999999977
0.99 0.8676899999999955
0.99 0.8686399999999964
0.99 0.8661699999999973
0.99 0.8694199999999969
0.99 0.8688399999999953
0.99 0.8724199999999955
0.99 0.8694099999999968
0.99 0.8685599999999964
0.99 0.8684699999999971
0.99 0.8770399999999989
0.99 0.8724499999999978
0.99 0.8828699999999989
0.99 0.8823700000000011
0.99 0.8830600000000003
0.99 0.8769600000000008
0.99 0.8769299999999995
0.99 0.8717399999999995
0.99 0.8739799999999992
0.99 0.867719999999998
