0.89 0.40937999999999297
0.89 0.4371199999999948
0.92 0.4811599999999985
0.92 0.5185999999999968
0.93 0.5450500000000028
0.94 0.5748700000000024
0.95 0.6043299999999997
0.95 0.615889999999999
0.95 0.6247300000000009
0.95 0.6413600000000037
0.95 0.6663200000000052
0.96 0.6772700000000065
0.96 0.6873800000000037
0.96 0.696060000000002
0.96 0.7025399999999998
0.96 0.7165799999999987
0.96 0.7202799999999974
0.97 0.7231499999999953
0.97 0.7360499999999921
0.97 0.733049999999994
0.97 0.7316599999999941
0.98 0.7503399999999903
0.98 0.7590699999999896
0.98 0.7747399999999935
0.98 0.7814299999999923
0.98 0.7866399999999936
0.98 0.795089999999994
0.98 0.7971899999999938
0.98 0.8066299999999956
0.98 0.8203499999999976
0.98 0.8406799999999973
0.98 0.8395499999999967
0.98 0.8491799999999968
0.98 0.8506499999999981
0.98 0.861739999999997
0.98 0.8570699999999961
0.98 0.8598799999999956
0.98 0.865759999999992
0.98 0.8603899999999943
0.98 0.8566099999999934
0.98 0.8566599999999928
0.98 0.8564099999999929
0.98 0.8559599999999947
0.99 0.8536999999999949
0.99 0.8592699999999946
0.99 0.8604199999999944
0.99 0.8680699999999909
0.99 0.8664599999999902
0.99 0.8805099999999901
0.99 0.8730399999999899
0.99 0.875479999999991
0.99 0.8649999999999932
0.99 0.8757099999999916
0.99 0.875289999999994
0.99 0.883719999999994
0.99 0.8800699999999917
0.99 0.8832999999999949
0.99 0.8773999999999927
0.99 0.8784399999999957
0.99 0.8748399999999928
0.99 0.8750899999999923
0.99 0.8815099999999954
0.99 0.8786999999999944
0.99 0.8725499999999945
0.99 0.8749599999999956
0.99 0.8734999999999932
0.99 0.8668899999999929
0.99 0.8699099999999916
0.99 0.871519999999993
0.99 0.872409999999994
0.99 0.8742299999999945
0.99 0.8793399999999953
0.99 0.8779499999999947
0.99 0.882759999999996
0.99 0.8829199999999965
0.99 0.8836599999999956
0.99 0.8877699999999972
0.99 0.8966199999999984
0.99 0.8973099999999996
0.99 0.8957200000000012
0.99 0.8835999999999987
0.99 0.892999999999998
0.99 0.8926599999999981
0.99 0.8853699999999984
0.99 0.8877899999999996
0.99 0.8816199999999974
0.99 0.8795899999999945
0.99 0.8857999999999973
0.99 0.8839399999999956
0.99 0.8808499999999934
0.99 0.8804199999999959
0.99 0.8703899999999939
0.99 0.8769499999999948
0.99 0.8842299999999945
0.99 0.8882199999999945
0.99 0.8832399999999953
0.99 0.890289999999996
0.99 0.8905699999999989
0.99 0.8931300000000004
0.99 0.8937500000000019
