0.33999999999999997 0.627900000000001
0.21999999999999997 0.5942000000000012
0.26 0.5893000000000014
0.14 0.612200000000001
0.14 0.591600000000001
0.28 0.5710000000000015
0.28 0.5640000000000019
0.28 0.553200000000002
0.33999999999999997 0.6270000000000018
0.18000000000000005 0.5657000000000009
0.18000000000000005 0.5496000000000013
0.30000000000000004 0.5620000000000015
0.33999999999999997 0.5422000000000012
0.18000000000000005 0.5446000000000012
0.26 0.5227000000000015
0.33999999999999997 0.5819000000000011
0.33999999999999997 0.5635000000000016
0.33999999999999997 0.5317000000000013
0.33999999999999997 0.5214000000000013
0.14 0.5702000000000017
0.33999999999999997 0.569400000000002
0.14 0.5156000000000011
0.18000000000000005 0.4823000000000011
0.18000000000000005 0.47960000000000086
0.21999999999999997 0.4624000000000003
0.30000000000000004 0.43690000000000045
0.26 0.4894000000000014
0.18000000000000005 0.4278000000000005
0.30000000000000004 0.45300000000000035
0.12 0.45650000000000124
0.31999999999999995 0.5133000000000015
0.18000000000000005 0.5116000000000012
0.07999999999999996 0.5122000000000014
0.21999999999999997 0.4891000000000012
0.07999999999999996 0.45420000000000066
0.33999999999999997 0.46710000000000046
0.19999999999999996 0.4220000000000009
0.19999999999999996 0.4312000000000004
0.07999999999999996 0.4217000000000003
0.07999999999999996 0.3895000000000006
0.07999999999999996 0.33610000000000084
0.07999999999999996 0.31190000000000084
0.020000000000000018 0.32160000000000033
0.020000000000000018 0.3452000000000005
0.020000000000000018 0.32600000000000084
0.020000000000000018 0.30430000000000057
0.12 0.33770000000000033
0.12 0.3743000000000008
0.020000000000000018 0.31220000000000114
0.12 0.33940000000000153
0.12 0.31860000000000127
0.12 0.31950000000000095
0.07999999999999996 0.4079999999999998
0.16000000000000003 0.3731000000000001
0.09999999999999998 0.2831000000000011
0.16000000000000003 0.296300000000001
0.07999999999999996 0.32770000000000105
0.07999999999999996 0.2996000000000012
0.09999999999999998 0.412700000000001
0.09999999999999998 0.2998000000000012
0.09999999999999998 0.3946999999999997
0.19999999999999996 0.46329999999999977
0.12 0.5090999999999998
0.14 0.46460000000000024
0.06000000000000005 0.48949999999999927
0.33999999999999997 0.5291000000000001
0.33999999999999997 0.43410000000000054
0.33999999999999997 0.3925999999999999
0.33999999999999997 0.4191000000000008
0.33999999999999997 0.41310000000000097
0.33999999999999997 0.37990000000000107
0.33999999999999997 0.35860000000000136
0.33999999999999997 0.35810000000000153
0.33999999999999997 0.4260000000000008
0.33999999999999997 0.5683999999999991
0.38 0.6416999999999976
0.33999999999999997 0.5033999999999991
0.33999999999999997 0.4086000000000001
0.33999999999999997 0.4605000000000002
0.33999999999999997 0.42780000000000035
0.33999999999999997 0.40430000000000005
0.33999999999999997 0.38600000000000034
0.33999999999999997 0.42510000000000026
0.33999999999999997 0.3652000000000008
0.33999999999999997 0.353200000000001
0.36 0.37040000000000023
0.36 0.36250000000000004
0.36 0.36230000000000007
0.36 0.3746000000000002
0.36 0.39390000000000014
0.36 0.3878000000000001
0.33999999999999997 0.3821000000000004
0.33999999999999997 0.45689999999999975
0.33999999999999997 0.4524999999999995
0.33999999999999997 0.3861000000000002
0.33999999999999997 0.4634999999999995
0.33999999999999997 0.36380000000000023
0.33999999999999997 0.40600000000000064
0.33999999999999997 0.4387000000000005
0.36 0.5516000000000011
0.36 0.6038000000000004
0.33999999999999997 0.6177999999999995
0.36 0.6386000000000002
0.36 0.6208999999999998
0.36 0.5710000000000001
0.36 0.5259999999999998
0.36 0.47439999999999977
0.33999999999999997 0.4638999999999999
0.33999999999999997 0.5449000000000015
0.36 0.5491000000000021
0.36 0.4675999999999999
0.36 0.47380000000000094
0.38 0.4821000000000006
0.38 0.4671000000000003
0.38 0.4185000000000001
0.38 0.39830000000000054
0.4 0.4394000000000001
0.4 0.3949000000000003
0.4 0.38790000000000036
0.33999999999999997 0.5306999999999996
0.33999999999999997 0.4042000000000002
0.33999999999999997 0.4011
0.38 0.6359999999999997
0.38 0.533
0.38 0.4090000000000004
0.38 0.3759000000000009
0.36 0.5123999999999993
0.38 0.6126999999999979
0.38 0.579999999999998
0.38 0.4828999999999992
0.38 0.42150000000000015
0.38 0.3831000000000011
0.38 0.4225000000000004
0.38 0.4206000000000003
0.38 0.382100000000001
0.38 0.38030000000000086
0.38 0.3763000000000007
0.38 0.37700000000000083
0.38 0.37480000000000063
0.38 0.37260000000000093
0.38 0.37410000000000077
0.38 0.37080000000000074
0.38 0.36440000000000106
0.38 0.36060000000000114
0.38 0.3645000000000012
0.38 0.3602000000000011
0.38 0.3609000000000011
0.38 0.36090000000000133
0.38 0.35940000000000133
0.38 0.35520000000000146
0.38 0.3569000000000013
0.38 0.3616000000000012
0.38 0.36330000000000146
0.38 0.36260000000000125
0.38 0.3504000000000013
0.38 0.35340000000000144
0.38 0.3538000000000013
0.38 0.3522000000000013
0.38 0.35390000000000116
0.38 0.3784000000000014
0.38 0.35340000000000127
0.38 0.34950000000000137
0.38 0.35980000000000123
0.38 0.3495000000000013
0.38 0.34890000000000126
0.38 0.34890000000000143
0.38 0.3465000000000015
0.38 0.3504000000000015
0.38 0.34680000000000133
0.38 0.3466000000000015
0.38 0.34480000000000144
0.38 0.34590000000000143
0.38 0.34840000000000143
0.38 0.35490000000000116
0.38 0.34920000000000145
0.38 0.36400000000000127
0.38 0.3604000000000011
0.38 0.3494000000000013
0.38 0.4695000000000005
0.38 0.4821000000000017
0.38 0.3695000000000015
0.38 0.35350000000000137
0.38 0.34840000000000126
0.38 0.3478000000000014
0.38 0.3478000000000014
0.38 0.3499000000000013
0.38 0.34790000000000143
0.38 0.42620000000000197
0.38 0.3533000000000013
0.38 0.3513000000000012
0.38 0.3563000000000012
0.38 0.36640000000000117
0.38 0.3551000000000013
0.38 0.3510000000000013
0.38 0.34980000000000144
0.38 0.34830000000000116
0.38 0.34980000000000133
0.38 0.3544000000000014
0.38 0.3569000000000015
0.38 0.38580000000000175
0.38 0.3518000000000012
0.38 0.34950000000000137
0.33999999999999997 0.35170000000000146
0.33999999999999997 0.34830000000000155
0.33999999999999997 0.3575000000000014
0.33999999999999997 0.3513000000000016
0.33999999999999997 0.34950000000000153
0.33999999999999997 0.35310000000000136
0.33999999999999997 0.34980000000000144
0.33999999999999997 0.3508000000000014
0.33999999999999997 0.3512000000000016
0.33999999999999997 0.35310000000000125
0.33999999999999997 0.3532000000000014
0.33999999999999997 0.3505000000000013
0.33999999999999997 0.3522000000000013
0.33999999999999997 0.38240000000000185
0.33999999999999997 0.3525000000000015
0.33999999999999997 0.35440000000000155
0.33999999999999997 0.35060000000000147
0.33999999999999997 0.3867000000000014
0.33999999999999997 0.3695000000000017
0.33999999999999997 0.3508000000000016
0.33999999999999997 0.36970000000000125
0.33999999999999997 0.3550000000000014
0.33999999999999997 0.39480000000000137
0.33999999999999997 0.3842000000000017
0.33999999999999997 0.3801000000000016
0.33999999999999997 0.36700000000000155
0.38 0.36510000000000153
0.38 0.3584000000000011
0.38 0.3566000000000012
0.38 0.3579000000000012
0.38 0.36800000000000116
0.38 0.40420000000000156
0.38 0.3709000000000011
0.33999999999999997 0.3818000000000012
0.38 0.3784000000000013
0.38 0.3884000000000014
0.38 0.4508999999999999
0.33999999999999997 0.507199999999999
0.33999999999999997 0.47699999999999976
0.38 0.5522999999999992
0.38 0.4893000000000009
0.38 0.4774000000000016
0.33999999999999997 0.544500000000002
0.33999999999999997 0.44120000000000154
0.33999999999999997 0.3999000000000014
0.33999999999999997 0.3903000000000013
0.33999999999999997 0.3989000000000016
0.33999999999999997 0.3888000000000016
0.33999999999999997 0.40620000000000134
0.38 0.5133000000000016
0.38 0.5086000000000018
0.38 0.47590000000000166
0.38 0.41730000000000167
0.38 0.4161000000000017
0.38 0.3801000000000015
0.38 0.3872000000000016
0.38 0.3943000000000015
0.38 0.38280000000000153
0.38 0.36190000000000155
0.38 0.35230000000000167
0.38 0.3547000000000016
0.38 0.36310000000000164
0.38 0.3701000000000016
0.38 0.5944000000000027
0.38 0.3820000000000017
0.38 0.5486000000000022
0.38 0.5136000000000019
0.38 0.44680000000000175
0.38 0.39540000000000175
0.38 0.3837000000000015
0.38 0.3787000000000016
0.38 0.38300000000000145
0.38 0.377000000000001
0.33999999999999997 0.4915000000000016
0.33999999999999997 0.5395000000000022
0.33999999999999997 0.5145000000000018
0.6799999999999999 0.6800000000000034
0.33999999999999997 0.6473000000000032
0.33999999999999997 0.5913000000000026
0.33999999999999997 0.5497000000000021
0.33999999999999997 0.4771000000000003
0.33999999999999997 0.4443000000000006
0.33999999999999997 0.45390000000000014
0.33999999999999997 0.4342000000000004
0.33999999999999997 0.40940000000000043
0.33999999999999997 0.38710000000000094
0.33999999999999997 0.3821000000000009
0.33999999999999997 0.37780000000000113
0.33999999999999997 0.3731000000000013
0.33999999999999997 0.36160000000000125
0.33999999999999997 0.3571000000000012
0.33999999999999997 0.35500000000000137
0.33999999999999997 0.3527000000000014
0.33999999999999997 0.3588000000000012
0.33999999999999997 0.44020000000000187
0.33999999999999997 0.38140000000000157
0.33999999999999997 0.3563000000000014
0.33999999999999997 0.35170000000000134
0.33999999999999997 0.35040000000000143
0.33999999999999997 0.35000000000000137
0.33999999999999997 0.3619000000000014
0.33999999999999997 0.3521000000000014
0.33999999999999997 0.3598000000000014
0.33999999999999997 0.3529000000000015
0.33999999999999997 0.35530000000000156
0.33999999999999997 0.3707000000000013
0.33999999999999997 0.3954000000000011
0.19999999999999996 0.42860000000000015
0.38 0.3710000000000014
0.38 0.35230000000000156
0.38 0.3852000000000016
0.33999999999999997 0.5449000000000024
0.33999999999999997 0.48440000000000116
0.33999999999999997 0.43640000000000073
0.33999999999999997 0.4021000000000006
0.33999999999999997 0.36800000000000116
0.18000000000000005 0.3740000000000009
0.18000000000000005 0.3419000000000014
0.33999999999999997 0.3518000000000015
0.33999999999999997 0.35240000000000166
0.33999999999999997 0.35130000000000167
0.07999999999999996 0.36180000000000123
0.38 0.3496000000000016
0.38 0.3524000000000016
0.38 0.34940000000000154
0.09999999999999998 0.3596000000000014
0.38 0.3537000000000014
0.38 0.35280000000000145
0.38 0.3532000000000014
0.38 0.3544000000000015
0.38 0.3542000000000015
0.38 0.35650000000000154
0.38 0.3526000000000014
0.38 0.35790000000000133
0.38 0.35620000000000135
0.38 0.3590000000000012
0.38 0.3599000000000016
0.38 0.3586000000000016
0.38 0.35710000000000136
0.38 0.3517000000000015
0.38 0.3566000000000013
0.38 0.3533000000000014
0.38 0.3541000000000013
0.38 0.35170000000000146
0.38 0.3482000000000015
0.38 0.35160000000000124
0.38 0.34990000000000143
0.38 0.3459000000000014
0.38 0.3472000000000014
0.38 0.3473000000000013
0.38 0.3485000000000014
0.38 0.3499000000000014
0.38 0.3538000000000013
0.38 0.35130000000000144
0.38 0.36270000000000135
0.38 0.3613000000000012
0.33999999999999997 0.36650000000000155
0.33999999999999997 0.3612000000000015
0.33999999999999997 0.35580000000000156
0.07999999999999996 0.3920000000000015
0.14 0.4096000000000013
0.33999999999999997 0.5053000000000013
0.33999999999999997 0.37610000000000127
0.33999999999999997 0.3790000000000009
0.33999999999999997 0.40600000000000075
0.33999999999999997 0.4017000000000012
0.33999999999999997 0.38720000000000104
0.33999999999999997 0.41170000000000095
0.33999999999999997 0.39600000000000035
0.33999999999999997 0.4406999999999999
0.33999999999999997 0.40760000000000085
0.33999999999999997 0.46510000000000107
0.33999999999999997 0.42030000000000056
0.33999999999999997 0.4260000000000014
0.33999999999999997 0.3943000000000015
0.33999999999999997 0.41380000000000167
0.33999999999999997 0.34890000000000165
0.33999999999999997 0.3425000000000017
0.33999999999999997 0.3424000000000017
0.33999999999999997 0.34090000000000176
0.33999999999999997 0.3424000000000017
0.33999999999999997 0.3425000000000016
0.33999999999999997 0.3437000000000016
0.33999999999999997 0.34340000000000154
0.33999999999999997 0.3449000000000016
0.33999999999999997 0.3439000000000016
0.33999999999999997 0.3431000000000015
0.33999999999999997 0.3443000000000015
0.33999999999999997 0.3431000000000017
0.33999999999999997 0.3433000000000016
0.33999999999999997 0.3515000000000013
0.33999999999999997 0.3422000000000016
0.33999999999999997 0.34180000000000155
0.33999999999999997 0.3416000000000017
0.33999999999999997 0.35700000000000137
0.33999999999999997 0.34360000000000157
0.33999999999999997 0.34290000000000154
0.33999999999999997 0.3420000000000015
0.33999999999999997 0.34400000000000147
0.33999999999999997 0.3428000000000015
0.33999999999999997 0.34340000000000154
0.33999999999999997 0.3420000000000015
0.33999999999999997 0.3438000000000016
0.33999999999999997 0.34290000000000154
0.33999999999999997 0.34220000000000156
0.33999999999999997 0.34230000000000166
0.33999999999999997 0.3411000000000016
0.33999999999999997 0.34250000000000164
0.33999999999999997 0.34150000000000164
0.33999999999999997 0.34200000000000164
0.33999999999999997 0.34100000000000175
0.33999999999999997 0.3411000000000016
0.33999999999999997 0.3421000000000016
0.33999999999999997 0.3422000000000016
0.33999999999999997 0.3431000000000017
0.33999999999999997 0.3408000000000017
0.33999999999999997 0.3426000000000017
0.33999999999999997 0.34170000000000156
0.33999999999999997 0.3422000000000016
0.33999999999999997 0.34150000000000164
0.33999999999999997 0.3403000000000017
0.33999999999999997 0.3408000000000017
0.33999999999999997 0.3400000000000017
0.33999999999999997 0.3405000000000017
0.33999999999999997 0.3426000000000016
0.33999999999999997 0.34100000000000164
0.33999999999999997 0.3416000000000017
0.33999999999999997 0.3415000000000017
0.33999999999999997 0.3408000000000017
0.33999999999999997 0.3416000000000017
0.33999999999999997 0.34120000000000167
0.33999999999999997 0.34200000000000175
0.33999999999999997 0.3416000000000017
0.33999999999999997 0.34530000000000166
0.33999999999999997 0.34280000000000155
0.33999999999999997 0.3411000000000017
0.33999999999999997 0.3449000000000016
0.33999999999999997 0.3473000000000014
0.33999999999999997 0.3514000000000015
0.33999999999999997 0.34170000000000167
0.33999999999999997 0.34240000000000165
0.33999999999999997 0.34350000000000164
0.33999999999999997 0.3430000000000015
0.33999999999999997 0.34370000000000167
0.33999999999999997 0.34270000000000167
0.33999999999999997 0.34380000000000166
0.33999999999999997 0.3419000000000017
0.33999999999999997 0.3425000000000017
0.33999999999999997 0.34280000000000166
0.33999999999999997 0.3465000000000015
0.33999999999999997 0.34600000000000153
0.33999999999999997 0.3436000000000016
0.33999999999999997 0.3442000000000015
0.33999999999999997 0.3437000000000016
0.33999999999999997 0.3428000000000017
0.33999999999999997 0.3536000000000014
0.33999999999999997 0.3436000000000016
0.33999999999999997 0.34220000000000167
0.33999999999999997 0.34450000000000164
0.33999999999999997 0.3437000000000016
0.33999999999999997 0.3413000000000017
0.33999999999999997 0.3461000000000018
0.33999999999999997 0.3737000000000019
0.33999999999999997 0.43320000000000186
0.33999999999999997 0.39260000000000184
0.33999999999999997 0.3881000000000019
0.33999999999999997 0.3583000000000018
0.33999999999999997 0.43400000000000183
0.33999999999999997 0.3409000000000016
0.33999999999999997 0.3411000000000017
0.33999999999999997 0.34060000000000157
0.33999999999999997 0.3421000000000014
0.33999999999999997 0.34080000000000155
0.33999999999999997 0.3400000000000017
0.33999999999999997 0.3400000000000017
0.33999999999999997 0.3411000000000017
0.33999999999999997 0.3402000000000017
0.33999999999999997 0.3402000000000017
0.33999999999999997 0.34060000000000173
0.33999999999999997 0.34100000000000164
0.33999999999999997 0.3408000000000017
0.33999999999999997 0.3405000000000017
0.33999999999999997 0.3419000000000016
0.33999999999999997 0.3422000000000016
0.33999999999999997 0.34140000000000165
0.33999999999999997 0.36250000000000127
0.33999999999999997 0.34850000000000136
0.33999999999999997 0.34900000000000153
0.33999999999999997 0.3406000000000017
0.33999999999999997 0.3419000000000017
0.33999999999999997 0.3479000000000015
0.33999999999999997 0.3421000000000016
0.33999999999999997 0.3556000000000018
0.33999999999999997 0.3417000000000017
0.33999999999999997 0.34020000000000167
0.33999999999999997 0.3401000000000017
0.33999999999999997 0.34040000000000165
0.33999999999999997 0.3431000000000015
