0.88 0.4072799999999973
0.88 0.4446699999999986
0.89 0.4835600000000004
0.91 0.5111099999999998
0.95 0.5358200000000045
0.95 0.5600800000000046
0.96 0.5884200000000007
0.96 0.6052400000000013
0.96 0.6361200000000031
0.97 0.6586700000000044
0.97 0.6747900000000029
0.97 0.6778100000000028
0.97 0.6943500000000026
0.97 0.7078399999999989
0.97 0.721689999999998
0.97 0.7210199999999969
0.97 0.7351399999999931
0.97 0.7322799999999934
0.97 0.7283199999999952
0.97 0.7374499999999927
0.97 0.7517399999999879
0.97 0.7541699999999882
0.97 0.76067999999999
0.97 0.7572399999999883
0.97 0.7657099999999909
0.97 0.7573099999999885
0.97 0.7643199999999892
0.97 0.7741599999999923
0.97 0.7762899999999916
0.97 0.7793199999999928
0.97 0.7766499999999935
0.97 0.7805699999999914
0.97 0.7790899999999901
0.97 0.7803799999999901
0.97 0.7809399999999909
0.97 0.7797899999999911
0.97 0.7726599999999892
0.97 0.7739499999999925
0.97 0.7857599999999942
0.97 0.7871099999999925
0.97 0.7887799999999927
0.97 0.7747599999999928
0.97 0.7639499999999892
0.97 0.7818899999999906
0.97 0.7766999999999907
0.97 0.7838299999999899
0.97 0.7820999999999905
0.97 0.7939299999999926
0.97 0.7892799999999928
0.97 0.787989999999992
0.97 0.7884199999999931
0.97 0.7792599999999917
0.97 0.7847499999999927
0.97 0.7904099999999937
0.97 0.7950999999999929
0.97 0.7981299999999956
0.97 0.8045499999999911
0.97 0.8154499999999901
0.97 0.8178999999999927
0.97 0.8153199999999915
0.97 0.8119699999999934
0.97 0.8049399999999941
0.97 0.8183499999999951
0.97 0.8199199999999965
0.97 0.8304899999999994
0.97 0.8339899999999982
0.97 0.8472499999999991
0.97 0.8301200000000003
0.97 0.8310999999999996
0.97 0.8354800000000008
0.97 0.8434900000000017
0.97 0.843130000000002
0.97 0.8519400000000024
0.97 0.838450000000001
0.97 0.8416500000000005
0.97 0.8561999999999994
0.97 0.8502600000000007
0.97 0.8448100000000015
0.97 0.8595999999999989
0.97 0.8447400000000007
0.97 0.8455999999999994
0.97 0.8434299999999991
0.97 0.8493899999999981
0.97 0.8547099999999997
0.97 0.8488400000000004
0.97 0.8526899999999993
0.97 0.8580500000000008
0.97 0.8609499999999994
0.97 0.8582799999999987
0.97 0.8542300000000018
0.97 0.8553299999999987
0.97 0.848279999999998
0.97 0.8630999999999968
0.97 0.8736199999999917
0.97 0.8617199999999966
0.97 0.8642899999999957
0.97 0.8572299999999976
0.97 0.8638899999999969
0.97 0.8689099999999972
0.97 0.871599999999996
