0.31999999999999995 0.6344999999999996
0.31999999999999995 0.6031999999999994
0.31999999999999995 0.6079999999999994
0.31999999999999995 0.6164999999999997
0.31999999999999995 0.59
0.36 0.6338000000000004
0.33999999999999997 0.6241000000000004
0.21999999999999997 0.5925000000000006
0.19999999999999996 0.5700000000000003
0.30000000000000004 0.6273000000000004
0.30000000000000004 0.6220000000000006
0.28 0.5669000000000005
0.36 0.5193000000000002
0.36 0.5607000000000003
0.36 0.5452000000000004
0.36 0.558700000000001
0.14 0.6068000000000016
0.21999999999999997 0.588200000000001
0.36 0.5268000000000009
0.24 0.6034000000000015
0.24 0.5138000000000008
0.36 0.5796000000000004
0.36 0.624000000000001
0.36 0.6070000000000015
0.36 0.5777000000000012
0.36 0.5431000000000007
0.21999999999999997 0.5677000000000009
0.30000000000000004 0.47950000000000054
0.24 0.515100000000001
0.18000000000000005 0.6127000000000017
0.36 0.5085000000000004
0.28 0.47260000000000024
0.14 0.4615999999999997
0.06000000000000005 0.4070000000000001
0.36 0.4965000000000008
0.24 0.4648000000000005
0.38 0.5123000000000006
0.21999999999999997 0.43360000000000026
0.18000000000000005 0.4091
0.040000000000000036 0.4486999999999995
0.21999999999999997 0.3799000000000002
0.18000000000000005 0.4718000000000008
0.19999999999999996 0.5124000000000002
0.26 0.5588000000000006
0.09999999999999998 0.5504000000000003
0.26 0.562200000000001
0.26 0.6020000000000015
0.36 0.6475000000000014
0.19999999999999996 0.5919000000000012
0.020000000000000018 0.5760000000000014
0.020000000000000018 0.525500000000001
0.19999999999999996 0.509100000000001
0.09999999999999998 0.38010000000000005
0.19999999999999996 0.4107000000000001
0.18000000000000005 0.3876
0.18000000000000005 0.31490000000000007
0.12 0.3725000000000002
0.12 0.3169000000000001
0.09999999999999998 0.32049999999999984
0.12 0.31279999999999974
0.020000000000000018 0.3526999999999996
0.020000000000000018 0.4188000000000004
0.07999999999999996 0.4808000000000006
0.36 0.5012000000000011
0.36 0.4957000000000011
0.040000000000000036 0.42119999999999974
0.040000000000000036 0.2967999999999999
0.040000000000000036 0.2612
0.06000000000000005 0.22929999999999987
0.06000000000000005 0.19879999999999998
0.06000000000000005 0.2623
0.06000000000000005 0.2514999999999998
0.06000000000000005 0.2723999999999999
0.06000000000000005 0.23779999999999984
0.06000000000000005 0.1601999999999999
0.06000000000000005 0.15080000000000005
0.06000000000000005 0.13150000000000003
0.06000000000000005 0.10099999999999998
0.06000000000000005 0.0941
0.06000000000000005 0.10640000000000008
0.06000000000000005 0.10770000000000009
0.06000000000000005 0.15390000000000012
0.07999999999999996 0.3572999999999999
0.07999999999999996 0.2728000000000002
0.06000000000000005 0.229
0.12 0.38109999999999966
0.12 0.38469999999999965
0.09999999999999998 0.3245999999999998
0.12 0.39359999999999956
0.09999999999999998 0.41739999999999966
0.06000000000000005 0.4370999999999998
0.06000000000000005 0.2129999999999998
0.09999999999999998 0.31159999999999966
0.06000000000000005 0.2984999999999996
0.06000000000000005 0.4421000000000007
0.09999999999999998 0.21360000000000004
0.12 0.3819000000000004
0.12 0.3664000000000003
0.12 0.33620000000000066
0.12 0.31000000000000033
0.06000000000000005 0.2568000000000003
0.12 0.2495000000000002
0.19999999999999996 0.20480000000000004
0.19999999999999996 0.17739999999999984
0.09999999999999998 0.15269999999999986
0.19999999999999996 0.2745000000000001
0.19999999999999996 0.35969999999999963
0.12 0.3050999999999999
0.14 0.5591000000000016
0.19999999999999996 0.4994000000000014
0.09999999999999998 0.3631000000000006
0.09999999999999998 0.39660000000000006
0.12 0.37130000000000024
0.19999999999999996 0.2949
0.19999999999999996 0.2587
0.21999999999999997 0.3522999999999999
0.19999999999999996 0.23809999999999992
0.24 0.36249999999999993
0.21999999999999997 0.3654999999999997
0.19999999999999996 0.3853999999999998
0.19999999999999996 0.33099999999999985
0.19999999999999996 0.28369999999999984
0.14 0.476700000000001
0.33999999999999997 0.4737000000000006
0.21999999999999997 0.47150000000000064
0.19999999999999996 0.5797999999999998
0.21999999999999997 0.5624000000000002
0.21999999999999997 0.5547000000000015
0.36 0.47100000000000103
0.36 0.4338000000000007
0.4 0.39470000000000055
0.26 0.4419999999999995
0.26 0.4355999999999998
0.12 0.3604
0.21999999999999997 0.3878999999999998
0.21999999999999997 0.40190000000000003
0.24 0.37730000000000014
0.38 0.4617999999999999
0.38 0.3962000000000001
0.26 0.371
0.38 0.3809000000000006
0.38 0.38440000000000013
0.36 0.3831999999999997
0.36 0.3788000000000003
0.36 0.3825
0.36 0.5701000000000005
0.36 0.5477000000000004
0.28 0.4249000000000001
0.30000000000000004 0.42220000000000013
0.28 0.40850000000000014
0.36 0.36309999999999965
0.33999999999999997 0.38759999999999983
0.06000000000000005 0.35709999999999986
0.19999999999999996 0.4643999999999995
0.31999999999999995 0.5660999999999992
0.31999999999999995 0.5178999999999995
0.31999999999999995 0.45709999999999984
0.24 0.3455999999999999
0.18000000000000005 0.3566999999999998
0.09999999999999998 0.31999999999999995
0.24 0.41259999999999963
0.19999999999999996 0.28789999999999993
0.19999999999999996 0.27579999999999993
0.19999999999999996 0.26609999999999984
0.12 0.4139999999999987
0.19999999999999996 0.5318999999999984
0.040000000000000036 0.4675999999999993
0.040000000000000036 0.3779999999999999
0.18000000000000005 0.4507000000000004
0.18000000000000005 0.3818000000000003
0.24 0.33310000000000045
0.19999999999999996 0.31170000000000037
0.19999999999999996 0.3074000000000004
0.19999999999999996 0.28020000000000034
0.19999999999999996 0.24269999999999975
0.19999999999999996 0.36230000000000007
0.19999999999999996 0.2715000000000001
0.19999999999999996 0.3201000000000001
0.4 0.6178000000000007
0.52 0.6275000000000001
0.14 0.3926
0.21999999999999997 0.42929999999999957
0.21999999999999997 0.3744000000000001
0.14 0.3482000000000001
0.24 0.32920000000000016
0.28 0.36809999999999987
0.28 0.3548999999999997
0.33999999999999997 0.6184000000000012
0.18000000000000005 0.3317
0.18000000000000005 0.2981000000000001
0.18000000000000005 0.28700000000000003
0.31999999999999995 0.6472999999999977
0.26 0.6209999999999976
0.24 0.47159999999999935
0.36 0.4282999999999997
0.4 0.6570999999999977
0.36 0.6511999999999982
0.38 0.6696999999999994
0.38 0.6705000000000002
0.36 0.6307000000000011
0.38 0.677200000000002
0.36 0.5651000000000015
0.36 0.42970000000000075
0.36 0.3938000000000004
0.36 0.4335000000000003
0.36 0.4927000000000007
0.36 0.4066000000000003
0.36 0.3926000000000001
0.18000000000000005 0.3699999999999998
0.30000000000000004 0.5000000000000008
0.30000000000000004 0.41840000000000016
0.21999999999999997 0.4157999999999995
0.18000000000000005 0.43900000000000033
0.21999999999999997 0.5059
0.18000000000000005 0.4436000000000002
0.26 0.42100000000000004
0.21999999999999997 0.36819999999999964
0.21999999999999997 0.3551999999999998
0.30000000000000004 0.42469999999999986
0.18000000000000005 0.5213000000000004
0.19999999999999996 0.36669999999999997
0.19999999999999996 0.37670000000000026
0.19999999999999996 0.34310000000000024
0.14 0.4246000000000004
0.19999999999999996 0.3217000000000001
0.19999999999999996 0.3396999999999999
0.30000000000000004 0.3185999999999999
0.19999999999999996 0.4563999999999999
0.19999999999999996 0.39209999999999967
0.19999999999999996 0.4269999999999998
0.48 0.6746000000000003
0.36 0.6629999999999988
0.24 0.4934999999999997
0.30000000000000004 0.4982999999999996
0.16000000000000003 0.4240999999999997
0.28 0.40209999999999985
0.28 0.3961
0.28 0.4028000000000002
0.28 0.35830000000000006
0.28 0.3378000000000004
0.30000000000000004 0.3262000000000008
0.30000000000000004 0.3371000000000006
0.26 0.302100000000001
0.24 0.2921000000000008
0.24 0.32400000000000057
0.24 0.29240000000000027
0.24 0.2904999999999999
0.24 0.3010999999999997
0.19999999999999996 0.28240000000000054
0.24 0.3210999999999997
0.19999999999999996 0.2853000000000008
0.24 0.32159999999999994
0.19999999999999996 0.32659999999999995
0.19999999999999996 0.28029999999999977
0.18000000000000005 0.2706000000000001
0.18000000000000005 0.2705000000000002
0.18000000000000005 0.28460000000000035
0.36 0.38690000000000097
0.36 0.42000000000000026
0.36 0.39710000000000045
0.36 0.38940000000000063
0.36 0.4207000000000006
0.36 0.40180000000000055
0.36 0.3848000000000001
0.36 0.37699999999999995
0.38 0.3880000000000001
0.38 0.40769999999999995
0.38 0.3857000000000002
0.38 0.3804000000000001
0.38 0.3692999999999999
0.38 0.37849999999999995
0.38 0.3859
0.38 0.3816000000000001
0.38 0.47620000000000035
0.38 0.3772000000000004
0.38 0.3774000000000003
0.38 0.37180000000000013
0.36 0.43670000000000014
0.36 0.46540000000000026
0.36 0.4526
0.38 0.7411999999999997
0.38 0.6173000000000005
0.36 0.5662000000000004
0.4 0.5662000000000004
0.36 0.47870000000000024
0.36 0.4343000000000003
0.38 0.41589999999999966
0.38 0.42640000000000017
0.38 0.4068
0.36 0.40399999999999997
0.36 0.4072000000000003
0.36 0.3770000000000001
0.36 0.3741999999999999
0.36 0.36789999999999984
0.36 0.36629999999999974
0.36 0.3664999999999996
0.36 0.36969999999999986
0.36 0.3694999999999997
0.36 0.37539999999999984
0.36 0.36409999999999976
0.36 0.36239999999999967
0.36 0.36129999999999973
0.36 0.3687999999999996
0.36 0.3772999999999998
0.36 0.39669999999999933
0.36 0.41439999999999927
0.36 0.3864999999999998
0.36 0.3655999999999996
0.36 0.3615999999999996
0.36 0.3624999999999997
0.36 0.3819999999999997
0.36 0.38920000000000016
0.36 0.3836
0.36 0.37229999999999996
0.38 0.3733999999999999
0.38 0.4423000000000007
0.4 0.6234000000000003
0.4 0.4081000000000003
0.4 0.5446999999999992
0.4 0.4835000000000002
0.4 0.4022000000000002
0.4 0.37730000000000014
0.38 0.37169999999999986
0.38 0.3705999999999998
0.38 0.37159999999999976
0.38 0.3734999999999997
0.38 0.3692999999999999
0.38 0.37060000000000004
0.38 0.36839999999999984
0.38 0.3785
0.4 0.3765
0.38 0.3725
0.38 0.3718999999999998
0.38 0.3701
0.4 0.37099999999999994
0.38 0.3697
0.38 0.3699999999999999
0.38 0.36939999999999984
0.38 0.3693999999999998
0.38 0.36839999999999967
0.38 0.36929999999999985
0.38 0.36929999999999985
0.38 0.37440000000000007
0.38 0.3721999999999999
0.38 0.3715999999999998
0.38 0.3704999999999998
0.38 0.37059999999999993
0.38 0.36869999999999997
0.38 0.3732999999999999
0.38 0.3736999999999998
0.38 0.36929999999999974
0.38 0.36809999999999987
0.38 0.3684999999999997
0.38 0.37029999999999996
0.38 0.3731999999999999
0.38 0.3732999999999999
0.38 0.3695999999999998
0.38 0.37299999999999983
0.38 0.3702999999999998
0.4 0.37169999999999986
0.38 0.37459999999999966
0.38 0.3729999999999998
0.38 0.37029999999999974
0.38 0.39069999999999966
0.38 0.37249999999999983
0.38 0.3674999999999999
0.38 0.36679999999999974
0.38 0.3653999999999997
0.38 0.3723999999999998
0.38 0.37139999999999984
0.38 0.36979999999999985
0.38 0.369
0.4 0.36809999999999987
0.4 0.37109999999999976
0.38 0.3692999999999999
0.38 0.36999999999999994
0.38 0.3693999999999999
0.38 0.3725999999999998
0.38 0.3699
0.38 0.3784
0.38 0.3716
0.4 0.37249999999999983
0.4 0.37109999999999993
0.38 0.3749000000000002
0.38 0.3726
0.38 0.3753000000000001
0.38 0.37279999999999985
0.38 0.37239999999999995
0.38 0.3740999999999999
0.38 0.37089999999999973
0.38 0.36909999999999976
0.38 0.37199999999999983
0.38 0.37089999999999984
0.38 0.37719999999999976
0.38 0.4024999999999994
0.38 0.4388999999999996
0.38 0.4335999999999997
0.38 0.40249999999999986
0.38 0.4356000000000001
0.38 0.4033000000000001
0.38 0.3947000000000001
0.38 0.38850000000000023
0.38 0.4297000000000001
0.38 0.38589999999999974
0.38 0.3846999999999997
0.38 0.38130000000000003
0.38 0.3879000000000001
0.38 0.3823000000000002
0.38 0.3745999999999999
0.38 0.3932999999999998
0.38 0.3748999999999999
0.38 0.36929999999999974
0.38 0.3733999999999999
0.38 0.36899999999999994
0.38 0.37059999999999976
0.38 0.36969999999999975
0.38 0.371
0.38 0.3662999999999996
0.38 0.37109999999999976
0.38 0.3710999999999999
0.38 0.3687999999999999
0.38 0.3690999999999999
0.38 0.36899999999999983
0.38 0.37149999999999983
0.38 0.3678999999999998
0.38 0.3696999999999999
0.38 0.3704000000000001
0.38 0.3752
0.38 0.3708999999999999
0.38 0.3711
0.38 0.37269999999999975
0.38 0.36869999999999975
0.38 0.37039999999999984
0.38 0.3670999999999998
0.38 0.3686999999999997
0.38 0.3664999999999997
0.38 0.3660999999999999
0.38 0.37119999999999975
0.38 0.3678999999999997
0.38 0.36949999999999994
0.38 0.3679999999999999
0.38 0.36809999999999987
0.38 0.37040000000000006
0.38 0.37
0.38 0.36840000000000006
0.38 0.3707999999999998
0.38 0.3681999999999998
0.38 0.36929999999999985
0.38 0.3707999999999997
0.38 0.36839999999999984
0.38 0.3679999999999999
0.38 0.3688
0.38 0.37079999999999996
0.38 0.36769999999999975
0.38 0.3804
0.38 0.3742999999999999
0.38 0.3664999999999996
0.38 0.36619999999999975
0.38 0.3650999999999997
0.38 0.36389999999999967
0.38 0.3642999999999996
0.38 0.3661999999999999
0.38 0.3674999999999997
0.38 0.3677999999999995
0.38 0.36689999999999984
0.38 0.3684999999999998
0.38 0.3658999999999997
0.38 0.37139999999999984
0.38 0.36789999999999984
0.38 0.3662999999999996
0.38 0.37219999999999986
0.38 0.36759999999999976
0.38 0.3701999999999998
0.38 0.3670999999999999
0.38 0.3676999999999999
0.38 0.3663999999999998
0.38 0.36969999999999986
0.38 0.36989999999999973
0.38 0.36669999999999986
0.38 0.36639999999999995
0.38 0.3659999999999998
0.38 0.36589999999999984
0.38 0.3670999999999999
0.38 0.36749999999999994
0.38 0.36619999999999975
0.38 0.36749999999999977
0.38 0.36869999999999975
0.38 0.36649999999999977
0.38 0.36859999999999987
0.38 0.3675999999999997
0.38 0.3681999999999998
0.38 0.36979999999999974
0.38 0.36759999999999976
0.38 0.3676999999999998
0.38 0.3662999999999998
0.38 0.3711999999999999
0.38 0.3679999999999998
0.38 0.3673999999999997
0.38 0.3657999999999996
0.38 0.36589999999999967
