0.87 0.43707999999999847
0.87 0.47511999999999904
0.87 0.5000999999999992
0.87 0.5320399999999993
0.94 0.5674799999999984
0.94 0.5937499999999991
0.96 0.6271099999999983
0.96 0.63784
0.96 0.6596299999999979
0.96 0.6732199999999954
0.96 0.6763599999999941
0.96 0.6885399999999916
0.97 0.6980599999999904
0.97 0.710839999999996
0.97 0.7196999999999987
0.97 0.7249900000000009
0.97 0.7294699999999986
0.97 0.7386700000000003
0.98 0.7352800000000017
0.98 0.7416600000000014
0.98 0.7443900000000033
0.98 0.752290000000003
0.98 0.7518600000000039
0.98 0.762740000000005
0.98 0.750840000000004
0.98 0.7737200000000074
0.98 0.7726500000000078
0.98 0.7824100000000074
0.98 0.780800000000006
0.98 0.7807000000000065
0.98 0.7921700000000046
0.98 0.8000200000000051
0.98 0.8036700000000064
0.98 0.8053500000000046
0.98 0.8085200000000037
0.98 0.8153300000000043
0.98 0.8203500000000047
0.98 0.8100300000000056
0.98 0.8094600000000034
0.98 0.8200700000000051
0.98 0.8399300000000056
0.98 0.8325700000000047
0.98 0.8302000000000035
0.98 0.8353900000000049
0.98 0.8369500000000049
0.98 0.8340700000000043
0.98 0.8265500000000016
0.98 0.8383900000000042
0.98 0.8371000000000042
0.98 0.8392600000000034
0.98 0.841900000000003
0.98 0.8485600000000035
0.98 0.8411700000000019
0.98 0.8345800000000032
0.98 0.8372200000000023
0.98 0.8442800000000016
0.98 0.8414800000000014
0.98 0.8516700000000011
0.98 0.8600400000000026
0.98 0.8551800000000037
0.98 0.8513000000000034
0.98 0.847500000000003
0.98 0.8477500000000033
0.98 0.8576900000000015
0.98 0.8614000000000015
0.98 0.8531000000000033
0.98 0.8526200000000016
0.98 0.8477700000000028
0.98 0.8597399999999991
0.99 0.8500200000000017
0.99 0.8617199999999999
0.99 0.8580900000000006
0.99 0.8670899999999983
0.99 0.8726999999999956
0.99 0.8710399999999952
0.99 0.8657199999999958
0.99 0.8688199999999944
0.99 0.8677999999999962
0.99 0.8645899999999966
0.99 0.865939999999996
0.99 0.8711299999999933
0.99 0.8739499999999933
0.99 0.8850199999999944
0.99 0.8786399999999948
0.99 0.8858399999999963
0.99 0.8756299999999951
0.99 0.8782699999999961
0.99 0.881839999999997
0.99 0.8767799999999955
0.99 0.8700499999999954
0.99 0.8747199999999964
0.99 0.8703499999999992
0.99 0.8738299999999973
0.99 0.8741299999999944
0.99 0.8773799999999938
0.99 0.8778099999999969
0.99 0.8771599999999944
0.99 0.875039999999994
0.99 0.877559999999996
0.99 0.8831599999999967
