0.14 0.5845600000000025
0.09999999999999998 0.549240000000001
0.06000000000000005 0.5155400000000003
0.06000000000000005 0.485620000000001
0.06000000000000005 0.45696000000000025
0.06000000000000005 0.4308799999999998
0.06000000000000005 0.4044599999999997
0.06000000000000005 0.3939000000000001
0.06000000000000005 0.38725999999999955
0.06000000000000005 0.3846999999999997
0.07999999999999996 0.36611999999999884
0.07999999999999996 0.35697999999999885
0.07999999999999996 0.3524399999999991
0.07999999999999996 0.3457199999999991
0.07999999999999996 0.33743999999999863
0.07999999999999996 0.3360599999999985
0.07999999999999996 0.33263999999999866
0.040000000000000036 0.3285999999999983
0.040000000000000036 0.31101999999999835
0.040000000000000036 0.3042799999999983
0.040000000000000036 0.30929999999999813
0.040000000000000036 0.3091599999999986
0.040000000000000036 0.3110199999999988
0.040000000000000036 0.31407999999999886
0.040000000000000036 0.3110199999999987
0.040000000000000036 0.2925599999999988
0.040000000000000036 0.2871799999999986
0.040000000000000036 0.287779999999999
0.040000000000000036 0.27771999999999875
0.040000000000000036 0.2748799999999988
0.040000000000000036 0.2713399999999987
0.040000000000000036 0.27573999999999904
0.040000000000000036 0.2771599999999988
0.040000000000000036 0.272979999999999
0.040000000000000036 0.27323999999999943
0.040000000000000036 0.26611999999999925
0.040000000000000036 0.26839999999999903
0.040000000000000036 0.2685399999999992
0.040000000000000036 0.26101999999999925
0.040000000000000036 0.24949999999999942
0.040000000000000036 0.24683999999999953
0.040000000000000036 0.24193999999999932
0.040000000000000036 0.23881999999999926
0.040000000000000036 0.23905999999999936
0.040000000000000036 0.22995999999999944
0.040000000000000036 0.22261999999999943
0.040000000000000036 0.19565999999999967
0.040000000000000036 0.1970999999999995
0.040000000000000036 0.18781999999999932
0.040000000000000036 0.19117999999999968
0.040000000000000036 0.1952199999999996
0.040000000000000036 0.19701999999999945
0.040000000000000036 0.1973599999999995
0.040000000000000036 0.19351999999999972
0.040000000000000036 0.19099999999999961
0.040000000000000036 0.18525999999999948
0.040000000000000036 0.19421999999999953
0.040000000000000036 0.17551999999999954
0.040000000000000036 0.16817999999999972
0.040000000000000036 0.17811999999999953
0.040000000000000036 0.17629999999999943
0.040000000000000036 0.18391999999999947
0.040000000000000036 0.17483999999999958
0.040000000000000036 0.18153999999999954
0.040000000000000036 0.17591999999999938
0.040000000000000036 0.17547999999999947
0.040000000000000036 0.17653999999999914
0.040000000000000036 0.17077999999999952
0.040000000000000036 0.17669999999999933
0.040000000000000036 0.17601999999999923
0.040000000000000036 0.1739799999999991
0.040000000000000036 0.17533999999999916
0.040000000000000036 0.17383999999999905
0.040000000000000036 0.181319999999999
0.040000000000000036 0.18491999999999928
0.040000000000000036 0.17239999999999917
0.040000000000000036 0.16601999999999922
0.040000000000000036 0.16801999999999895
0.040000000000000036 0.17223999999999906
0.040000000000000036 0.15957999999999925
0.040000000000000036 0.15535999999999928
0.040000000000000036 0.14629999999999901
0.040000000000000036 0.1521799999999991
0.040000000000000036 0.1573199999999992
0.040000000000000036 0.15183999999999914
0.040000000000000036 0.14675999999999922
0.040000000000000036 0.1547199999999991
0.040000000000000036 0.1556599999999991
0.040000000000000036 0.15087999999999915
0.040000000000000036 0.14487999999999912
0.040000000000000036 0.1487399999999992
0.040000000000000036 0.1474599999999992
0.040000000000000036 0.15417999999999904
0.040000000000000036 0.15075999999999903
0.040000000000000036 0.14565999999999926
0.040000000000000036 0.14125999999999925
0.040000000000000036 0.1486799999999992
0.040000000000000036 0.15103999999999917
0.040000000000000036 0.14599999999999913
0.040000000000000036 0.15173999999999907
