0.09999999999999998 0.6284800000000023
0.09999999999999998 0.5962400000000028
0.09999999999999998 0.577680000000002
0.09999999999999998 0.5358400000000024
0.09999999999999998 0.5110600000000027
0.09999999999999998 0.4931000000000025
0.06000000000000005 0.46516000000000196
0.06000000000000005 0.4381000000000008
0.06000000000000005 0.41376000000000207
0.040000000000000036 0.39960000000000256
0.040000000000000036 0.37628000000000195
0.040000000000000036 0.36364000000000185
0.040000000000000036 0.35366000000000164
0.040000000000000036 0.34760000000000124
0.040000000000000036 0.33724000000000126
0.07999999999999996 0.31812000000000074
0.07999999999999996 0.3101400000000006
0.07999999999999996 0.3087800000000006
0.07999999999999996 0.3118200000000008
0.07999999999999996 0.2904000000000006
0.07999999999999996 0.2874000000000007
0.07999999999999996 0.28370000000000073
0.07999999999999996 0.2722000000000009
0.07999999999999996 0.2609000000000006
0.07999999999999996 0.2488800000000003
0.07999999999999996 0.24904000000000043
0.07999999999999996 0.2533000000000007
0.07999999999999996 0.2461200000000002
0.07999999999999996 0.25632000000000044
0.07999999999999996 0.2562400000000003
0.07999999999999996 0.2524200000000004
0.07999999999999996 0.2408800000000002
0.07999999999999996 0.24760000000000004
0.07999999999999996 0.23762000000000053
0.07999999999999996 0.22730000000000053
0.07999999999999996 0.21992000000000067
0.07999999999999996 0.21452000000000016
0.07999999999999996 0.22082000000000035
0.07999999999999996 0.23366000000000034
0.07999999999999996 0.22816000000000028
0.07999999999999996 0.23368000000000055
0.07999999999999996 0.22010000000000063
0.06000000000000005 0.22452000000000039
0.06000000000000005 0.2356000000000003
0.06000000000000005 0.22488000000000027
0.06000000000000005 0.21934000000000012
0.06000000000000005 0.2218400000000007
0.06000000000000005 0.2176600000000005
0.06000000000000005 0.22464000000000087
0.06000000000000005 0.2272000000000004
0.06000000000000005 0.21466000000000007
0.06000000000000005 0.2135400000000002
0.06000000000000005 0.21240000000000017
0.06000000000000005 0.22446000000000016
0.06000000000000005 0.21758000000000013
0.06000000000000005 0.19956000000000046
0.06000000000000005 0.18842000000000042
0.06000000000000005 0.1856400000000003
0.06000000000000005 0.20422000000000046
0.06000000000000005 0.2070200000000003
0.06000000000000005 0.19374000000000055
0.06000000000000005 0.1898400000000005
0.06000000000000005 0.18454000000000023
0.06000000000000005 0.18260000000000023
0.06000000000000005 0.18323999999999985
0.06000000000000005 0.1801799999999999
0.06000000000000005 0.17876000000000003
0.06000000000000005 0.1811600000000001
0.06000000000000005 0.17870000000000014
0.06000000000000005 0.18015999999999993
0.06000000000000005 0.1869199999999999
0.06000000000000005 0.17869999999999975
0.06000000000000005 0.18763999999999992
0.06000000000000005 0.17809999999999956
0.06000000000000005 0.1773599999999995
0.06000000000000005 0.18449999999999991
0.06000000000000005 0.17473999999999992
0.06000000000000005 0.17389999999999986
0.06000000000000005 0.16981999999999975
0.06000000000000005 0.16663999999999946
0.06000000000000005 0.16479999999999975
0.06000000000000005 0.16155999999999954
0.06000000000000005 0.15519999999999962
0.06000000000000005 0.16739999999999983
0.06000000000000005 0.16121999999999967
0.06000000000000005 0.1660399999999996
0.06000000000000005 0.17135999999999965
0.06000000000000005 0.1642799999999996
0.06000000000000005 0.17315999999999956
0.06000000000000005 0.1635999999999996
0.06000000000000005 0.1700999999999996
0.06000000000000005 0.16555999999999957
0.06000000000000005 0.16603999999999977
0.06000000000000005 0.1642999999999996
0.06000000000000005 0.16395999999999963
0.06000000000000005 0.16521999999999964
0.06000000000000005 0.16873999999999967
0.06000000000000005 0.1728399999999995
0.06000000000000005 0.17673999999999984
0.06000000000000005 0.17065999999999987
