0.14 0.6054200000000012
0.07999999999999996 0.5694000000000015
0.07999999999999996 0.546440000000001
0.07999999999999996 0.5206600000000008
0.07999999999999996 0.49232000000000015
0.07999999999999996 0.4717800000000018
0.07999999999999996 0.44838000000000033
0.07999999999999996 0.4313999999999996
0.07999999999999996 0.4170199999999989
0.07999999999999996 0.39483999999999875
0.07999999999999996 0.3872999999999984
0.07999999999999996 0.3868799999999986
0.07999999999999996 0.3756799999999983
0.07999999999999996 0.37207999999999863
0.06000000000000005 0.3681799999999985
0.06000000000000005 0.3531199999999979
0.06000000000000005 0.34977999999999726
0.06000000000000005 0.34445999999999793
0.06000000000000005 0.34687999999999863
0.06000000000000005 0.33573999999999765
0.06000000000000005 0.33649999999999847
0.06000000000000005 0.3288799999999982
0.06000000000000005 0.31997999999999854
0.06000000000000005 0.3179999999999984
0.06000000000000005 0.30419999999999886
0.040000000000000036 0.29447999999999913
0.040000000000000036 0.2879399999999991
0.040000000000000036 0.28449999999999925
0.040000000000000036 0.28213999999999906
0.040000000000000036 0.28757999999999934
0.040000000000000036 0.2802999999999993
0.040000000000000036 0.26783999999999913
0.040000000000000036 0.26463999999999915
0.040000000000000036 0.25203999999999904
0.040000000000000036 0.25393999999999933
0.040000000000000036 0.24929999999999947
0.040000000000000036 0.23849999999999935
0.040000000000000036 0.2298599999999994
0.040000000000000036 0.21347999999999945
0.040000000000000036 0.2110999999999995
0.040000000000000036 0.19757999999999964
0.040000000000000036 0.19391999999999965
0.040000000000000036 0.1845199999999998
0.040000000000000036 0.17027999999999952
0.040000000000000036 0.16353999999999966
0.040000000000000036 0.16225999999999918
0.040000000000000036 0.1719599999999995
0.040000000000000036 0.1553399999999994
0.040000000000000036 0.15245999999999937
0.040000000000000036 0.15771999999999933
0.040000000000000036 0.1511599999999993
0.040000000000000036 0.16105999999999937
0.040000000000000036 0.1618999999999993
0.040000000000000036 0.1710599999999993
0.040000000000000036 0.15469999999999934
0.040000000000000036 0.1541599999999993
0.040000000000000036 0.15409999999999907
0.040000000000000036 0.1493799999999994
0.040000000000000036 0.15241999999999936
0.040000000000000036 0.14547999999999944
0.040000000000000036 0.13983999999999946
0.040000000000000036 0.1421799999999995
0.040000000000000036 0.14505999999999952
0.040000000000000036 0.14037999999999948
0.040000000000000036 0.1392399999999993
0.040000000000000036 0.13343999999999945
0.040000000000000036 0.1381599999999994
0.040000000000000036 0.14319999999999916
0.040000000000000036 0.13975999999999933
0.040000000000000036 0.14167999999999947
0.040000000000000036 0.14187999999999926
0.040000000000000036 0.14965999999999954
0.040000000000000036 0.14863999999999924
0.040000000000000036 0.14577999999999947
0.040000000000000036 0.13509999999999953
0.040000000000000036 0.13481999999999955
0.040000000000000036 0.13815999999999942
0.040000000000000036 0.1429199999999993
0.040000000000000036 0.13907999999999948
0.040000000000000036 0.14313999999999943
0.040000000000000036 0.1287399999999995
0.040000000000000036 0.13429999999999956
0.040000000000000036 0.14183999999999955
0.040000000000000036 0.14581999999999923
0.040000000000000036 0.1388799999999994
0.040000000000000036 0.1447999999999992
0.040000000000000036 0.14871999999999913
0.040000000000000036 0.14959999999999915
0.040000000000000036 0.13525999999999927
0.040000000000000036 0.13905999999999913
0.040000000000000036 0.13053999999999952
0.040000000000000036 0.1365599999999994
0.040000000000000036 0.12805999999999956
0.040000000000000036 0.12343999999999945
0.040000000000000036 0.12719999999999954
0.040000000000000036 0.12543999999999958
0.040000000000000036 0.1259799999999995
0.040000000000000036 0.12529999999999958
0.040000000000000036 0.1321599999999995
0.040000000000000036 0.13403999999999955
