0.65 0.3587999999999996
0.78 0.37479999999999897
0.66 0.3888999999999993
0.65 0.36724999999999924
0.65 0.3558499999999998
0.66 0.3696999999999999
0.88 0.38994999999999946
0.71 0.3944999999999994
0.67 0.39889999999999987
0.73 0.41809999999999936
0.71 0.4674499999999979
0.9 0.4695999999999982
0.8 0.4371999999999989
0.79 0.47009999999999796
0.88 0.49474999999999847
0.75 0.47954999999999776
0.95 0.46069999999999794
0.88 0.5114499999999981
0.95 0.5237499999999984
0.95 0.5560999999999985
0.95 0.5342999999999987
0.95 0.5373999999999988
0.96 0.5582499999999986
0.68 0.5570999999999983
0.7 0.4306999999999986
0.69 0.4002499999999991
0.73 0.414299999999999
0.67 0.3658499999999998
0.67 0.3850499999999991
0.67 0.3752999999999996
0.67 0.37084999999999957
0.67 0.41744999999999904
0.67 0.46439999999999826
0.67 0.5097999999999981
0.67 0.48594999999999766
0.67 0.5093499999999981
0.67 0.5456999999999986
0.67 0.48064999999999797
0.67 0.4808999999999979
0.7 0.5141499999999984
0.7 0.4761999999999979
0.7 0.496349999999998
0.7 0.5210499999999981
0.7 0.46379999999999805
0.67 0.460449999999998
0.67 0.4516499999999979
0.67 0.4335499999999986
0.67 0.4512999999999981
0.67 0.38194999999999985
0.67 0.40059999999999946
0.67 0.38484999999999986
0.67 0.4257499999999989
0.67 0.4341499999999985
0.67 0.44189999999999857
0.67 0.4779499999999978
0.67 0.462399999999998
0.67 0.48694999999999866
0.67 0.45714999999999806
0.67 0.4921999999999982
0.67 0.4558499999999981
0.67 0.4061999999999991
0.67 0.45729999999999804
0.67 0.5371499999999994
0.67 0.482799999999999
0.67 0.5144499999999982
0.67 0.44499999999999773
0.67 0.4702999999999986
0.67 0.5681499999999999
0.67 0.46734999999999843
0.67 0.4914999999999997
0.35 0.3207000000000002
0.39 0.3238000000000001
0.64 0.3288
0.64 0.3429999999999998
0.67 0.4478499999999984
0.67 0.4960999999999976
0.67 0.43934999999999824
0.67 0.5135999999999977
0.67 0.46824999999999756
0.67 0.42684999999999884
0.58 0.3803499999999998
0.58 0.3270500000000004
0.58 0.3363000000000009
0.66 0.3612
0.67 0.3690499999999998
0.67 0.37994999999999984
0.67 0.3835999999999998
0.67 0.3992499999999994
0.67 0.4067499999999991
0.67 0.40719999999999923
0.67 0.4247499999999987
0.67 0.41954999999999887
0.67 0.42724999999999874
0.67 0.40649999999999925
0.67 0.4148999999999989
0.67 0.4383999999999982
0.67 0.410699999999999
0.64 0.4340999999999983
0.67 0.43849999999999845
0.67 0.4300999999999985
0.67 0.44339999999999824
0.67 0.46724999999999767
0.67 0.4834999999999978
0.67 0.49969999999999815
0.67 0.5319999999999985
0.67 0.5103499999999985
0.67 0.5262499999999988
0.67 0.582349999999999
0.67 0.5827499999999998
0.67 0.5470499999999988
0.67 0.5887499999999996
0.67 0.5952999999999995
0.67 0.6356000000000002
0.67 0.6014999999999997
0.67 0.6105
0.67 0.47389999999999755
0.67 0.41434999999999844
0.67 0.3602499999999991
0.67 0.38154999999999895
0.67 0.4025499999999994
0.67 0.3971499999999992
0.67 0.43064999999999853
0.67 0.3895999999999995
0.67 0.3989499999999993
0.67 0.4265999999999984
0.67 0.4344999999999983
0.67 0.4706499999999979
0.67 0.5424499999999988
0.67 0.5796999999999999
0.67 0.5798999999999997
0.67 0.5997000000000001
0.67 0.5298999999999985
0.67 0.5575999999999992
0.67 0.6084500000000003
0.67 0.6236500000000003
0.67 0.6413000000000006
0.67 0.6520500000000011
0.67 0.6457000000000009
0.67 0.6420500000000008
0.67 0.6389500000000006
0.67 0.6387000000000007
0.67 0.6413000000000006
0.67 0.6298000000000004
0.67 0.6127999999999999
0.67 0.6349500000000005
0.67 0.5993999999999998
0.67 0.637100000000001
0.67 0.6443500000000008
0.67 0.5527999999999986
0.67 0.6202500000000003
0.67 0.6330500000000003
0.67 0.6399500000000005
0.67 0.6493000000000007
0.67 0.6488500000000008
0.67 0.657650000000001
0.67 0.645350000000001
0.67 0.6375000000000006
0.67 0.6338500000000008
0.67 0.5933499999999998
0.67 0.39464999999999967
0.67 0.4008499999999996
0.67 0.4089499999999993
0.67 0.4329999999999989
0.67 0.46444999999999803
0.67 0.49649999999999755
0.67 0.5869999999999993
0.67 0.6026499999999995
0.67 0.5958999999999994
0.67 0.5920499999999996
0.67 0.6037000000000002
0.67 0.6266000000000008
0.67 0.6411500000000012
0.67 0.6446500000000012
0.67 0.6609500000000013
0.67 0.6628000000000012
0.67 0.652900000000001
0.67 0.6485000000000011
0.67 0.6448500000000011
0.67 0.6327000000000007
0.67 0.6330500000000008
0.67 0.6463500000000008
0.67 0.6493500000000008
0.67 0.6469500000000008
0.67 0.5385999999999985
0.67 0.564049999999999
0.67 0.5959499999999999
0.67 0.5874999999999998
0.67 0.6345000000000008
0.67 0.5669499999999992
0.67 0.3721500000000001
0.67 0.6181500000000003
0.67 0.560649999999999
0.67 0.47874999999999795
0.67 0.5643999999999988
0.67 0.6041000000000001
0.67 0.6363000000000008
0.67 0.6430500000000009
0.67 0.6171500000000002
0.67 0.5689499999999991
0.67 0.6047999999999998
0.67 0.4534999999999985
0.67 0.6229500000000004
0.67 0.6228000000000002
0.67 0.4397499999999988
0.67 0.6539500000000009
0.67 0.6553000000000011
0.67 0.6423000000000006
0.67 0.5759499999999993
0.67 0.6326000000000005
0.67 0.45614999999999845
0.67 0.6127499999999999
0.67 0.6256500000000004
0.67 0.6070500000000003
0.67 0.6347000000000007
0.67 0.6220000000000003
0.67 0.6360000000000008
0.67 0.36370000000000025
0.67 0.3559500000000003
0.67 0.35955000000000026
0.67 0.35305000000000036
0.66 0.36725000000000024
0.67 0.3558500000000004
0.67 0.3604000000000003
0.67 0.38019999999999987
0.67 0.3963999999999994
0.67 0.4067999999999992
0.67 0.4156499999999991
0.67 0.3756999999999999
0.67 0.4148999999999989
0.67 0.43429999999999874
0.67 0.4366499999999987
0.67 0.3571500000000003
0.67 0.35640000000000027
0.67 0.37180000000000013
0.67 0.3580000000000003
0.35 0.3500000000000004
0.67 0.3531500000000004
0.35 0.3500000000000004
0.67 0.3604500000000002
0.35 0.3500000000000004
0.35 0.34825000000000045
0.35 0.3500000000000004
0.35 0.3500000000000004
0.35 0.3500000000000004
0.35 0.3500000000000004
0.35 0.3500000000000004
0.35 0.3500000000000004
0.35 0.3500000000000004
0.35 0.3500000000000004
0.35 0.3500000000000004
0.35 0.3500000000000004
0.35 0.3500000000000004
0.35 0.3500000000000004
0.35 0.3500000000000004
0.35 0.3500000000000004
0.6 0.35250000000000037
0.6 0.35500000000000037
0.6 0.35375000000000034
0.6 0.36110000000000025
0.67 0.3736500000000001
0.67 0.38304999999999995
0.67 0.3927499999999997
0.67 0.3980999999999995
0.67 0.39739999999999964
0.67 0.4292999999999989
0.67 0.45379999999999826
0.67 0.5058499999999981
0.67 0.4997999999999979
0.67 0.5562999999999978
0.67 0.5692999999999985
0.67 0.48099999999999776
0.67 0.5266999999999977
0.67 0.6026999999999993
0.67 0.5481999999999982
0.67 0.557099999999998
0.67 0.6021499999999997
0.67 0.5843499999999991
0.67 0.5857999999999994
0.67 0.5018499999999978
0.67 0.5103999999999983
0.67 0.5868499999999996
0.67 0.5740499999999992
0.67 0.60485
0.67 0.5905999999999997
0.67 0.5884999999999997
0.67 0.6156500000000004
0.67 0.6275000000000008
0.67 0.635950000000001
0.67 0.6222500000000005
0.67 0.6298500000000007
0.67 0.6363000000000008
0.67 0.568099999999999
0.67 0.6199000000000002
0.67 0.6178500000000005
0.67 0.6054500000000003
0.67 0.60665
0.67 0.5994000000000002
0.67 0.5990499999999999
0.67 0.6212500000000003
0.67 0.6359500000000006
0.67 0.549849999999999
0.67 0.6056
0.67 0.6212000000000004
0.67 0.6073500000000002
0.67 0.6227000000000005
0.67 0.6291500000000005
0.67 0.6364000000000007
0.67 0.6276000000000006
0.67 0.6298000000000007
0.67 0.6358500000000007
0.67 0.6002000000000001
0.67 0.6239500000000002
0.67 0.6327000000000004
0.67 0.6390000000000008
0.67 0.6365000000000008
0.67 0.6235000000000005
0.67 0.6227500000000006
0.67 0.6441500000000011
0.67 0.644050000000001
0.67 0.6409500000000007
0.67 0.6313500000000006
0.67 0.6087500000000001
0.67 0.6081500000000001
0.67 0.5994499999999999
0.67 0.6025499999999999
0.67 0.6266500000000003
0.67 0.6429000000000009
0.67 0.6263500000000006
0.67 0.5340499999999988
0.67 0.4960499999999978
0.67 0.5730999999999995
0.67 0.5882999999999999
0.67 0.5911499999999998
0.67 0.6034999999999999
0.67 0.6218500000000003
0.67 0.6362000000000009
0.67 0.5702999999999994
0.67 0.6244500000000004
0.67 0.6313500000000007
0.67 0.6343000000000006
0.67 0.6230500000000004
0.67 0.3566499999999994
0.67 0.5688499999999995
0.67 0.5489999999999988
0.67 0.5200499999999978
0.67 0.5622499999999989
0.67 0.5943999999999998
0.67 0.59695
0.67 0.5866499999999999
0.67 0.6177500000000005
0.67 0.6273000000000006
0.67 0.6231000000000004
0.67 0.6103000000000002
0.67 0.6250500000000005
0.67 0.6297000000000008
0.67 0.6475500000000012
0.67 0.6395500000000007
0.67 0.6340500000000008
0.67 0.6235000000000008
0.67 0.5531499999999986
0.67 0.5686499999999988
0.67 0.5768999999999989
0.67 0.5173999999999972
0.67 0.534449999999998
0.67 0.5511499999999985
0.67 0.5264499999999976
0.67 0.5496499999999989
0.67 0.6030999999999994
0.67 0.6241999999999998
0.67 0.6211999999999996
0.67 0.6399000000000001
0.67 0.6192
0.67 0.6497500000000006
0.67 0.6401000000000007
0.67 0.6519500000000009
0.67 0.6374000000000004
0.67 0.6365000000000005
0.67 0.641800000000001
0.67 0.6429500000000007
0.67 0.6336000000000004
0.67 0.6395500000000006
0.67 0.6369500000000006
0.67 0.6395000000000006
0.67 0.643650000000001
0.67 0.6298500000000006
0.67 0.6407500000000006
0.67 0.6304000000000005
0.67 0.6349500000000006
0.67 0.6238500000000002
0.67 0.6371000000000003
0.67 0.6279500000000005
0.67 0.6208500000000001
0.67 0.6279500000000001
0.67 0.6462500000000007
0.67 0.6388500000000006
0.67 0.646300000000001
0.67 0.6403500000000009
0.67 0.646700000000001
0.67 0.6511500000000011
0.67 0.6467500000000008
0.67 0.6469500000000008
0.67 0.6489500000000009
0.67 0.6477000000000008
0.67 0.6476500000000012
0.67 0.649050000000001
0.67 0.6513000000000011
0.67 0.5681499999999992
0.67 0.3647000000000002
0.67 0.3698500000000001
0.67 0.5976999999999998
0.67 0.6224000000000003
0.67 0.6308500000000005
0.67 0.38299999999999995
0.67 0.35640000000000027
0.67 0.35760000000000025
0.67 0.3626000000000002
0.67 0.3581000000000003
0.67 0.3580000000000003
0.67 0.35640000000000027
0.67 0.35320000000000035
0.67 0.35320000000000035
0.67 0.3608000000000003
0.67 0.3622000000000002
0.67 0.36640000000000017
0.67 0.3608000000000003
0.67 0.35460000000000036
0.67 0.35320000000000035
0.67 0.3548000000000004
0.67 0.3608000000000003
0.67 0.3596000000000003
0.67 0.35320000000000035
0.67 0.35320000000000035
0.67 0.35320000000000035
0.67 0.35320000000000035
0.67 0.3596000000000003
0.67 0.3596000000000003
0.67 0.3596000000000003
0.67 0.35640000000000027
0.67 0.35640000000000027
0.67 0.35455000000000036
0.35 0.3500000000000004
0.67 0.35610000000000036
0.35 0.3500000000000004
0.67 0.35640000000000027
0.35 0.3500000000000004
0.35 0.3500000000000004
0.67 0.35320000000000035
0.67 0.35320000000000035
0.67 0.35320000000000035
0.67 0.35320000000000035
0.67 0.35640000000000027
0.67 0.3591000000000003
0.67 0.36120000000000024
0.67 0.35320000000000035
0.67 0.35320000000000035
0.67 0.3544500000000004
0.67 0.35320000000000035
0.67 0.3580000000000003
0.67 0.35320000000000035
0.67 0.35320000000000035
0.67 0.3640000000000002
0.67 0.35980000000000023
0.67 0.35425000000000034
0.67 0.3535500000000003
0.67 0.35320000000000035
0.67 0.3580000000000003
0.67 0.35750000000000026
0.67 0.35320000000000035
0.67 0.3516000000000004
0.67 0.35430000000000034
0.67 0.35565000000000035
0.67 0.3529500000000004
0.67 0.3529500000000004
0.67 0.3577500000000003
0.67 0.35200000000000037
0.67 0.35180000000000033
0.67 0.3564500000000003
0.67 0.35635000000000033
0.67 0.3627500000000002
0.67 0.3625000000000002
0.67 0.36105000000000026
0.67 0.3594000000000003
0.67 0.35785000000000033
0.67 0.36485000000000023
0.67 0.36230000000000023
0.67 0.3696000000000001
0.67 0.35635000000000033
0.67 0.36050000000000026
0.67 0.37165000000000004
0.67 0.35320000000000035
0.67 0.35320000000000035
0.67 0.3554500000000003
0.67 0.35320000000000035
0.67 0.3596000000000003
0.67 0.3563000000000003
0.67 0.35945000000000027
0.67 0.36815000000000014
0.67 0.36255000000000026
0.67 0.3572500000000003
0.67 0.35320000000000035
