0.8 0.41247000000000505
0.93 0.455330000000005
0.93 0.4833300000000051
0.93 0.5117500000000046
0.94 0.5451300000000018
0.95 0.5644000000000022
0.95 0.5942899999999994
0.95 0.608939999999998
0.97 0.6340199999999975
0.97 0.6567599999999973
0.97 0.666839999999997
0.97 0.6737299999999974
0.99 0.6820599999999966
0.99 0.7004399999999941
0.99 0.7123499999999932
0.99 0.7124899999999934
0.99 0.7306700000000002
0.99 0.7304299999999996
0.99 0.7493700000000025
0.99 0.7544699999999996
0.99 0.7460699999999998
0.99 0.755140000000002
0.99 0.757060000000004
0.99 0.7762000000000074
0.99 0.7853100000000033
0.99 0.7918600000000057
0.99 0.8022200000000055
0.99 0.803520000000004
0.99 0.8022600000000021
0.99 0.8147400000000045
0.99 0.8325100000000044
0.99 0.8394900000000027
0.99 0.8408100000000037
0.99 0.8470600000000028
0.99 0.8452600000000029
0.99 0.8489900000000027
0.99 0.8539400000000013
0.99 0.8595299999999991
0.99 0.8698499999999965
0.99 0.864099999999997
0.99 0.870909999999997
0.99 0.8697099999999937
0.99 0.8700599999999951
0.99 0.8718799999999953
0.99 0.8714399999999947
0.99 0.866069999999997
0.99 0.8670099999999971
0.99 0.8680899999999969
0.99 0.8761499999999964
0.99 0.8707499999999959
0.99 0.8639199999999954
0.99 0.8696799999999946
0.99 0.8664599999999986
0.99 0.8590099999999976
0.99 0.8638099999999963
0.99 0.8628399999999983
0.99 0.8626799999999976
0.99 0.8591599999999973
0.99 0.8628899999999982
0.99 0.8568699999999977
0.99 0.8678399999999976
0.99 0.8738999999999968
0.99 0.8678399999999986
0.99 0.8674999999999987
0.99 0.8635800000000003
0.99 0.8646499999999993
0.99 0.8584500000000009
0.99 0.873869999999996
0.99 0.8740099999999994
0.99 0.8750500000000007
0.99 0.87396
0.99 0.87475
0.99 0.8747900000000026
0.99 0.8728800000000041
0.99 0.8700400000000028
0.99 0.8771000000000024
0.99 0.8830100000000053
0.99 0.8837500000000044
0.99 0.8903800000000043
0.99 0.8727100000000003
0.99 0.8797200000000023
0.99 0.8704399999999985
0.99 0.8737100000000001
0.99 0.8755299999999961
0.99 0.8686799999999966
0.99 0.8663800000000003
0.99 0.8676899999999985
0.99 0.8695399999999974
0.99 0.8753199999999975
0.99 0.869639999999998
0.99 0.867099999999998
0.99 0.8665599999999976
0.99 0.8612200000000004
0.99 0.8790499999999968
0.99 0.8805499999999987
0.99 0.8719999999999957
0.99 0.872139999999996
0.99 0.8777299999999961
0.99 0.8764499999999977
0.99 0.8688099999999985
