0.30000000000000004 0.5855200000000058
0.30000000000000004 0.5511200000000052
0.040000000000000036 0.5067800000000038
0.07999999999999996 0.45718000000000275
0.07999999999999996 0.4342000000000025
0.07999999999999996 0.40760000000000207
0.07999999999999996 0.38394000000000156
0.020000000000000018 0.3658000000000018
0.020000000000000018 0.3509200000000019
0.020000000000000018 0.33308000000000193
0.020000000000000018 0.3346200000000018
0.020000000000000018 0.3215000000000018
0.020000000000000018 0.31122000000000194
0.020000000000000018 0.30444000000000176
0.020000000000000018 0.3116600000000019
0.020000000000000018 0.3004800000000019
0.020000000000000018 0.2931000000000017
0.020000000000000018 0.29226000000000196
0.020000000000000018 0.28066000000000124
0.020000000000000018 0.28236000000000133
0.020000000000000018 0.275640000000001
0.020000000000000018 0.2781600000000012
0.020000000000000018 0.2594600000000006
0.020000000000000018 0.2670600000000009
0.020000000000000018 0.2642600000000007
0.020000000000000018 0.2635800000000009
0.020000000000000018 0.25126000000000076
0.020000000000000018 0.2476600000000009
0.020000000000000018 0.24442000000000055
0.020000000000000018 0.23912000000000044
0.020000000000000018 0.23474000000000037
0.020000000000000018 0.23494000000000034
0.020000000000000018 0.2255000000000006
0.020000000000000018 0.22668000000000021
0.020000000000000018 0.21494000000000066
0.020000000000000018 0.22156000000000045
0.020000000000000018 0.2107800000000004
0.020000000000000018 0.20396000000000047
0.020000000000000018 0.20752000000000012
0.020000000000000018 0.19566000000000036
0.020000000000000018 0.20326000000000027
0.020000000000000018 0.19890000000000027
0.020000000000000018 0.20166000000000026
0.020000000000000018 0.18476000000000034
0.020000000000000018 0.1943400000000005
0.020000000000000018 0.18424000000000015
0.020000000000000018 0.18362000000000006
0.020000000000000018 0.19666000000000033
0.020000000000000018 0.1840200000000003
0.020000000000000018 0.17836000000000005
0.020000000000000018 0.1820400000000002
0.020000000000000018 0.17718000000000017
0.020000000000000018 0.16456000000000015
0.020000000000000018 0.16893999999999976
0.020000000000000018 0.16577999999999984
0.020000000000000018 0.17341999999999982
0.020000000000000018 0.17735999999999993
0.020000000000000018 0.16700000000000004
0.020000000000000018 0.1665200000000001
0.020000000000000018 0.15600000000000003
0.020000000000000018 0.1617599999999998
0.020000000000000018 0.16906000000000004
0.020000000000000018 0.16395999999999974
0.020000000000000018 0.1697
0.020000000000000018 0.1600199999999998
0.020000000000000018 0.16001999999999986
0.020000000000000018 0.16366000000000003
0.020000000000000018 0.16691999999999996
0.020000000000000018 0.16387999999999991
0.020000000000000018 0.1717800000000003
0.020000000000000018 0.17010000000000036
0.020000000000000018 0.17130000000000012
0.020000000000000018 0.18606000000000036
0.020000000000000018 0.18000000000000016
0.020000000000000018 0.17954000000000017
0.020000000000000018 0.18400000000000052
0.020000000000000018 0.1828200000000002
0.020000000000000018 0.17190000000000027
0.020000000000000018 0.17791999999999997
0.020000000000000018 0.1739000000000004
0.020000000000000018 0.17868000000000028
0.020000000000000018 0.17353999999999997
0.020000000000000018 0.17612000000000028
0.020000000000000018 0.18140000000000023
0.020000000000000018 0.1754200000000001
0.020000000000000018 0.18756000000000023
0.020000000000000018 0.18788
0.020000000000000018 0.16858000000000017
0.020000000000000018 0.1734400000000001
0.020000000000000018 0.1674800000000001
0.020000000000000018 0.16462000000000016
0.020000000000000018 0.16530000000000009
0.020000000000000018 0.15811999999999982
0.020000000000000018 0.16317999999999994
0.020000000000000018 0.1617400000000002
0.020000000000000018 0.1608199999999998
0.020000000000000018 0.15769999999999987
0.020000000000000018 0.16989999999999986
0.020000000000000018 0.18829999999999994
0.020000000000000018 0.17361999999999994
