0.77 0.4127999999999997
0.68 0.4140999999999993
0.8 0.4396999999999984
0.68 0.44474999999999837
0.68 0.4262999999999988
0.68 0.41019999999999923
0.8 0.38979999999999976
0.76 0.4560999999999983
0.83 0.41809999999999853
0.79 0.4531499999999982
0.79 0.4404999999999981
0.68 0.4536499999999984
0.71 0.49194999999999856
0.67 0.44624999999999815
0.67 0.48219999999999863
0.67 0.4132499999999991
0.9 0.46339999999999804
0.8 0.487949999999999
0.89 0.5233499999999992
0.86 0.4893499999999996
0.85 0.5359999999999993
0.9 0.4758999999999989
0.67 0.46914999999999835
0.78 0.4859999999999991
0.67 0.5384499999999995
0.68 0.5174
0.68 0.5902500000000002
0.85 0.6236000000000002
0.68 0.4465499999999977
0.87 0.5317000000000004
0.66 0.38489999999999897
0.66 0.4204499999999976
0.67 0.4448999999999982
0.67 0.47759999999999947
0.68 0.5175999999999997
0.72 0.5052000000000002
0.72 0.5120999999999998
0.77 0.5264999999999999
0.77 0.5225500000000003
0.8 0.5014499999999988
0.8 0.5079499999999986
0.67 0.5112999999999984
0.68 0.5455499999999989
0.84 0.5602499999999995
0.84 0.5919499999999999
0.68 0.5959
0.95 0.6288000000000001
0.67 0.6399500000000011
0.68 0.6574000000000013
0.68 0.658800000000001
0.72 0.6435500000000002
0.71 0.653350000000001
0.81 0.6449500000000006
0.92 0.6369500000000002
0.91 0.5697499999999991
0.93 0.6115499999999994
0.93 0.6638499999999995
0.95 0.6868499999999992
0.94 0.7060500000000005
0.95 0.765699999999999
0.95 0.8229999999999991
0.95 0.8231499999999983
0.94 0.8197499999999994
0.95 0.8565499999999991
0.95 0.8500499999999991
0.95 0.8504499999999996
0.95 0.8620000000000002
0.95 0.9151000000000009
0.95 0.8615500000000006
0.95 0.9429999999999987
0.95 0.9327999999999983
0.95 0.9270999999999987
0.95 0.9436499999999981
0.95 0.7851999999999998
0.95 0.6577499999999994
0.95 0.8199499999999993
0.95 0.818999999999999
0.95 0.8221499999999985
0.95 0.89585
0.95 0.7906499999999993
0.95 0.8411000000000004
0.95 0.8042999999999998
0.95 0.6842999999999989
0.95 0.8280999999999995
0.95 0.7591499999999991
0.67 0.6242999999999996
0.67 0.6601500000000007
0.67 0.6439500000000007
0.95 0.7358499999999997
0.95 0.6972500000000009
0.79 0.631400000000001
0.76 0.6726500000000013
0.95 0.7340000000000004
0.95 0.7486000000000006
0.95 0.6755999999999999
0.68 0.4539999999999993
0.68 0.5323499999999993
0.74 0.44419999999999893
0.67 0.3989999999999993
0.73 0.4838999999999991
0.68 0.5122499999999994
0.68 0.5996000000000002
0.93 0.6303999999999997
0.95 0.7085000000000012
0.95 0.7609000000000011
0.95 0.7234000000000016
0.95 0.6016999999999981
0.95 0.7065499999999995
0.85 0.47099999999999814
0.85 0.5639999999999997
0.95 0.7301500000000017
0.95 0.719150000000001
0.94 0.7065000000000028
0.95 0.684200000000001
0.95 0.7070500000000003
0.95 0.72095
0.95 0.7373999999999994
0.95 0.7806999999999981
0.88 0.7372499999999986
0.84 0.6869000000000007
0.84 0.7134999999999997
0.74 0.6498000000000007
0.74 0.6531000000000006
0.67 0.6481500000000014
0.67 0.669750000000001
0.68 0.6630000000000016
0.74 0.6574500000000006
0.74 0.6640500000000006
0.74 0.6855499999999998
0.74 0.6775500000000005
0.74 0.6859000000000007
0.74 0.6978499999999993
0.74 0.7082999999999984
0.74 0.7081499999999992
0.74 0.6857499999999992
0.74 0.7142499999999987
0.78 0.7083499999999993
0.74 0.7211499999999996
0.78 0.7055000000000002
0.8 0.7203999999999993
0.8 0.7255499999999989
0.83 0.7241499999999984
0.83 0.7004999999999996
0.85 0.7161999999999995
0.85 0.7031499999999997
0.86 0.7268499999999979
0.86 0.7329499999999982
0.86 0.7474499999999976
0.75 0.6793000000000002
0.75 0.7047999999999994
0.75 0.6946499999999997
0.74 0.7070500000000005
0.74 0.7142999999999994
0.74 0.7180499999999987
0.86 0.7342999999999985
0.86 0.7538499999999984
0.86 0.776499999999999
0.92 0.7910500000000005
0.92 0.7975999999999998
0.74 0.7227999999999996
0.8 0.7334499999999983
0.74 0.7275999999999982
0.86 0.8194999999999995
0.86 0.8144999999999993
0.93 0.82785
0.93 0.8171500000000002
0.93 0.7937499999999994
0.93 0.7647999999999999
0.92 0.6167999999999996
