0.42000000000000004 0.6447000000000004
0.42000000000000004 0.6503000000000005
0.42000000000000004 0.6626000000000003
0.14 0.6627000000000005
0.14 0.6603000000000001
0.28 0.6526
0.43999999999999995 0.6679
0.42000000000000004 0.674
0.31999999999999995 0.6495999999999998
0.16000000000000003 0.6597999999999996
0.31999999999999995 0.6399999999999996
0.42000000000000004 0.6224999999999994
0.42000000000000004 0.6449999999999996
0.33999999999999997 0.6335999999999995
0.42000000000000004 0.6602000000000002
0.45999999999999996 0.6520999999999997
0.42000000000000004 0.6532999999999997
0.06000000000000005 0.6563999999999992
0.42000000000000004 0.6699999999999997
0.42000000000000004 0.6539999999999998
0.42000000000000004 0.6456999999999994
0.42000000000000004 0.6709999999999989
0.42000000000000004 0.6547999999999992
0.42000000000000004 0.6516999999999995
0.42000000000000004 0.6450999999999993
0.42000000000000004 0.6742999999999992
0.42000000000000004 0.6420999999999998
0.48 0.6441999999999994
0.43999999999999995 0.6206999999999995
0.42000000000000004 0.6241999999999994
0.30000000000000004 0.6008999999999998
0.30000000000000004 0.5807000000000001
0.30000000000000004 0.5701
0.30000000000000004 0.5616999999999999
0.42000000000000004 0.5937
0.42000000000000004 0.5665
0.42000000000000004 0.5817000000000001
0.42000000000000004 0.5491999999999999
0.42000000000000004 0.5601
0.42000000000000004 0.5637999999999999
0.42000000000000004 0.5715000000000002
0.42000000000000004 0.5819000000000001
0.42000000000000004 0.6010000000000002
0.42000000000000004 0.5869000000000004
0.42000000000000004 0.5560000000000002
0.42000000000000004 0.5625999999999998
0.42000000000000004 0.5451999999999999
0.42000000000000004 0.5986999999999996
0.42000000000000004 0.5491000000000001
0.42000000000000004 0.5471999999999999
0.42000000000000004 0.5369000000000002
0.42000000000000004 0.532
0.42000000000000004 0.5395000000000005
0.42000000000000004 0.5095000000000001
0.42000000000000004 0.5589000000000004
0.42000000000000004 0.5826000000000005
0.42000000000000004 0.5445000000000004
0.42000000000000004 0.5154
0.42000000000000004 0.5402999999999999
0.42000000000000004 0.5143
0.42000000000000004 0.5008000000000008
0.42000000000000004 0.5164000000000004
0.42000000000000004 0.5208000000000006
0.42000000000000004 0.5726000000000002
0.42000000000000004 0.5502000000000001
0.42000000000000004 0.5587000000000008
0.42000000000000004 0.5151000000000002
0.42000000000000004 0.5525000000000005
0.42000000000000004 0.5406000000000003
0.42000000000000004 0.5156000000000003
0.42000000000000004 0.5211000000000003
0.42000000000000004 0.5344000000000004
0.42000000000000004 0.5642000000000001
0.42000000000000004 0.5341000000000006
0.42000000000000004 0.5088000000000007
0.42000000000000004 0.5294000000000004
0.42000000000000004 0.5473
0.42000000000000004 0.49970000000000037
0.42000000000000004 0.47090000000000026
0.42000000000000004 0.4791000000000001
0.42000000000000004 0.5014000000000001
0.42000000000000004 0.49420000000000064
0.42000000000000004 0.5022000000000003
0.42000000000000004 0.5000000000000001
0.42000000000000004 0.5134000000000003
0.42000000000000004 0.5092000000000002
0.42000000000000004 0.5713999999999999
0.42000000000000004 0.5525
0.42000000000000004 0.5473999999999998
0.42000000000000004 0.5007000000000001
0.42000000000000004 0.49230000000000024
0.42000000000000004 0.49620000000000003
0.42000000000000004 0.45700000000000074
0.42000000000000004 0.4987000000000003
0.42000000000000004 0.5356000000000001
0.42000000000000004 0.5066000000000005
0.42000000000000004 0.4874000000000006
0.42000000000000004 0.47840000000000055
0.42000000000000004 0.48200000000000043
0.42000000000000004 0.4962000000000003
0.42000000000000004 0.5038000000000004
0.42000000000000004 0.4641000000000007
0.42000000000000004 0.4785000000000007
0.42000000000000004 0.47400000000000075
0.42000000000000004 0.46250000000000063
0.42000000000000004 0.4644000000000006
0.42000000000000004 0.4619000000000005
0.42000000000000004 0.4467000000000008
0.42000000000000004 0.4441000000000006
0.42000000000000004 0.45060000000000067
0.42000000000000004 0.48410000000000003
0.42000000000000004 0.4844
0.42000000000000004 0.5279999999999997
0.42000000000000004 0.5005000000000002
0.42000000000000004 0.5129999999999999
0.42000000000000004 0.46980000000000005
0.42000000000000004 0.4592000000000005
0.42000000000000004 0.46480000000000055
0.42000000000000004 0.49470000000000025
0.42000000000000004 0.5434
0.42000000000000004 0.5116000000000002
0.42000000000000004 0.4906999999999999
0.42000000000000004 0.4760000000000001
0.42000000000000004 0.47690000000000027
0.42000000000000004 0.46460000000000057
0.42000000000000004 0.46110000000000084
0.42000000000000004 0.46570000000000095
0.42000000000000004 0.5206000000000003
0.42000000000000004 0.5237999999999999
0.42000000000000004 0.47360000000000063
0.42000000000000004 0.4614000000000008
0.42000000000000004 0.4420000000000011
0.42000000000000004 0.4473000000000009
0.42000000000000004 0.44830000000000114
0.42000000000000004 0.43970000000000115
0.42000000000000004 0.44020000000000103
0.42000000000000004 0.5342999999999999
0.42000000000000004 0.4449000000000008
0.42000000000000004 0.431500000000001
0.42000000000000004 0.43910000000000105
0.42000000000000004 0.44580000000000075
0.42000000000000004 0.453000000000001
0.42000000000000004 0.4454000000000009
0.42000000000000004 0.44690000000000096
0.42000000000000004 0.4545000000000008
0.42000000000000004 0.4326000000000011
0.42000000000000004 0.4400000000000012
0.42000000000000004 0.44530000000000103
0.42000000000000004 0.439800000000001
0.42000000000000004 0.44190000000000096
0.42000000000000004 0.4320000000000011
0.42000000000000004 0.4298000000000012
0.42000000000000004 0.42430000000000123
0.42000000000000004 0.448700000000001
0.42000000000000004 0.44670000000000093
0.42000000000000004 0.49870000000000075
0.42000000000000004 0.4661000000000008
0.42000000000000004 0.44410000000000094
0.42000000000000004 0.5054000000000008
0.42000000000000004 0.472100000000001
0.42000000000000004 0.4317000000000011
0.42000000000000004 0.45500000000000085
0.42000000000000004 0.45490000000000064
0.42000000000000004 0.5138000000000004
0.42000000000000004 0.5138000000000005
0.42000000000000004 0.49720000000000014
0.42000000000000004 0.46800000000000064
0.42000000000000004 0.45940000000000053
0.42000000000000004 0.4578000000000009
0.42000000000000004 0.444500000000001
0.42000000000000004 0.4382000000000011
0.42000000000000004 0.4305000000000009
0.42000000000000004 0.4592000000000007
0.42000000000000004 0.4820000000000006
0.42000000000000004 0.5106000000000003
0.42000000000000004 0.4930000000000003
0.42000000000000004 0.4788000000000004
0.42000000000000004 0.4713000000000005
0.42000000000000004 0.5053000000000001
0.42000000000000004 0.47540000000000043
0.42000000000000004 0.45470000000000055
0.42000000000000004 0.5383
0.42000000000000004 0.45780000000000093
0.42000000000000004 0.5910999999999994
0.42000000000000004 0.5281999999999999
0.42000000000000004 0.5121000000000003
0.42000000000000004 0.4874000000000005
0.42000000000000004 0.455800000000001
0.42000000000000004 0.45290000000000086
0.42000000000000004 0.4422000000000009
0.42000000000000004 0.43290000000000106
0.42000000000000004 0.461000000000001
0.42000000000000004 0.44690000000000096
0.42000000000000004 0.4456000000000011
0.42000000000000004 0.43410000000000115
0.42000000000000004 0.446900000000001
0.42000000000000004 0.4397000000000009
0.42000000000000004 0.4500000000000009
0.42000000000000004 0.44330000000000097
0.42000000000000004 0.440400000000001
0.42000000000000004 0.43320000000000114
0.42000000000000004 0.4270000000000012
0.42000000000000004 0.43100000000000116
0.42000000000000004 0.434900000000001
0.42000000000000004 0.43800000000000117
0.42000000000000004 0.4384000000000011
0.42000000000000004 0.43410000000000126
0.42000000000000004 0.42810000000000115
0.42000000000000004 0.42710000000000115
0.42000000000000004 0.4275000000000012
0.42000000000000004 0.44410000000000094
0.42000000000000004 0.44110000000000116
0.42000000000000004 0.440800000000001
0.42000000000000004 0.4476000000000011
0.42000000000000004 0.4463000000000011
0.42000000000000004 0.44690000000000096
0.42000000000000004 0.45030000000000087
0.42000000000000004 0.4361000000000008
0.42000000000000004 0.443500000000001
0.42000000000000004 0.44850000000000084
0.42000000000000004 0.44390000000000085
0.42000000000000004 0.436100000000001
0.42000000000000004 0.4300000000000012
0.42000000000000004 0.4329000000000012
0.42000000000000004 0.43720000000000103
0.42000000000000004 0.42910000000000115
0.42000000000000004 0.5392000000000011
0.42000000000000004 0.4682000000000006
0.42000000000000004 0.4454000000000009
0.42000000000000004 0.44510000000000105
0.42000000000000004 0.430400000000001
0.42000000000000004 0.430500000000001
0.42000000000000004 0.4338000000000012
0.42000000000000004 0.4329000000000009
0.42000000000000004 0.42910000000000104
0.42000000000000004 0.4366000000000011
0.42000000000000004 0.46630000000000094
0.42000000000000004 0.4715000000000012
0.42000000000000004 0.47840000000000094
0.42000000000000004 0.45400000000000107
0.42000000000000004 0.4436000000000011
0.42000000000000004 0.43210000000000137
0.42000000000000004 0.4487000000000013
0.42000000000000004 0.502800000000001
0.42000000000000004 0.48880000000000107
0.42000000000000004 0.4671000000000006
0.42000000000000004 0.45010000000000105
0.42000000000000004 0.46490000000000076
0.42000000000000004 0.45430000000000087
0.42000000000000004 0.471900000000001
0.42000000000000004 0.46330000000000093
0.42000000000000004 0.46090000000000086
0.42000000000000004 0.449800000000001
0.42000000000000004 0.453700000000001
0.42000000000000004 0.44160000000000105
0.42000000000000004 0.450100000000001
0.42000000000000004 0.45620000000000105
0.42000000000000004 0.4461000000000011
0.42000000000000004 0.4601000000000011
0.42000000000000004 0.4539000000000009
0.42000000000000004 0.45850000000000074
0.42000000000000004 0.46900000000000075
0.42000000000000004 0.5802000000000015
0.42000000000000004 0.511700000000001
0.42000000000000004 0.48550000000000076
0.42000000000000004 0.5072000000000012
0.42000000000000004 0.500600000000001
0.42000000000000004 0.45460000000000095
0.42000000000000004 0.4419000000000011
0.42000000000000004 0.4487000000000009
0.42000000000000004 0.450800000000001
0.42000000000000004 0.4603000000000008
0.42000000000000004 0.46830000000000077
0.42000000000000004 0.4654000000000012
0.42000000000000004 0.4505000000000012
0.42000000000000004 0.48020000000000124
0.42000000000000004 0.43940000000000107
0.42000000000000004 0.4376000000000011
0.42000000000000004 0.45020000000000115
0.42000000000000004 0.44660000000000105
0.42000000000000004 0.4318000000000013
0.42000000000000004 0.4265000000000011
0.42000000000000004 0.43530000000000113
0.42000000000000004 0.43110000000000126
0.42000000000000004 0.4296000000000012
0.42000000000000004 0.4388000000000013
0.42000000000000004 0.42800000000000127
0.42000000000000004 0.44210000000000105
0.42000000000000004 0.44830000000000114
0.42000000000000004 0.4401000000000012
0.42000000000000004 0.4359000000000012
0.42000000000000004 0.43780000000000113
0.42000000000000004 0.43990000000000107
0.42000000000000004 0.43740000000000123
0.42000000000000004 0.44200000000000117
0.42000000000000004 0.46300000000000124
0.42000000000000004 0.47870000000000135
0.42000000000000004 0.4574000000000013
0.42000000000000004 0.4669000000000012
0.42000000000000004 0.44110000000000105
0.42000000000000004 0.43150000000000127
0.42000000000000004 0.4384000000000012
0.42000000000000004 0.43850000000000106
0.42000000000000004 0.44110000000000094
0.42000000000000004 0.43270000000000125
0.42000000000000004 0.4306000000000012
0.42000000000000004 0.43190000000000117
0.42000000000000004 0.4394000000000011
0.42000000000000004 0.4404000000000012
0.42000000000000004 0.4362000000000012
0.42000000000000004 0.44240000000000107
0.42000000000000004 0.44000000000000133
0.42000000000000004 0.42840000000000134
0.42000000000000004 0.43240000000000123
0.42000000000000004 0.4315000000000012
0.42000000000000004 0.4344000000000011
0.42000000000000004 0.43000000000000127
0.42000000000000004 0.4302000000000013
0.42000000000000004 0.4291000000000013
0.42000000000000004 0.4372000000000012
0.42000000000000004 0.43580000000000124
0.42000000000000004 0.43690000000000123
0.42000000000000004 0.4273000000000012
0.42000000000000004 0.43670000000000114
0.42000000000000004 0.45200000000000096
0.42000000000000004 0.44210000000000105
0.42000000000000004 0.440100000000001
0.42000000000000004 0.44410000000000105
0.42000000000000004 0.43990000000000107
0.42000000000000004 0.4351000000000011
0.42000000000000004 0.5459
0.42000000000000004 0.5124000000000003
0.42000000000000004 0.4796000000000001
0.42000000000000004 0.4615999999999999
0.42000000000000004 0.45870000000000033
0.42000000000000004 0.4608000000000006
0.42000000000000004 0.4476000000000008
0.42000000000000004 0.4533000000000007
0.42000000000000004 0.45630000000000087
0.42000000000000004 0.4616000000000011
0.42000000000000004 0.43980000000000097
0.42000000000000004 0.6142000000000016
0.42000000000000004 0.5511000000000011
0.42000000000000004 0.5647000000000012
0.42000000000000004 0.5230000000000008
0.42000000000000004 0.49050000000000066
0.42000000000000004 0.4641000000000005
0.42000000000000004 0.46600000000000036
0.42000000000000004 0.448700000000001
0.42000000000000004 0.452300000000001
0.42000000000000004 0.450600000000001
0.42000000000000004 0.450500000000001
0.42000000000000004 0.4566000000000009
0.42000000000000004 0.444600000000001
0.42000000000000004 0.45790000000000064
0.42000000000000004 0.45020000000000077
0.42000000000000004 0.45630000000000076
0.42000000000000004 0.45760000000000084
0.42000000000000004 0.45090000000000097
0.42000000000000004 0.446900000000001
0.42000000000000004 0.45540000000000075
0.42000000000000004 0.44240000000000107
0.42000000000000004 0.44170000000000104
0.42000000000000004 0.4340000000000009
0.42000000000000004 0.43500000000000116
0.42000000000000004 0.43020000000000125
0.42000000000000004 0.44600000000000106
0.42000000000000004 0.444900000000001
0.42000000000000004 0.4345000000000011
0.42000000000000004 0.43050000000000116
0.42000000000000004 0.43690000000000107
0.42000000000000004 0.451400000000001
0.42000000000000004 0.4498000000000011
0.42000000000000004 0.44990000000000085
0.42000000000000004 0.43460000000000093
0.42000000000000004 0.43710000000000077
0.42000000000000004 0.43160000000000104
0.42000000000000004 0.4283000000000012
0.42000000000000004 0.43430000000000113
0.42000000000000004 0.42810000000000115
0.42000000000000004 0.4252000000000012
0.42000000000000004 0.43490000000000095
0.42000000000000004 0.4312000000000012
0.42000000000000004 0.4316000000000011
0.42000000000000004 0.43480000000000096
0.42000000000000004 0.4318000000000011
0.42000000000000004 0.4326000000000011
0.42000000000000004 0.4332000000000009
0.42000000000000004 0.42890000000000106
0.42000000000000004 0.4290000000000011
0.42000000000000004 0.43930000000000113
0.42000000000000004 0.43550000000000105
0.42000000000000004 0.442500000000001
0.42000000000000004 0.4312000000000009
0.42000000000000004 0.44120000000000076
0.42000000000000004 0.4367000000000008
0.42000000000000004 0.43390000000000106
0.42000000000000004 0.43570000000000114
0.42000000000000004 0.42910000000000115
0.42000000000000004 0.4314000000000011
0.42000000000000004 0.4308000000000011
0.42000000000000004 0.4334000000000011
0.42000000000000004 0.440800000000001
0.42000000000000004 0.4417000000000011
0.42000000000000004 0.4371000000000009
0.42000000000000004 0.43170000000000125
0.42000000000000004 0.43550000000000116
0.42000000000000004 0.42640000000000106
0.42000000000000004 0.4364000000000011
0.42000000000000004 0.5971999999999996
0.42000000000000004 0.5070000000000005
0.42000000000000004 0.5906999999999997
0.42000000000000004 0.5207000000000002
0.42000000000000004 0.46790000000000026
0.42000000000000004 0.4379000000000009
0.42000000000000004 0.44980000000000103
0.42000000000000004 0.5247000000000004
0.42000000000000004 0.4988000000000003
0.42000000000000004 0.4552000000000007
0.42000000000000004 0.44160000000000116
0.42000000000000004 0.43380000000000096
0.42000000000000004 0.4569000000000009
0.42000000000000004 0.4529000000000011
0.42000000000000004 0.439900000000001
0.42000000000000004 0.4534000000000009
0.42000000000000004 0.4520000000000009
0.42000000000000004 0.4613000000000008
0.42000000000000004 0.4422000000000008
0.42000000000000004 0.434600000000001
0.42000000000000004 0.43580000000000096
0.42000000000000004 0.4332000000000011
0.42000000000000004 0.427100000000001
0.42000000000000004 0.4344000000000011
0.42000000000000004 0.45070000000000093
0.42000000000000004 0.43890000000000085
0.42000000000000004 0.4418000000000009
0.42000000000000004 0.432800000000001
0.42000000000000004 0.43640000000000095
0.42000000000000004 0.44180000000000097
0.42000000000000004 0.43760000000000104
0.42000000000000004 0.4441000000000009
0.42000000000000004 0.4374000000000012
0.42000000000000004 0.4336000000000012
0.42000000000000004 0.4343000000000011
0.42000000000000004 0.4321000000000012
0.42000000000000004 0.433200000000001
0.42000000000000004 0.4638000000000008
0.42000000000000004 0.43520000000000086
0.42000000000000004 0.43370000000000075
0.42000000000000004 0.43160000000000065
0.42000000000000004 0.429200000000001
0.42000000000000004 0.43580000000000096
0.42000000000000004 0.4508000000000008
0.42000000000000004 0.4414000000000009
0.42000000000000004 0.4377000000000011
0.42000000000000004 0.4252000000000011
0.42000000000000004 0.43480000000000096
0.42000000000000004 0.43020000000000097
0.42000000000000004 0.4446000000000008
0.42000000000000004 0.430500000000001
0.42000000000000004 0.4252000000000011
0.42000000000000004 0.4430000000000011
0.42000000000000004 0.44560000000000116
0.42000000000000004 0.43710000000000115
0.42000000000000004 0.436600000000001
0.42000000000000004 0.43160000000000115
0.42000000000000004 0.4352000000000011
0.42000000000000004 0.42680000000000107
0.42000000000000004 0.43560000000000104
0.42000000000000004 0.4305000000000009
0.42000000000000004 0.435300000000001
0.42000000000000004 0.43800000000000106
0.42000000000000004 0.4720000000000006
0.42000000000000004 0.457100000000001
0.42000000000000004 0.4379000000000013
0.42000000000000004 0.42950000000000116
0.42000000000000004 0.4434000000000012
0.42000000000000004 0.44030000000000064
0.42000000000000004 0.43760000000000104
0.42000000000000004 0.4401000000000009
0.42000000000000004 0.43510000000000104
0.42000000000000004 0.43500000000000116
0.42000000000000004 0.43920000000000115
0.42000000000000004 0.433600000000001
0.42000000000000004 0.4355000000000009
0.42000000000000004 0.43160000000000104
0.42000000000000004 0.4332000000000009
0.42000000000000004 0.42980000000000124
0.42000000000000004 0.5132000000000014
0.42000000000000004 0.44640000000000074
0.42000000000000004 0.44380000000000097
0.42000000000000004 0.44930000000000075
0.42000000000000004 0.4441000000000009
0.42000000000000004 0.43980000000000097
0.42000000000000004 0.44510000000000083
0.42000000000000004 0.4700000000000008
0.42000000000000004 0.6187000000000018
0.42000000000000004 0.6186000000000016
0.42000000000000004 0.5529000000000008
0.42000000000000004 0.5210000000000007
