0.75 0.37005000000000043
0.67 0.3477500000000003
0.67 0.35815000000000036
0.67 0.39140000000000064
0.7 0.3869500000000006
0.89 0.401900000000001
0.91 0.42210000000000136
0.67 0.4028500000000014
0.66 0.39735000000000137
0.83 0.3969000000000018
0.67 0.4002500000000017
0.72 0.4306000000000011
0.71 0.3706000000000017
0.67 0.3903500000000018
0.67 0.39570000000000166
0.76 0.4016000000000015
0.83 0.40885000000000177
0.67 0.3818500000000015
0.67 0.38960000000000183
0.68 0.3955000000000022
0.75 0.39150000000000185
0.91 0.3873000000000016
0.91 0.40135000000000204
0.91 0.390500000000002
0.91 0.39850000000000224
0.74 0.4132500000000023
0.92 0.4439500000000019
0.85 0.44345000000000145
0.91 0.4322500000000016
0.84 0.4167500000000016
0.74 0.4752000000000017
0.88 0.5248000000000013
0.88 0.5064500000000006
0.88 0.494650000000001
0.95 0.5669000000000008
0.92 0.5212000000000007
0.97 0.5771000000000018
0.97 0.5363000000000006
0.97 0.5532000000000009
0.92 0.5874000000000017
0.93 0.5994500000000008
0.95 0.6064000000000009
0.95 0.6107000000000007
0.95 0.6456000000000008
0.84 0.47255000000000175
0.95 0.6753000000000011
0.93 0.665550000000001
0.93 0.5961000000000009
0.95 0.6699500000000007
0.95 0.6300000000000003
0.95 0.663750000000001
0.95 0.6417500000000007
0.95 0.6040500000000006
0.95 0.6312000000000006
0.95 0.6425000000000008
0.95 0.6292500000000006
0.9 0.6146000000000005
0.84 0.5412499999999999
0.88 0.5855000000000001
0.88 0.6404000000000001
0.92 0.6210000000000006
0.88 0.6153
0.77 0.5254499999999993
0.72 0.46909999999999935
0.83 0.5060999999999996
0.9 0.5915000000000001
0.9 0.6226000000000002
0.84 0.6030999999999996
0.84 0.6317999999999998
0.77 0.6056999999999999
0.98 0.6275500000000002
0.92 0.6539500000000011
0.92 0.6689500000000008
0.95 0.5242999999999991
0.82 0.4664999999999992
0.86 0.6350000000000008
0.91 0.5874000000000006
0.86 0.49924999999999925
0.86 0.5439500000000006
0.86 0.5463000000000008
0.86 0.5673000000000006
0.86 0.5845500000000008
0.67 0.617550000000001
0.67 0.6231000000000013
0.67 0.6223000000000011
0.81 0.4845500000000019
0.81 0.5933000000000012
0.67 0.5628000000000016
0.67 0.5773500000000015
0.67 0.5876000000000009
0.67 0.6309000000000013
0.81 0.6416000000000011
0.81 0.6334000000000012
0.71 0.6139000000000011
0.81 0.6400000000000012
0.81 0.6507500000000015
0.88 0.6466000000000015
0.88 0.6530500000000017
0.88 0.6484500000000015
0.84 0.6524500000000014
0.88 0.6583000000000014
0.88 0.6647500000000015
0.84 0.6661500000000011
0.91 0.6851000000000005
0.97 0.6874000000000013
0.97 0.6992500000000009
0.98 0.6878500000000006
0.98 0.7100500000000003
0.99 0.7214499999999997
0.99 0.7244500000000003
0.99 0.7226500000000001
0.98 0.696800000000001
0.99 0.7206500000000005
0.99 0.7178500000000008
0.99 0.7201500000000004
0.99 0.7048500000000003
0.98 0.6724500000000009
0.98 0.686400000000001
0.96 0.6641000000000009
0.96 0.7041500000000007
0.91 0.6476500000000012
0.96 0.6690000000000009
0.97 0.7028000000000009
0.98 0.6926500000000008
0.67 0.6249500000000013
0.98 0.6842000000000009
0.98 0.6807500000000011
0.98 0.6909500000000012
0.67 0.6339000000000012
0.67 0.6323500000000012
0.88 0.6473500000000015
0.96 0.6747500000000012
0.67 0.6611500000000013
0.71 0.6515500000000016
0.72 0.6617500000000014
0.67 0.6630500000000014
0.81 0.6522500000000012
0.9 0.6641500000000015
0.67 0.6616500000000015
0.91 0.6725500000000012
0.91 0.5642000000000017
0.95 0.633000000000001
0.95 0.6676500000000007
0.95 0.6633000000000014
0.97 0.6977500000000006
0.97 0.5017500000000022
0.95 0.35920000000000196
0.95 0.515550000000002
0.97 0.6819000000000013
0.97 0.7080000000000009
0.97 0.7300500000000006
0.97 0.7200500000000002
0.97 0.7326499999999999
0.97 0.7559499999999991
0.97 0.7621499999999993
0.97 0.7530000000000001
0.97 0.7708999999999996
0.97 0.788499999999999
0.97 0.7939999999999988
0.97 0.7891499999999992
0.97 0.8019499999999986
0.97 0.7685499999999998
0.97 0.7795499999999993
0.91 0.6204999999999994
0.97 0.7576000000000002
0.97 0.7558000000000001
0.97 0.788649999999999
0.97 0.812149999999999
0.97 0.7976999999999991
0.97 0.8064999999999989
0.98 0.8105
0.97 0.8261999999999986
0.98 0.8198999999999983
0.98 0.826749999999998
0.98 0.8410499999999993
0.99 0.8415499999999991
0.99 0.8540999999999989
0.99 0.8393999999999978
0.99 0.8272499999999983
0.99 0.8287999999999989
0.99 0.8237999999999982
0.99 0.831749999999998
0.99 0.7501500000000004
0.99 0.7114500000000004
0.99 0.7867000000000001
0.99 0.8196999999999994
0.99 0.7542500000000009
0.99 0.7294500000000004
0.99 0.7937500000000002
0.99 0.8041499999999988
0.99 0.7687999999999998
0.99 0.7792499999999997
0.99 0.8025999999999989
0.99 0.8238499999999999
0.67 0.3986000000000024
0.99 0.7398000000000009
0.67 0.4381000000000025
0.98 0.6346500000000006
0.99 0.7362000000000006
0.99 0.6743500000000011
0.99 0.7222000000000007
0.99 0.7508500000000008
0.99 0.5743000000000014
0.99 0.5619000000000017
0.99 0.6533500000000008
0.99 0.680300000000001
0.99 0.72335
0.99 0.7393500000000001
0.99 0.7477000000000005
0.99 0.6331499999999999
0.99 0.6141999999999991
0.98 0.6892000000000001
0.99 0.7148500000000013
0.99 0.7323500000000008
0.99 0.7180000000000016
0.98 0.654850000000001
0.98 0.6845000000000006
0.98 0.717400000000001
0.99 0.7185500000000009
0.99 0.6748500000000012
0.92 0.481850000000002
0.67 0.4932000000000019
0.98 0.6603500000000011
0.99 0.7034000000000014
0.99 0.7273000000000011
0.67 0.49625000000000197
0.67 0.5502000000000018
0.99 0.6845000000000014
0.93 0.5165500000000022
0.93 0.5794000000000018
0.98 0.6405500000000001
0.98 0.6250000000000009
0.98 0.6433000000000011
0.98 0.6124000000000015
0.98 0.6468000000000016
0.67 0.6417500000000014
0.67 0.616600000000001
0.98 0.6104500000000005
0.98 0.637650000000001
0.67 0.6357000000000014
0.67 0.6458000000000014
0.67 0.6532500000000014
0.67 0.6428000000000015
0.99 0.6717000000000012
0.98 0.6502500000000008
0.98 0.6321999999999999
0.98 0.6386000000000004
0.98 0.6691000000000017
0.98 0.6612500000000004
0.96 0.6389000000000014
0.73 0.6296000000000013
0.96 0.6208000000000008
0.98 0.6337500000000006
0.95 0.523349999999999
0.71 0.5819000000000006
0.95 0.54905
0.93 0.6069500000000012
0.95 0.6178500000000006
0.95 0.5693000000000014
0.95 0.6141500000000003
0.95 0.6327500000000006
0.95 0.655650000000001
0.98 0.5899000000000001
0.98 0.686200000000001
0.98 0.6732500000000015
0.98 0.6217500000000001
0.98 0.650500000000001
0.98 0.6447000000000008
0.98 0.689350000000001
0.98 0.6795000000000008
0.98 0.6915000000000004
0.98 0.7399000000000006
0.98 0.7405500000000005
0.98 0.7551500000000009
0.99 0.7382500000000006
0.98 0.6527000000000018
0.99 0.6847500000000007
0.98 0.7542999999999996
0.99 0.7453500000000001
0.99 0.685100000000001
0.98 0.6019500000000009
0.98 0.6384500000000014
0.98 0.7124000000000014
0.95 0.533400000000001
0.98 0.6267500000000005
0.98 0.6546500000000012
0.99 0.5997500000000007
0.99 0.6797500000000011
0.99 0.7021500000000013
0.99 0.7199000000000012
0.99 0.7268500000000013
0.99 0.7425000000000008
0.98 0.7602500000000003
0.99 0.7531500000000002
0.98 0.8042499999999996
0.99 0.7797500000000003
0.99 0.7752500000000003
0.99 0.7983499999999996
0.98 0.7802500000000004
0.98 0.8071999999999998
0.98 0.7967999999999991
0.98 0.8091999999999987
0.98 0.7328500000000001
0.98 0.8100499999999988
0.98 0.7744500000000006
0.99 0.7412500000000005
0.99 0.7409999999999997
0.99 0.7360500000000004
0.99 0.7533500000000006
0.99 0.7619499999999998
0.99 0.75375
0.99 0.7766499999999991
0.99 0.8047999999999981
0.99 0.7743500000000002
0.99 0.7539000000000007
0.98 0.7523000000000002
0.98 0.7638499999999999
0.98 0.7366000000000013
0.98 0.6897000000000009
0.98 0.6181500000000013
0.67 0.6201000000000012
0.67 0.6247000000000014
0.67 0.6430000000000012
0.67 0.6273000000000015
0.67 0.6288500000000014
0.67 0.6361500000000014
0.67 0.6275500000000013
0.97 0.6693000000000007
0.97 0.6639000000000012
0.98 0.6600500000000011
0.67 0.6331000000000007
0.67 0.6408000000000009
0.98 0.6667000000000006
0.98 0.6752500000000005
0.98 0.7002999999999999
0.98 0.7043000000000004
0.99 0.691750000000001
0.99 0.7025000000000009
0.99 0.7134500000000003
0.98 0.7175000000000007
0.98 0.707100000000001
0.98 0.6960000000000014
0.98 0.6822000000000003
0.99 0.7122000000000014
0.99 0.7398500000000006
0.99 0.7033000000000011
0.99 0.7043000000000014
0.98 0.7013000000000017
0.98 0.6487000000000013
0.99 0.7252500000000007
0.99 0.7561000000000003
0.99 0.7113500000000015
0.99 0.7414000000000006
0.99 0.7734999999999999
0.99 0.77605
0.99 0.7713499999999991
0.99 0.7702999999999999
0.99 0.7531500000000007
0.99 0.7540000000000009
0.98 0.6826000000000013
0.67 0.6392500000000011
0.67 0.6306000000000009
0.67 0.6344000000000012
0.67 0.6269500000000011
0.67 0.6419500000000012
0.67 0.6144500000000016
0.67 0.6356500000000014
0.67 0.633700000000001
0.67 0.6429000000000014
0.67 0.6301500000000014
0.67 0.6343500000000013
0.67 0.6512500000000014
0.67 0.6450000000000015
0.91 0.642900000000001
0.67 0.6458500000000013
0.67 0.6440000000000013
0.67 0.6336000000000012
0.67 0.6400000000000015
0.95 0.6417000000000012
0.95 0.618700000000001
0.95 0.6393500000000011
0.95 0.6450000000000015
0.95 0.6684000000000015
0.95 0.6589500000000015
0.95 0.6611000000000007
0.95 0.6939500000000011
0.97 0.721300000000001
0.97 0.7414500000000009
0.97 0.7478500000000012
0.97 0.7635500000000008
0.97 0.76145
0.97 0.7012000000000009
0.97 0.7071000000000008
0.97 0.7487500000000007
0.97 0.7756999999999992
0.97 0.697500000000001
0.97 0.8064999999999983
0.97 0.7915499999999984
0.97 0.7912499999999985
0.97 0.8091999999999989
0.97 0.6802000000000011
0.97 0.783849999999999
0.97 0.7986999999999993
0.97 0.7969999999999986
0.97 0.8066999999999986
0.97 0.786399999999999
0.97 0.8150499999999988
0.97 0.8155999999999983
0.97 0.8391499999999992
0.97 0.7953999999999997
0.97 0.6970500000000012
0.97 0.790449999999999
0.97 0.8249999999999992
0.97 0.8196999999999994
0.97 0.8327999999999992
0.97 0.8409999999999992
0.97 0.8704999999999999
0.97 0.8638499999999995
0.97 0.8039499999999983
0.97 0.8338499999999991
0.97 0.8389499999999985
0.97 0.8538499999999998
0.97 0.7706000000000011
0.97 0.8090999999999983
0.97 0.811999999999999
0.97 0.8263499999999996
0.97 0.820399999999999
0.97 0.8019999999999989
0.97 0.8008999999999985
0.97 0.8123999999999991
0.97 0.8065999999999994
0.97 0.8015999999999992
0.97 0.7886999999999993
0.97 0.7871999999999992
0.97 0.8319999999999979
0.97 0.7174000000000007
0.98 0.7778999999999995
0.98 0.7841999999999986
0.98 0.8317499999999987
0.98 0.8417499999999984
0.98 0.8295999999999991
0.98 0.8309499999999987
0.99 0.8084999999999991
0.99 0.8109499999999986
0.99 0.8284999999999991
0.99 0.8178999999999992
0.98 0.7932000000000002
0.99 0.8261999999999999
0.99 0.8499999999999992
0.99 0.8424499999999994
0.99 0.8483499999999999
0.99 0.707650000000001
0.99 0.8510000000000001
0.99 0.796299999999999
0.99 0.7357000000000007
0.99 0.7990499999999995
0.99 0.7981499999999991
0.99 0.8071999999999993
0.99 0.8014499999999996
0.99 0.8215999999999996
0.99 0.8283999999999985
0.99 0.812549999999999
0.99 0.832649999999999
0.99 0.8233999999999988
0.99 0.8516999999999985
0.99 0.8446999999999981
0.99 0.8455499999999988
0.99 0.8473999999999985
0.99 0.8409499999999983
0.99 0.8284499999999982
0.99 0.8444999999999981
0.99 0.8289499999999985
0.99 0.8538499999999998
0.99 0.8608500000000001
0.99 0.8594499999999985
0.99 0.8706499999999986
0.99 0.883900000000001
0.99 0.8537500000000009
0.99 0.8519499999999998
0.99 0.873199999999999
0.99 0.8948499999999997
0.99 0.873150000000001
0.99 0.8553000000000003
0.99 0.8523499999999997
0.99 0.8344999999999996
0.99 0.8597999999999999
0.99 0.8610000000000008
0.99 0.8572499999999994
0.99 0.8393999999999986
0.99 0.8525499999999993
0.99 0.8666999999999994
0.99 0.883999999999999
0.99 0.8666000000000005
0.99 0.8811000000000001
0.99 0.8654500000000005
0.99 0.8558000000000004
0.99 0.8726500000000007
0.99 0.8629000000000002
0.99 0.8633500000000008
0.99 0.7935000000000006
