0.07999999999999996 0.617800000000006
0.18000000000000005 0.5758800000000058
0.07999999999999996 0.5468000000000053
0.07999999999999996 0.5225800000000049
0.07999999999999996 0.5001000000000044
0.07999999999999996 0.475520000000003
0.040000000000000036 0.4433800000000022
0.040000000000000036 0.4253000000000018
0.040000000000000036 0.4013000000000019
0.040000000000000036 0.393160000000003
0.06000000000000005 0.3823000000000026
0.040000000000000036 0.36436000000000246
0.040000000000000036 0.35180000000000267
0.040000000000000036 0.3481200000000034
0.040000000000000036 0.3335800000000039
0.040000000000000036 0.331740000000003
0.06000000000000005 0.32598000000000377
0.06000000000000005 0.31908000000000336
0.06000000000000005 0.3164400000000035
0.06000000000000005 0.2940800000000031
0.06000000000000005 0.3014200000000029
0.06000000000000005 0.28980000000000294
0.06000000000000005 0.2913600000000031
0.06000000000000005 0.2957600000000028
0.06000000000000005 0.2919600000000026
0.06000000000000005 0.28720000000000256
0.06000000000000005 0.27518000000000237
0.06000000000000005 0.27302000000000254
0.06000000000000005 0.28082000000000257
0.06000000000000005 0.2702600000000025
0.06000000000000005 0.26300000000000223
0.06000000000000005 0.2588200000000018
0.06000000000000005 0.2635800000000024
0.06000000000000005 0.26026000000000166
0.06000000000000005 0.2595000000000016
0.06000000000000005 0.2558200000000015
0.06000000000000005 0.2390600000000012
0.06000000000000005 0.23380000000000148
0.06000000000000005 0.2513000000000012
0.06000000000000005 0.24264000000000188
0.06000000000000005 0.24330000000000152
0.06000000000000005 0.24964000000000183
0.06000000000000005 0.2352400000000014
0.06000000000000005 0.23236000000000145
0.06000000000000005 0.23830000000000132
0.06000000000000005 0.22608000000000117
0.06000000000000005 0.21850000000000083
0.06000000000000005 0.21898000000000076
0.06000000000000005 0.21472000000000058
0.06000000000000005 0.20530000000000032
0.06000000000000005 0.20766000000000023
0.06000000000000005 0.20706000000000027
0.06000000000000005 0.21308000000000032
0.06000000000000005 0.20454000000000055
0.06000000000000005 0.20838000000000043
0.06000000000000005 0.19038
0.06000000000000005 0.20211999999999994
0.06000000000000005 0.19307999999999995
0.06000000000000005 0.18935999999999958
0.06000000000000005 0.18391999999999997
0.06000000000000005 0.17155999999999963
0.06000000000000005 0.17908000000000018
0.06000000000000005 0.17576
0.06000000000000005 0.18728000000000003
0.06000000000000005 0.18580000000000002
0.06000000000000005 0.18291999999999964
0.06000000000000005 0.18095999999999957
0.06000000000000005 0.1760799999999998
0.06000000000000005 0.17901999999999954
0.06000000000000005 0.18081999999999934
0.06000000000000005 0.18073999999999935
0.06000000000000005 0.18101999999999985
0.06000000000000005 0.17797999999999967
0.06000000000000005 0.1811799999999997
0.06000000000000005 0.17685999999999932
0.06000000000000005 0.17979999999999957
0.06000000000000005 0.17967999999999948
0.06000000000000005 0.15891999999999953
0.06000000000000005 0.1659399999999994
0.06000000000000005 0.1788999999999996
0.06000000000000005 0.17057999999999945
0.06000000000000005 0.17365999999999956
0.06000000000000005 0.1766199999999995
0.06000000000000005 0.1694599999999997
0.06000000000000005 0.17615999999999973
0.06000000000000005 0.17237999999999956
0.06000000000000005 0.1720999999999994
0.06000000000000005 0.1603399999999995
0.06000000000000005 0.16255999999999945
0.06000000000000005 0.16451999999999933
0.06000000000000005 0.16365999999999947
0.06000000000000005 0.1666999999999995
0.06000000000000005 0.16277999999999948
0.06000000000000005 0.16611999999999946
0.06000000000000005 0.1719399999999994
0.06000000000000005 0.17239999999999936
0.06000000000000005 0.1796399999999995
0.06000000000000005 0.1754799999999996
0.06000000000000005 0.1710599999999994
0.06000000000000005 0.17409999999999934
