0.96 0.4264400000000017
0.96 0.4660300000000022
0.96 0.5056200000000016
0.96 0.5309900000000017
0.96 0.5621700000000003
0.96 0.5872600000000002
0.96 0.609060000000002
0.96 0.6391700000000003
0.96 0.6535399999999998
0.96 0.6649299999999991
0.96 0.6683599999999994
0.96 0.6847899999999949
0.96 0.6820299999999937
0.96 0.6935799999999923
0.96 0.7044299999999952
0.96 0.702599999999996
0.96 0.7122499999999983
0.96 0.7196800000000013
0.96 0.7261700000000045
0.97 0.7304600000000031
0.97 0.7368100000000048
0.97 0.7436200000000069
0.97 0.7388000000000038
0.97 0.7322700000000019
0.97 0.7466900000000041
0.97 0.754380000000006
0.97 0.7619500000000063
0.98 0.7639400000000064
0.98 0.7613100000000056
0.98 0.7606400000000059
0.98 0.7656900000000063
0.98 0.755220000000007
0.98 0.7747500000000079
0.99 0.7768200000000055
0.99 0.7787300000000077
0.99 0.7760500000000061
0.99 0.783890000000007
0.99 0.7884300000000067
0.99 0.7894800000000055
0.99 0.796350000000004
0.99 0.7956200000000025
0.99 0.7877600000000039
0.99 0.7963500000000049
0.99 0.8068500000000008
0.99 0.7905300000000037
0.99 0.7919500000000045
0.99 0.8032500000000027
0.99 0.8020300000000031
0.99 0.8032700000000024
0.99 0.8012300000000024
0.99 0.8199900000000018
0.99 0.8230200000000004
0.99 0.8242700000000023
0.99 0.8277100000000024
0.99 0.8257800000000022
0.99 0.834570000000002
0.99 0.8404600000000036
0.99 0.8452000000000034
0.99 0.8450700000000018
0.99 0.8471300000000044
0.99 0.8374100000000028
0.99 0.8426400000000035
0.99 0.8516500000000026
0.99 0.8407600000000028
0.99 0.8440200000000004
0.99 0.8441800000000004
0.99 0.8529300000000001
0.99 0.846130000000002
0.99 0.8468400000000014
0.99 0.8305000000000038
0.99 0.8371600000000025
0.99 0.8565500000000017
0.99 0.8573500000000022
0.99 0.8577800000000017
0.99 0.8625600000000013
0.99 0.8547500000000045
0.99 0.852730000000004
0.99 0.8533800000000047
0.99 0.8594700000000028
0.99 0.8447700000000032
0.99 0.8485700000000037
0.99 0.8608700000000015
0.99 0.8599400000000033
0.99 0.8639400000000046
0.99 0.855130000000004
0.99 0.8508200000000044
0.99 0.8440800000000054
0.99 0.8476100000000034
0.99 0.8491900000000036
0.99 0.8502500000000027
0.99 0.8534400000000042
0.99 0.870150000000003
0.99 0.8723900000000001
0.99 0.8652100000000004
0.99 0.869690000000001
0.99 0.8642600000000041
0.99 0.8790399999999988
0.99 0.8642400000000001
0.99 0.859399999999999
0.99 0.875049999999996
