0.16000000000000003 0.5768599999999979
0.16000000000000003 0.5381799999999988
0.040000000000000036 0.5062200000000001
0.040000000000000036 0.4844199999999999
0.020000000000000018 0.46022
0.020000000000000018 0.4331800000000004
0.020000000000000018 0.41678000000000026
0.020000000000000018 0.40608000000000066
0.020000000000000018 0.38410000000000133
0.020000000000000018 0.3718000000000009
0.020000000000000018 0.35628000000000154
0.020000000000000018 0.33840000000000153
0.020000000000000018 0.333120000000001
0.020000000000000018 0.3218800000000013
0.020000000000000018 0.32596000000000125
0.020000000000000018 0.3167400000000011
0.020000000000000018 0.30162000000000144
0.020000000000000018 0.30336000000000096
0.020000000000000018 0.2813600000000014
0.020000000000000018 0.28404000000000124
0.020000000000000018 0.28332000000000107
0.020000000000000018 0.26656000000000096
0.020000000000000018 0.27246000000000103
0.020000000000000018 0.27296000000000065
0.020000000000000018 0.2654000000000007
0.020000000000000018 0.2646800000000005
0.06000000000000005 0.26680000000000065
0.06000000000000005 0.25046000000000096
0.06000000000000005 0.24176000000000095
0.06000000000000005 0.23018000000000055
0.06000000000000005 0.22970000000000065
0.06000000000000005 0.2257200000000003
0.06000000000000005 0.21208000000000068
0.06000000000000005 0.19936000000000056
0.06000000000000005 0.19522000000000062
0.06000000000000005 0.1926800000000004
0.06000000000000005 0.18876000000000037
0.06000000000000005 0.17068000000000033
0.06000000000000005 0.1675000000000002
0.06000000000000005 0.15417999999999998
0.06000000000000005 0.15293999999999994
0.06000000000000005 0.15666000000000005
0.06000000000000005 0.15230000000000005
0.06000000000000005 0.1526000000000001
0.06000000000000005 0.1431
0.06000000000000005 0.13997999999999988
0.06000000000000005 0.13933999999999966
0.06000000000000005 0.14601999999999973
0.06000000000000005 0.15025999999999987
0.06000000000000005 0.14133999999999988
0.06000000000000005 0.1394399999999998
0.06000000000000005 0.1527199999999998
0.06000000000000005 0.14549999999999982
0.06000000000000005 0.14187999999999976
0.06000000000000005 0.13343999999999995
0.06000000000000005 0.13275999999999996
0.06000000000000005 0.13637999999999986
0.06000000000000005 0.13943999999999976
0.06000000000000005 0.1463399999999998
0.06000000000000005 0.14251999999999979
0.06000000000000005 0.14313999999999985
0.06000000000000005 0.14275999999999997
0.06000000000000005 0.14447999999999997
0.06000000000000005 0.13785999999999987
0.06000000000000005 0.14267999999999992
0.06000000000000005 0.1317399999999999
0.06000000000000005 0.12536000000000005
0.06000000000000005 0.12584000000000006
0.06000000000000005 0.13258000000000006
0.06000000000000005 0.13573999999999997
0.06000000000000005 0.13408000000000006
0.06000000000000005 0.1343199999999999
0.06000000000000005 0.1417200000000001
0.06000000000000005 0.1392400000000001
0.06000000000000005 0.13843999999999995
0.06000000000000005 0.13646000000000005
0.06000000000000005 0.12877999999999998
0.06000000000000005 0.13413999999999987
0.06000000000000005 0.13491999999999996
0.06000000000000005 0.1317799999999998
0.06000000000000005 0.13832000000000003
0.06000000000000005 0.14327999999999994
0.06000000000000005 0.13724000000000003
0.06000000000000005 0.12826000000000007
0.06000000000000005 0.1346199999999999
0.06000000000000005 0.12979999999999986
0.06000000000000005 0.13262000000000007
0.06000000000000005 0.14335999999999993
0.06000000000000005 0.13878000000000024
0.06000000000000005 0.13746000000000003
0.06000000000000005 0.13668000000000008
0.06000000000000005 0.1390200000000001
0.06000000000000005 0.13310000000000002
0.06000000000000005 0.13849999999999973
0.06000000000000005 0.13236000000000006
0.06000000000000005 0.12435999999999997
0.06000000000000005 0.13568
0.06000000000000005 0.13695999999999992
0.06000000000000005 0.13575999999999974
0.06000000000000005 0.13470000000000007
