0.72 0.42459999999999903
0.74 0.42334999999999906
0.74 0.4379999999999986
0.68 0.45329999999999804
0.7 0.45689999999999836
0.71 0.44779999999999814
0.67 0.3976999999999997
0.68 0.4022499999999994
0.68 0.4452999999999985
0.68 0.4163499999999992
0.68 0.458399999999998
0.68 0.44674999999999804
0.68 0.4554999999999979
0.68 0.47209999999999785
0.68 0.47459999999999786
0.68 0.43049999999999927
0.68 0.45074999999999804
0.68 0.43374999999999864
0.79 0.522649999999998
0.73 0.5344499999999983
0.73 0.5412999999999982
0.68 0.5070999999999989
0.68 0.502449999999999
0.68 0.5368999999999994
0.74 0.5661499999999989
0.67 0.4127999999999991
0.79 0.4476999999999981
0.68 0.42844999999999867
0.69 0.4629999999999982
0.79 0.44444999999999896
0.77 0.5284499999999986
0.77 0.5643999999999987
0.79 0.5504999999999987
0.79 0.5635499999999997
0.77 0.6022999999999998
0.77 0.5963499999999994
0.86 0.6345000000000002
0.87 0.6419500000000007
0.83 0.6772000000000024
0.87 0.662350000000002
0.87 0.6690500000000016
0.8 0.6586500000000011
0.88 0.6798000000000015
0.87 0.6470500000000012
0.92 0.6823500000000011
0.85 0.6316500000000008
0.87 0.5935999999999998
0.9 0.6305000000000006
0.95 0.6820000000000023
0.93 0.672900000000002
0.93 0.6693000000000014
0.95 0.7181000000000033
0.95 0.7483000000000025
0.92 0.7068000000000013
0.93 0.7329500000000011
0.94 0.6776000000000019
