0.16000000000000003 0.6029000000000023
0.18000000000000005 0.5772000000000022
0.16000000000000003 0.5820000000000021
0.16000000000000003 0.5685000000000018
0.07999999999999996 0.5756000000000017
0.21999999999999997 0.591200000000002
0.21999999999999997 0.5831000000000021
0.4 0.5638000000000016
0.30000000000000004 0.5648000000000016
0.31999999999999995 0.5441000000000014
0.09999999999999998 0.4983000000000012
0.12 0.5016000000000009
0.28 0.5387000000000007
0.12 0.5189000000000008
0.07999999999999996 0.520500000000001
0.28 0.5514000000000013
0.28 0.5583000000000016
0.30000000000000004 0.5373000000000016
0.21999999999999997 0.5272000000000009
0.19999999999999996 0.4871000000000007
0.16000000000000003 0.5142000000000008
0.16000000000000003 0.4923000000000007
0.16000000000000003 0.5081000000000008
0.16000000000000003 0.45870000000000066
0.16000000000000003 0.4404000000000004
0.24 0.4648000000000005
0.30000000000000004 0.5223000000000014
0.09999999999999998 0.5048000000000007
0.06000000000000005 0.4470000000000003
0.06000000000000005 0.43720000000000014
0.16000000000000003 0.4289000000000003
0.040000000000000036 0.35970000000000035
0.07999999999999996 0.45250000000000035
0.07999999999999996 0.43480000000000046
0.07999999999999996 0.4073000000000001
0.14 0.37370000000000003
0.24 0.3362000000000001
0.26 0.33410000000000006
0.06000000000000005 0.30030000000000007
0.21999999999999997 0.2808000000000004
0.09999999999999998 0.3348000000000003
0.21999999999999997 0.2714000000000004
0.040000000000000036 0.24130000000000035
0.12 0.25149999999999995
0.14 0.40820000000000045
0.21999999999999997 0.2914000000000004
0.06000000000000005 0.2761000000000001
0.09999999999999998 0.4058000000000007
0.18000000000000005 0.3240000000000002
0.0 0.2512000000000002
