0.85 0.4219700000000033
0.85 0.46390000000000503
0.93 0.5021400000000041
0.97 0.5211300000000025
0.97 0.5471600000000015
0.97 0.5694100000000006
0.97 0.6016200000000017
0.97 0.6279500000000027
0.97 0.6390800000000026
0.97 0.6552200000000027
0.97 0.668150000000001
0.97 0.6668600000000026
0.97 0.6858600000000004
0.97 0.7043199999999957
0.97 0.7059999999999955
0.98 0.720769999999994
0.98 0.7298999999999962
0.98 0.7356299999999982
0.98 0.7517600000000018
0.98 0.753510000000001
0.98 0.7560300000000014
0.98 0.7642299999999999
0.98 0.779750000000004
0.98 0.7740300000000032
0.98 0.789850000000005
0.98 0.7905700000000077
0.98 0.8079400000000032
0.98 0.8251800000000052
0.98 0.8279600000000049
0.98 0.8349700000000047
0.98 0.8336100000000022
0.98 0.8334000000000014
0.98 0.8356100000000019
0.98 0.838640000000002
0.98 0.8489200000000042
0.98 0.8566900000000022
0.98 0.8666000000000014
0.98 0.8745800000000051
0.98 0.8748900000000038
0.98 0.8658600000000007
0.98 0.8577399999999987
0.99 0.8684700000000002
0.99 0.86335
0.99 0.858620000000003
0.99 0.8561400000000013
0.99 0.8668900000000029
0.99 0.867000000000006
0.99 0.8597500000000049
0.99 0.863430000000006
0.99 0.8748900000000109
0.99 0.8798100000000127
0.99 0.8728900000000103
0.99 0.8833200000000107
0.99 0.8844900000000115
0.99 0.8711200000000089
0.99 0.8793100000000099
0.99 0.8786100000000083
0.99 0.8790500000000092
0.99 0.8780000000000105
0.99 0.8692500000000103
0.99 0.8786600000000112
0.99 0.8815200000000118
0.99 0.8864400000000114
0.99 0.8842900000000128
0.99 0.8882800000000132
0.99 0.8898400000000124
0.99 0.876830000000011
0.99 0.8808300000000113
0.99 0.8806000000000132
0.99 0.8816600000000133
0.99 0.8800400000000124
0.99 0.8864600000000127
0.99 0.8849400000000119
0.99 0.8714200000000086
0.99 0.8786100000000118
0.99 0.8850200000000125
0.99 0.8899600000000125
0.99 0.904660000000012
0.99 0.9034300000000134
0.99 0.8969200000000129
0.99 0.8927500000000125
0.99 0.8963500000000134
0.99 0.892930000000013
0.99 0.8877400000000124
0.99 0.8907100000000115
0.99 0.8984100000000104
0.99 0.8961600000000117
0.99 0.895380000000013
0.99 0.8923400000000109
0.99 0.8891900000000115
0.99 0.8879000000000125
0.99 0.8870100000000104
0.99 0.8845100000000116
0.99 0.8845900000000114
0.99 0.8818100000000118
0.99 0.87972000000001
0.99 0.8919400000000121
0.99 0.8909000000000117
0.99 0.885450000000011
0.99 0.8889900000000125
