0.86 0.4187600000000056
0.94 0.4654300000000051
0.94 0.5013900000000038
0.94 0.5270500000000017
0.96 0.5504400000000026
0.96 0.5765000000000002
0.96 0.6036000000000005
0.96 0.6134000000000018
0.96 0.6393300000000027
0.96 0.6444400000000005
0.96 0.6654699999999973
0.96 0.6844899999999953
0.97 0.6963699999999927
0.97 0.7030799999999914
0.97 0.72097
0.98 0.7211599999999982
0.98 0.7256699999999983
0.98 0.7228000000000002
0.98 0.7361900000000019
0.98 0.7486700000000029
0.98 0.7508800000000042
0.98 0.771120000000006
0.98 0.7800200000000075
0.98 0.7870100000000083
0.98 0.7771800000000085
0.98 0.7749200000000067
0.98 0.7809000000000073
0.98 0.7786200000000081
0.98 0.7880000000000075
0.98 0.7953700000000063
0.98 0.7996300000000063
0.98 0.7943000000000071
0.98 0.792980000000007
0.98 0.7863700000000066
0.98 0.7889300000000061
0.98 0.7882400000000063
0.98 0.7977300000000073
0.98 0.7971200000000077
0.98 0.7941500000000048
0.98 0.8072600000000051
0.98 0.7975900000000071
0.98 0.7971200000000064
0.98 0.8014300000000066
0.98 0.8011300000000062
0.98 0.7995300000000075
0.98 0.7941900000000066
0.98 0.8122000000000029
0.98 0.8090300000000039
0.98 0.809440000000005
0.98 0.8010500000000067
0.98 0.8098500000000055
0.98 0.804480000000006
0.98 0.7994900000000049
0.98 0.7992900000000036
0.98 0.8082400000000052
0.98 0.8164000000000066
0.98 0.816990000000005
0.98 0.8188200000000055
0.98 0.8201200000000061
0.98 0.8198800000000052
0.98 0.8289800000000055
0.98 0.8268400000000058
0.98 0.8264300000000053
0.98 0.8450900000000017
0.98 0.8490600000000007
0.98 0.8541299999999974
0.98 0.8642499999999959
0.98 0.8558899999999965
0.98 0.8573599999999967
0.98 0.869019999999998
0.98 0.8704999999999975
0.98 0.862799999999998
0.98 0.8599899999999959
0.98 0.8664099999999952
0.98 0.8533199999999969
0.98 0.8574199999999967
0.98 0.8453299999999971
0.98 0.8547999999999957
0.98 0.855789999999998
0.98 0.8659699999999998
0.98 0.856449999999997
0.98 0.8710099999999974
0.98 0.8748399999999964
0.98 0.8829599999999984
0.98 0.8861099999999983
0.98 0.87881
0.98 0.8779199999999986
0.98 0.8726999999999955
0.98 0.8574199999999957
0.98 0.851189999999996
0.98 0.854529999999997
0.98 0.8564099999999967
0.98 0.8583099999999957
0.98 0.8722199999999956
0.98 0.8519499999999953
0.98 0.8565699999999973
0.98 0.8552899999999962
0.98 0.8605199999999984
0.98 0.8714099999999969
0.98 0.8644499999999945
