0.74 0.37130000000000085
0.68 0.3857000000000012
0.8 0.4106000000000015
0.9 0.3856500000000018
0.68 0.3971000000000018
0.69 0.40640000000000126
0.68 0.3959000000000017
0.68 0.3998500000000017
0.76 0.4020000000000021
0.68 0.3950500000000015
0.68 0.3870000000000018
0.77 0.40745000000000187
0.69 0.4136000000000017
0.68 0.39515000000000156
0.7 0.4085500000000019
0.81 0.4026500000000018
0.76 0.4261500000000016
0.76 0.42860000000000165
0.76 0.4341000000000014
0.68 0.4357500000000015
0.9 0.4644500000000017
0.9 0.4653500000000013
0.9 0.4656000000000018
0.68 0.3834000000000021
0.76 0.438800000000002
0.68 0.40200000000000236
0.68 0.45240000000000186
0.68 0.44595000000000146
0.95 0.4707500000000016
0.95 0.521400000000001
0.95 0.5493000000000009
0.95 0.551500000000001
0.95 0.5751000000000005
0.95 0.6243500000000005
0.95 0.6166500000000014
0.95 0.5728500000000013
0.95 0.5018000000000015
0.96 0.5322500000000009
0.96 0.5700000000000004
0.96 0.5888000000000012
0.96 0.5990500000000004
0.96 0.6363500000000021
0.96 0.6229000000000016
0.96 0.6117000000000011
0.97 0.6468500000000015
0.97 0.6665000000000019
0.97 0.6447000000000024
0.97 0.6147500000000012
0.97 0.6485500000000026
0.97 0.6728500000000028
0.97 0.6770500000000029
0.97 0.6518000000000022
0.76 0.6410000000000019
0.96 0.6335500000000018
0.96 0.5442500000000011
0.68 0.5303000000000005
0.68 0.5591500000000004
0.68 0.5228500000000009
0.68 0.547650000000001
0.7 0.5456500000000003
0.85 0.5504500000000008
0.79 0.5448500000000012
0.89 0.591100000000001
0.89 0.6362000000000017
0.95 0.6398000000000019
0.95 0.6217000000000015
0.95 0.6213000000000015
0.95 0.6208000000000014
0.96 0.6482000000000019
0.96 0.6291500000000015
0.97 0.6430000000000017
0.94 0.5729000000000014
0.96 0.6345500000000023
0.96 0.6604000000000023
0.91 0.5649500000000008
0.96 0.6182500000000012
0.96 0.6677500000000021
0.96 0.6893000000000026
0.96 0.707500000000003
0.96 0.6672500000000027
0.97 0.6849500000000027
0.95 0.6752500000000029
0.87 0.6497500000000023
0.96 0.6638500000000025
0.96 0.6501500000000024
0.96 0.6717000000000029
0.96 0.6893500000000035
0.96 0.672650000000003
0.96 0.6837500000000029
0.96 0.6731000000000027
0.96 0.6684000000000028
0.96 0.6778000000000032
0.96 0.7067500000000031
0.96 0.7083000000000037
0.96 0.6920000000000033
0.96 0.6901000000000033
0.96 0.668500000000003
0.96 0.6094000000000022
0.96 0.6833500000000032
0.96 0.7142000000000022
0.96 0.7076500000000031
0.97 0.7384500000000018
0.97 0.7500500000000011
0.97 0.7593000000000012
0.97 0.7477000000000024
0.97 0.6360500000000019
0.97 0.6559000000000027
0.97 0.6696500000000029
0.97 0.6586000000000028
0.97 0.6568500000000026
0.97 0.5297000000000005
0.97 0.5791000000000008
0.97 0.5686000000000014
0.97 0.5354000000000012
0.97 0.5425000000000009
0.97 0.5828500000000009
0.97 0.6138500000000009
0.96 0.5795000000000008
0.68 0.6120000000000015
0.68 0.6410000000000025
0.68 0.6020500000000015
0.68 0.581000000000001
0.68 0.6389500000000019
0.75 0.6567500000000028
0.68 0.6520000000000024
0.68 0.6721000000000033
0.91 0.556450000000001
0.91 0.6685000000000031
0.68 0.670600000000003
0.68 0.6665000000000032
0.68 0.672000000000003
0.68 0.659050000000003
0.91 0.5942000000000015
0.91 0.6471000000000027
0.91 0.6215000000000014
0.91 0.6604000000000027
0.91 0.6611000000000027
0.91 0.6785000000000032
0.91 0.6708000000000034
0.91 0.6787000000000032
0.91 0.6734500000000031
0.8 0.6688000000000031
0.68 0.6643500000000031
0.68 0.6504500000000029
0.68 0.6723500000000032
0.68 0.658150000000003
0.8 0.6731000000000035
0.95 0.6651000000000034
0.95 0.6800000000000034
0.68 0.6713000000000031
0.95 0.6691000000000034
0.95 0.6646500000000031
0.95 0.6800000000000034
0.95 0.6933000000000032
0.95 0.6889000000000033
0.95 0.6777000000000032
0.95 0.6735000000000035
0.68 0.6684000000000033
0.68 0.6703500000000032
0.68 0.6608000000000032
0.68 0.663400000000003
0.68 0.6628000000000029
0.68 0.6580000000000031
0.68 0.6635000000000031
0.68 0.648700000000003
0.68 0.6593000000000029
0.68 0.664600000000003
0.68 0.6393500000000027
0.68 0.6294000000000024
0.68 0.6613500000000028
0.68 0.6695000000000029
0.68 0.6682000000000029
0.68 0.6663000000000031
0.68 0.6682000000000032
0.68 0.6760000000000034
0.68 0.6767500000000031
0.68 0.668250000000003
0.68 0.6747500000000032
0.68 0.6724500000000033
0.68 0.6733000000000032
0.68 0.6650000000000031
0.68 0.6544000000000031
0.68 0.6704000000000033
0.68 0.671100000000003
0.73 0.6579500000000031
0.73 0.654000000000003
0.73 0.6421000000000028
0.73 0.6577500000000029
0.73 0.661200000000003
0.73 0.6627000000000032
0.73 0.6573000000000029
0.73 0.6713000000000028
0.74 0.674550000000003
0.74 0.6755500000000028
0.74 0.6751500000000035
0.74 0.6753000000000031
0.75 0.6751000000000031
0.75 0.636500000000002
0.75 0.6558500000000025
0.73 0.4124000000000018
0.7 0.44045000000000134
0.74 0.4768500000000009
0.74 0.49640000000000084
0.74 0.48165000000000113
0.74 0.470700000000001
0.74 0.4394000000000009
0.76 0.5271500000000001
0.76 0.5493000000000007
0.76 0.5743500000000004
0.76 0.5892000000000012
0.76 0.6130500000000019
0.76 0.5865500000000009
0.76 0.618100000000002
0.76 0.5411000000000002
0.8 0.5064000000000005
0.76 0.5277999999999999
0.76 0.5490000000000002
0.76 0.6028500000000016
0.76 0.6031000000000012
0.76 0.643900000000002
0.76 0.5789500000000014
0.76 0.5606000000000005
0.76 0.5688000000000002
0.76 0.5420500000000004
0.76 0.5605500000000003
0.76 0.6014000000000005
0.76 0.6155000000000003
0.76 0.6047499999999999
0.77 0.6247999999999996
0.78 0.6553000000000008
0.78 0.6485500000000012
0.78 0.6662000000000015
0.78 0.6778000000000023
0.78 0.6721000000000025
0.78 0.6888500000000035
0.78 0.6813000000000029
0.78 0.672350000000002
0.78 0.6717500000000024
0.78 0.6801500000000021
0.78 0.6923500000000016
0.78 0.6870000000000018
0.78 0.6946500000000015
0.78 0.6864000000000012
0.78 0.6560000000000017
0.78 0.6416500000000007
0.78 0.641850000000001
0.78 0.6617500000000021
0.77 0.6472500000000011
0.78 0.6439500000000011
0.78 0.6371500000000018
0.76 0.6385000000000008
0.76 0.6388000000000021
0.78 0.6561500000000028
0.78 0.6469500000000009
0.78 0.6643500000000028
0.78 0.6685000000000025
0.78 0.6647500000000028
0.78 0.6499500000000024
0.78 0.6795500000000029
0.78 0.6875000000000024
0.78 0.6655000000000021
0.78 0.6813500000000028
0.78 0.6661500000000019
0.78 0.6727500000000026
0.78 0.6962000000000026
0.78 0.7046000000000018
0.78 0.7168000000000009
0.78 0.7149500000000018
0.78 0.7216000000000021
0.78 0.7227500000000017
0.78 0.7196000000000018
0.78 0.7059500000000014
0.78 0.6931000000000013
0.78 0.6849500000000013
0.78 0.682850000000002
0.78 0.6964500000000019
0.78 0.7183000000000018
0.78 0.730600000000002
0.78 0.7312000000000018
0.78 0.7162500000000023
0.78 0.713250000000002
0.78 0.647400000000001
0.78 0.698600000000001
0.78 0.7062500000000012
0.78 0.7033500000000013
0.78 0.7095000000000017
0.78 0.7092000000000012
0.78 0.721300000000001
0.78 0.7169500000000008
0.78 0.7185500000000011
0.78 0.6611500000000013
0.78 0.6565500000000006
0.78 0.6866500000000009
0.78 0.7066000000000012
0.78 0.6799500000000015
0.78 0.6820000000000023
0.78 0.4870500000000019
0.78 0.6339500000000015
0.78 0.6599000000000026
0.78 0.6725500000000022
0.78 0.6317000000000007
0.78 0.6560500000000016
0.78 0.6814500000000026
0.78 0.6751500000000026
0.78 0.6868000000000027
0.78 0.6910000000000022
0.78 0.5663499999999998
0.78 0.6256499999999999
0.78 0.6151000000000005
0.78 0.5999000000000011
0.78 0.613350000000001
0.78 0.6148000000000011
0.78 0.579050000000001
0.78 0.6229000000000007
0.78 0.6314000000000015
0.78 0.6282500000000018
0.78 0.6135500000000017
0.78 0.626150000000002
0.78 0.6373000000000023
0.78 0.6261000000000024
0.78 0.6466000000000024
0.78 0.6480000000000024
0.78 0.6539500000000024
0.78 0.6560500000000026
0.74 0.6442000000000024
0.75 0.655900000000002
0.77 0.652000000000002
0.77 0.640350000000002
0.77 0.6289000000000022
0.77 0.6555000000000024
0.77 0.6640000000000025
0.78 0.6587000000000026
0.78 0.6540500000000027
0.78 0.6315500000000019
0.78 0.6437000000000022
0.78 0.6340000000000019
0.91 0.6535500000000021
0.91 0.6575000000000023
0.91 0.6588500000000024
0.91 0.6659500000000026
0.91 0.6727500000000026
0.91 0.6730000000000028
0.96 0.6927000000000035
0.96 0.682550000000003
0.96 0.6767000000000032
0.78 0.6603000000000027
0.96 0.6789500000000026
0.96 0.6959000000000031
0.96 0.7092500000000035
0.96 0.6989500000000035
0.96 0.6899500000000031
0.96 0.6723000000000018
0.96 0.6616500000000021
0.96 0.6770500000000027
0.96 0.6899000000000031
0.96 0.700000000000003
0.96 0.7300000000000025
0.96 0.7184000000000026
0.96 0.7430000000000018
0.96 0.7768000000000016
0.96 0.7809000000000005
0.96 0.7597500000000013
0.96 0.701500000000002
0.96 0.7435000000000018
0.96 0.7366000000000017
0.96 0.783900000000001
0.96 0.8036500000000014
0.96 0.793850000000002
0.96 0.7874500000000019
0.96 0.8124000000000017
0.96 0.7919000000000005
0.96 0.7773500000000014
0.96 0.8162000000000021
0.96 0.838750000000002
0.96 0.8454000000000014
0.96 0.8443500000000006
0.96 0.8742999999999997
0.96 0.8521999999999998
0.96 0.84655
0.96 0.9014499999999979
0.96 0.8989999999999985
0.96 0.8923499999999985
0.96 0.8815999999999987
0.96 0.8441499999999996
0.96 0.868899999999999
0.96 0.8593000000000005
0.96 0.8887499999999987
0.96 0.8542500000000001
0.96 0.8859999999999988
0.96 0.8837499999999985
0.96 0.867099999999999
0.96 0.8552499999999996
0.96 0.8519000000000004
0.96 0.8446000000000004
0.96 0.8779499999999993
0.96 0.8836499999999984
0.96 0.8778499999999988
0.96 0.8684999999999989
0.96 0.8887999999999984
0.96 0.8843999999999984
0.96 0.8932999999999987
0.96 0.8705999999999996
0.96 0.8545
0.96 0.8672999999999995
0.96 0.8686999999999996
0.96 0.8676999999999991
0.96 0.8381000000000001
0.96 0.8192500000000003
0.96 0.8565499999999993
0.96 0.8806999999999988
0.96 0.8497999999999993
0.96 0.8748499999999991
0.96 0.8790999999999991
0.96 0.8546999999999998
0.96 0.8670000000000002
0.96 0.8500000000000003
0.96 0.7676500000000006
0.96 0.7191000000000021
0.96 0.8346500000000009
0.96 0.7915500000000012
0.34 0.3400000000000017
0.34 0.3400000000000017
0.34 0.3400000000000017
0.34 0.3400000000000017
0.96 0.6699000000000018
0.96 0.6039000000000019
0.96 0.7024500000000026
0.96 0.7335000000000025
0.96 0.7786000000000015
0.96 0.7949500000000015
0.96 0.8141000000000008
0.96 0.8286000000000012
0.96 0.8263000000000011
0.96 0.8419500000000001
0.96 0.8710500000000004
0.96 0.8624500000000002
0.96 0.8583500000000005
0.96 0.8543000000000001
0.96 0.8748999999999999
0.96 0.8807499999999994
0.96 0.8729999999999996
0.96 0.8807499999999989
0.96 0.887599999999999
0.96 0.9087999999999984
0.96 0.8883999999999986
0.96 0.885499999999999
0.96 0.8847999999999989
0.96 0.8852499999999986
0.96 0.8838499999999988
0.96 0.8641500000000002
0.96 0.8576499999999996
0.96 0.8688999999999989
0.96 0.894799999999998
0.96 0.8880999999999984
0.96 0.7981500000000032
0.96 0.8594500000000003
0.96 0.8676500000000003
0.96 0.8791999999999998
0.96 0.9025499999999986
0.96 0.8794499999999998
0.96 0.8801000000000001
0.96 0.8856499999999997
0.96 0.8821499999999984
0.96 0.8526000000000011
0.96 0.848950000000001
0.96 0.871649999999999
0.96 0.8595500000000004
0.71 0.6723000000000035
0.71 0.6697500000000034
0.71 0.6643000000000033
0.96 0.6828000000000034
0.71 0.6758500000000032
0.96 0.7852000000000021
0.96 0.8264500000000011
0.71 0.675050000000003
0.96 0.7845500000000029
0.96 0.8466000000000006
0.96 0.8037000000000021
0.96 0.837600000000001
0.96 0.8483000000000004
0.96 0.8558000000000007
0.96 0.7346000000000038
0.68 0.6640000000000034
0.68 0.6739000000000032
0.68 0.6692500000000031
0.96 0.7699000000000022
0.96 0.7292000000000038
0.96 0.7056500000000038
0.96 0.717200000000004
0.96 0.7731500000000012
0.96 0.7896000000000016
0.96 0.7435500000000032
0.77 0.666700000000003
0.77 0.6729500000000028
0.96 0.6684500000000031
0.96 0.6976000000000038
0.96 0.7109500000000036
0.75 0.6725000000000034
0.78 0.6745500000000031
0.78 0.6745500000000031
