0.12 0.6148000000000003
0.33999999999999997 0.5883000000000009
0.31999999999999995 0.6090000000000005
0.36 0.6006000000000007
0.36 0.6060000000000012
0.36 0.6254000000000013
0.36 0.6321000000000011
0.38 0.6191000000000014
0.16000000000000003 0.6015000000000011
0.30000000000000004 0.6007000000000011
0.36 0.6178000000000012
0.38 0.6275000000000016
0.30000000000000004 0.6127000000000017
0.33999999999999997 0.6460000000000018
0.31999999999999995 0.6257000000000016
0.36 0.6018000000000009
0.36 0.6153000000000008
0.36 0.5875000000000016
0.19999999999999996 0.5604000000000009
0.31999999999999995 0.5904000000000009
0.28 0.5745000000000011
0.31999999999999995 0.5278000000000008
0.33999999999999997 0.5054000000000005
0.24 0.5212000000000004
0.36 0.5386000000000009
0.18000000000000005 0.48640000000000055
0.28 0.5123000000000008
0.30000000000000004 0.4857000000000004
0.09999999999999998 0.47130000000000005
0.040000000000000036 0.5791999999999998
0.28 0.5631000000000003
0.16000000000000003 0.5984000000000007
0.12 0.5759000000000006
0.30000000000000004 0.5641000000000006
0.14 0.578100000000001
0.30000000000000004 0.5662000000000009
0.33999999999999997 0.5909000000000008
0.36 0.5766000000000006
0.19999999999999996 0.5224000000000009
0.24 0.6002000000000014
0.30000000000000004 0.5657000000000008
0.36 0.6389000000000009
0.36 0.5546000000000004
0.36 0.5699000000000006
0.14 0.5412000000000006
0.36 0.5550000000000004
0.38 0.5471000000000003
0.36 0.5859000000000001
0.28 0.6220000000000002
0.30000000000000004 0.5836000000000005
0.38 0.6061000000000011
0.07999999999999996 0.5087000000000007
0.38 0.5412000000000008
0.36 0.6218000000000009
0.36 0.6153000000000008
0.5 0.5915000000000008
0.36 0.6124000000000013
0.36 0.6469000000000013
0.09999999999999998 0.6123000000000003
0.09999999999999998 0.5334000000000007
0.14 0.5744000000000008
0.31999999999999995 0.5422000000000007
0.36 0.5396000000000003
0.36 0.49710000000000043
0.36 0.47180000000000005
0.33999999999999997 0.46949999999999986
0.33999999999999997 0.47759999999999997
0.19999999999999996 0.46340000000000037
0.36 0.5670000000000006
0.30000000000000004 0.5030000000000004
0.26 0.47629999999999995
0.26 0.47459999999999963
0.21999999999999997 0.46130000000000004
0.21999999999999997 0.45510000000000017
0.36 0.43820000000000014
0.36 0.42909999999999954
0.36 0.40809999999999996
0.36 0.4281999999999998
0.36 0.4179999999999995
0.36 0.3912000000000001
0.36 0.3874000000000001
0.36 0.3911999999999999
0.36 0.4405999999999998
0.36 0.46349999999999975
0.36 0.4335000000000001
0.36 0.4356000000000001
0.36 0.391
0.36 0.4028000000000001
0.36 0.40650000000000025
0.36 0.4334
0.36 0.38760000000000017
0.36 0.3952999999999997
0.36 0.37859999999999966
0.36 0.37689999999999985
0.36 0.40119999999999956
0.36 0.45349999999999907
0.36 0.46209999999999934
0.36 0.4522999999999993
0.36 0.4218999999999998
0.36 0.40569999999999945
0.36 0.3924999999999993
0.36 0.41129999999999933
0.36 0.3872999999999993
0.36 0.38019999999999937
0.36 0.3623999999999996
0.36 0.3693999999999996
0.36 0.3708999999999997
0.36 0.3670999999999996
0.36 0.3744999999999997
0.36 0.3663999999999995
0.36 0.37369999999999975
0.36 0.36439999999999956
0.36 0.3716999999999995
0.36 0.36479999999999957
0.36 0.3884999999999995
0.36 0.3998999999999995
0.36 0.3919999999999994
0.36 0.3689999999999995
0.36 0.3668999999999995
0.36 0.3642999999999995
0.36 0.3873999999999993
0.36 0.4241999999999991
0.36 0.38739999999999936
0.36 0.36869999999999953
0.36 0.37609999999999966
0.36 0.531099999999998
0.36 0.39119999999999927
0.36 0.3754999999999995
0.36 0.37359999999999943
0.36 0.3599999999999996
0.36 0.36149999999999954
0.36 0.36409999999999954
0.36 0.49729999999999835
0.36 0.4103999999999992
0.36 0.3662999999999995
0.36 0.36589999999999956
0.36 0.3756999999999994
0.36 0.38179999999999936
0.36 0.41799999999999904
0.36 0.4106999999999992
0.36 0.5276999999999981
0.36 0.5920999999999979
0.36 0.6548999999999977
0.36 0.573299999999998
0.36 0.6310999999999977
0.36 0.6445999999999975
0.36 0.6389999999999976
0.36 0.5200999999999989
0.36 0.4923999999999993
0.36 0.5225999999999983
0.36 0.4518999999999994
0.36 0.4259999999999994
0.36 0.4407999999999996
0.36 0.4151999999999997
0.36 0.39219999999999944
0.36 0.6113000000000015
0.36 0.6608000000000018
0.36 0.5969000000000013
0.36 0.6366000000000017
0.36 0.5988000000000016
0.36 0.556100000000001
0.36 0.5123000000000008
0.36 0.4512000000000001
0.36 0.4314999999999996
0.36 0.48249999999999893
0.36 0.44319999999999915
0.36 0.4160999999999994
0.36 0.43439999999999956
0.36 0.38669999999999954
0.36 0.37889999999999946
0.36 0.3850999999999993
0.36 0.37149999999999944
0.36 0.37529999999999936
0.36 0.3839999999999993
0.36 0.38829999999999926
0.36 0.45909999999999956
0.36 0.4643999999999998
0.36 0.41499999999999915
0.36 0.42059999999999936
0.36 0.39499999999999924
0.36 0.38699999999999934
0.36 0.37509999999999943
0.36 0.36899999999999955
0.36 0.39669999999999933
0.36 0.39549999999999946
0.36 0.3818999999999996
0.36 0.3795999999999995
0.36 0.39239999999999936
0.36 0.47369999999999846
0.36 0.6256999999999977
0.36 0.560899999999998
0.36 0.521799999999998
0.36 0.5600999999999986
0.36 0.46069999999999944
0.36 0.42879999999999996
0.36 0.49919999999999926
0.36 0.4647999999999991
0.36 0.45460000000000017
0.36 0.40549999999999975
0.36 0.5311999999999989
0.36 0.5339999999999995
0.36 0.4844
0.36 0.4816999999999998
0.36 0.4041999999999998
0.36 0.4012999999999999
0.36 0.40399999999999986
0.36 0.44070000000000015
0.36 0.3873999999999997
0.36 0.3790999999999996
0.36 0.3909999999999997
0.36 0.3792999999999997
0.36 0.3960999999999999
0.36 0.4569000000000004
0.36 0.3904999999999997
0.36 0.38989999999999975
0.36 0.3969999999999998
0.36 0.4568000000000004
0.36 0.4253
0.36 0.49590000000000084
0.36 0.4341000000000001
0.36 0.44739999999999985
0.36 0.4227
0.36 0.4209999999999998
0.36 0.5064000000000006
0.36 0.5866000000000013
0.36 0.5571000000000007
0.36 0.5127000000000004
0.36 0.48870000000000013
0.36 0.4463999999999999
0.36 0.41459999999999986
0.36 0.3895999999999997
0.36 0.37619999999999965
0.36 0.4043999999999999
0.36 0.38549999999999973
0.36 0.3916999999999996
0.36 0.38399999999999984
0.36 0.38529999999999964
0.36 0.38889999999999963
0.36 0.39159999999999945
0.36 0.3845999999999999
0.36 0.37629999999999975
0.36 0.39239999999999975
0.45999999999999996 0.6858000000000013
0.45999999999999996 0.6720000000000015
0.36 0.6690000000000016
0.45999999999999996 0.6685000000000013
0.45999999999999996 0.6519000000000011
0.5800000000000001 0.6802000000000014
0.6599999999999999 0.7002000000000009
0.45999999999999996 0.696900000000001
0.36 0.6740000000000014
0.45999999999999996 0.6868000000000011
0.7 0.7000000000000008
0.36 0.6671000000000015
0.36 0.648700000000001
0.36 0.6124000000000003
0.36 0.6287000000000006
0.6 0.6890000000000011
0.6 0.6874000000000011
0.38 0.6806000000000013
0.36 0.5899000000000012
0.54 0.6887000000000011
0.36 0.694700000000001
0.6 0.6980000000000008
0.6 0.694900000000001
0.38 0.6857000000000011
0.38 0.6737000000000015
0.7 0.7004000000000009
0.7 0.7000000000000008
0.7 0.7015000000000009
0.7 0.7000000000000008
0.6 0.7097000000000014
0.7 0.7015000000000009
0.7 0.7000000000000008
0.7 0.7000000000000008
0.7 0.7000000000000008
0.7 0.7000000000000008
0.7 0.703000000000001
0.7 0.7015000000000009
0.7 0.7000000000000008
0.7 0.7000000000000008
0.43999999999999995 0.6909000000000011
0.43999999999999995 0.6863000000000011
0.38 0.6650000000000014
0.7 0.7000000000000008
0.7 0.7000000000000008
0.38 0.6773000000000011
0.38 0.6434000000000017
0.7 0.7003000000000008
0.36 0.692700000000001
0.36 0.6807000000000012
0.36 0.6172000000000017
0.7 0.7000000000000008
0.36 0.6518000000000016
0.38 0.6574000000000016
0.38 0.5868000000000017
0.38 0.49480000000000063
0.38 0.5105000000000005
0.36 0.6751000000000011
0.36 0.6659000000000016
0.36 0.6822000000000012
0.36 0.6134000000000016
0.36 0.5976000000000016
0.36 0.4602000000000002
0.36 0.4394000000000002
0.36 0.43310000000000015
0.36 0.39819999999999967
0.36 0.4262
0.36 0.4975000000000008
0.4 0.6866000000000011
0.36 0.6522000000000017
0.36 0.6225000000000018
0.36 0.5661000000000012
0.36 0.5347000000000011
0.36 0.49170000000000064
0.36 0.4407000000000002
0.36 0.4708000000000004
0.36 0.4178999999999997
0.36 0.4022
0.36 0.3935999999999998
0.36 0.3840999999999998
0.36 0.5722000000000016
0.36 0.5247000000000009
0.36 0.5412000000000015
0.4 0.5357000000000014
0.36 0.49720000000000125
0.36 0.45770000000000044
0.36 0.4518000000000012
0.36 0.48810000000000076
0.56 0.6945000000000009
0.36 0.48740000000000067
0.7 0.7000000000000008
0.36 0.48720000000000097
0.36 0.6336000000000012
0.36 0.6162000000000013
0.36 0.6030000000000011
0.36 0.574900000000001
0.36 0.5387000000000005
0.36 0.48169999999999996
0.36 0.4526999999999996
0.36 0.4271999999999997
0.6 0.6952000000000009
0.36 0.44389999999999996
0.36 0.40939999999999976
0.36 0.3797999999999997
0.36 0.3798999999999999
0.36 0.3805999999999998
0.36 0.38949999999999974
0.36 0.38389999999999985
0.36 0.38359999999999983
0.5800000000000001 0.6988000000000008
0.36 0.3804999999999998
0.36 0.37939999999999985
0.38 0.6952000000000009
0.38 0.6902000000000009
0.38 0.6762000000000014
0.36 0.39179999999999987
0.38 0.6363000000000015
0.36 0.3930999999999998
0.36 0.36989999999999973
0.36 0.37259999999999976
0.36 0.39089999999999975
0.38 0.595600000000001
0.36 0.38639999999999963
0.36 0.37799999999999967
0.36 0.43540000000000023
0.36 0.6753000000000015
0.7 0.7000000000000008
0.7 0.7000000000000008
0.7 0.7000000000000008
0.36 0.4840000000000003
0.36 0.4536999999999998
0.36 0.4373000000000002
0.36 0.5349000000000013
0.36 0.423
0.36 0.4356999999999998
0.36 0.3914999999999998
0.36 0.37969999999999954
0.36 0.3844999999999997
0.36 0.40759999999999985
0.36 0.4259999999999999
0.36 0.3899999999999998
0.36 0.38279999999999964
0.36 0.38479999999999975
0.36 0.38969999999999977
0.36 0.38989999999999975
0.36 0.3717999999999996
0.36 0.37329999999999963
0.36 0.3729999999999996
0.36 0.3708999999999997
0.36 0.3786999999999997
0.36 0.3736999999999997
0.36 0.37959999999999977
0.36 0.4025999999999997
0.36 0.40049999999999986
0.36 0.38759999999999983
0.36 0.36919999999999964
0.36 0.36559999999999965
0.36 0.3720999999999997
0.36 0.37039999999999973
0.36 0.3723999999999998
0.36 0.3770999999999997
0.36 0.37739999999999974
0.36 0.37349999999999967
0.36 0.38599999999999973
0.36 0.3752999999999995
0.36 0.36689999999999956
0.36 0.3753999999999996
0.36 0.38639999999999963
0.36 0.37889999999999957
0.36 0.37009999999999965
0.36 0.5129999999999996
0.36 0.48120000000000035
0.36 0.4671000000000003
0.36 0.4400000000000003
0.36 0.5008000000000008
0.36 0.5592000000000013
0.36 0.5147000000000008
0.36 0.5124000000000006
0.36 0.44860000000000005
0.36 0.4395999999999999
0.36 0.4383000000000001
0.36 0.4269999999999999
0.36 0.4110999999999999
0.36 0.40359999999999974
0.36 0.3996999999999997
0.36 0.4206999999999999
0.36 0.40929999999999983
0.36 0.38429999999999964
0.36 0.3864999999999998
0.36 0.3784999999999998
0.36 0.3676999999999996
0.36 0.36559999999999965
0.36 0.3714999999999997
0.36 0.37779999999999975
0.36 0.38609999999999994
0.36 0.37839999999999996
0.36 0.37229999999999963
0.36 0.3710999999999999
0.36 0.38079999999999975
0.38 0.4217
0.36 0.39969999999999994
0.36 0.3843999999999999
0.36 0.37639999999999973
0.6599999999999999 0.6978000000000009
0.6599999999999999 0.6994000000000008
0.36 0.6107000000000017
0.36 0.5539000000000014
0.36 0.5068000000000008
0.36 0.45670000000000033
0.36 0.43810000000000004
0.36 0.40339999999999976
0.36 0.38689999999999974
0.36 0.4581000000000004
0.36 0.37729999999999975
0.36 0.45830000000000054
0.36 0.4451000000000001
0.36 0.46420000000000045
0.36 0.5161000000000009
0.36 0.4786000000000006
0.36 0.4315000000000003
0.36 0.4111000000000001
0.36 0.4156999999999996
0.36 0.4014000000000001
0.36 0.37540000000000007
0.36 0.3765999999999998
0.36 0.3770999999999996
0.36 0.3698999999999996
0.36 0.37849999999999967
0.36 0.5357000000000007
0.38 0.6755000000000012
0.38 0.667700000000001
0.38 0.647000000000001
0.36 0.4268999999999999
0.36 0.41179999999999983
0.36 0.3758999999999997
0.36 0.37489999999999973
0.36 0.36619999999999964
0.36 0.37079999999999963
0.7 0.7000000000000008
0.36 0.39569999999999994
0.36 0.3784999999999997
0.36 0.3755999999999997
0.36 0.6071000000000004
0.36 0.4512000000000004
0.36 0.38469999999999993
0.36 0.40189999999999976
0.36 0.38719999999999993
0.36 0.3775999999999997
0.36 0.3751999999999997
0.36 0.3718999999999997
0.36 0.37059999999999976
0.36 0.36569999999999964
0.36 0.37119999999999975
0.36 0.37759999999999994
0.36 0.37499999999999983
0.36 0.37289999999999973
0.7 0.7000000000000008
0.36 0.6593000000000007
0.36 0.648300000000001
