0.67 0.38599999999999907
0.67 0.3858999999999992
0.69 0.39729999999999926
0.78 0.40489999999999915
0.78 0.4308499999999987
0.67 0.41774999999999907
0.73 0.4244999999999986
0.67 0.39204999999999957
0.67 0.4416999999999981
0.77 0.43269999999999853
0.76 0.4340999999999985
0.67 0.4012499999999994
0.83 0.41514999999999874
0.82 0.3917499999999995
0.76 0.3911499999999997
0.67 0.39079999999999976
0.73 0.4396999999999982
0.72 0.44569999999999793
0.82 0.4890999999999992
0.85 0.5204999999999986
0.82 0.5302999999999989
0.94 0.557799999999999
0.94 0.5113999999999979
0.9 0.5289999999999988
0.95 0.5140999999999986
0.95 0.5216499999999984
0.82 0.4857999999999987
0.67 0.4526999999999986
0.76 0.4906999999999985
0.67 0.5171999999999989
0.91 0.5478999999999995
0.76 0.5506499999999996
0.92 0.5390999999999989
0.91 0.5985999999999989
0.75 0.5812499999999982
0.94 0.6218499999999997
0.94 0.5535000000000003
0.96 0.5585500000000008
0.92 0.5908000000000001
0.7 0.5627999999999989
0.93 0.5858499999999995
0.94 0.5851999999999997
0.95 0.5806499999999994
0.97 0.6209499999999998
0.96 0.5889499999999994
0.97 0.6937500000000001
0.97 0.7162000000000005
0.96 0.68215
0.97 0.7409499999999999
0.96 0.7517499999999997
0.97 0.8302499999999988
0.97 0.744050000000001
0.97 0.8311499999999995
0.96 0.7412000000000012
0.97 0.7246000000000015
0.97 0.8702000000000012
0.97 0.798450000000001
0.97 0.8711500000000016
0.98 0.8215
0.98 0.7901000000000002
0.98 0.7779500000000003
0.96 0.6390999999999992
0.98 0.7527000000000009
0.98 0.7901000000000006
0.97 0.7509999999999999
0.97 0.7716999999999986
0.98 0.8206499999999991
0.96 0.8577499999999999
0.98 0.8762000000000001
0.98 0.8856500000000008
0.98 0.9022999999999998
0.98 0.9053000000000009
0.98 0.9315499999999992
0.98 0.8235000000000008
0.98 0.7619999999999998
0.98 0.701449999999999
0.96 0.6979999999999995
0.96 0.6933999999999994
0.96 0.856399999999999
0.96 0.8301999999999997
0.96 0.8042999999999988
0.96 0.8224000000000001
0.96 0.8959999999999988
0.96 0.9231499999999984
0.96 0.9228499999999988
0.96 0.8248999999999985
0.96 0.7442500000000003
0.96 0.7941499999999985
0.95 0.6810000000000009
0.96 0.6871000000000008
0.96 0.7218499999999995
0.96 0.7551499999999994
0.96 0.776249999999999
0.96 0.8258500000000005
0.96 0.8618000000000005
0.96 0.8976000000000011
0.96 0.7771499999999999
0.64 0.6017499999999998
0.96 0.7155500000000007
0.78 0.6014499999999999
0.83 0.6422999999999996
0.64 0.6324499999999994
0.69 0.6348499999999998
0.75 0.6070500000000002
0.75 0.6217000000000001
0.79 0.6310500000000001
0.64 0.63555
0.64 0.6271500000000005
0.64 0.6348500000000002
0.79 0.6345000000000005
0.79 0.6393500000000002
0.64 0.6313500000000004
0.64 0.6307000000000006
0.64 0.6366000000000005
0.64 0.6365500000000005
0.64 0.6326000000000005
0.79 0.6541500000000002
0.79 0.6764999999999997
0.79 0.68
0.79 0.7038499999999992
0.79 0.726599999999999
0.79 0.7515499999999988
0.84 0.7496999999999998
0.84 0.74925
0.86 0.7456499999999998
0.87 0.7711500000000009
0.87 0.7696000000000011
0.87 0.7795000000000014
0.87 0.7860000000000018
0.89 0.7709
0.9 0.8068500000000007
0.9 0.8053499999999992
0.9 0.8072499999999987
0.9 0.7718499999999995
0.81 0.6403000000000005
0.81 0.6381500000000006
0.93 0.7476000000000004
0.93 0.7871499999999994
0.95 0.8140499999999993
0.95 0.8004499999999996
0.96 0.7171500000000001
0.96 0.794949999999999
0.95 0.7965499999999993
0.96 0.8215999999999998
0.9 0.7014500000000004
0.96 0.8497000000000017
0.9 0.8057999999999993
0.96 0.8455500000000022
0.96 0.8478000000000006
0.9 0.6425499999999988
0.89 0.6588999999999993
0.9 0.6827999999999997
0.9 0.6868999999999997
0.9 0.7260500000000002
0.9 0.725300000000001
0.9 0.7125500000000007
0.9 0.7335000000000015
0.9 0.7397499999999999
0.9 0.7198999999999995
0.9 0.7498499999999996
0.9 0.788499999999999
0.9 0.8008499999999992
0.9 0.7316999999999999
0.67 0.6363999999999994
0.9 0.65035
0.9 0.6815000000000003
0.9 0.7049500000000009
0.9 0.6434000000000001
0.9 0.6703000000000015
0.9 0.6460000000000015
0.9 0.681450000000001
0.86 0.5458999999999999
0.89 0.6133500000000002
0.9 0.6408000000000007
0.87 0.6180000000000002
0.84 0.5194499999999984
0.87 0.6215
0.89 0.6841000000000015
0.87 0.6949000000000009
0.81 0.5997499999999999
0.67 0.644250000000002
0.67 0.6481000000000016
0.67 0.6445500000000014
0.67 0.6515000000000015
0.67 0.6631000000000016
0.7 0.6277000000000015
0.67 0.6373500000000014
0.67 0.46309999999999746
0.68 0.5245499999999992
0.78 0.4764499999999991
0.84 0.5322000000000006
0.84 0.5845500000000006
0.71 0.45884999999999854
0.84 0.6569500000000009
0.87 0.695400000000001
0.83 0.660100000000001
0.67 0.48109999999999964
0.67 0.5292999999999999
0.77 0.5488500000000003
0.77 0.5287999999999996
0.77 0.5537500000000003
0.77 0.5765000000000003
0.75 0.5897000000000001
0.9 0.5408499999999995
0.64 0.3890499999999999
0.65 0.3956499999999998
0.85 0.5618499999999993
0.88 0.6335499999999998
0.88 0.7172500000000009
0.91 0.7421000000000006
0.91 0.7629000000000006
0.91 0.7984500000000001
0.88 0.8240499999999991
0.91 0.8377000000000003
0.91 0.843600000000002
0.91 0.8330500000000017
0.91 0.863200000000002
0.91 0.8739500000000007
0.91 0.8795499999999992
0.91 0.8847999999999994
0.91 0.8847499999999985
0.91 0.8862499999999995
0.91 0.9007500000000005
0.91 0.8913999999999976
0.91 0.9074999999999982
0.91 0.9050999999999978
0.91 0.9046999999999978
0.91 0.9013999999999984
0.91 0.9044999999999974
0.91 0.8584999999999972
0.91 0.9018499999999987
0.91 0.8902500000000004
0.91 0.9013499999999977
0.91 0.9098499999999973
0.91 0.9023499999999975
0.91 0.8971999999999971
0.91 0.9010999999999976
0.91 0.8992499999999974
0.91 0.8988499999999979
0.91 0.8074999999999983
0.91 0.8630999999999984
0.91 0.8883499999999981
0.91 0.8827499999999985
0.91 0.7743499999999973
0.91 0.8951499999999979
0.91 0.8965499999999983
0.91 0.8981499999999972
0.91 0.8986499999999973
0.91 0.8170500000000007
0.91 0.8859999999999982
0.91 0.8484499999999997
0.91 0.8485999999999991
0.91 0.8212499999999997
0.91 0.855799999999999
0.91 0.8940499999999978
0.91 0.8555499999999988
0.91 0.878149999999998
0.87 0.7044500000000036
0.87 0.7255500000000038
0.87 0.7481000000000019
0.87 0.7926499999999977
0.87 0.8020499999999974
0.86 0.7288000000000036
0.88 0.754850000000001
0.9 0.8100999999999994
0.9 0.8344499999999987
0.91 0.8216499999999971
0.91 0.8446999999999992
0.91 0.8658000000000002
0.91 0.8756999999999998
0.91 0.8835499999999997
0.91 0.8846500000000002
0.92 0.8873999999999992
0.91 0.7230000000000001
0.91 0.6871500000000005
0.91 0.7444999999999993
0.91 0.8055499999999978
0.92 0.8414499999999969
0.91 0.8403999999999988
0.91 0.8142499999999977
0.91 0.7400000000000013
0.87 0.6923000000000011
0.91 0.7561999999999993
0.91 0.707600000000002
0.91 0.700500000000002
0.91 0.7607499999999981
0.91 0.7642500000000001
0.91 0.8355500000000003
0.91 0.8584499999999999
0.91 0.8583500000000006
0.91 0.883649999999999
0.91 0.8948499999999988
0.91 0.8985499999999983
0.91 0.9030999999999995
0.91 0.8998500000000003
0.91 0.9041999999999994
0.91 0.9022000000000007
0.91 0.867900000000001
0.91 0.8680000000000014
0.91 0.8675000000000014
0.91 0.8869000000000029
0.91 0.8683000000000018
0.91 0.8910500000000028
0.91 0.8422000000000013
0.91 0.7622000000000015
0.91 0.8219500000000011
0.91 0.8773000000000024
0.91 0.8640000000000018
0.91 0.8812000000000003
0.91 0.8586499999999998
0.91 0.8816999999999995
0.91 0.8598999999999981
0.91 0.7888500000000007
0.91 0.8189499999999993
0.91 0.8726999999999981
0.91 0.6985500000000026
0.91 0.715800000000003
0.91 0.7365000000000019
0.91 0.7082000000000018
0.91 0.7303000000000018
0.74 0.6760000000000018
0.77 0.6740000000000017
0.77 0.6863500000000029
0.8 0.7020500000000015
0.8 0.7066000000000016
0.81 0.6521000000000011
0.81 0.7042000000000002
0.8 0.6511500000000008
0.8 0.6574000000000001
0.8 0.6201500000000003
0.8 0.6981000000000006
0.79 0.7319000000000007
0.8 0.7279000000000009
0.83 0.7617999999999984
0.8 0.7221999999999987
0.83 0.7699999999999979
0.83 0.7581499999999983
0.82 0.5169499999999971
0.82 0.5875999999999985
0.84 0.6970500000000008
0.88 0.7681500000000002
0.88 0.7863500000000009
0.85 0.7259000000000007
0.91 0.7673499999999993
0.91 0.7816499999999997
0.91 0.7850499999999987
0.91 0.8007999999999983
0.89 0.7137500000000009
0.91 0.816699999999999
0.91 0.7937499999999996
0.91 0.8210999999999996
0.92 0.8342999999999995
0.92 0.8474499999999996
0.92 0.8218999999999994
0.93 0.8513500000000007
0.92 0.8173500000000002
0.92 0.8645500000000006
0.93 0.8794500000000001
0.93 0.8713500000000003
0.93 0.88625
0.93 0.8900000000000002
0.96 0.7500999999999978
0.93 0.8777000000000019
0.93 0.9042499999999997
0.94 0.8598000000000018
0.96 0.8803500000000019
0.96 0.8701500000000008
0.96 0.88755
0.96 0.8916499999999998
0.97 0.9063499999999999
0.97 0.9136500000000026
0.97 0.9321500000000001
0.97 0.9278999999999991
0.97 0.9033499999999982
0.97 0.912049999999999
0.97 0.9204000000000008
0.96 0.8022999999999995
0.97 0.9252999999999993
0.97 0.7737999999999993
0.97 0.9132000000000013
0.97 0.8832000000000005
0.97 0.8411499999999998
0.95 0.5819499999999992
0.81 0.5425999999999982
0.67 0.4577999999999981
0.85 0.5300999999999981
0.67 0.5617499999999986
0.67 0.583799999999999
0.93 0.5599999999999987
0.67 0.5336999999999987
0.93 0.6207999999999995
0.67 0.6206999999999995
0.67 0.5929999999999991
0.67 0.6097999999999996
0.67 0.37305000000000016
0.67 0.39944999999999936
0.67 0.4793999999999981
0.67 0.5109499999999988
0.71 0.5572499999999996
0.67 0.6194500000000009
0.67 0.6336000000000008
0.71 0.6149500000000006
0.71 0.6588500000000014
0.72 0.654550000000001
0.73 0.6680000000000017
0.88 0.7015500000000001
0.79 0.6075999999999996
0.89 0.6376000000000007
0.96 0.6877000000000012
0.96 0.7747000000000003
0.96 0.749200000000001
0.96 0.7399499999999998
0.96 0.7673499999999994
0.97 0.8105499999999992
0.98 0.7331000000000004
0.98 0.6643500000000006
0.98 0.7187500000000003
0.98 0.8099499999999991
0.97 0.6389500000000004
0.98 0.7769500000000007
0.97 0.6593000000000004
0.97 0.6941000000000014
0.98 0.8521000000000005
0.97 0.8638500000000002
0.98 0.9028499999999994
0.97 0.91205
0.97 0.9050500000000001
0.97 0.7546999999999988
0.97 0.919849999999999
0.97 0.9282999999999992
0.97 0.9309999999999993
0.97 0.9403499999999991
0.97 0.9284499999999987
0.97 0.9468999999999979
0.97 0.9436499999999988
0.97 0.9440499999999982
0.85 0.7364000000000007
0.97 0.9234499999999984
0.97 0.929199999999999
0.95 0.7543000000000013
0.97 0.9306499999999993
0.95 0.7997499999999998
0.96 0.7924500000000004
0.96 0.8185499999999982
0.97 0.8285499999999978
0.97 0.8254999999999977
0.97 0.8395999999999986
0.97 0.8719500000000004
0.97 0.8878500000000017
0.97 0.8528500000000006
0.97 0.8822500000000008
0.97 0.91215
0.97 0.8823999999999991
0.97 0.9122999999999984
0.97 0.9219499999999973
0.97 0.9418999999999993
0.97 0.9350999999999994
0.97 0.9384999999999987
0.97 0.9501499999999988
0.97 0.9312499999999995
0.98 0.9271499999999994
0.98 0.9362999999999988
0.98 0.9162499999999979
0.98 0.9350999999999989
0.98 0.9379499999999991
0.98 0.953599999999999
0.66 0.6497000000000007
0.66 0.6544499999999996
0.66 0.6554999999999985
0.66 0.6570999999999982
0.98 0.8755499999999996
0.98 0.9002500000000001
0.98 0.8982999999999984
0.98 0.933449999999999
0.98 0.9535999999999987
0.98 0.9539999999999985
0.98 0.9568499999999988
0.98 0.9531499999999998
0.98 0.938149999999998
0.98 0.948549999999998
0.98 0.9458499999999966
0.98 0.9415499999999969
0.98 0.955749999999999
0.98 0.9509999999999968
0.98 0.9463499999999967
0.98 0.9398999999999966
0.98 0.9534999999999977
0.98 0.9520999999999988
0.98 0.9609999999999979
0.98 0.9541499999999966
0.98 0.9244999999999978
0.98 0.9350499999999988
0.98 0.9375999999999983
0.98 0.9476999999999987
0.98 0.9525499999999988
0.98 0.9461999999999995
0.98 0.9604499999999987
0.97 0.9546999999999994
0.98 0.9550000000000003
0.98 0.9537499999999993
