0.36 0.6101000000000011
0.36 0.589200000000001
0.36 0.5504999999999997
0.36 0.5471999999999995
0.36 0.6229000000000005
0.38 0.6241000000000004
0.31999999999999995 0.6473000000000007
0.38 0.6227999999999997
0.38 0.6086999999999998
0.040000000000000036 0.6210999999999993
0.36 0.6452999999999988
0.45999999999999996 0.6355999999999987
0.14 0.6212999999999984
0.16000000000000003 0.5941999999999983
0.24 0.6127999999999981
0.16000000000000003 0.5887999999999988
0.28 0.5885999999999988
0.21999999999999997 0.6163999999999993
0.31999999999999995 0.6243999999999988
0.36 0.5982999999999987
0.26 0.5825999999999988
0.16000000000000003 0.6251999999999988
0.36 0.6619999999999981
0.4 0.6497999999999982
0.09999999999999998 0.6213999999999988
0.09999999999999998 0.6169999999999984
0.07999999999999996 0.5806999999999988
0.24 0.6724999999999985
0.36 0.7014999999999983
0.36 0.6472999999999979
0.36 0.661099999999998
0.36 0.6375999999999984
0.36 0.6526999999999981
0.36 0.6544999999999981
0.36 0.5896999999999983
0.36 0.6523999999999986
0.36 0.6382999999999988
0.38 0.5668999999999985
0.09999999999999998 0.5566999999999989
0.36 0.622099999999999
0.26 0.592099999999999
0.07999999999999996 0.5858999999999992
0.36 0.6404999999999984
0.36 0.6837999999999995
0.4 0.6931000000000003
0.30000000000000004 0.6832
0.31999999999999995 0.6354000000000004
0.21999999999999997 0.6338999999999994
0.28 0.5902999999999989
0.07999999999999996 0.6452999999999984
0.07999999999999996 0.575299999999999
0.07999999999999996 0.5595999999999987
0.07999999999999996 0.5088999999999989
0.26 0.5967999999999986
0.14 0.5413999999999991
0.24 0.581999999999999
0.4 0.6346999999999984
0.18000000000000005 0.5884999999999987
0.28 0.5578999999999986
0.26 0.5291999999999999
0.18000000000000005 0.4640000000000001
0.09999999999999998 0.37720000000000015
0.18000000000000005 0.3422000000000001
0.07999999999999996 0.3457000000000008
0.07999999999999996 0.3257999999999999
0.07999999999999996 0.3026000000000003
0.07999999999999996 0.31300000000000033
0.040000000000000036 0.45849999999999985
0.07999999999999996 0.48819999999999986
0.21999999999999997 0.6611999999999982
0.040000000000000036 0.45089999999999975
0.09999999999999998 0.4316
0.24 0.48470000000000013
0.09999999999999998 0.43610000000000027
0.24 0.47610000000000013
0.06000000000000005 0.5249
0.06000000000000005 0.5111000000000003
0.06000000000000005 0.5311999999999989
0.42000000000000004 0.6833999999999985
0.42000000000000004 0.6524999999999983
0.42000000000000004 0.6220999999999981
0.36 0.6126999999999989
0.36 0.6025999999999998
0.36 0.5690999999999997
0.36 0.5984999999999987
0.24 0.7023999999999988
0.24 0.6828999999999985
0.24 0.6676999999999991
0.42000000000000004 0.6413000000000001
0.16000000000000003 0.6206999999999987
0.26 0.6421999999999991
0.30000000000000004 0.609899999999999
0.38 0.6364999999999985
0.43999999999999995 0.6699999999999987
0.43999999999999995 0.6841999999999984
0.38 0.6594999999999984
0.36 0.6698999999999984
0.4 0.6585999999999994
0.36 0.6366999999999987
0.4 0.6546999999999986
0.42000000000000004 0.6174999999999995
0.28 0.5891
0.24 0.5919999999999992
0.24 0.5481000000000003
0.21999999999999997 0.5764
0.24 0.5160000000000005
0.24 0.49989999999999973
0.19999999999999996 0.4824000000000001
0.21999999999999997 0.4892999999999999
0.21999999999999997 0.4434
0.36 0.5887000000000007
0.18000000000000005 0.46429999999999977
0.21999999999999997 0.4805000000000003
0.24 0.5445000000000002
0.33999999999999997 0.5539000000000012
0.30000000000000004 0.5162000000000002
0.31999999999999995 0.5610000000000002
0.43999999999999995 0.5199999999999999
0.43999999999999995 0.4901999999999999
0.42000000000000004 0.4872999999999996
0.42000000000000004 0.47540000000000027
0.42000000000000004 0.4684999999999999
0.43999999999999995 0.5316999999999991
0.42000000000000004 0.4644999999999999
0.42000000000000004 0.4535999999999997
0.42000000000000004 0.4867999999999998
0.42000000000000004 0.4396000000000001
0.42000000000000004 0.4408999999999996
0.42000000000000004 0.43799999999999967
0.42000000000000004 0.4501999999999994
0.42000000000000004 0.42910000000000004
0.42000000000000004 0.43499999999999966
0.42000000000000004 0.4266999999999991
0.26 0.4337999999999994
0.12 0.4363999999999998
0.24 0.42909999999999987
0.42000000000000004 0.45299999999999946
0.42000000000000004 0.4437999999999997
0.42000000000000004 0.41859999999999964
0.42000000000000004 0.4279000000000001
0.42000000000000004 0.47159999999999996
0.42000000000000004 0.47849999999999965
0.42000000000000004 0.4836999999999997
0.42000000000000004 0.46599999999999997
0.42000000000000004 0.4540000000000001
0.42000000000000004 0.45330000000000026
0.42000000000000004 0.4468000000000006
0.42000000000000004 0.44879999999999964
0.42000000000000004 0.4659000000000005
0.42000000000000004 0.4477000000000004
0.38 0.5769999999999996
0.42000000000000004 0.5441999999999998
0.42000000000000004 0.5274
0.45999999999999996 0.6125999999999986
0.14 0.49129999999999996
0.14 0.5082000000000002
0.09999999999999998 0.5426999999999998
0.09999999999999998 0.547199999999999
0.06000000000000005 0.4749999999999994
0.06000000000000005 0.4339999999999993
0.12 0.40489999999999954
0.12 0.3534999999999997
0.12 0.30959999999999993
0.09999999999999998 0.3060000000000003
0.06000000000000005 0.35979999999999973
0.12 0.3494000000000002
0.14 0.36719999999999975
0.14 0.29910000000000014
0.09999999999999998 0.2815000000000001
0.18000000000000005 0.4476999999999988
0.30000000000000004 0.43389999999999923
0.18000000000000005 0.39559999999999945
0.30000000000000004 0.38849999999999957
0.06000000000000005 0.32549999999999985
0.21999999999999997 0.36929999999999963
0.12 0.3433999999999997
0.14 0.3188000000000002
0.14 0.25749999999999995
0.14 0.2731999999999998
0.14 0.24530000000000002
0.07999999999999996 0.27070000000000016
0.06000000000000005 0.30360000000000026
0.07999999999999996 0.27109999999999984
0.07999999999999996 0.25860000000000005
0.07999999999999996 0.33399999999999985
0.07999999999999996 0.2783000000000001
0.040000000000000036 0.21269999999999986
0.07999999999999996 0.25420000000000026
0.06000000000000005 0.26110000000000017
0.06000000000000005 0.3305999999999999
0.06000000000000005 0.27380000000000015
0.06000000000000005 0.31970000000000015
0.09999999999999998 0.2089999999999999
0.09999999999999998 0.1931
0.06000000000000005 0.17039999999999997
0.06000000000000005 0.12359999999999995
0.040000000000000036 0.18330000000000002
0.06000000000000005 0.1943
0.12 0.1687999999999998
0.040000000000000036 0.13819999999999996
0.040000000000000036 0.18139999999999984
0.06000000000000005 0.23399999999999985
0.040000000000000036 0.1457999999999999
0.12 0.19489999999999985
0.020000000000000018 0.14809999999999984
0.040000000000000036 0.1500999999999999
0.040000000000000036 0.21530000000000002
0.040000000000000036 0.1625999999999999
0.06000000000000005 0.16919999999999993
0.06000000000000005 0.15799999999999995
0.07999999999999996 0.19669999999999976
0.020000000000000018 0.19939999999999997
0.07999999999999996 0.15999999999999992
0.06000000000000005 0.1594
0.040000000000000036 0.18779999999999997
0.09999999999999998 0.27170000000000016
0.040000000000000036 0.2582000000000002
0.040000000000000036 0.25250000000000006
0.040000000000000036 0.21820000000000012
0.06000000000000005 0.21799999999999986
0.040000000000000036 0.29999999999999993
0.06000000000000005 0.2773
0.040000000000000036 0.19080000000000014
0.040000000000000036 0.15539999999999993
0.040000000000000036 0.15199999999999997
0.040000000000000036 0.18559999999999988
0.040000000000000036 0.17610000000000003
0.040000000000000036 0.1461999999999999
0.020000000000000018 0.11709999999999993
0.040000000000000036 0.11189999999999996
0.06000000000000005 0.14060000000000003
0.06000000000000005 0.17540000000000006
0.040000000000000036 0.1894000000000001
0.07999999999999996 0.157
0.06000000000000005 0.12840000000000001
0.07999999999999996 0.12260000000000003
0.07999999999999996 0.0948000000000001
0.040000000000000036 0.3164999999999997
0.040000000000000036 0.2843000000000002
0.040000000000000036 0.4865000000000006
0.36 0.542800000000001
0.31999999999999995 0.4955000000000005
0.21999999999999997 0.46490000000000015
0.21999999999999997 0.44610000000000016
0.07999999999999996 0.36849999999999944
0.09999999999999998 0.4184999999999999
0.36 0.3945999999999992
0.36 0.3867999999999993
0.26 0.3719999999999994
0.36 0.37979999999999925
0.07999999999999996 0.3705999999999994
0.21999999999999997 0.3737999999999994
0.31999999999999995 0.38309999999999916
0.09999999999999998 0.3812999999999993
0.18000000000000005 0.38199999999999923
0.36 0.3826999999999993
0.36 0.39659999999999923
0.31999999999999995 0.3880999999999994
0.24 0.3876999999999994
0.18000000000000005 0.38279999999999936
0.18000000000000005 0.36929999999999935
0.18000000000000005 0.3768999999999993
0.06000000000000005 0.3710999999999994
0.16000000000000003 0.36729999999999946
0.06000000000000005 0.33129999999999993
0.06000000000000005 0.32589999999999997
0.06000000000000005 0.33549999999999974
0.06000000000000005 0.34759999999999963
0.06000000000000005 0.3320000000000002
0.06000000000000005 0.31859999999999983
0.06000000000000005 0.32690000000000025
0.06000000000000005 0.3024000000000001
0.09999999999999998 0.3141
0.09999999999999998 0.27220000000000005
0.09999999999999998 0.25030000000000024
0.09999999999999998 0.19970000000000002
0.09999999999999998 0.16109999999999997
0.09999999999999998 0.13849999999999998
0.09999999999999998 0.11809999999999996
0.09999999999999998 0.1394999999999999
0.09999999999999998 0.11699999999999995
0.09999999999999998 0.10749999999999998
0.09999999999999998 0.13049999999999995
0.09999999999999998 0.14319999999999988
0.09999999999999998 0.13159999999999988
0.09999999999999998 0.11639999999999998
0.09999999999999998 0.12199999999999996
0.09999999999999998 0.12909999999999985
0.09999999999999998 0.12109999999999985
0.09999999999999998 0.12439999999999989
0.09999999999999998 0.11429999999999994
0.09999999999999998 0.1269999999999999
0.09999999999999998 0.11809999999999996
0.09999999999999998 0.1381999999999999
0.09999999999999998 0.12719999999999992
0.09999999999999998 0.13129999999999994
0.09999999999999998 0.11979999999999993
0.09999999999999998 0.14629999999999985
0.09999999999999998 0.13009999999999988
0.09999999999999998 0.11120000000000002
0.09999999999999998 0.11959999999999989
0.09999999999999998 0.1754999999999999
0.09999999999999998 0.15929999999999983
0.09999999999999998 0.15909999999999985
0.09999999999999998 0.14719999999999983
0.09999999999999998 0.15439999999999984
0.09999999999999998 0.2015000000000001
0.09999999999999998 0.15039999999999978
0.09999999999999998 0.15159999999999985
0.09999999999999998 0.12739999999999982
0.09999999999999998 0.17119999999999988
0.09999999999999998 0.15149999999999983
0.14 0.7196999999999985
0.09999999999999998 0.19949999999999996
0.09999999999999998 0.15849999999999986
0.09999999999999998 0.11589999999999993
0.09999999999999998 0.7310999999999993
0.09999999999999998 0.722599999999999
0.09999999999999998 0.6956999999999988
0.09999999999999998 0.6568999999999983
0.09999999999999998 0.5992999999999983
0.09999999999999998 0.521599999999999
0.09999999999999998 0.4672999999999993
0.09999999999999998 0.31230000000000036
0.07999999999999996 0.21109999999999998
0.07999999999999996 0.18459999999999993
0.07999999999999996 0.1460999999999999
0.07999999999999996 0.14099999999999988
0.07999999999999996 0.14049999999999982
0.07999999999999996 0.2938
0.09999999999999998 0.24759999999999988
0.09999999999999998 0.20469999999999988
0.09999999999999998 0.18910000000000007
0.07999999999999996 0.15569999999999995
0.09999999999999998 0.20740000000000003
0.09999999999999998 0.20970000000000003
0.09999999999999998 0.1802999999999999
0.09999999999999998 0.16049999999999984
0.07999999999999996 0.1635999999999999
0.07999999999999996 0.16059999999999988
0.09999999999999998 0.1369
0.07999999999999996 0.15279999999999988
0.07999999999999996 0.1364999999999999
0.07999999999999996 0.13449999999999993
0.07999999999999996 0.11679999999999993
0.07999999999999996 0.6550999999999984
0.07999999999999996 0.1834999999999999
0.07999999999999996 0.6842999999999987
0.07999999999999996 0.6044999999999984
0.07999999999999996 0.5773999999999984
0.07999999999999996 0.47119999999999906
0.07999999999999996 0.22780000000000006
0.07999999999999996 0.489099999999999
0.07999999999999996 0.14969999999999992
0.07999999999999996 0.1704999999999999
0.07999999999999996 0.15369999999999986
0.07999999999999996 0.22490000000000004
0.07999999999999996 0.19090000000000004
0.07999999999999996 0.1170999999999999
0.07999999999999996 0.12919999999999984
0.07999999999999996 0.10509999999999989
0.07999999999999996 0.11299999999999986
0.07999999999999996 0.10569999999999988
0.07999999999999996 0.13319999999999976
0.07999999999999996 0.10159999999999983
0.14 0.11419999999999984
0.14 0.11419999999999979
0.14 0.11609999999999986
0.14 0.10569999999999988
0.14 0.12839999999999982
0.14 0.1107999999999999
0.14 0.12209999999999993
0.14 0.2250999999999999
0.14 0.16749999999999982
0.14 0.1248999999999999
0.14 0.12130000000000006
0.14 0.13829999999999995
0.14 0.12450000000000011
0.14 0.12740000000000015
0.14 0.30360000000000015
0.14 0.12789999999999987
0.14 0.13909999999999978
0.09999999999999998 0.1839999999999999
0.09999999999999998 0.1286999999999998
0.09999999999999998 0.1507999999999999
0.09999999999999998 0.12549999999999994
0.14 0.12949999999999992
0.14 0.1449999999999999
0.14 0.12730000000000002
0.14 0.1355000000000001
0.14 0.12970000000000026
0.14 0.14280000000000018
0.14 0.13980000000000026
0.14 0.1330000000000003
0.09999999999999998 0.1321000000000003
0.09999999999999998 0.20340000000000022
0.14 0.21419999999999986
0.14 0.17740000000000003
0.14 0.13890000000000025
0.14 0.14540000000000017
0.09999999999999998 0.3026000000000002
0.09999999999999998 0.1826000000000001
0.09999999999999998 0.18320000000000003
0.09999999999999998 0.17849999999999994
0.09999999999999998 0.18440000000000012
0.09999999999999998 0.18750000000000014
0.09999999999999998 0.20430000000000018
0.09999999999999998 0.21170000000000028
0.16000000000000003 0.38849999999999985
0.16000000000000003 0.3196000000000004
0.16000000000000003 0.21290000000000006
0.12 0.20909999999999995
0.12 0.3012000000000003
0.12 0.19760000000000005
0.12 0.17309999999999998
0.12 0.16229999999999997
0.09999999999999998 0.15130000000000013
0.09999999999999998 0.16400000000000012
0.09999999999999998 0.1726000000000001
0.09999999999999998 0.1801000000000001
0.09999999999999998 0.16400000000000003
0.09999999999999998 0.1721
0.16000000000000003 0.2918000000000001
0.12 0.7201999999999988
0.5800000000000001 0.7348999999999983
0.14 0.32410000000000033
0.14 0.2988000000000003
0.14 0.2082000000000002
0.14 0.25610000000000027
0.12 0.6999999999999977
0.12 0.6795999999999978
0.12 0.19540000000000007
0.12 0.1896000000000001
0.12 0.1685
0.12 0.1565
0.12 0.15880000000000008
0.12 0.14210000000000012
0.12 0.1596000000000001
0.12 0.1869000000000001
0.12 0.19590000000000013
0.12 0.19650000000000006
0.12 0.19849999999999998
0.12 0.1947
0.12 0.1832999999999999
0.12 0.17919999999999997
0.12 0.23790000000000006
0.12 0.3865000000000004
0.12 0.2298000000000001
0.12 0.18660000000000007
0.12 0.17099999999999999
0.12 0.20029999999999998
0.09999999999999998 0.31690000000000007
0.09999999999999998 0.24150000000000013
0.09999999999999998 0.2229000000000001
0.09999999999999998 0.2457000000000001
0.14 0.5170999999999992
0.14 0.23030000000000012
0.14 0.20250000000000015
0.14 0.22750000000000012
0.14 0.2388
0.14 0.19889999999999994
0.56 0.7355999999999987
0.56 0.7354999999999986
0.56 0.7268999999999983
0.56 0.7231999999999986
0.74 0.7286999999999977
0.7 0.7303999999999969
0.7 0.7335999999999973
0.7 0.7357999999999986
0.7 0.7346999999999982
0.7 0.7332999999999983
0.7 0.731299999999998
0.7 0.7329999999999981
0.7 0.7277999999999976
0.7 0.7268999999999975
0.7 0.7250999999999973
0.7 0.725399999999998
0.7 0.7179999999999984
0.7 0.7137999999999984
0.7 0.714999999999999
0.6599999999999999 0.702899999999999
0.6599999999999999 0.6978999999999987
0.43999999999999995 0.6749000000000004
0.6599999999999999 0.689500000000001
0.7 0.6910999999999997
0.42000000000000004 0.6457000000000004
0.42000000000000004 0.6469000000000008
0.4 0.6165000000000005
0.4 0.6073000000000004
0.4 0.5959000000000002
0.42000000000000004 0.6364000000000007
0.4 0.6053999999999998
0.42000000000000004 0.5898999999999998
0.42000000000000004 0.5732999999999996
0.42000000000000004 0.5434999999999994
0.42000000000000004 0.5892999999999988
0.42000000000000004 0.5346999999999997
0.42000000000000004 0.5410999999999991
0.42000000000000004 0.5066999999999998
0.42000000000000004 0.5718
