0.72 0.38945000000000035
0.71 0.4059500000000004
0.71 0.4476500000000002
0.71 0.44395000000000023
0.71 0.4175500000000005
0.71 0.4215000000000003
0.71 0.4180000000000003
0.71 0.42285000000000006
0.71 0.4214500000000001
0.71 0.42129999999999995
0.71 0.4217499999999999
0.71 0.4100500000000003
0.71 0.446399999999999
0.71 0.45544999999999897
0.71 0.45774999999999866
0.71 0.4301499999999996
0.71 0.5028499999999989
0.71 0.4901999999999982
0.71 0.45964999999999895
0.71 0.522799999999999
0.71 0.5272999999999989
0.71 0.489499999999998
0.71 0.49369999999999803
0.71 0.4929999999999982
0.71 0.5290499999999987
0.71 0.4681499999999986
0.71 0.5202499999999997
0.71 0.5223999999999986
0.71 0.5350499999999989
0.71 0.5190999999999986
0.71 0.5675999999999987
0.71 0.557549999999999
0.71 0.5657499999999991
0.71 0.6032000000000002
0.71 0.5910499999999995
0.71 0.5858499999999996
0.71 0.5794499999999997
0.71 0.6035999999999995
0.71 0.6083499999999996
0.71 0.6552000000000006
0.71 0.6710000000000014
0.71 0.6761500000000005
0.71 0.688550000000001
0.71 0.6619000000000003
0.71 0.6726500000000009
0.71 0.6826000000000012
0.71 0.6600000000000008
0.71 0.6189000000000004
0.71 0.6093
0.71 0.5891000000000003
0.71 0.6198500000000005
0.71 0.5771999999999999
0.71 0.554
0.71 0.6502500000000007
0.71 0.6477500000000009
0.71 0.6598000000000006
0.71 0.6678000000000014
0.71 0.6772000000000008
0.71 0.695499999999999
0.71 0.6951499999999993
0.71 0.680700000000001
0.71 0.6884000000000003
0.71 0.6948499999999987
0.71 0.6801999999999992
0.71 0.5544999999999993
0.71 0.6879000000000002
0.71 0.6587999999999999
0.71 0.691449999999999
0.71 0.6991999999999982
0.71 0.6974499999999988
0.71 0.6761999999999999
0.71 0.63545
0.71 0.6681000000000004
0.71 0.6780499999999995
0.71 0.67975
0.71 0.6896499999999989
0.71 0.6848500000000002
0.71 0.6827499999999995
0.71 0.6834499999999996
0.71 0.6781000000000001
0.71 0.6868499999999996
0.71 0.6853
0.71 0.6895999999999997
0.71 0.6910499999999989
0.71 0.6949499999999983
0.71 0.6973499999999985
0.71 0.6946999999999988
0.71 0.6901499999999992
0.71 0.6253
0.71 0.6726999999999991
0.71 0.6380500000000001
0.71 0.6711999999999996
0.71 0.6763999999999979
0.71 0.6869999999999977
0.71 0.6880999999999986
0.71 0.6136999999999992
0.71 0.6483500000000002
0.71 0.6166499999999998
0.71 0.6480499999999997
0.71 0.6499500000000004
0.71 0.6298000000000004
0.71 0.6634500000000011
0.71 0.6549000000000007
0.71 0.5412499999999997
0.71 0.6199999999999997
0.71 0.6197499999999991
0.71 0.6425000000000002
0.71 0.6646500000000013
0.71 0.6856000000000009
0.71 0.6871499999999997
0.71 0.68805
0.71 0.6801
0.71 0.6984499999999987
0.71 0.6967499999999984
0.71 0.6844500000000002
0.71 0.6924499999999988
0.71 0.6811
0.71 0.6927499999999998
0.71 0.6920499999999996
0.71 0.6944999999999989
0.71 0.6976499999999984
0.71 0.684950000000001
0.71 0.68995
0.71 0.6825499999999991
0.71 0.6493000000000009
0.71 0.5979999999999993
0.71 0.6649500000000006
0.71 0.7016499999999981
0.71 0.7041499999999975
0.71 0.7059999999999965
0.71 0.7047999999999969
0.71 0.6919000000000001
0.71 0.6998999999999984
0.71 0.702549999999998
0.71 0.7042999999999974
0.71 0.7063999999999975
0.71 0.7079999999999979
0.71 0.7073499999999978
0.71 0.7015499999999968
0.71 0.7015999999999969
0.71 0.7089499999999975
0.71 0.7087999999999979
0.71 0.6963999999999977
0.71 0.6863999999999973
0.71 0.7048499999999975
0.71 0.704549999999997
0.71 0.7055499999999975
0.71 0.7022999999999978
0.71 0.6982499999999972
0.71 0.705099999999997
0.71 0.7019999999999971
0.71 0.6532999999999997
0.71 0.6673999999999981
0.71 0.6623999999999987
0.71 0.6906499999999975
0.71 0.6933999999999975
0.71 0.6819000000000005
0.71 0.5875000000000002
0.71 0.6342499999999989
0.71 0.6741999999999985
0.71 0.7046999999999968
0.71 0.6799999999999977
0.71 0.6997499999999975
0.71 0.7065999999999972
0.71 0.7056999999999976
0.71 0.706849999999998
0.71 0.7097499999999982
0.71 0.7043999999999976
0.71 0.7063999999999979
0.71 0.7026999999999972
0.71 0.7043499999999977
0.71 0.7019999999999975
0.71 0.7036499999999977
0.71 0.7073999999999969
0.71 0.7054499999999971
0.71 0.7033999999999971
0.71 0.7054999999999971
0.71 0.7057999999999974
0.71 0.7073499999999977
0.71 0.7041499999999979
0.71 0.7037999999999972
0.71 0.707449999999998
0.71 0.708649999999998
0.71 0.7030499999999974
0.71 0.7040999999999975
0.71 0.7082999999999974
0.71 0.7075999999999978
0.71 0.7065999999999977
0.71 0.7069499999999977
0.71 0.6860999999999976
0.71 0.7023499999999978
0.71 0.6722499999999983
0.71 0.7053999999999974
0.71 0.6978999999999975
0.71 0.7032499999999974
0.71 0.706099999999998
0.71 0.6995999999999977
0.71 0.7051999999999977
0.71 0.7034999999999978
0.71 0.7031999999999975
0.71 0.6748999999999994
0.71 0.7074499999999978
0.71 0.6755499999999982
0.71 0.7025499999999977
0.71 0.7065499999999968
0.71 0.7032999999999971
0.71 0.704849999999997
0.71 0.705599999999997
0.71 0.6441499999999999
0.71 0.5858499999999991
0.71 0.44469999999999954
0.71 0.4855499999999986
0.71 0.6956499999999975
0.71 0.6934999999999976
0.71 0.7018499999999971
0.71 0.7007499999999972
0.71 0.6982999999999978
0.71 0.6971499999999977
0.71 0.6989999999999974
0.71 0.7022499999999969
0.71 0.7081999999999978
0.71 0.7067499999999977
0.71 0.7049499999999976
0.71 0.708549999999998
0.71 0.7074499999999982
0.71 0.706149999999998
0.71 0.7043499999999979
0.71 0.7067999999999973
0.71 0.7041999999999976
0.71 0.6871999999999973
0.71 0.7017999999999973
0.71 0.7001999999999973
0.71 0.7056499999999971
0.71 0.6814499999999974
0.71 0.657149999999999
0.71 0.6704499999999993
0.71 0.6798999999999994
0.71 0.6756999999999985
0.71 0.6778999999999981
0.71 0.676399999999998
0.71 0.6806999999999985
0.71 0.6878499999999981
0.71 0.700449999999997
0.71 0.7067499999999975
0.71 0.706949999999998
0.71 0.7077499999999979
0.71 0.7070499999999978
0.71 0.7079999999999981
0.71 0.7088499999999982
0.71 0.7054999999999978
0.71 0.7043999999999978
0.71 0.6657499999999976
0.71 0.6677499999999974
0.71 0.5716999999999978
0.71 0.6296499999999978
0.71 0.4826999999999984
0.71 0.5043499999999981
0.71 0.4945999999999984
0.71 0.5434499999999983
0.71 0.500449999999998
0.71 0.38830000000000015
0.68 0.39849999999999997
0.71 0.45964999999999834
0.71 0.4248999999999991
0.71 0.4663999999999984
0.7 0.4402499999999986
0.71 0.5523999999999992
0.7 0.5028000000000002
0.71 0.5383
0.71 0.5898499999999995
0.71 0.6246499999999989
0.71 0.6518499999999999
0.71 0.6409999999999998
0.71 0.6577000000000006
0.71 0.6732500000000006
0.71 0.6561999999999993
0.71 0.6676500000000003
0.71 0.6809000000000013
0.71 0.6871500000000013
0.71 0.6909000000000006
0.71 0.6980999999999988
0.71 0.6817500000000005
0.71 0.7032499999999989
0.71 0.7023999999999986
0.71 0.7047499999999978
0.71 0.7054999999999975
0.71 0.7058999999999973
0.71 0.7068499999999974
0.71 0.7062499999999978
0.71 0.7077999999999972
0.71 0.7082499999999969
0.71 0.7059999999999969
0.71 0.702499999999997
0.71 0.7050499999999968
0.71 0.7082999999999967
0.71 0.706799999999997
0.71 0.7074499999999972
0.71 0.7058999999999973
0.71 0.7055999999999969
0.71 0.7045999999999972
0.71 0.6986999999999974
0.71 0.6990999999999978
0.71 0.708299999999998
0.71 0.7087999999999979
0.71 0.7076499999999976
0.71 0.6443499999999978
0.71 0.5608499999999979
0.71 0.6978499999999981
0.71 0.6999499999999982
0.71 0.7048999999999966
0.71 0.7031999999999973
0.71 0.7062999999999974
0.71 0.7063999999999977
0.71 0.6442500000000001
0.71 0.6404999999999997
0.71 0.6963999999999976
0.71 0.685699999999999
0.71 0.7017999999999971
0.71 0.708599999999998
0.71 0.7078499999999979
0.71 0.709199999999998
0.71 0.7052999999999977
0.71 0.7044999999999975
0.71 0.7074999999999976
0.71 0.706149999999998
0.71 0.7062999999999977
0.71 0.7066499999999978
0.71 0.7080499999999982
0.71 0.7053999999999978
0.71 0.7026999999999977
0.71 0.7078499999999979
0.71 0.708149999999998
0.71 0.7080499999999978
0.71 0.7085499999999979
0.71 0.7066499999999981
0.71 0.7074999999999981
0.71 0.709199999999998
0.71 0.7022999999999979
0.71 0.7074499999999978
0.71 0.7040499999999981
0.71 0.704649999999998
0.71 0.6928999999999981
0.71 0.689699999999999
0.71 0.7068999999999979
0.71 0.7081499999999982
0.71 0.6795499999999995
0.71 0.6835999999999991
0.71 0.6493500000000002
0.71 0.6617999999999992
0.71 0.7013499999999979
0.71 0.7091499999999982
0.71 0.7080499999999982
0.71 0.7070999999999978
0.71 0.707549999999998
0.71 0.7072999999999976
0.71 0.7026499999999974
0.71 0.704749999999997
0.71 0.5806499999999988
0.71 0.6921999999999977
0.71 0.6945999999999972
0.71 0.7056999999999978
0.71 0.6977999999999973
0.71 0.7094499999999977
0.71 0.7073999999999981
0.71 0.7068999999999979
0.71 0.7073499999999978
0.71 0.6942499999999974
0.71 0.7013999999999976
0.71 0.7086499999999977
0.71 0.7024999999999976
0.71 0.7057499999999977
0.71 0.7055499999999978
0.71 0.7086999999999974
0.71 0.641399999999998
0.71 0.6382999999999983
0.71 0.6987499999999973
0.71 0.7084499999999977
0.71 0.7078999999999978
0.71 0.6640499999999976
0.71 0.7073999999999977
0.71 0.7097499999999978
0.71 0.706599999999997
0.71 0.7086999999999974
0.71 0.7073499999999977
0.71 0.707199999999998
0.71 0.7018499999999972
0.71 0.7062499999999972
0.71 0.7081499999999978
0.71 0.7078499999999981
0.71 0.7040499999999971
0.71 0.7084999999999978
0.71 0.708149999999998
0.71 0.7091499999999982
0.71 0.7043499999999975
0.71 0.6411499999999998
0.71 0.6803499999999985
0.71 0.6563999999999998
0.71 0.6805499999999988
0.71 0.6917499999999986
0.71 0.6993999999999978
0.71 0.6883999999999985
0.71 0.7036999999999971
0.71 0.7069999999999976
0.71 0.7086499999999976
0.71 0.7081499999999977
0.71 0.7079499999999981
0.71 0.709299999999998
0.71 0.7095499999999982
0.71 0.7078999999999982
0.71 0.7025999999999978
0.71 0.7046999999999976
0.71 0.7035999999999977
0.71 0.7034999999999979
0.71 0.7042499999999978
0.71 0.7085999999999981
0.71 0.6666999999999988
0.71 0.6941999999999977
0.71 0.7068999999999983
0.71 0.705599999999998
0.71 0.7071499999999981
0.71 0.7085999999999983
0.71 0.7081499999999982
0.71 0.7098499999999981
0.71 0.7085999999999981
0.71 0.7084999999999978
0.71 0.7087499999999979
0.71 0.7069999999999982
0.71 0.7064499999999981
0.71 0.7067999999999981
0.71 0.7059499999999982
0.71 0.7090499999999981
0.71 0.7087499999999981
0.71 0.7062499999999982
0.71 0.699899999999998
0.71 0.7069499999999981
0.71 0.7097999999999981
0.71 0.6854999999999977
0.71 0.6937499999999972
0.71 0.654999999999999
0.71 0.6735999999999989
0.71 0.6836999999999982
0.71 0.6942499999999974
0.71 0.7037999999999975
0.71 0.7029999999999981
0.71 0.7025999999999973
0.71 0.7045499999999977
0.71 0.6983499999999975
0.71 0.7080999999999981
0.71 0.7064999999999979
0.71 0.7070999999999976
0.71 0.7086999999999981
0.71 0.7075499999999978
0.71 0.707199999999998
0.71 0.7084499999999982
0.71 0.708149999999998
0.71 0.7099499999999982
0.71 0.705399999999998
0.71 0.7096999999999981
0.71 0.707599999999998
0.71 0.707499999999998
0.71 0.7067999999999981
0.71 0.7051999999999978
0.71 0.7068499999999978
0.71 0.7089499999999976
0.71 0.706199999999998
0.71 0.7044999999999979
0.71 0.7084499999999981
0.71 0.7052999999999979
0.71 0.7082999999999982
0.71 0.7044499999999982
0.71 0.6948499999999977
0.71 0.6880999999999977
0.71 0.703649999999998
0.71 0.6869999999999977
0.71 0.6762499999999986
0.71 0.6939499999999981
0.71 0.7014999999999975
0.71 0.7077999999999979
0.71 0.7048999999999981
0.71 0.7035999999999977
0.71 0.705449999999998
0.71 0.7085999999999981
0.71 0.706749999999998
0.71 0.7074499999999982
0.71 0.7074999999999981
0.71 0.7032499999999984
0.71 0.7095999999999981
0.71 0.7088499999999982
0.71 0.7068999999999981
0.71 0.7071999999999982
0.71 0.705249999999998
0.71 0.7084499999999981
0.71 0.7093499999999979
0.71 0.7080999999999972
0.71 0.7061999999999972
0.71 0.7060499999999977
0.71 0.7066499999999982
0.71 0.708349999999998
0.71 0.7021999999999978
0.71 0.707999999999998
