0.16000000000000003 0.5737800000000036
0.16000000000000003 0.5316600000000029
0.07999999999999996 0.4950600000000009
0.14 0.46666000000000046
0.14 0.4455400000000002
0.06000000000000005 0.42742000000000036
0.06000000000000005 0.40941999999999995
0.06000000000000005 0.38150000000000045
0.06000000000000005 0.36320000000000036
0.06000000000000005 0.3399400000000007
0.06000000000000005 0.3321600000000003
0.06000000000000005 0.3221600000000009
0.06000000000000005 0.311800000000001
0.040000000000000036 0.32042000000000104
0.040000000000000036 0.3036400000000012
0.040000000000000036 0.29562000000000105
0.040000000000000036 0.2790400000000012
0.040000000000000036 0.2659800000000014
0.040000000000000036 0.2543800000000012
0.040000000000000036 0.2429600000000012
0.040000000000000036 0.24514000000000108
0.040000000000000036 0.23862000000000097
0.040000000000000036 0.23160000000000086
0.040000000000000036 0.22490000000000057
0.040000000000000036 0.21632000000000065
0.040000000000000036 0.2111800000000005
0.040000000000000036 0.20998000000000025
0.040000000000000036 0.20318000000000014
0.040000000000000036 0.20890000000000009
0.040000000000000036 0.19687999999999994
0.040000000000000036 0.19599999999999979
0.040000000000000036 0.1805999999999999
0.040000000000000036 0.16031999999999952
0.040000000000000036 0.17253999999999975
0.040000000000000036 0.1673599999999994
0.040000000000000036 0.1716199999999995
0.040000000000000036 0.16045999999999924
0.040000000000000036 0.1459599999999992
0.040000000000000036 0.1516999999999991
0.040000000000000036 0.14139999999999917
0.040000000000000036 0.15171999999999916
0.040000000000000036 0.13935999999999915
0.040000000000000036 0.1360799999999994
0.040000000000000036 0.13553999999999924
0.040000000000000036 0.1331599999999991
0.040000000000000036 0.1321399999999993
0.040000000000000036 0.13725999999999922
0.040000000000000036 0.13865999999999923
0.040000000000000036 0.1439599999999992
0.040000000000000036 0.11919999999999938
0.040000000000000036 0.11747999999999927
0.040000000000000036 0.12157999999999934
0.040000000000000036 0.12725999999999937
0.040000000000000036 0.12821999999999945
0.040000000000000036 0.12735999999999942
0.040000000000000036 0.1358999999999993
0.040000000000000036 0.13141999999999932
0.040000000000000036 0.13461999999999935
0.040000000000000036 0.13817999999999928
0.040000000000000036 0.12115999999999938
0.040000000000000036 0.11953999999999931
0.040000000000000036 0.11627999999999934
0.040000000000000036 0.12125999999999942
0.040000000000000036 0.13169999999999932
0.040000000000000036 0.13221999999999942
0.040000000000000036 0.13039999999999938
0.040000000000000036 0.12517999999999938
0.040000000000000036 0.12027999999999942
0.040000000000000036 0.12253999999999933
0.040000000000000036 0.1319799999999994
0.040000000000000036 0.12653999999999926
0.040000000000000036 0.11911999999999921
0.040000000000000036 0.13265999999999933
0.040000000000000036 0.13563999999999932
0.040000000000000036 0.1328599999999993
0.040000000000000036 0.13557999999999937
0.040000000000000036 0.13449999999999945
0.040000000000000036 0.13413999999999937
0.040000000000000036 0.13659999999999925
0.040000000000000036 0.13845999999999928
0.040000000000000036 0.12029999999999924
0.040000000000000036 0.11399999999999938
0.040000000000000036 0.12569999999999942
0.040000000000000036 0.12485999999999939
0.040000000000000036 0.12023999999999925
0.040000000000000036 0.13365999999999925
0.040000000000000036 0.1269999999999994
0.040000000000000036 0.1223199999999994
0.040000000000000036 0.11651999999999937
0.040000000000000036 0.12409999999999938
0.040000000000000036 0.12289999999999936
0.040000000000000036 0.11771999999999937
0.040000000000000036 0.12383999999999931
0.040000000000000036 0.12361999999999937
0.040000000000000036 0.1221399999999993
0.040000000000000036 0.12803999999999938
0.040000000000000036 0.12465999999999935
0.040000000000000036 0.1289799999999993
0.040000000000000036 0.13729999999999928
0.040000000000000036 0.1287399999999995
