0.95 0.4059599999999928
0.95 0.4553299999999944
0.95 0.48906999999999556
0.95 0.5165799999999954
0.95 0.5427700000000009
0.96 0.5679900000000031
0.96 0.5954000000000027
0.97 0.6029000000000044
0.97 0.6204600000000056
0.97 0.6323400000000067
0.97 0.6535700000000055
0.97 0.6762900000000044
0.97 0.6951000000000007
0.97 0.700099999999999
0.98 0.708689999999997
0.98 0.7027999999999978
0.98 0.7090199999999974
0.98 0.7257699999999933
0.98 0.7327299999999913
0.99 0.7400299999999904
0.99 0.7431899999999895
0.99 0.7369599999999913
0.99 0.7550599999999871
0.99 0.7514199999999877
0.99 0.7605399999999908
0.99 0.762489999999993
0.99 0.7650299999999918
0.99 0.7827699999999913
0.99 0.790829999999993
0.99 0.7899599999999942
0.99 0.796449999999995
0.99 0.7924299999999955
0.99 0.7990899999999964
0.99 0.8017399999999933
0.99 0.8035899999999941
0.99 0.8138299999999934
0.99 0.8234499999999945
0.99 0.836419999999995
0.99 0.8431399999999956
0.99 0.8435499999999966
0.99 0.8507299999999944
0.99 0.8544299999999936
0.99 0.8666799999999942
0.99 0.8561099999999956
0.99 0.8662899999999955
0.99 0.8704699999999942
0.99 0.8688699999999966
0.99 0.8653199999999972
0.99 0.8746899999999967
0.99 0.8738799999999978
0.99 0.8767099999999967
0.99 0.8847599999999967
0.99 0.878799999999997
0.99 0.882619999999997
0.99 0.8695499999999932
0.99 0.8754299999999954
0.99 0.8799699999999983
0.99 0.8841400000000011
0.99 0.8892400000000024
0.99 0.8779099999999999
0.99 0.8770399999999982
0.99 0.8741499999999987
0.99 0.8705599999999981
0.99 0.8747499999999985
0.99 0.8709199999999925
0.99 0.868889999999993
0.99 0.8742099999999962
0.99 0.8746699999999977
0.99 0.8826499999999955
0.99 0.878779999999995
0.99 0.8780899999999988
0.99 0.8852000000000009
0.99 0.8920399999999993
0.99 0.8849199999999957
0.99 0.8852000000000004
0.99 0.8898500000000039
0.99 0.8915300000000033
0.99 0.8864099999999999
0.99 0.8858599999999999
0.99 0.8963600000000026
0.99 0.8832499999999983
0.99 0.8676199999999963
1.0 0.8684399999999978
1.0 0.8730799999999967
1.0 0.874799999999999
1.0 0.8829400000000002
1.0 0.8827499999999993
1.0 0.8838299999999987
1.0 0.8809900000000012
1.0 0.8795400000000005
1.0 0.8824599999999952
1.0 0.8789899999999974
1.0 0.8811300000000004
1.0 0.876699999999999
1.0 0.8798499999999989
1.0 0.8743999999999993
1.0 0.8814099999999985
1.0 0.8786999999999998
1.0 0.8763299999999986
1.0 0.875409999999998
