0.88 0.4129499999999937
0.88 0.4447299999999956
0.93 0.4778499999999975
0.95 0.49757999999999736
0.95 0.5274999999999982
0.95 0.5628500000000018
0.95 0.5869199999999999
0.95 0.6059400000000018
0.96 0.6141600000000015
0.96 0.6402299999999999
0.96 0.6501200000000029
0.96 0.6678000000000037
0.96 0.6830500000000056
0.98 0.6955700000000056
0.98 0.7157000000000078
0.98 0.7190600000000087
0.98 0.7207800000000086
0.98 0.7408000000000093
0.98 0.74696000000001
0.98 0.7577800000000091
0.98 0.761410000000007
0.98 0.7594000000000073
0.98 0.7652200000000066
0.98 0.7743800000000065
0.98 0.779810000000005
0.98 0.7936000000000033
0.98 0.7917600000000037
0.98 0.8013900000000042
0.98 0.8079200000000024
0.98 0.8126100000000013
0.98 0.8087300000000017
0.98 0.8199500000000013
0.98 0.815150000000002
0.98 0.8248400000000037
0.99 0.8223500000000026
0.99 0.835380000000002
0.99 0.8328300000000037
0.99 0.8435000000000008
0.99 0.8439500000000009
0.99 0.8459999999999998
0.99 0.8581399999999966
0.99 0.861959999999996
0.99 0.8616499999999953
0.99 0.8645299999999955
0.99 0.8684399999999975
0.99 0.8643999999999945
0.99 0.8717899999999965
0.99 0.873969999999996
0.99 0.8755999999999954
0.99 0.8726499999999957
0.99 0.8713299999999929
0.99 0.8875499999999968
0.99 0.8746799999999972
0.99 0.8816099999999968
0.99 0.8848899999999961
0.99 0.8702099999999958
0.99 0.8710799999999962
0.99 0.8722199999999966
0.99 0.8746999999999977
0.99 0.8736499999999954
0.99 0.881709999999996
0.99 0.8749899999999968
0.99 0.8710399999999976
0.99 0.8730399999999952
0.99 0.8762299999999956
0.99 0.8858799999999967
0.99 0.8859999999999973
0.99 0.8845399999999964
0.99 0.876199999999996
0.99 0.8791399999999964
0.99 0.880419999999997
0.99 0.8722799999999983
0.99 0.873659999999997
0.99 0.882849999999998
0.99 0.8714299999999943
0.99 0.8693399999999974
0.99 0.8715299999999933
0.99 0.867049999999995
0.99 0.8764299999999948
0.99 0.8784799999999947
0.99 0.8790699999999955
0.99 0.8737699999999965
0.99 0.8696299999999965
0.99 0.879829999999998
0.99 0.8851299999999996
0.99 0.885289999999998
0.99 0.8775899999999962
0.99 0.8856199999999979
0.99 0.8874499999999971
0.99 0.8982100000000012
0.99 0.8966999999999975
0.99 0.8958099999999999
0.99 0.8920600000000023
0.99 0.8936200000000014
0.99 0.8895500000000015
0.99 0.9017099999999991
0.99 0.8818699999999999
0.99 0.874019999999999
0.99 0.8787199999999982
0.99 0.8828099999999978
