0.30000000000000004 0.6454000000000006
0.30000000000000004 0.6237
0.30000000000000004 0.6150000000000001
0.4 0.6068000000000002
0.19999999999999996 0.5963
0.020000000000000018 0.5659999999999998
0.4 0.6374999999999996
0.26 0.6284999999999997
0.19999999999999996 0.5900999999999998
0.19999999999999996 0.6385000000000001
0.31999999999999995 0.6120999999999998
0.31999999999999995 0.5824000000000003
0.4 0.6315000000000007
0.31999999999999995 0.6188000000000001
0.07999999999999996 0.5748
0.07999999999999996 0.5484999999999999
0.07999999999999996 0.6228999999999998
0.12 0.5539000000000001
0.14 0.5855000000000001
0.4 0.6537999999999995
0.4 0.6243999999999997
0.4 0.6130999999999996
0.4 0.5817
0.42000000000000004 0.6582999999999992
0.36 0.5576000000000007
0.14 0.6114000000000003
0.30000000000000004 0.5445999999999998
0.30000000000000004 0.5641999999999998
0.30000000000000004 0.5298
0.4 0.5235000000000004
0.21999999999999997 0.5365000000000002
0.36 0.5353000000000003
0.4 0.5234
0.4 0.6088
0.4 0.5392
0.4 0.5255999999999998
0.12 0.5025
0.4 0.5964000000000014
0.26 0.5728000000000004
0.4 0.5670000000000003
0.4 0.5719000000000005
0.4 0.6337999999999997
0.4 0.6255999999999994
0.4 0.6298999999999999
0.4 0.6244999999999993
0.4 0.6185999999999993
0.24 0.5391000000000001
0.4 0.5577000000000002
0.38 0.5213000000000005
0.38 0.48700000000000027
0.12 0.44329999999999964
0.42000000000000004 0.5704000000000007
0.42000000000000004 0.5352000000000006
0.31999999999999995 0.474
0.30000000000000004 0.4679000000000002
0.14 0.46320000000000044
0.28 0.46400000000000013
0.28 0.4342999999999997
0.33999999999999997 0.4217999999999998
0.33999999999999997 0.41979999999999956
0.36 0.43119999999999997
0.18000000000000005 0.4445000000000002
0.18000000000000005 0.40399999999999947
0.18000000000000005 0.4258999999999996
0.18000000000000005 0.4412999999999997
0.18000000000000005 0.4310999999999994
0.18000000000000005 0.4207999999999998
0.30000000000000004 0.4315999999999995
0.30000000000000004 0.41119999999999945
0.30000000000000004 0.42049999999999926
0.30000000000000004 0.40759999999999985
0.30000000000000004 0.4375999999999993
0.30000000000000004 0.41789999999999977
0.30000000000000004 0.41489999999999994
0.30000000000000004 0.4077999999999996
0.30000000000000004 0.40009999999999984
0.30000000000000004 0.3992999999999999
0.30000000000000004 0.41219999999999957
0.30000000000000004 0.40190000000000003
0.30000000000000004 0.3991
0.16000000000000003 0.39600000000000024
0.16000000000000003 0.4940000000000013
0.16000000000000003 0.4626000000000006
0.30000000000000004 0.4097
0.30000000000000004 0.42379999999999973
0.07999999999999996 0.39299999999999985
0.07999999999999996 0.3984999999999998
0.07999999999999996 0.3728999999999998
0.06000000000000005 0.3722999999999997
0.07999999999999996 0.35950000000000004
0.06000000000000005 0.3583999999999996
0.06000000000000005 0.3515999999999998
0.06000000000000005 0.4409000000000005
0.06000000000000005 0.44240000000000046
0.33999999999999997 0.4487
0.18000000000000005 0.42280000000000006
0.16000000000000003 0.40590000000000037
0.16000000000000003 0.39490000000000014
0.16000000000000003 0.3831000000000002
0.16000000000000003 0.37500000000000044
0.16000000000000003 0.3747000000000004
0.06000000000000005 0.3703
0.07999999999999996 0.3403999999999999
0.06000000000000005 0.3712000000000003
0.06000000000000005 0.3269999999999998
0.06000000000000005 0.31839999999999974
0.06000000000000005 0.2861999999999997
0.06000000000000005 0.2601
0.06000000000000005 0.3771000000000004
0.06000000000000005 0.3585000000000004
0.06000000000000005 0.2851000000000002
0.06000000000000005 0.2696000000000004
0.06000000000000005 0.24740000000000023
0.12 0.2807000000000002
0.12 0.2874000000000001
0.12 0.23900000000000005
0.12 0.30060000000000026
0.09999999999999998 0.35629999999999995
0.09999999999999998 0.38420000000000004
0.07999999999999996 0.3099
0.07999999999999996 0.22939999999999988
0.09999999999999998 0.2016999999999999
0.07999999999999996 0.18669999999999995
0.09999999999999998 0.23229999999999984
0.09999999999999998 0.16559999999999991
0.09999999999999998 0.17789999999999992
0.09999999999999998 0.15930000000000005
0.09999999999999998 0.18540000000000006
0.14 0.15530000000000008
0.14 0.1905
0.14 0.16599999999999995
0.14 0.20729999999999982
0.14 0.21659999999999993
0.14 0.18449999999999997
0.14 0.16649999999999987
0.06000000000000005 0.13349999999999984
0.06000000000000005 0.2645000000000002
0.09999999999999998 0.29359999999999997
0.12 0.27929999999999977
0.12 0.23710000000000003
0.06000000000000005 0.16109999999999988
0.07999999999999996 0.1387999999999999
0.040000000000000036 0.16669999999999985
0.07999999999999996 0.15969999999999987
0.09999999999999998 0.15939999999999993
0.040000000000000036 0.11579999999999999
0.06000000000000005 0.10489999999999995
0.09999999999999998 0.12460000000000004
0.09999999999999998 0.12750000000000006
0.06000000000000005 0.11369999999999995
0.06000000000000005 0.11139999999999992
0.09999999999999998 0.12210000000000004
0.09999999999999998 0.1466
0.09999999999999998 0.15749999999999997
0.07999999999999996 0.13359999999999997
0.07999999999999996 0.13870000000000013
0.07999999999999996 0.13150000000000006
0.07999999999999996 0.13350000000000006
0.09999999999999998 0.14700000000000013
0.09999999999999998 0.14539999999999995
0.040000000000000036 0.1375000000000001
0.040000000000000036 0.13389999999999994
0.09999999999999998 0.16639999999999985
0.09999999999999998 0.14279999999999984
0.06000000000000005 0.10970000000000002
0.06000000000000005 0.11120000000000002
0.06000000000000005 0.1128999999999999
0.06000000000000005 0.14149999999999982
0.06000000000000005 0.12689999999999976
0.09999999999999998 0.12589999999999976
0.040000000000000036 0.1362999999999998
0.040000000000000036 0.10779999999999994
0.040000000000000036 0.1441
0.040000000000000036 0.18160000000000007
0.040000000000000036 0.1858
0.06000000000000005 0.19920000000000004
0.040000000000000036 0.1523
0.040000000000000036 0.1470000000000001
0.040000000000000036 0.1273
0.06000000000000005 0.18829999999999994
0.06000000000000005 0.18919999999999984
0.07999999999999996 0.2984000000000002
0.020000000000000018 0.2025
0.040000000000000036 0.15859999999999996
0.040000000000000036 0.15080000000000002
0.040000000000000036 0.15000000000000002
0.040000000000000036 0.12220000000000006
0.09999999999999998 0.3074
0.06000000000000005 0.1493999999999999
0.09999999999999998 0.27730000000000005
0.06000000000000005 0.14519999999999997
0.040000000000000036 0.1211
0.040000000000000036 0.12779999999999997
0.040000000000000036 0.13369999999999993
0.31999999999999995 0.3811000000000007
0.14 0.4367999999999997
0.24 0.43509999999999954
0.21999999999999997 0.4114999999999997
0.19999999999999996 0.41370000000000073
0.38 0.4334000000000011
0.38 0.40730000000000033
0.38 0.3829000000000002
0.21999999999999997 0.37310000000000065
0.36 0.3769000000000009
0.36 0.3842000000000009
0.36 0.38580000000000114
0.36 0.36850000000000066
0.36 0.3651000000000008
0.36 0.3658000000000007
0.36 0.36500000000000044
0.36 0.36000000000000054
0.36 0.3588000000000005
0.07999999999999996 0.30410000000000065
0.36 0.384000000000001
0.36 0.36370000000000074
0.36 0.3583000000000006
0.12 0.3571000000000007
0.33999999999999997 0.3609000000000009
0.33999999999999997 0.36340000000000067
0.38 0.399100000000001
0.33999999999999997 0.47420000000000084
0.33999999999999997 0.4504000000000012
0.33999999999999997 0.5386000000000011
0.38 0.5364000000000015
0.36 0.4214000000000007
0.36 0.3991000000000007
0.38 0.5131000000000018
0.38 0.5259000000000019
0.38 0.4473000000000012
0.38 0.4000000000000007
0.38 0.40400000000000086
0.36 0.47260000000000163
0.6799999999999999 0.6800000000000034
0.6799999999999999 0.6800000000000034
0.6799999999999999 0.6800000000000034
0.4 0.6730000000000034
0.6799999999999999 0.6800000000000034
0.4 0.6759000000000033
0.6799999999999999 0.6800000000000034
0.4 0.5809000000000024
0.6799999999999999 0.6800000000000034
0.4 0.6604000000000033
0.4 0.5141000000000016
0.4 0.4715000000000009
0.4 0.4658000000000007
0.4 0.44380000000000036
0.4 0.49280000000000007
0.4 0.47840000000000027
0.4 0.47530000000000044
0.4 0.44550000000000023
0.4 0.4174000000000003
0.4 0.4169000000000003
0.4 0.4084000000000003
0.07999999999999996 0.4652999999999993
0.06000000000000005 0.38009999999999955
0.07999999999999996 0.35419999999999974
0.07999999999999996 0.5105999999999998
0.06000000000000005 0.48450000000000004
0.06000000000000005 0.3908
0.06000000000000005 0.4794000000000004
0.06000000000000005 0.4735000000000012
0.4 0.5010000000000013
0.4 0.5234000000000005
0.4 0.4789000000000001
0.4 0.4373999999999995
0.4 0.49210000000000037
0.4 0.4513000000000005
0.4 0.49140000000000117
0.4 0.45680000000000043
0.4 0.43830000000000024
0.4 0.4213000000000003
0.4 0.4317999999999999
0.4 0.532600000000001
0.4 0.45650000000000013
0.4 0.4069000000000002
0.4 0.5842000000000024
0.4 0.5470000000000019
0.4 0.5010000000000012
0.4 0.6450000000000031
0.6799999999999999 0.6800000000000034
0.6799999999999999 0.6800000000000034
0.4 0.625400000000003
0.4 0.5876000000000025
0.4 0.45120000000000027
0.4 0.4295999999999999
0.43999999999999995 0.5610000000000014
0.43999999999999995 0.5389000000000013
0.4 0.5100000000000009
0.4 0.4851
0.4 0.4664999999999999
0.4 0.45350000000000007
0.4 0.45280000000000054
0.4 0.44190000000000007
0.4 0.43469999999999986
0.4 0.4308999999999997
0.4 0.41819999999999935
0.4 0.4257999999999995
0.4 0.4209999999999994
0.4 0.4146999999999998
0.4 0.4125000000000001
0.4 0.40690000000000026
0.4 0.40550000000000025
0.4 0.4136000000000002
0.4 0.4111000000000001
0.4 0.41589999999999994
0.4 0.41890000000000005
0.4 0.42500000000000004
0.4 0.4123000000000001
0.4 0.4038000000000001
0.4 0.40600000000000025
0.4 0.4063000000000002
0.4 0.4110000000000003
0.4 0.4194000000000003
0.4 0.4197999999999999
0.4 0.42450000000000004
0.4 0.4244999999999999
0.4 0.42140000000000005
0.4 0.4158000000000001
0.4 0.4114000000000002
0.4 0.4281999999999994
0.28 0.4214
0.28 0.40890000000000015
0.28 0.40370000000000034
0.4 0.41440000000000027
0.4 0.4175000000000001
0.4 0.4208000000000002
0.4 0.4221000000000004
0.4 0.4086000000000004
0.4 0.41460000000000014
0.4 0.40860000000000013
0.31999999999999995 0.44870000000000004
0.31999999999999995 0.42339999999999944
0.38 0.40110000000000035
0.19999999999999996 0.4031000000000002
0.19999999999999996 0.4076999999999995
0.26 0.39529999999999993
0.26 0.38969999999999994
0.09999999999999998 0.38039999999999985
0.09999999999999998 0.3643999999999996
0.09999999999999998 0.3624999999999999
0.14 0.3388999999999997
0.09999999999999998 0.31439999999999985
0.06000000000000005 0.29489999999999955
0.040000000000000036 0.29639999999999955
0.28 0.4067999999999998
0.12 0.3966999999999999
0.31999999999999995 0.40449999999999986
0.12 0.3745999999999998
0.040000000000000036 0.25930000000000025
0.040000000000000036 0.2509000000000003
0.040000000000000036 0.20620000000000033
0.040000000000000036 0.18659999999999993
0.040000000000000036 0.16609999999999991
0.040000000000000036 0.1934999999999997
0.040000000000000036 0.1298999999999999
0.040000000000000036 0.10600000000000007
0.040000000000000036 0.10100000000000009
0.040000000000000036 0.1461000000000001
0.040000000000000036 0.09770000000000008
0.040000000000000036 0.07410000000000011
0.06000000000000005 0.1279999999999999
0.06000000000000005 0.12379999999999994
0.040000000000000036 0.09380000000000002
0.040000000000000036 0.08150000000000002
0.06000000000000005 0.0967
0.040000000000000036 0.0673000000000001
0.040000000000000036 0.06330000000000016
0.040000000000000036 0.06390000000000015
0.040000000000000036 0.06350000000000011
0.040000000000000036 0.06400000000000022
0.040000000000000036 0.061000000000000165
0.040000000000000036 0.08050000000000013
0.040000000000000036 0.07360000000000012
0.040000000000000036 0.05960000000000019
0.040000000000000036 0.06680000000000015
0.06000000000000005 0.08040000000000017
0.06000000000000005 0.0755000000000002
0.040000000000000036 0.06800000000000014
0.040000000000000036 0.06130000000000025
0.040000000000000036 0.06450000000000021
0.040000000000000036 0.06310000000000013
0.040000000000000036 0.06340000000000018
0.040000000000000036 0.04840000000000004
0.040000000000000036 0.09770000000000001
0.040000000000000036 0.05460000000000004
0.040000000000000036 0.05210000000000004
0.040000000000000036 0.048400000000000026
0.040000000000000036 0.04750000000000003
0.040000000000000036 0.04720000000000003
0.040000000000000036 0.04370000000000004
0.040000000000000036 0.04540000000000004
0.040000000000000036 0.052500000000000054
0.040000000000000036 0.046000000000000034
0.040000000000000036 0.04110000000000004
0.040000000000000036 0.04330000000000003
0.040000000000000036 0.043000000000000045
0.040000000000000036 0.04500000000000003
0.040000000000000036 0.04870000000000005
0.040000000000000036 0.04460000000000003
0.040000000000000036 0.047000000000000035
0.040000000000000036 0.05250000000000005
0.040000000000000036 0.04950000000000006
0.040000000000000036 0.04680000000000005
0.040000000000000036 0.04620000000000004
0.040000000000000036 0.046600000000000044
0.040000000000000036 0.043300000000000026
0.040000000000000036 0.04650000000000004
0.040000000000000036 0.04390000000000003
0.040000000000000036 0.046600000000000044
0.040000000000000036 0.04720000000000004
0.040000000000000036 0.04820000000000005
0.040000000000000036 0.040000000000000036
0.040000000000000036 0.05350000000000004
0.040000000000000036 0.06210000000000004
0.040000000000000036 0.04250000000000004
0.040000000000000036 0.04910000000000004
0.040000000000000036 0.04800000000000004
0.040000000000000036 0.04690000000000004
0.040000000000000036 0.05490000000000003
0.040000000000000036 0.045200000000000025
0.040000000000000036 0.04830000000000004
0.040000000000000036 0.04370000000000003
0.040000000000000036 0.04600000000000002
0.040000000000000036 0.04110000000000004
0.040000000000000036 0.046200000000000026
0.040000000000000036 0.042600000000000034
0.040000000000000036 0.043000000000000045
0.040000000000000036 0.04700000000000003
0.040000000000000036 0.04630000000000003
0.040000000000000036 0.04820000000000004
0.040000000000000036 0.04520000000000004
0.040000000000000036 0.04540000000000004
0.040000000000000036 0.05100000000000002
0.040000000000000036 0.04620000000000005
0.040000000000000036 0.049200000000000035
0.040000000000000036 0.042900000000000035
0.040000000000000036 0.05040000000000003
0.040000000000000036 0.04640000000000004
0.040000000000000036 0.048700000000000035
0.040000000000000036 0.04480000000000004
0.040000000000000036 0.04530000000000003
0.040000000000000036 0.04680000000000004
0.040000000000000036 0.045300000000000035
0.040000000000000036 0.04370000000000003
0.040000000000000036 0.04350000000000004
0.040000000000000036 0.04230000000000003
0.040000000000000036 0.04270000000000003
0.040000000000000036 0.04720000000000006
0.040000000000000036 0.05720000000000005
0.040000000000000036 0.05470000000000003
0.040000000000000036 0.048900000000000034
0.040000000000000036 0.04920000000000004
0.040000000000000036 0.04530000000000003
0.040000000000000036 0.04770000000000002
0.040000000000000036 0.05320000000000003
0.040000000000000036 0.05240000000000004
0.040000000000000036 0.052100000000000035
0.040000000000000036 0.04910000000000004
0.040000000000000036 0.04490000000000003
0.040000000000000036 0.04770000000000002
0.040000000000000036 0.04440000000000004
0.040000000000000036 0.04380000000000003
0.040000000000000036 0.050900000000000035
0.040000000000000036 0.04850000000000003
0.040000000000000036 0.04420000000000002
0.040000000000000036 0.05430000000000005
0.040000000000000036 0.04850000000000003
0.040000000000000036 0.05700000000000003
0.040000000000000036 0.047700000000000034
0.040000000000000036 0.04420000000000002
0.040000000000000036 0.04490000000000004
0.040000000000000036 0.051300000000000054
0.040000000000000036 0.05310000000000003
0.040000000000000036 0.046800000000000015
0.040000000000000036 0.04930000000000002
0.06000000000000005 0.04430000000000004
0.06000000000000005 0.04930000000000004
0.06000000000000005 0.04800000000000004
0.06000000000000005 0.053200000000000046
0.06000000000000005 0.05050000000000003
0.06000000000000005 0.04670000000000005
0.06000000000000005 0.05290000000000003
0.06000000000000005 0.04630000000000004
0.06000000000000005 0.049000000000000016
0.06000000000000005 0.04700000000000005
0.040000000000000036 0.044800000000000034
0.040000000000000036 0.04420000000000004
0.040000000000000036 0.053300000000000035
0.040000000000000036 0.0662
0.040000000000000036 0.12499999999999983
0.040000000000000036 0.1138999999999999
0.040000000000000036 0.09039999999999994
0.040000000000000036 0.07619999999999998
0.040000000000000036 0.04910000000000001
0.040000000000000036 0.04600000000000004
0.040000000000000036 0.043200000000000044
0.040000000000000036 0.04130000000000003
0.040000000000000036 0.04700000000000003
0.040000000000000036 0.043400000000000036
0.040000000000000036 0.040200000000000034
