0.7 0.39829999999999877
0.85 0.4375
0.85 0.405699999999999
0.69 0.43405000000000016
0.69 0.42945000000000044
0.7 0.41599999999999965
0.73 0.43450000000000033
0.69 0.40654999999999974
0.69 0.4235499999999998
0.67 0.4027499999999996
0.69 0.41850000000000004
0.68 0.4224500000000002
0.76 0.42445000000000005
0.76 0.4414000000000006
0.76 0.46265000000000106
0.76 0.4537000000000009
0.7 0.4331500000000003
0.7 0.45300000000000096
0.7 0.46030000000000115
0.7 0.5252500000000014
0.7 0.532500000000001
0.73 0.5529500000000004
0.79 0.5346000000000003
0.85 0.5501000000000004
0.86 0.5645000000000002
0.7 0.5920500000000007
0.7 0.5946000000000002
0.7 0.5754000000000005
0.81 0.6282500000000008
0.81 0.6090999999999996
0.81 0.6042
0.81 0.5947499999999999
0.81 0.5797499999999994
0.71 0.5984999999999995
0.7 0.4710500000000004
0.72 0.47264999999999985
0.71 0.5624999999999994
0.7 0.5975000000000003
0.7 0.586050000000001
0.7 0.6011500000000006
0.75 0.6270000000000008
0.72 0.6202000000000002
0.77 0.5919000000000004
0.7 0.5992500000000002
0.71 0.6338000000000009
0.71 0.6249000000000002
0.71 0.6302500000000008
0.7 0.6351500000000005
0.72 0.6263000000000009
0.71 0.6464000000000009
0.73 0.6615500000000009
0.73 0.6734000000000016
0.73 0.6673500000000012
0.73 0.6597500000000011
0.7 0.6736000000000005
0.72 0.6469000000000007
0.71 0.6545000000000014
0.72 0.6529500000000011
0.73 0.6329500000000009
0.72 0.6478000000000012
0.72 0.6693500000000016
0.72 0.6717500000000015
0.72 0.6793500000000016
0.77 0.670300000000001
0.78 0.6727000000000022
0.81 0.6471000000000012
0.81 0.6761500000000014
0.81 0.6855500000000014
0.81 0.6988000000000012
0.8 0.704000000000001
0.7 0.6522000000000007
0.7 0.6563500000000019
0.73 0.6694000000000011
0.81 0.6717500000000018
0.81 0.6767500000000013
0.81 0.6820000000000012
0.81 0.6670000000000016
0.87 0.7056500000000016
0.89 0.699850000000002
0.81 0.6716500000000022
0.72 0.6540000000000016
0.72 0.6687000000000021
0.72 0.6383500000000004
0.73 0.6605500000000005
0.73 0.6717000000000013
0.76 0.6626000000000017
0.76 0.6785500000000013
0.81 0.6763000000000019
0.73 0.6818500000000017
0.73 0.6712000000000021
0.82 0.6693500000000016
0.87 0.7018500000000002
0.88 0.7274499999999992
0.87 0.7012500000000008
0.88 0.7025500000000002
0.92 0.6812000000000014
0.92 0.6981500000000007
0.88 0.46604999999999996
0.91 0.685750000000001
0.71 0.5723500000000008
0.9 0.5524499999999997
0.91 0.5311999999999998
0.92 0.4623999999999999
0.94 0.6072499999999998
0.94 0.7115999999999993
0.94 0.7095000000000006
0.94 0.7438499999999988
0.74 0.6472500000000002
0.81 0.6878000000000017
0.94 0.7096499999999999
0.96 0.6779000000000006
0.96 0.5746999999999995
0.88 0.676050000000001
0.91 0.6883000000000014
0.96 0.7988000000000001
0.96 0.8505499999999985
0.96 0.8962999999999988
0.96 0.82715
0.95 0.670700000000002
0.95 0.8136000000000004
0.96 0.8972500000000002
0.96 0.8576000000000009
0.96 0.6936500000000017
0.96 0.691250000000002
0.96 0.7113000000000015
0.95 0.7548499999999998
0.95 0.7295500000000014
0.96 0.8286999999999982
0.96 0.8480999999999996
0.96 0.8208999999999982
0.96 0.7844499999999995
0.96 0.8799000000000002
0.96 0.8677500000000004
0.96 0.8941999999999998
0.96 0.9039499999999993
0.96 0.9290999999999994
0.96 0.9280500000000009
0.96 0.935650000000001
0.96 0.9259999999999998
0.96 0.9038999999999988
0.96 0.8707499999999991
0.96 0.9329499999999963
0.96 0.8239999999999981
0.96 0.7775999999999993
0.96 0.8843499999999973
0.96 0.8307499999999979
0.96 0.7028500000000006
0.96 0.7110500000000003
0.96 0.7305500000000003
0.96 0.7984499999999984
0.96 0.8619999999999968
0.96 0.7792999999999985
0.96 0.9292999999999983
0.96 0.9412999999999992
0.96 0.6887500000000005
0.67 0.667900000000001
0.96 0.6828000000000007
0.96 0.7556499999999994
0.96 0.9070999999999969
0.96 0.9149499999999974
0.96 0.9052999999999964
0.96 0.8750499999999954
0.75 0.6860500000000015
0.96 0.8523999999999959
0.75 0.6730000000000009
0.89 0.6835000000000012
0.79 0.6957000000000012
0.79 0.6958000000000013
0.79 0.6899500000000005
0.79 0.6988000000000006
0.73 0.7006000000000013
0.79 0.6949000000000015
0.96 0.705250000000001
0.96 0.8428999999999973
0.96 0.8608999999999974
0.96 0.8653999999999971
0.96 0.8898999999999959
0.86 0.6807500000000006
0.73 0.6871000000000006
0.7 0.686050000000001
0.7 0.6892000000000011
0.7 0.6885000000000011
0.7 0.6938500000000016
0.96 0.6998500000000014
0.78 0.6895500000000012
0.96 0.7394500000000005
0.96 0.7792999999999992
0.7 0.6870500000000013
0.7 0.6844500000000009
0.7 0.6680500000000005
0.7 0.6624500000000012
0.7 0.6658500000000012
0.7 0.6703000000000013
0.67 0.6681500000000016
0.67 0.6647500000000016
0.67 0.6675500000000012
0.7 0.6771500000000007
0.7 0.677800000000001
0.7 0.6713500000000012
0.7 0.6491500000000018
0.7 0.6805500000000011
0.7 0.6770500000000016
0.7 0.6604500000000019
0.7 0.6859000000000015
0.7 0.6732500000000017
0.7 0.691350000000001
0.7 0.6950000000000008
0.7 0.6925000000000011
0.7 0.693050000000001
0.7 0.6981000000000012
0.7 0.6005000000000019
0.7 0.6478000000000018
0.7 0.6892000000000011
0.7 0.5900500000000014
0.7 0.6453000000000015
0.7 0.6387000000000015
0.7 0.5567500000000014
0.7 0.5819500000000013
0.7 0.6305000000000011
0.7 0.6615500000000012
0.7 0.6790000000000015
0.7 0.6892000000000007
0.7 0.5760000000000021
0.7 0.5127500000000025
0.7 0.5511000000000021
0.7 0.6033000000000015
0.7 0.6458500000000016
0.7 0.6812000000000014
0.7 0.6774000000000016
0.7 0.6876000000000014
0.7 0.6816000000000016
0.7 0.6861000000000017
0.7 0.5636000000000021
0.7 0.6671000000000019
0.7 0.6742500000000021
0.7 0.6785500000000017
0.7 0.6831000000000016
0.7 0.6865500000000018
0.7 0.6827000000000016
0.7 0.6845500000000017
0.7 0.6759500000000022
0.7 0.6836000000000019
0.7 0.677650000000002
0.7 0.6842500000000019
0.7 0.6864500000000018
0.7 0.6917500000000014
0.7 0.6907500000000012
0.7 0.674300000000002
0.7 0.6721000000000018
0.7 0.6783500000000019
0.7 0.6866000000000017
0.7 0.6929500000000016
0.7 0.6870000000000015
0.7 0.6835000000000017
0.76 0.6803000000000016
0.76 0.6828000000000017
0.7 0.6885500000000015
0.7 0.6892000000000011
0.7 0.6783500000000022
0.7 0.6802000000000019
0.76 0.6870000000000013
0.7 0.5974000000000014
0.76 0.6478000000000018
0.7 0.6706500000000021
0.76 0.6333500000000015
0.76 0.6714000000000021
0.76 0.6253000000000016
0.76 0.6193500000000016
0.7 0.5019000000000021
0.7 0.5658000000000026
0.7 0.6130500000000022
0.7 0.666550000000002
0.7 0.680650000000002
0.7 0.6901000000000016
0.7 0.6956000000000013
0.7 0.6156500000000021
0.7 0.6819000000000017
0.7 0.6555000000000019
0.7 0.6625000000000019
0.7 0.645450000000002
0.7 0.6437500000000023
0.7 0.6822500000000019
0.7 0.6969500000000011
0.7 0.6600500000000019
0.7 0.6861000000000017
0.7 0.6903000000000012
0.7 0.6942500000000013
0.7 0.6732500000000021
0.7 0.6884000000000011
0.7 0.6952000000000009
0.7 0.694550000000001
0.7 0.6914500000000013
0.7 0.6857000000000016
0.7 0.6923500000000011
0.7 0.6880500000000014
0.7 0.6163000000000022
0.7 0.6307500000000017
0.7 0.5833500000000023
0.76 0.44320000000000065
0.76 0.45820000000000105
0.76 0.48810000000000203
0.76 0.5649000000000014
0.76 0.631200000000001
0.76 0.6589500000000015
0.76 0.6699000000000018
0.76 0.6787500000000014
0.76 0.6988000000000014
0.76 0.7086000000000011
0.76 0.7141000000000003
0.76 0.7192499999999994
0.76 0.7284999999999993
0.76 0.7316999999999986
0.7 0.6812500000000022
0.7 0.6704500000000028
0.7 0.6831000000000021
0.7 0.5814500000000009
0.7 0.6353500000000015
0.7 0.5911000000000014
0.7 0.6656500000000024
0.7 0.6692500000000027
0.7 0.6796000000000022
0.7 0.6932000000000016
0.7 0.6949500000000013
0.7 0.6970500000000014
0.7 0.698450000000001
0.7 0.697800000000001
0.7 0.695750000000001
0.7 0.6955000000000011
0.7 0.6881000000000012
0.7 0.6967000000000012
0.7 0.6034000000000009
0.7 0.5513000000000005
0.7 0.6587000000000023
0.7 0.6809500000000018
0.7 0.6952000000000013
0.7 0.6919000000000015
0.7 0.6980500000000011
0.7 0.6948000000000012
0.7 0.695050000000001
0.7 0.695400000000001
0.7 0.6925500000000016
0.7 0.613650000000001
0.7 0.6749000000000025
0.7 0.5464500000000013
0.7 0.661000000000002
0.7 0.679850000000002
0.7 0.6947000000000013
0.7 0.6941000000000014
0.7 0.6905000000000014
0.7 0.6892000000000015
0.7 0.6874000000000018
0.7 0.6979500000000013
0.7 0.6300500000000013
0.7 0.6513500000000018
0.7 0.6825500000000021
0.7 0.6883500000000018
0.7 0.49365000000000014
0.7 0.6135000000000016
0.7 0.6828000000000018
0.7 0.6664500000000018
0.7 0.6313000000000021
0.7 0.5659000000000014
0.7 0.626450000000002
0.7 0.692100000000001
0.7 0.6850000000000014
0.7 0.6673000000000023
0.7 0.6839500000000021
0.7 0.6959500000000015
0.7 0.6368000000000016
0.7 0.6919000000000013
0.7 0.6674000000000021
0.7 0.5707000000000013
0.7 0.5857000000000011
0.7 0.5720000000000008
0.7 0.6059500000000001
0.7 0.6325499999999997
0.7 0.662949999999999
0.7 0.6751499999999999
0.7 0.6885000000000002
0.7 0.6826500000000002
0.7 0.6815000000000012
0.7 0.6782500000000014
0.7 0.676400000000002
0.73 0.6868500000000018
0.78 0.6950500000000014
0.78 0.6885000000000021
0.78 0.7013000000000014
0.78 0.6810000000000024
0.7 0.6928000000000013
0.7 0.6488000000000018
0.7 0.6889000000000018
0.7 0.6912500000000015
0.7 0.653450000000002
0.7 0.6966000000000014
0.7 0.6959000000000012
0.7 0.5990000000000013
0.7 0.6266500000000014
0.7 0.6693500000000018
0.7 0.6747500000000017
0.7 0.6431500000000014
0.7 0.6500000000000018
0.69 0.3750500000000001
0.69 0.3936999999999993
0.69 0.4155999999999988
0.7 0.583450000000001
0.67 0.43325000000000075
0.67 0.47320000000000007
0.67 0.5004999999999997
0.68 0.5327000000000002
0.7 0.6396000000000014
0.7 0.6375500000000006
0.7 0.5937499999999999
0.7 0.5917000000000003
0.7 0.6548
0.7 0.6881000000000016
0.7 0.6980000000000013
0.7 0.698750000000001
0.7 0.694650000000001
0.7 0.6914000000000011
0.7 0.6942500000000014
0.7 0.6979000000000011
0.7 0.698250000000001
0.7 0.6989500000000011
0.7 0.6993500000000009
0.84 0.7027500000000011
0.84 0.6979000000000012
0.86 0.7064500000000011
0.76 0.6973500000000011
0.85 0.7260000000000004
0.85 0.7258000000000006
0.85 0.7383499999999998
0.85 0.747449999999999
0.86 0.7527999999999996
0.7 0.6963000000000009
0.7 0.6935000000000019
0.7 0.6767
0.7 0.6960500000000016
0.7 0.6814000000000009
0.78 0.6862500000000017
0.7 0.6524500000000012
0.8 0.702500000000001
0.7 0.6712000000000011
0.7 0.6804500000000018
0.7 0.6954000000000014
0.7 0.6910000000000015
0.7 0.6941000000000017
0.7 0.6820500000000016
0.7 0.6966000000000014
0.7 0.6981000000000012
0.7 0.6942000000000013
0.7 0.6774000000000013
0.7 0.688050000000001
0.7 0.6847500000000015
0.7 0.6665000000000012
0.7 0.6761000000000023
0.7 0.6759500000000014
0.7 0.6802000000000015
0.7 0.6687500000000018
0.7 0.6787000000000017
0.7 0.689900000000002
0.8 0.5963500000000015
0.8 0.6398500000000015
0.8 0.5441500000000005
0.8 0.6119000000000011
0.8 0.6721500000000009
0.8 0.7048000000000016
0.8 0.7230500000000006
0.8 0.7185500000000001
0.8 0.7345000000000002
0.8 0.7459999999999991
0.7 0.6954000000000014
0.7 0.6970500000000012
0.7 0.6920500000000013
0.7 0.6926000000000013
0.7 0.6505000000000023
0.7 0.6223000000000023
0.7 0.5580500000000024
0.7 0.4359000000000004
0.7 0.42405000000000037
0.52 0.4096500000000004
0.59 0.42920000000000047
0.7 0.4663500000000003
0.7 0.5307000000000005
0.7 0.5103499999999996
0.7 0.5890499999999993
0.59 0.4971500000000002
0.59 0.5195999999999998
0.59 0.5377000000000004
0.59 0.5495000000000012
0.69 0.5848500000000004
0.59 0.5622000000000007
0.69 0.5783
0.69 0.586650000000001
0.69 0.6086000000000006
0.69 0.6250500000000018
0.69 0.6427500000000015
0.69 0.6643000000000002
0.69 0.6619000000000002
0.7 0.679849999999999
0.7 0.686249999999998
