0.84 0.41754999999999765
0.9 0.4506199999999979
0.95 0.48780999999999924
0.95 0.5260499999999976
0.95 0.5346399999999992
0.95 0.5587700000000014
0.96 0.5784099999999998
0.96 0.5877600000000003
0.96 0.6081900000000028
0.96 0.6290999999999983
0.96 0.6464100000000016
0.96 0.6527000000000031
0.96 0.6654300000000015
0.96 0.6821800000000006
0.96 0.6941499999999988
0.97 0.7014399999999974
0.97 0.7014799999999977
0.97 0.7010899999999967
0.97 0.7169399999999996
0.97 0.7245699999999995
0.97 0.7341800000000008
0.97 0.73484
0.97 0.7423900000000004
0.97 0.7490200000000016
0.97 0.7576700000000045
0.97 0.7554400000000043
0.97 0.7754200000000065
0.97 0.7842600000000062
0.97 0.7865500000000057
0.97 0.7952600000000056
0.97 0.8032600000000018
0.97 0.8039600000000011
0.97 0.8096300000000015
0.97 0.8123499999999981
0.97 0.8108499999999985
0.97 0.818689999999999
0.97 0.828070000000002
0.97 0.8287400000000029
0.97 0.8320400000000041
0.97 0.8333900000000033
0.97 0.8308700000000042
0.98 0.8369100000000044
0.98 0.8398900000000054
0.98 0.839380000000005
0.98 0.8433900000000046
0.98 0.8381200000000046
0.98 0.8453400000000048
0.98 0.8450200000000055
0.98 0.8502500000000032
0.98 0.851600000000004
0.98 0.8544100000000028
0.98 0.8547000000000047
0.98 0.8417400000000036
0.98 0.8558900000000029
0.98 0.856390000000002
0.98 0.8605999999999999
0.98 0.8712099999999962
0.98 0.8783399999999961
0.98 0.8793899999999948
0.98 0.8652399999999978
0.98 0.8669799999999976
0.98 0.8723499999999959
0.98 0.8608399999999964
0.98 0.8618899999999968
0.98 0.8534099999999968
0.98 0.8603399999999959
0.98 0.8529199999999969
0.98 0.8631399999999959
0.98 0.8609099999999968
0.98 0.8630099999999961
0.98 0.8551699999999959
0.98 0.8647899999999958
0.98 0.8673499999999962
0.98 0.8670099999999948
0.98 0.8704799999999937
0.98 0.8693499999999929
0.98 0.8598599999999966
0.98 0.8617399999999972
0.98 0.860889999999997
0.98 0.8676299999999948
0.98 0.8569199999999969
0.98 0.8610799999999975
0.98 0.862089999999999
0.98 0.8594799999999977
0.98 0.854559999999998
0.98 0.866469999999998
0.98 0.8645499999999958
0.98 0.8553599999999985
0.98 0.8588499999999971
0.98 0.8496399999999971
0.98 0.8543899999999972
0.98 0.8523499999999968
0.98 0.8598099999999964
0.98 0.8622099999999956
0.98 0.8537499999999966
0.98 0.8650199999999951
0.98 0.860359999999997
0.98 0.8698599999999966
0.98 0.8649099999999957
0.98 0.864619999999997
