0.16000000000000003 0.6215800000000048
0.16000000000000003 0.5824000000000066
0.12 0.5503800000000055
0.12 0.5112800000000047
0.06000000000000005 0.4821200000000044
0.06000000000000005 0.4655200000000025
0.06000000000000005 0.44436000000000153
0.06000000000000005 0.4224800000000004
0.06000000000000005 0.4268800000000009
0.06000000000000005 0.41384000000000026
0.06000000000000005 0.4118799999999998
0.06000000000000005 0.40264000000000005
0.06000000000000005 0.3901
0.06000000000000005 0.37398000000000037
0.06000000000000005 0.36086000000000035
0.06000000000000005 0.35898000000000013
0.06000000000000005 0.35894000000000065
0.06000000000000005 0.3632800000000009
0.06000000000000005 0.3357200000000006
0.06000000000000005 0.3352800000000007
0.06000000000000005 0.34678000000000087
0.06000000000000005 0.33492000000000083
0.06000000000000005 0.32816000000000056
0.06000000000000005 0.31342000000000053
0.06000000000000005 0.30360000000000137
0.06000000000000005 0.28356000000000064
0.06000000000000005 0.28490000000000065
0.06000000000000005 0.2662400000000002
0.06000000000000005 0.2528400000000002
0.06000000000000005 0.2504399999999995
0.06000000000000005 0.22755999999999954
0.06000000000000005 0.21701999999999985
0.06000000000000005 0.20779999999999943
0.06000000000000005 0.19673999999999947
0.06000000000000005 0.18767999999999951
0.06000000000000005 0.1851199999999994
0.06000000000000005 0.1741199999999992
0.06000000000000005 0.17867999999999942
0.06000000000000005 0.1808199999999995
0.06000000000000005 0.17633999999999933
0.06000000000000005 0.18781999999999938
0.06000000000000005 0.18633999999999945
0.06000000000000005 0.194139999999999
0.06000000000000005 0.18789999999999937
0.06000000000000005 0.18477999999999925
0.06000000000000005 0.18047999999999953
0.06000000000000005 0.18249999999999972
0.06000000000000005 0.1782399999999993
0.040000000000000036 0.1856399999999991
0.040000000000000036 0.18645999999999954
0.040000000000000036 0.17745999999999956
0.040000000000000036 0.1703799999999996
0.040000000000000036 0.17661999999999953
0.040000000000000036 0.17649999999999968
0.040000000000000036 0.17531999999999925
0.040000000000000036 0.1643799999999992
0.040000000000000036 0.16703999999999944
0.040000000000000036 0.17057999999999937
0.040000000000000036 0.17343999999999915
0.040000000000000036 0.16869999999999938
0.040000000000000036 0.16041999999999956
0.040000000000000036 0.17141999999999957
0.040000000000000036 0.16835999999999934
0.040000000000000036 0.16449999999999945
0.040000000000000036 0.1587999999999996
0.040000000000000036 0.17869999999999933
0.040000000000000036 0.17743999999999913
0.040000000000000036 0.18535999999999955
0.040000000000000036 0.1730999999999996
0.040000000000000036 0.17413999999999957
0.040000000000000036 0.16977999999999938
0.040000000000000036 0.16617999999999927
0.040000000000000036 0.16699999999999932
0.040000000000000036 0.1672999999999993
0.040000000000000036 0.1599599999999995
0.040000000000000036 0.15875999999999946
0.040000000000000036 0.15747999999999962
0.040000000000000036 0.14995999999999965
0.040000000000000036 0.1561599999999996
0.040000000000000036 0.1454599999999998
0.040000000000000036 0.15189999999999962
0.040000000000000036 0.1428199999999995
0.040000000000000036 0.14757999999999935
0.040000000000000036 0.14167999999999956
0.040000000000000036 0.1436199999999997
0.040000000000000036 0.14787999999999954
0.040000000000000036 0.15367999999999932
0.040000000000000036 0.1436199999999996
0.040000000000000036 0.1604399999999995
0.040000000000000036 0.16189999999999935
0.040000000000000036 0.1556799999999995
0.040000000000000036 0.15477999999999936
0.040000000000000036 0.15301999999999957
0.040000000000000036 0.15019999999999958
0.040000000000000036 0.15175999999999976
0.040000000000000036 0.1532799999999996
0.040000000000000036 0.1575799999999997
0.040000000000000036 0.1624599999999997
0.040000000000000036 0.1484199999999997
0.040000000000000036 0.15631999999999954
