0.38 0.6247000000000021
0.38 0.6336000000000016
0.36 0.5908000000000009
0.36 0.6118000000000012
0.36 0.6123000000000013
0.36 0.6417000000000015
0.36 0.6063000000000018
0.33999999999999997 0.6310000000000021
0.31999999999999995 0.6422000000000014
0.31999999999999995 0.6217000000000014
0.28 0.6238000000000017
0.38 0.6256000000000015
0.38 0.6451000000000013
0.38 0.6406000000000017
0.42000000000000004 0.6239000000000013
0.38 0.6459000000000014
0.38 0.5868000000000015
0.38 0.5931000000000016
0.38 0.6026000000000017
0.30000000000000004 0.587200000000001
0.30000000000000004 0.5700000000000014
0.31999999999999995 0.5616000000000011
0.31999999999999995 0.5251000000000005
0.33999999999999997 0.5475000000000011
0.28 0.5770000000000014
0.31999999999999995 0.5179000000000009
0.30000000000000004 0.4758000000000008
0.14 0.44650000000000034
0.09999999999999998 0.41200000000000064
0.09999999999999998 0.4271000000000006
0.07999999999999996 0.38800000000000023
0.09999999999999998 0.39940000000000003
0.18000000000000005 0.41910000000000047
0.06000000000000005 0.3843000000000003
0.09999999999999998 0.3737000000000005
0.06000000000000005 0.3364000000000004
0.26 0.5794000000000012
0.06000000000000005 0.49480000000000063
0.06000000000000005 0.515500000000001
0.06000000000000005 0.41480000000000056
0.16000000000000003 0.564600000000001
0.24 0.49310000000000065
0.24 0.45060000000000044
0.12 0.4318000000000004
0.14 0.40290000000000026
0.12 0.43340000000000034
0.14 0.5181000000000006
0.18000000000000005 0.4448000000000005
0.14 0.4172999999999998
0.18000000000000005 0.5395000000000004
0.21999999999999997 0.47810000000000036
0.14 0.3735000000000003
0.07999999999999996 0.3568
0.07999999999999996 0.34100000000000025
0.14 0.4264000000000008
0.07999999999999996 0.39300000000000046
0.06000000000000005 0.5425000000000015
0.07999999999999996 0.5178000000000013
0.07999999999999996 0.3844000000000004
0.09999999999999998 0.3673000000000002
0.09999999999999998 0.3451999999999999
0.12 0.36440000000000033
0.12 0.3431000000000003
0.24 0.37
0.19999999999999996 0.3731000000000006
0.19999999999999996 0.3555000000000005
0.19999999999999996 0.3326000000000008
0.16000000000000003 0.3164000000000006
0.19999999999999996 0.2860000000000002
0.19999999999999996 0.32350000000000095
0.21999999999999997 0.3420000000000006
0.12 0.28520000000000045
0.07999999999999996 0.2902000000000004
0.18000000000000005 0.2667000000000004
0.18000000000000005 0.2612000000000003
0.07999999999999996 0.2260999999999999
0.07999999999999996 0.24619999999999997
0.07999999999999996 0.36690000000000034
0.07999999999999996 0.32400000000000034
0.07999999999999996 0.27670000000000017
0.06000000000000005 0.28760000000000036
0.06000000000000005 0.2878000000000006
0.06000000000000005 0.22950000000000023
0.06000000000000005 0.2502000000000001
0.12 0.31110000000000015
0.16000000000000003 0.4113000000000001
0.16000000000000003 0.4104999999999997
0.16000000000000003 0.3799999999999998
0.16000000000000003 0.33350000000000024
0.09999999999999998 0.31840000000000007
0.07999999999999996 0.3142
0.12 0.29620000000000035
0.09999999999999998 0.2827
0.14 0.27829999999999994
0.07999999999999996 0.21339999999999987
0.07999999999999996 0.19640000000000002
0.09999999999999998 0.3797999999999993
0.07999999999999996 0.3390000000000007
0.07999999999999996 0.35960000000000064
0.09999999999999998 0.40470000000000056
0.09999999999999998 0.3361999999999999
0.06000000000000005 0.2373000000000002
0.06000000000000005 0.2036000000000002
0.06000000000000005 0.25299999999999995
0.06000000000000005 0.2338000000000002
0.06000000000000005 0.1661
0.06000000000000005 0.19399999999999998
0.06000000000000005 0.35490000000000016
0.06000000000000005 0.4918000000000013
0.06000000000000005 0.46500000000000136
0.06000000000000005 0.32730000000000053
0.06000000000000005 0.3516000000000007
0.06000000000000005 0.3106000000000006
0.06000000000000005 0.23000000000000018
0.06000000000000005 0.13979999999999998
0.06000000000000005 0.1016
0.06000000000000005 0.5862000000000016
0.06000000000000005 0.42690000000000095
0.06000000000000005 0.31560000000000066
0.06000000000000005 0.14349999999999988
0.06000000000000005 0.09660000000000003
0.06000000000000005 0.10360000000000008
0.06000000000000005 0.0885000000000001
0.06000000000000005 0.07350000000000018
0.06000000000000005 0.07840000000000019
0.06000000000000005 0.09949999999999992
0.06000000000000005 0.0784000000000002
0.06000000000000005 0.07420000000000021
0.06000000000000005 0.07570000000000027
0.06000000000000005 0.09440000000000019
0.06000000000000005 0.18350000000000016
0.06000000000000005 0.10790000000000016
0.06000000000000005 0.392200000000001
0.06000000000000005 0.2887000000000006
0.06000000000000005 0.22790000000000038
0.06000000000000005 0.15910000000000013
0.06000000000000005 0.27410000000000057
0.06000000000000005 0.4225000000000005
0.06000000000000005 0.31110000000000015
0.06000000000000005 0.2941000000000002
0.06000000000000005 0.3803999999999999
0.06000000000000005 0.21190000000000014
0.36 0.4039
0.06000000000000005 0.3868000000000006
0.06000000000000005 0.5136000000000017
0.12 0.4747000000000009
0.31999999999999995 0.43669999999999964
0.31999999999999995 0.3743000000000001
0.06000000000000005 0.3837000000000005
0.31999999999999995 0.3803000000000003
0.31999999999999995 0.35750000000000026
0.31999999999999995 0.35840000000000033
0.31999999999999995 0.4764000000000012
0.31999999999999995 0.639800000000002
0.31999999999999995 0.3498000000000004
0.31999999999999995 0.4912000000000012
0.31999999999999995 0.4231000000000008
0.31999999999999995 0.3492000000000004
0.31999999999999995 0.606000000000002
0.31999999999999995 0.6755000000000015
0.31999999999999995 0.6333000000000019
0.31999999999999995 0.40290000000000076
0.31999999999999995 0.32850000000000024
0.31999999999999995 0.3380000000000003
0.31999999999999995 0.38000000000000056
0.31999999999999995 0.5434000000000009
0.31999999999999995 0.6225000000000018
0.64 0.6916000000000018
0.64 0.6969000000000015
0.31999999999999995 0.6705000000000014
0.62 0.6790000000000017
0.31999999999999995 0.606200000000002
0.31999999999999995 0.5774000000000019
0.31999999999999995 0.5732000000000017
0.31999999999999995 0.4041000000000009
0.31999999999999995 0.5128000000000015
0.31999999999999995 0.5979000000000021
0.31999999999999995 0.4725000000000015
0.31999999999999995 0.4840000000000008
0.7 0.6309000000000016
0.31999999999999995 0.6218000000000015
0.31999999999999995 0.6178000000000027
0.7 0.6894000000000021
0.31999999999999995 0.5777000000000023
0.31999999999999995 0.503200000000001
0.31999999999999995 0.4292000000000006
0.31999999999999995 0.38910000000000033
0.31999999999999995 0.3534000000000004
0.31999999999999995 0.3353000000000003
0.31999999999999995 0.33280000000000015
0.31999999999999995 0.32130000000000025
0.31999999999999995 0.3210000000000003
0.31999999999999995 0.32120000000000026
0.31999999999999995 0.3271000000000002
0.31999999999999995 0.5560000000000016
0.31999999999999995 0.42280000000000045
0.31999999999999995 0.44060000000000066
0.31999999999999995 0.36320000000000036
0.31999999999999995 0.32570000000000027
0.31999999999999995 0.4308000000000007
0.31999999999999995 0.6333000000000016
0.31999999999999995 0.626500000000001
0.31999999999999995 0.5249000000000004
0.31999999999999995 0.4165000000000003
0.31999999999999995 0.38060000000000066
0.31999999999999995 0.4255000000000005
0.31999999999999995 0.5590000000000002
0.31999999999999995 0.33960000000000046
0.31999999999999995 0.3321000000000003
0.31999999999999995 0.32560000000000044
0.31999999999999995 0.3896000000000005
0.31999999999999995 0.4072000000000006
0.31999999999999995 0.3439000000000003
0.31999999999999995 0.37000000000000033
0.31999999999999995 0.3264000000000003
0.31999999999999995 0.32530000000000037
0.31999999999999995 0.5627000000000012
0.31999999999999995 0.5419000000000009
0.31999999999999995 0.507700000000001
0.31999999999999995 0.5237000000000008
0.31999999999999995 0.5252000000000009
0.31999999999999995 0.5026000000000008
0.31999999999999995 0.49550000000000083
0.31999999999999995 0.48700000000000077
0.31999999999999995 0.43830000000000074
0.31999999999999995 0.44530000000000053
0.31999999999999995 0.6217000000000009
0.31999999999999995 0.5900000000000011
0.31999999999999995 0.5806000000000011
0.31999999999999995 0.5686000000000012
0.31999999999999995 0.5269000000000009
0.31999999999999995 0.5849000000000012
0.31999999999999995 0.5536000000000011
0.7 0.6799000000000011
0.7 0.6752000000000012
0.7 0.7041000000000023
0.7 0.6696000000000025
0.7 0.6864000000000021
0.7 0.6888000000000022
0.7 0.6945000000000019
0.7 0.6972000000000019
0.7 0.6974000000000014
0.7 0.6977000000000017
0.7 0.6967000000000015
0.7 0.6966000000000016
0.7 0.6978000000000013
0.7 0.6986000000000012
0.7 0.6991000000000015
0.7 0.6993000000000016
0.7 0.6977000000000015
0.7 0.7001000000000012
0.7 0.6987000000000014
0.31999999999999995 0.4834000000000004
0.31999999999999995 0.45179999999999976
0.7 0.6976000000000017
0.7 0.6984000000000011
0.7 0.6978000000000015
0.31999999999999995 0.41499999999999987
0.31999999999999995 0.3934000000000003
0.31999999999999995 0.38970000000000043
0.31999999999999995 0.37200000000000066
0.31999999999999995 0.36480000000000135
0.62 0.6209000000000016
0.31999999999999995 0.3784000000000012
0.62 0.6236000000000016
0.62 0.6230000000000016
0.62 0.6223000000000016
0.62 0.6200000000000017
0.31999999999999995 0.43230000000000096
0.31999999999999995 0.4012000000000011
0.31999999999999995 0.374600000000001
0.31999999999999995 0.3641000000000008
0.31999999999999995 0.3455000000000009
0.31999999999999995 0.35120000000000084
0.31999999999999995 0.34920000000000084
0.31999999999999995 0.3474000000000009
0.31999999999999995 0.35260000000000097
0.31999999999999995 0.3470000000000011
0.31999999999999995 0.35020000000000095
0.31999999999999995 0.340800000000001
0.31999999999999995 0.34450000000000086
0.31999999999999995 0.34730000000000083
0.31999999999999995 0.34710000000000074
0.31999999999999995 0.33770000000000083
0.31999999999999995 0.34210000000000096
0.31999999999999995 0.34220000000000084
0.31999999999999995 0.34660000000000074
0.31999999999999995 0.3589000000000007
0.31999999999999995 0.3946000000000007
0.31999999999999995 0.4299000000000003
0.33999999999999997 0.42240000000000033
0.31999999999999995 0.5517000000000017
0.31999999999999995 0.4575000000000004
0.31999999999999995 0.4370000000000002
0.33999999999999997 0.4342000000000003
0.33999999999999997 0.3941000000000004
0.33999999999999997 0.3805000000000004
0.33999999999999997 0.38340000000000074
0.31999999999999995 0.44130000000000086
0.31999999999999995 0.37520000000000064
0.31999999999999995 0.35330000000000084
0.31999999999999995 0.39560000000000073
0.31999999999999995 0.3844000000000004
0.31999999999999995 0.44549999999999995
0.31999999999999995 0.35260000000000047
0.31999999999999995 0.33910000000000085
0.31999999999999995 0.36860000000000104
0.31999999999999995 0.6255000000000017
0.31999999999999995 0.4934000000000012
0.31999999999999995 0.42260000000000114
0.31999999999999995 0.41060000000000096
0.31999999999999995 0.3903000000000007
0.26 0.4110000000000006
0.26 0.34430000000000044
0.33999999999999997 0.34170000000000056
0.31999999999999995 0.3405000000000007
0.31999999999999995 0.38610000000000055
0.31999999999999995 0.47040000000000065
0.21999999999999997 0.35290000000000066
0.21999999999999997 0.3334000000000006
0.33999999999999997 0.5878000000000013
0.33999999999999997 0.49840000000000073
0.33999999999999997 0.39560000000000045
0.28 0.3380000000000004
0.31999999999999995 0.32980000000000054
0.18000000000000005 0.3233000000000004
0.18000000000000005 0.3188000000000003
0.31999999999999995 0.6155000000000016
0.16000000000000003 0.3482000000000006
0.16000000000000003 0.32590000000000074
0.16000000000000003 0.3182000000000007
0.16000000000000003 0.42910000000000037
0.16000000000000003 0.30750000000000044
0.09999999999999998 0.39590000000000025
0.09999999999999998 0.34750000000000014
0.18000000000000005 0.4955000000000008
0.09999999999999998 0.2734000000000006
0.09999999999999998 0.2543000000000004
0.09999999999999998 0.28180000000000055
0.09999999999999998 0.2320000000000003
0.09999999999999998 0.2482000000000003
0.09999999999999998 0.24890000000000032
0.09999999999999998 0.22090000000000007
0.16000000000000003 0.4368000000000007
0.09999999999999998 0.3703000000000006
0.12 0.35780000000000045
0.12 0.23909999999999976
0.12 0.3386000000000003
0.18000000000000005 0.5639000000000017
0.09999999999999998 0.35850000000000043
0.14 0.38960000000000067
0.19999999999999996 0.3645000000000009
0.12 0.349700000000001
0.14 0.34340000000000087
0.18000000000000005 0.5003000000000014
0.16000000000000003 0.3316000000000007
0.36 0.3538000000000009
0.36 0.3539000000000009
0.09999999999999998 0.30520000000000047
0.14 0.3787000000000007
0.09999999999999998 0.4069000000000008
0.09999999999999998 0.36220000000000085
0.31999999999999995 0.6368000000000018
0.31999999999999995 0.3801000000000011
0.18000000000000005 0.3443000000000008
0.14 0.3192000000000006
0.09999999999999998 0.28270000000000034
0.09999999999999998 0.2239999999999998
0.09999999999999998 0.20029999999999984
0.09999999999999998 0.24499999999999972
0.09999999999999998 0.39410000000000034
0.09999999999999998 0.3073000000000003
0.09999999999999998 0.24850000000000028
0.09999999999999998 0.18920000000000006
0.09999999999999998 0.18910000000000007
0.09999999999999998 0.3031999999999994
0.09999999999999998 0.34489999999999954
0.09999999999999998 0.3048999999999998
0.09999999999999998 0.2949
0.09999999999999998 0.22430000000000025
0.09999999999999998 0.22930000000000036
0.09999999999999998 0.1988000000000002
0.09999999999999998 0.21650000000000003
0.09999999999999998 0.17989999999999992
0.09999999999999998 0.1738999999999999
0.09999999999999998 0.1449999999999999
0.09999999999999998 0.1454999999999999
0.09999999999999998 0.12209999999999986
0.09999999999999998 0.15559999999999993
0.09999999999999998 0.10839999999999997
0.09999999999999998 0.09759999999999995
0.09999999999999998 0.22160000000000044
0.09999999999999998 0.16159999999999983
0.09999999999999998 0.12949999999999984
0.09999999999999998 0.10770000000000002
0.09999999999999998 0.11830000000000007
0.09999999999999998 0.11019999999999999
0.09999999999999998 0.11109999999999999
0.09999999999999998 0.11
0.09999999999999998 0.10520000000000002
0.09999999999999998 0.10759999999999997
0.09999999999999998 0.1382999999999998
0.09999999999999998 0.11709999999999995
0.09999999999999998 0.1700999999999998
0.09999999999999998 0.10480000000000002
0.09999999999999998 0.1063
0.09999999999999998 0.10780000000000003
0.09999999999999998 0.10470000000000003
0.09999999999999998 0.11090000000000001
0.09999999999999998 0.11509999999999994
0.09999999999999998 0.11609999999999994
0.09999999999999998 0.11319999999999998
0.09999999999999998 0.1485999999999998
0.09999999999999998 0.11459999999999998
0.09999999999999998 0.12049999999999997
0.09999999999999998 0.25480000000000075
0.09999999999999998 0.19610000000000014
0.09999999999999998 0.10629999999999999
0.09999999999999998 0.1284999999999998
0.09999999999999998 0.14939999999999976
0.09999999999999998 0.10639999999999991
0.09999999999999998 0.11299999999999993
0.09999999999999998 0.21080000000000038
0.33999999999999997 0.3416000000000017
0.33999999999999997 0.3448000000000016
0.09999999999999998 0.48370000000000146
0.33999999999999997 0.35080000000000156
0.33999999999999997 0.3542000000000016
0.33999999999999997 0.3667000000000016
0.33999999999999997 0.3644000000000016
0.33999999999999997 0.3468000000000017
0.33999999999999997 0.3419000000000016
0.33999999999999997 0.34370000000000156
0.33999999999999997 0.34460000000000157
0.33999999999999997 0.34080000000000155
0.33999999999999997 0.3441000000000016
0.33999999999999997 0.3425000000000014
0.33999999999999997 0.33950000000000147
0.33999999999999997 0.3402000000000015
0.09999999999999998 0.29340000000000116
0.33999999999999997 0.34280000000000144
0.33999999999999997 0.5509000000000016
0.33999999999999997 0.35430000000000134
0.33999999999999997 0.34390000000000126
0.33999999999999997 0.35780000000000134
0.33999999999999997 0.3446000000000014
0.33999999999999997 0.45540000000000125
0.33999999999999997 0.6964000000000009
0.33999999999999997 0.39140000000000114
0.33999999999999997 0.36630000000000124
0.33999999999999997 0.36990000000000145
0.33999999999999997 0.6712000000000014
0.06000000000000005 0.36140000000000116
0.06000000000000005 0.29740000000000055
0.06000000000000005 0.30920000000000053
0.06000000000000005 0.4310000000000011
0.33999999999999997 0.387500000000001
0.09999999999999998 0.29680000000000073
0.33999999999999997 0.4211000000000012
0.33999999999999997 0.3433000000000013
0.33999999999999997 0.3408000000000011
0.33999999999999997 0.5202000000000013
0.7 0.7000000000000008
0.7 0.7000000000000008
0.7 0.7000000000000008
0.7 0.7000000000000008
0.38 0.607200000000002
0.38 0.5206000000000012
0.38 0.4320000000000006
0.4 0.44710000000000094
0.06000000000000005 0.395900000000001
0.4 0.4159000000000004
0.38 0.5714000000000027
0.38 0.5650000000000027
0.38 0.5959000000000028
0.38 0.577800000000002
0.28 0.540100000000001
0.06000000000000005 0.35999999999999976
0.06000000000000005 0.30509999999999965
0.06000000000000005 0.3951000000000003
0.07999999999999996 0.36489999999999995
0.06000000000000005 0.3400000000000001
0.06000000000000005 0.29539999999999966
0.06000000000000005 0.35610000000000064
0.06000000000000005 0.38730000000000053
0.06000000000000005 0.21739999999999993
0.06000000000000005 0.20999999999999994
0.06000000000000005 0.2021
0.06000000000000005 0.15869999999999984
0.06000000000000005 0.12929999999999994
0.06000000000000005 0.12770000000000004
0.38 0.4006000000000012
0.38 0.3838000000000008
0.36 0.3799000000000003
0.36 0.3800000000000002
0.06000000000000005 0.3199000000000009
0.31999999999999995 0.4511000000000016
0.06000000000000005 0.19420000000000004
0.31999999999999995 0.37220000000000036
0.16000000000000003 0.3903000000000009
