0.14 0.5753200000000057
0.14 0.5519400000000024
0.14 0.5294400000000005
0.14 0.5047800000000001
0.14 0.47253999999999974
0.14 0.4533599999999996
0.14 0.43873999999999985
0.06000000000000005 0.4230200000000001
0.06000000000000005 0.40723999999999966
0.06000000000000005 0.4001399999999981
0.06000000000000005 0.3836399999999991
0.06000000000000005 0.3591599999999988
0.06000000000000005 0.3576399999999988
0.06000000000000005 0.3506799999999996
0.06000000000000005 0.34629999999999933
0.06000000000000005 0.33111999999999886
0.06000000000000005 0.3208799999999984
0.040000000000000036 0.3160399999999981
0.040000000000000036 0.3057199999999983
0.040000000000000036 0.3006399999999986
0.040000000000000036 0.3011999999999983
0.040000000000000036 0.3036999999999988
0.040000000000000036 0.29395999999999856
0.040000000000000036 0.28603999999999846
0.06000000000000005 0.2681199999999989
0.06000000000000005 0.2637999999999993
0.06000000000000005 0.26993999999999924
0.06000000000000005 0.25797999999999927
0.06000000000000005 0.24877999999999895
0.06000000000000005 0.24717999999999904
0.06000000000000005 0.2540199999999991
0.06000000000000005 0.24503999999999945
0.06000000000000005 0.24111999999999947
0.06000000000000005 0.22489999999999913
0.06000000000000005 0.23021999999999931
0.06000000000000005 0.2264799999999995
0.06000000000000005 0.22295999999999966
0.06000000000000005 0.21111999999999945
0.06000000000000005 0.21063999999999944
0.06000000000000005 0.20479999999999968
0.06000000000000005 0.18459999999999965
0.06000000000000005 0.18973999999999933
0.06000000000000005 0.17987999999999954
0.06000000000000005 0.18169999999999958
0.06000000000000005 0.16949999999999957
0.06000000000000005 0.17835999999999938
0.06000000000000005 0.1748599999999993
0.06000000000000005 0.16531999999999955
0.06000000000000005 0.1703999999999993
0.06000000000000005 0.16869999999999905
0.06000000000000005 0.15839999999999932
0.06000000000000005 0.15303999999999943
0.06000000000000005 0.15793999999999955
0.06000000000000005 0.1607399999999995
0.06000000000000005 0.1550599999999992
0.06000000000000005 0.15033999999999945
0.06000000000000005 0.13773999999999934
0.06000000000000005 0.14581999999999934
0.06000000000000005 0.14219999999999916
0.06000000000000005 0.1319199999999994
0.06000000000000005 0.12817999999999952
0.06000000000000005 0.12397999999999954
0.06000000000000005 0.1291799999999996
0.06000000000000005 0.13045999999999947
0.06000000000000005 0.13403999999999927
0.06000000000000005 0.1289599999999994
0.06000000000000005 0.12829999999999936
0.06000000000000005 0.12167999999999954
0.06000000000000005 0.12229999999999952
0.06000000000000005 0.1306799999999993
0.06000000000000005 0.14153999999999942
0.06000000000000005 0.13573999999999958
0.06000000000000005 0.12617999999999968
0.06000000000000005 0.1296199999999996
0.06000000000000005 0.13539999999999963
0.06000000000000005 0.13453999999999966
0.06000000000000005 0.1360199999999996
0.06000000000000005 0.13323999999999936
0.06000000000000005 0.12221999999999937
0.06000000000000005 0.12721999999999942
0.06000000000000005 0.12879999999999944
0.06000000000000005 0.12813999999999953
0.06000000000000005 0.1435799999999995
0.06000000000000005 0.14227999999999952
0.06000000000000005 0.14249999999999943
0.06000000000000005 0.1406599999999996
0.06000000000000005 0.1367799999999996
0.06000000000000005 0.13549999999999948
0.06000000000000005 0.14593999999999935
0.06000000000000005 0.14007999999999923
0.06000000000000005 0.13229999999999933
0.06000000000000005 0.13667999999999944
0.06000000000000005 0.13881999999999942
0.06000000000000005 0.14567999999999937
0.06000000000000005 0.14971999999999938
0.06000000000000005 0.14773999999999932
0.06000000000000005 0.14921999999999935
0.06000000000000005 0.14613999999999924
0.06000000000000005 0.14351999999999943
0.06000000000000005 0.13623999999999953
