0.30000000000000004 0.6101000000000005
0.21999999999999997 0.6062000000000005
0.21999999999999997 0.5902000000000002
0.33999999999999997 0.5819000000000001
0.30000000000000004 0.5958000000000001
0.33999999999999997 0.6101000000000003
0.33999999999999997 0.5807000000000002
0.33999999999999997 0.6140000000000002
0.33999999999999997 0.6104000000000004
0.16000000000000003 0.6027000000000007
0.16000000000000003 0.5883000000000005
0.16000000000000003 0.5899000000000008
0.33999999999999997 0.5992000000000006
0.19999999999999996 0.5492000000000006
0.18000000000000005 0.5445000000000002
0.33999999999999997 0.6084000000000013
0.33999999999999997 0.5575000000000008
0.33999999999999997 0.5784000000000007
0.24 0.5242000000000006
0.33999999999999997 0.6090000000000009
0.24 0.5439000000000012
0.33999999999999997 0.539300000000001
0.24 0.5612000000000011
0.19999999999999996 0.5381000000000007
0.12 0.5630000000000009
0.12 0.524000000000001
0.21999999999999997 0.5318000000000006
0.24 0.5028000000000007
0.24 0.46700000000000036
0.21999999999999997 0.4758000000000002
0.06000000000000005 0.41970000000000013
0.18000000000000005 0.4196999999999999
0.33999999999999997 0.4746000000000009
0.040000000000000036 0.4658000000000005
0.09999999999999998 0.4765000000000005
0.19999999999999996 0.4383000000000002
0.30000000000000004 0.4119000000000005
0.30000000000000004 0.42310000000000014
0.38 0.4873000000000002
0.38 0.4868000000000004
0.28 0.4644000000000004
0.06000000000000005 0.4419000000000004
0.040000000000000036 0.4959000000000009
0.06000000000000005 0.4936000000000007
0.040000000000000036 0.4150000000000001
0.21999999999999997 0.4527000000000003
0.16000000000000003 0.40710000000000013
0.06000000000000005 0.43060000000000004
0.26 0.532100000000001
0.21999999999999997 0.5375000000000005
0.31999999999999995 0.5386000000000005
0.33999999999999997 0.5466000000000005
0.28 0.5170000000000006
0.28 0.48520000000000024
0.28 0.44049999999999995
0.28 0.5410000000000006
0.28 0.5016000000000006
0.16000000000000003 0.46510000000000007
0.16000000000000003 0.44320000000000037
0.21999999999999997 0.41150000000000037
0.09999999999999998 0.41100000000000064
0.18000000000000005 0.38610000000000044
0.28 0.43860000000000016
0.28 0.3859000000000003
0.16000000000000003 0.4345999999999998
0.12 0.44660000000000016
0.16000000000000003 0.41899999999999993
0.16000000000000003 0.38809999999999995
0.19999999999999996 0.3334000000000002
0.09999999999999998 0.3262000000000006
0.09999999999999998 0.3027000000000006
0.09999999999999998 0.24860000000000027
0.16000000000000003 0.39440000000000014
0.040000000000000036 0.2868000000000001
0.07999999999999996 0.33390000000000014
0.040000000000000036 0.5406999999999992
0.06000000000000005 0.45019999999999954
0.040000000000000036 0.3427000000000002
0.16000000000000003 0.44910000000000005
0.06000000000000005 0.4044000000000001
0.07999999999999996 0.33509999999999984
0.07999999999999996 0.3078
0.07999999999999996 0.28280000000000016
0.14 0.30749999999999983
0.07999999999999996 0.3134999999999999
0.07999999999999996 0.26260000000000017
0.12 0.22170000000000006
0.07999999999999996 0.3766999999999999
0.07999999999999996 0.3245
0.07999999999999996 0.2537999999999999
0.07999999999999996 0.21819999999999992
0.07999999999999996 0.2638
0.07999999999999996 0.28619999999999995
0.38 0.4154999999999999
0.07999999999999996 0.3369999999999998
0.06000000000000005 0.36339999999999995
0.07999999999999996 0.3700000000000002
0.07999999999999996 0.32629999999999987
0.07999999999999996 0.34489999999999993
0.07999999999999996 0.30830000000000046
0.07999999999999996 0.3485000000000001
0.33999999999999997 0.3999999999999996
0.07999999999999996 0.3406000000000003
0.38 0.4050000000000001
0.33999999999999997 0.4429999999999999
0.07999999999999996 0.3845
0.040000000000000036 0.3490999999999998
0.09999999999999998 0.3650999999999999
0.07999999999999996 0.32070000000000015
0.040000000000000036 0.26389999999999997
0.18000000000000005 0.3714999999999996
0.040000000000000036 0.3322000000000006
0.07999999999999996 0.35400000000000065
0.18000000000000005 0.3446000000000009
0.14 0.33980000000000066
0.040000000000000036 0.2692000000000001
0.33999999999999997 0.3709000000000009
0.33999999999999997 0.3686000000000009
0.14 0.23560000000000042
0.14 0.23640000000000005
0.07999999999999996 0.26939999999999986
0.06000000000000005 0.32609999999999995
0.09999999999999998 0.25759999999999966
0.09999999999999998 0.2911999999999998
0.07999999999999996 0.19849999999999973
0.07999999999999996 0.17349999999999988
0.040000000000000036 0.25580000000000025
0.040000000000000036 0.2332000000000002
0.040000000000000036 0.19320000000000015
0.06000000000000005 0.1868999999999999
0.19999999999999996 0.34420000000000067
0.21999999999999997 0.368600000000001
0.21999999999999997 0.35560000000000097
0.16000000000000003 0.3190000000000006
0.14 0.29210000000000036
0.14 0.3264000000000005
0.14 0.3151000000000005
0.38 0.3745000000000002
0.38 0.3837
0.33999999999999997 0.5130000000000002
0.07999999999999996 0.48830000000000007
0.040000000000000036 0.3085000000000001
0.07999999999999996 0.3176000000000001
0.07999999999999996 0.28029999999999994
0.040000000000000036 0.3077999999999997
0.040000000000000036 0.2427999999999999
0.040000000000000036 0.17600000000000005
0.040000000000000036 0.1753000000000001
0.040000000000000036 0.14820000000000005
0.040000000000000036 0.19059999999999996
0.040000000000000036 0.2634000000000003
0.040000000000000036 0.2210000000000002
0.040000000000000036 0.20610000000000014
0.040000000000000036 0.17419999999999994
0.040000000000000036 0.11150000000000006
0.040000000000000036 0.0947
0.040000000000000036 0.096
0.040000000000000036 0.0961000000000001
0.040000000000000036 0.14020000000000007
0.040000000000000036 0.19670000000000004
0.040000000000000036 0.1252000000000001
0.020000000000000018 0.14390000000000014
0.020000000000000018 0.14760000000000006
0.020000000000000018 0.1129000000000001
0.020000000000000018 0.1321000000000001
0.040000000000000036 0.20060000000000008
0.040000000000000036 0.14510000000000017
0.040000000000000036 0.10120000000000004
0.040000000000000036 0.06550000000000006
0.040000000000000036 0.049900000000000035
0.040000000000000036 0.07920000000000003
0.040000000000000036 0.07120000000000007
0.040000000000000036 0.08990000000000008
0.040000000000000036 0.08360000000000005
0.040000000000000036 0.06590000000000007
0.040000000000000036 0.08830000000000007
0.040000000000000036 0.08650000000000004
0.040000000000000036 0.07390000000000006
0.040000000000000036 0.07180000000000006
0.040000000000000036 0.08200000000000009
0.040000000000000036 0.14490000000000003
0.040000000000000036 0.16180000000000003
0.06000000000000005 0.22440000000000007
0.06000000000000005 0.12570000000000003
0.040000000000000036 0.2830999999999998
0.040000000000000036 0.27759999999999974
0.040000000000000036 0.2717999999999999
0.06000000000000005 0.3732000000000006
0.040000000000000036 0.31940000000000013
0.040000000000000036 0.3207000000000004
0.040000000000000036 0.2524000000000001
0.020000000000000018 0.3103000000000002
0.020000000000000018 0.20779999999999985
0.020000000000000018 0.1702999999999999
0.020000000000000018 0.14029999999999998
0.020000000000000018 0.14980000000000004
0.020000000000000018 0.17160000000000017
0.020000000000000018 0.09460000000000006
0.020000000000000018 0.31629999999999964
0.020000000000000018 0.2938999999999998
0.020000000000000018 0.18909999999999974
0.020000000000000018 0.1310999999999999
0.020000000000000018 0.09750000000000006
0.020000000000000018 0.09250000000000008
0.020000000000000018 0.07490000000000005
0.020000000000000018 0.08300000000000005
0.020000000000000018 0.06490000000000004
0.020000000000000018 0.12170000000000002
0.020000000000000018 0.21660000000000015
0.020000000000000018 0.15269999999999992
0.020000000000000018 0.10150000000000002
0.020000000000000018 0.11650000000000008
0.020000000000000018 0.10620000000000003
0.020000000000000018 0.10240000000000002
0.020000000000000018 0.10130000000000003
0.020000000000000018 0.09270000000000009
0.020000000000000018 0.07390000000000006
0.020000000000000018 0.07900000000000007
0.020000000000000018 0.05660000000000002
0.020000000000000018 0.05110000000000002
0.020000000000000018 0.1139000000000001
0.020000000000000018 0.10960000000000004
0.020000000000000018 0.1316
0.020000000000000018 0.0832
0.020000000000000018 0.19539999999999974
0.020000000000000018 0.19079999999999983
0.020000000000000018 0.18289999999999992
0.020000000000000018 0.1624999999999999
0.020000000000000018 0.14989999999999992
0.020000000000000018 0.1378999999999999
0.020000000000000018 0.11089999999999994
0.020000000000000018 0.10479999999999993
0.07999999999999996 0.3328000000000008
0.07999999999999996 0.3297000000000006
0.38 0.36800000000000144
0.07999999999999996 0.30090000000000067
0.07999999999999996 0.29170000000000035
0.38 0.37470000000000114
0.38 0.3662000000000015
0.040000000000000036 0.36370000000000124
0.040000000000000036 0.3718000000000013
0.040000000000000036 0.3703000000000013
0.040000000000000036 0.3742000000000008
0.040000000000000036 0.43360000000000065
0.040000000000000036 0.3875000000000006
0.07999999999999996 0.3426000000000004
0.040000000000000036 0.2642000000000002
0.040000000000000036 0.2453000000000002
0.040000000000000036 0.2114
0.040000000000000036 0.20480000000000015
0.040000000000000036 0.14179999999999998
0.040000000000000036 0.13179999999999997
0.040000000000000036 0.10450000000000001
0.040000000000000036 0.1024
0.040000000000000036 0.09290000000000001
0.040000000000000036 0.07200000000000001
0.040000000000000036 0.2260000000000004
0.07999999999999996 0.14460000000000003
0.040000000000000036 0.12759999999999996
0.06000000000000005 0.14810000000000012
0.040000000000000036 0.11870000000000001
0.06000000000000005 0.15909999999999996
0.07999999999999996 0.2583000000000001
0.07999999999999996 0.1486000000000001
0.040000000000000036 0.3028000000000002
0.07999999999999996 0.25830000000000003
0.07999999999999996 0.22089999999999985
0.07999999999999996 0.2652999999999998
0.07999999999999996 0.14689999999999992
0.07999999999999996 0.22119999999999979
0.07999999999999996 0.08790000000000008
0.07999999999999996 0.09300000000000008
0.07999999999999996 0.08880000000000003
0.07999999999999996 0.06780000000000007
0.07999999999999996 0.10479999999999996
0.07999999999999996 0.0829000000000001
0.07999999999999996 0.16889999999999986
0.07999999999999996 0.14629999999999993
0.07999999999999996 0.13059999999999994
0.07999999999999996 0.1512999999999999
0.07999999999999996 0.11959999999999998
0.07999999999999996 0.09390000000000008
0.07999999999999996 0.07450000000000005
0.07999999999999996 0.08310000000000009
0.07999999999999996 0.09010000000000011
0.07999999999999996 0.08720000000000008
0.07999999999999996 0.0877000000000001
0.07999999999999996 0.11169999999999997
0.07999999999999996 0.13869999999999982
0.07999999999999996 0.1319999999999999
0.07999999999999996 0.10730000000000006
0.07999999999999996 0.107
0.07999999999999996 0.10850000000000003
0.07999999999999996 0.13949999999999985
0.07999999999999996 0.13959999999999986
0.07999999999999996 0.13739999999999986
0.07999999999999996 0.13309999999999989
0.07999999999999996 0.11659999999999998
0.07999999999999996 0.10100000000000002
0.07999999999999996 0.09840000000000006
0.07999999999999996 0.10260000000000008
0.07999999999999996 0.10520000000000014
0.07999999999999996 0.10259999999999994
0.07999999999999996 0.11599999999999987
0.07999999999999996 0.11399999999999992
0.07999999999999996 0.08869999999999996
0.040000000000000036 0.06310000000000003
0.07999999999999996 0.11249999999999993
0.07999999999999996 0.12179999999999985
0.07999999999999996 0.12429999999999994
0.07999999999999996 0.11579999999999996
0.07999999999999996 0.1161
0.07999999999999996 0.10129999999999999
0.07999999999999996 0.09320000000000007
0.07999999999999996 0.09410000000000007
0.07999999999999996 0.09600000000000003
0.07999999999999996 0.13119999999999993
0.07999999999999996 0.1194999999999999
0.07999999999999996 0.11229999999999996
0.040000000000000036 0.33899999999999947
0.040000000000000036 0.2829999999999994
0.040000000000000036 0.09549999999999997
0.040000000000000036 0.23019999999999963
0.040000000000000036 0.13989999999999989
0.040000000000000036 0.26399999999999957
0.4 0.4121999999999995
0.4 0.4093999999999997
0.4 0.40509999999999996
0.4 0.40380000000000005
0.30000000000000004 0.40599999999999986
0.07999999999999996 0.35559999999999936
0.07999999999999996 0.3673999999999991
0.07999999999999996 0.3416999999999993
0.07999999999999996 0.24929999999999952
0.07999999999999996 0.28469999999999956
0.07999999999999996 0.16619999999999988
0.07999999999999996 0.10040000000000004
0.07999999999999996 0.08640000000000007
0.07999999999999996 0.0763
0.07999999999999996 0.06499999999999999
0.07999999999999996 0.0737
0.07999999999999996 0.06840000000000003
0.07999999999999996 0.07520000000000007
0.07999999999999996 0.08150000000000006
0.07999999999999996 0.06020000000000001
0.06000000000000005 0.08240000000000001
0.06000000000000005 0.1802999999999999
0.06000000000000005 0.15599999999999986
0.06000000000000005 0.105
0.06000000000000005 0.11920000000000001
0.06000000000000005 0.15269999999999992
0.06000000000000005 0.10880000000000008
0.4 0.4202999999999995
0.4 0.4175999999999999
0.4 0.40640000000000015
0.4 0.40919999999999995
0.4 0.4187999999999996
0.4 0.4156999999999996
0.18000000000000005 0.4085999999999997
0.18000000000000005 0.3991999999999997
0.18000000000000005 0.3939999999999998
0.18000000000000005 0.3832999999999994
0.18000000000000005 0.3718999999999994
0.18000000000000005 0.381999999999999
0.14 0.35089999999999916
0.040000000000000036 0.30739999999999923
0.040000000000000036 0.2756999999999994
0.040000000000000036 0.24229999999999946
0.4 0.4237999999999995
0.4 0.42119999999999946
0.4 0.41369999999999985
0.4 0.41709999999999975
0.4 0.42619999999999936
0.4 0.4291999999999991
0.4 0.4224999999999991
0.4 0.4222999999999991
0.4 0.41429999999999967
0.4 0.41319999999999957
0.06000000000000005 0.3993999999999995
0.4 0.42119999999999985
0.4 0.4098999999999999
0.040000000000000036 0.20869999999999955
0.040000000000000036 0.14519999999999988
0.040000000000000036 0.16449999999999976
0.040000000000000036 0.20499999999999954
0.040000000000000036 0.2359999999999995
0.4 0.42779999999999935
0.4 0.4185999999999997
0.4 0.41879999999999973
0.4 0.42089999999999966
0.4 0.4208999999999998
0.4 0.41509999999999986
0.040000000000000036 0.15729999999999997
0.040000000000000036 0.11380000000000003
0.040000000000000036 0.10270000000000006
0.040000000000000036 0.09590000000000004
0.040000000000000036 0.11070000000000003
0.040000000000000036 0.08140000000000004
0.040000000000000036 0.07970000000000008
0.040000000000000036 0.06420000000000008
0.040000000000000036 0.07990000000000001
0.040000000000000036 0.06700000000000006
0.040000000000000036 0.08590000000000002
0.4 0.43469999999999975
0.4 0.44399999999999973
0.4 0.4214
0.4 0.42839999999999984
0.4 0.44799999999999957
0.4 0.43399999999999955
0.4 0.5693000000000012
0.42000000000000004 0.6712000000000019
0.42000000000000004 0.6607000000000017
0.42000000000000004 0.6519000000000016
0.4 0.5690000000000012
0.4 0.5376000000000006
0.4 0.5112
0.4 0.43149999999999955
0.4 0.42839999999999956
0.4 0.41789999999999966
0.4 0.4176999999999997
0.4 0.41609999999999986
0.4 0.4268999999999993
0.4 0.4226999999999994
0.4 0.42529999999999946
0.4 0.4135999999999999
0.4 0.4127
0.4 0.41069999999999984
0.4 0.41629999999999967
0.040000000000000036 0.41169999999999957
0.07999999999999996 0.35099999999999926
0.4 0.4316999999999996
0.4 0.4232999999999998
0.07999999999999996 0.4187999999999992
0.4 0.4166999999999998
0.4 0.4179999999999997
0.4 0.4094
0.4 0.41139999999999977
0.4 0.4165999999999995
0.4 0.41209999999999963
0.4 0.4109999999999998
0.4 0.41889999999999966
0.4 0.4084000000000001
0.4 0.41369999999999985
0.4 0.41340000000000005
0.4 0.4472999999999994
0.4 0.4305999999999998
0.4 0.6442000000000019
0.4 0.636400000000002
0.4 0.6259000000000019
0.4 0.5945000000000015
0.4 0.5769000000000012
0.4 0.5453000000000011
0.4 0.5202000000000004
0.4 0.4962000000000004
0.4 0.4465999999999996
0.4 0.4624999999999998
0.4 0.4371999999999994
0.4 0.6226000000000015
0.4 0.43579999999999913
0.4 0.5885000000000009
0.4 0.4147999999999998
0.4 0.41509999999999975
0.4 0.412
0.4 0.4096999999999999
0.4 0.41799999999999976
0.4 0.5289000000000006
0.4 0.5289000000000006
0.4 0.46569999999999984
0.4 0.4408999999999997
0.4 0.43029999999999985
0.4 0.5390000000000009
0.4 0.5098000000000006
0.4 0.48990000000000017
0.4 0.4526999999999998
0.4 0.44399999999999984
0.4 0.4367999999999996
0.38 0.4199999999999999
0.38 0.41419999999999974
0.38 0.4106999999999998
0.38 0.4046000000000001
0.38 0.4049000000000003
0.38 0.4064000000000003
0.38 0.40349999999999986
0.38 0.4000999999999999
0.38 0.40549999999999997
0.38 0.40310000000000007
0.38 0.40560000000000007
0.38 0.4015000000000001
0.38 0.39860000000000007
0.38 0.40169999999999995
0.38 0.39230000000000054
0.38 0.3885000000000005
0.38 0.38720000000000093
0.38 0.3914000000000009
0.4 0.4095999999999998
0.4 0.40339999999999987
0.4 0.4001000000000002
0.4 0.39900000000000024
0.4 0.3997000000000002
0.4 0.40299999999999997
