0.42000000000000004 0.6347999999999989
0.42000000000000004 0.6156999999999989
0.4 0.6443999999999989
0.4 0.6262999999999994
0.31999999999999995 0.6050999999999991
0.21999999999999997 0.6485999999999988
0.21999999999999997 0.639999999999999
0.33999999999999997 0.6273999999999988
0.21999999999999997 0.6638999999999982
0.21999999999999997 0.664899999999998
0.21999999999999997 0.6764999999999981
0.21999999999999997 0.6954999999999981
0.21999999999999997 0.6602999999999983
0.21999999999999997 0.6589999999999984
0.4 0.6627999999999982
0.21999999999999997 0.6250999999999983
0.42000000000000004 0.6417999999999979
0.16000000000000003 0.6025999999999981
0.19999999999999996 0.6118999999999983
0.4 0.6464999999999985
0.4 0.6510999999999982
0.21999999999999997 0.6383999999999981
0.21999999999999997 0.6327999999999983
0.21999999999999997 0.6382999999999981
0.21999999999999997 0.6442999999999982
0.4 0.6554999999999984
0.26 0.6227999999999981
0.18000000000000005 0.635599999999998
0.21999999999999997 0.6237999999999979
0.21999999999999997 0.6032999999999981
0.21999999999999997 0.5742999999999985
0.21999999999999997 0.640499999999998
0.31999999999999995 0.6686999999999983
0.31999999999999995 0.6044999999999981
0.21999999999999997 0.6079999999999982
0.24 0.661599999999998
0.24 0.6390999999999981
0.30000000000000004 0.6082999999999983
0.21999999999999997 0.594299999999998
0.4 0.6288999999999979
0.33999999999999997 0.6456999999999978
0.4 0.6124999999999979
0.4 0.6917999999999985
0.4 0.6983999999999986
0.4 0.710999999999999
0.4 0.6870999999999987
0.4 0.6722999999999983
0.4 0.6650999999999984
0.42000000000000004 0.6883999999999982
0.4 0.6659999999999981
0.4 0.6889999999999987
0.4 0.6772999999999983
0.4 0.6768999999999984
0.42000000000000004 0.6922999999999981
0.42000000000000004 0.6881999999999984
0.4 0.7048999999999989
0.4 0.7051999999999989
0.4 0.6906999999999988
0.4 0.6749999999999986
0.4 0.654399999999998
0.30000000000000004 0.6437999999999982
0.4 0.6778999999999985
0.18000000000000005 0.6406999999999983
0.18000000000000005 0.604699999999998
0.18000000000000005 0.612499999999998
0.4 0.6772999999999985
0.09999999999999998 0.6242999999999984
0.4 0.6257999999999981
0.4 0.6608999999999984
0.4 0.6387999999999984
0.4 0.648899999999998
0.21999999999999997 0.7167999999999982
0.24 0.6493999999999985
0.4 0.6133999999999985
0.09999999999999998 0.6012999999999987
0.09999999999999998 0.6136999999999984
0.21999999999999997 0.6027999999999986
0.36 0.6465999999999983
0.4 0.6965999999999977
0.56 0.7192999999999976
0.4 0.6447999999999979
0.4 0.6213999999999981
0.4 0.5986999999999982
0.4 0.6632999999999981
0.4 0.6325999999999979
0.4 0.6011999999999983
0.4 0.6031999999999982
0.4 0.5804999999999982
0.4 0.5798999999999984
0.4 0.5504999999999987
0.4 0.6534999999999985
0.4 0.6156999999999981
0.4 0.5910999999999986
0.4 0.5235999999999994
0.4 0.5011999999999993
0.43999999999999995 0.5444999999999984
0.43999999999999995 0.5376999999999993
0.33999999999999997 0.5089999999999991
0.43999999999999995 0.4857999999999991
0.43999999999999995 0.47499999999999964
0.43999999999999995 0.4703999999999992
0.43999999999999995 0.47989999999999894
0.43999999999999995 0.46649999999999897
0.43999999999999995 0.4787999999999995
0.4 0.46459999999999974
0.43999999999999995 0.48349999999999965
0.43999999999999995 0.46599999999999925
0.43999999999999995 0.47289999999999893
0.4 0.4683999999999989
0.43999999999999995 0.471099999999999
0.43999999999999995 0.45449999999999924
0.43999999999999995 0.4528999999999991
0.43999999999999995 0.45019999999999905
0.43999999999999995 0.44909999999999917
0.43999999999999995 0.4445999999999994
0.43999999999999995 0.4558999999999991
0.43999999999999995 0.4734999999999991
0.43999999999999995 0.4739999999999991
0.43999999999999995 0.4603999999999991
0.43999999999999995 0.43929999999999936
0.43999999999999995 0.44839999999999924
0.43999999999999995 0.4508999999999993
0.43999999999999995 0.4527999999999994
0.43999999999999995 0.4386999999999993
0.43999999999999995 0.45919999999999894
0.43999999999999995 0.4485999999999992
0.43999999999999995 0.4572999999999994
0.43999999999999995 0.45149999999999935
0.43999999999999995 0.4589999999999997
0.43999999999999995 0.44659999999999944
0.43999999999999995 0.481699999999999
0.43999999999999995 0.4582999999999995
0.43999999999999995 0.46929999999999944
0.43999999999999995 0.4554999999999996
0.43999999999999995 0.46589999999999926
0.43999999999999995 0.47289999999999877
0.43999999999999995 0.44969999999999927
0.43999999999999995 0.45859999999999945
0.43999999999999995 0.5504999999999987
0.43999999999999995 0.593699999999998
0.43999999999999995 0.5012999999999989
0.43999999999999995 0.46959999999999885
0.43999999999999995 0.4561999999999991
0.43999999999999995 0.4666999999999991
0.43999999999999995 0.46509999999999896
0.4 0.44659999999999966
0.4 0.4575999999999991
0.4 0.4509999999999995
0.4 0.4569999999999993
0.4 0.45299999999999946
0.4 0.46129999999999904
0.4 0.45579999999999926
0.4 0.4384999999999996
0.4 0.43499999999999955
0.4 0.4395999999999996
0.4 0.4364999999999995
0.4 0.4466999999999993
0.4 0.4420999999999996
0.4 0.46829999999999894
0.4 0.4463999999999993
0.4 0.459199999999999
0.4 0.5251999999999982
0.4 0.4394999999999992
0.4 0.44599999999999895
0.4 0.4414999999999991
0.4 0.4243999999999998
0.4 0.42819999999999964
0.4 0.4251999999999995
0.4 0.42919999999999964
0.43999999999999995 0.4493999999999992
0.43999999999999995 0.42849999999999944
0.43999999999999995 0.4267999999999996
0.43999999999999995 0.42699999999999966
0.43999999999999995 0.44519999999999954
0.43999999999999995 0.4384999999999994
0.4 0.45319999999999894
0.4 0.4558999999999988
0.4 0.4517999999999989
0.4 0.6016999999999983
0.4 0.4846999999999985
0.4 0.44829999999999876
0.4 0.4631999999999985
0.4 0.47189999999999854
0.4 0.42809999999999954
0.4 0.4305999999999994
0.4 0.4253999999999997
0.4 0.41869999999999974
0.4 0.42689999999999956
0.4 0.4273999999999994
0.4 0.4328999999999996
0.4 0.42999999999999955
0.4 0.42999999999999955
0.4 0.4246999999999998
0.4 0.5604999999999982
0.4 0.6757999999999985
0.4 0.6868999999999984
0.4 0.6902999999999987
0.4 0.7036999999999989
0.4 0.6934999999999988
0.4 0.6500999999999983
0.4 0.6078999999999981
0.4 0.5770999999999984
0.4 0.5342999999999989
0.4 0.4926999999999992
0.4 0.4716999999999994
0.4 0.45209999999999906
0.4 0.4443999999999991
0.4 0.4406999999999989
0.4 0.43729999999999897
0.4 0.44219999999999887
0.4 0.4318999999999993
0.4 0.42919999999999925
0.4 0.4256999999999995
0.4 0.4165999999999997
0.4 0.4408999999999989
0.4 0.4262999999999994
0.4 0.4232999999999995
0.4 0.4301999999999994
0.4 0.42929999999999935
0.4 0.43549999999999917
0.4 0.4249999999999996
0.4 0.44289999999999885
0.4 0.44989999999999875
0.4 0.43289999999999906
0.4 0.4210999999999996
0.4 0.4315999999999994
0.4 0.45329999999999876
0.4 0.4270999999999994
0.4 0.5275999999999982
0.4 0.43029999999999935
0.4 0.4189999999999997
0.4 0.444799999999999
0.4 0.43549999999999917
0.4 0.438799999999999
0.4 0.4247999999999994
0.4 0.43249999999999944
0.4 0.42439999999999956
0.4 0.4146999999999999
0.4 0.41839999999999966
0.4 0.4221999999999996
0.4 0.43169999999999914
0.4 0.42769999999999947
0.4 0.4460999999999988
0.4 0.42719999999999936
0.4 0.4217999999999996
0.4 0.43319999999999953
0.4 0.4538999999999989
0.4 0.443499999999999
0.4 0.4329999999999993
0.4 0.4370999999999993
0.4 0.42249999999999965
0.4 0.43789999999999923
0.4 0.4328999999999994
0.4 0.4359999999999993
0.4 0.44509999999999894
0.4 0.4353999999999993
0.4 0.45359999999999867
0.4 0.42469999999999963
0.4 0.4284999999999996
0.4 0.4373999999999994
0.4 0.4301999999999996
0.4 0.42949999999999944
0.4 0.41719999999999985
0.4 0.4134
0.4 0.41199999999999987
0.4 0.4230999999999996
0.4 0.4277999999999995
0.4 0.43649999999999944
0.4 0.4201999999999999
0.4 0.4281999999999997
0.4 0.4255999999999995
0.4 0.4282999999999996
0.4 0.442299999999999
0.4 0.44649999999999873
0.4 0.43099999999999944
0.4 0.42859999999999965
0.4 0.41349999999999976
0.4 0.4118999999999998
0.4 0.4185999999999997
0.4 0.4248999999999999
0.4 0.4544999999999986
0.4 0.43819999999999915
0.4 0.42329999999999934
0.4 0.42019999999999946
0.4 0.4431999999999987
0.4 0.4498999999999988
0.4 0.43399999999999905
0.4 0.44279999999999914
0.4 0.4362999999999991
0.4 0.42909999999999937
0.4 0.4462999999999986
0.4 0.43959999999999894
0.4 0.44139999999999896
0.4 0.4337999999999991
0.4 0.4530999999999986
0.4 0.44739999999999874
0.4 0.45139999999999875
0.4 0.42839999999999945
0.4 0.4196999999999997
0.4 0.4312999999999993
0.4 0.43669999999999903
0.4 0.4288999999999993
0.4 0.43459999999999915
0.4 0.43409999999999926
0.4 0.4621999999999985
0.4 0.440999999999999
0.4 0.4274999999999992
0.4 0.4261999999999994
0.4 0.43189999999999934
0.4 0.4302999999999992
0.4 0.4194999999999996
0.4 0.4284999999999992
0.4 0.41389999999999966
0.21999999999999997 0.4181999999999996
0.21999999999999997 0.4292999999999994
0.21999999999999997 0.4168999999999996
0.21999999999999997 0.42079999999999956
0.21999999999999997 0.4175999999999997
0.21999999999999997 0.4129999999999996
0.21999999999999997 0.4124999999999996
0.21999999999999997 0.4206999999999996
0.21999999999999997 0.4236999999999994
0.21999999999999997 0.43199999999999916
0.21999999999999997 0.4267999999999991
0.21999999999999997 0.42589999999999906
0.21999999999999997 0.426199999999999
0.21999999999999997 0.40679999999999916
0.21999999999999997 0.414499999999999
0.21999999999999997 0.39909999999999946
0.21999999999999997 0.4052999999999992
0.21999999999999997 0.3932999999999992
0.21999999999999997 0.3997999999999989
0.21999999999999997 0.39549999999999896
0.21999999999999997 0.3733999999999992
0.21999999999999997 0.36099999999999893
0.21999999999999997 0.3675999999999989
0.21999999999999997 0.36219999999999913
0.21999999999999997 0.3627999999999989
0.21999999999999997 0.3629999999999991
0.21999999999999997 0.3516999999999993
0.21999999999999997 0.3736999999999993
0.21999999999999997 0.3567999999999993
0.21999999999999997 0.3479999999999993
0.24 0.35129999999999945
0.21999999999999997 0.32419999999999954
0.21999999999999997 0.3809999999999989
0.21999999999999997 0.3612999999999992
0.21999999999999997 0.3360999999999994
0.21999999999999997 0.3310999999999996
0.19999999999999996 0.31369999999999965
0.19999999999999996 0.30309999999999976
0.19999999999999996 0.29939999999999994
0.18000000000000005 0.29690000000000016
0.18000000000000005 0.2938000000000001
0.19999999999999996 0.2923
0.19999999999999996 0.2900999999999999
0.19999999999999996 0.28780000000000033
0.19999999999999996 0.2940000000000002
0.09999999999999998 0.28290000000000004
0.09999999999999998 0.26739999999999997
0.16000000000000003 0.2805
0.07999999999999996 0.2645999999999998
0.07999999999999996 0.27049999999999985
0.07999999999999996 0.25650000000000006
0.07999999999999996 0.2572000000000002
0.07999999999999996 0.2536999999999999
0.07999999999999996 0.2742000000000001
0.07999999999999996 0.265
0.07999999999999996 0.26599999999999985
0.07999999999999996 0.2500999999999999
0.07999999999999996 0.2575999999999999
0.07999999999999996 0.24169999999999964
0.06000000000000005 0.2101000000000003
0.06000000000000005 0.24749999999999975
0.06000000000000005 0.2402000000000001
0.06000000000000005 0.26219999999999977
0.06000000000000005 0.19930000000000006
0.06000000000000005 0.18360000000000012
0.06000000000000005 0.21430000000000035
0.07999999999999996 0.20000000000000034
0.07999999999999996 0.19940000000000027
0.07999999999999996 0.1492000000000001
0.07999999999999996 0.17630000000000018
0.07999999999999996 0.1471
0.07999999999999996 0.1448999999999999
0.07999999999999996 0.16730000000000023
0.07999999999999996 0.14960000000000004
0.07999999999999996 0.13530000000000014
0.07999999999999996 0.16620000000000007
0.07999999999999996 0.15920000000000026
0.07999999999999996 0.19300000000000037
0.07999999999999996 0.1589000000000003
0.07999999999999996 0.20150000000000015
0.07999999999999996 0.1640000000000001
0.07999999999999996 0.15320000000000022
0.07999999999999996 0.16290000000000027
0.07999999999999996 0.15980000000000025
0.07999999999999996 0.1567000000000003
0.07999999999999996 0.12090000000000022
0.07999999999999996 0.1175000000000002
0.07999999999999996 0.21470000000000022
0.07999999999999996 0.28030000000000066
0.07999999999999996 0.1733000000000001
0.07999999999999996 0.23660000000000048
0.07999999999999996 0.14820000000000022
0.07999999999999996 0.12990000000000015
0.07999999999999996 0.1259000000000001
0.07999999999999996 0.12610000000000007
0.07999999999999996 0.12640000000000015
0.07999999999999996 0.11420000000000013
0.07999999999999996 0.14680000000000015
0.07999999999999996 0.15870000000000023
0.07999999999999996 0.13520000000000018
0.07999999999999996 0.14250000000000018
0.07999999999999996 0.1482000000000002
0.07999999999999996 0.15800000000000014
0.07999999999999996 0.14300000000000015
0.07999999999999996 0.16910000000000022
0.07999999999999996 0.16970000000000024
0.07999999999999996 0.15880000000000022
0.07999999999999996 0.14980000000000018
0.07999999999999996 0.12600000000000017
0.07999999999999996 0.1427000000000002
0.07999999999999996 0.13480000000000017
0.07999999999999996 0.11790000000000013
0.07999999999999996 0.11530000000000008
0.07999999999999996 0.1402000000000001
0.07999999999999996 0.1364000000000001
0.07999999999999996 0.13980000000000012
0.07999999999999996 0.1520000000000002
0.07999999999999996 0.13880000000000017
0.07999999999999996 0.14290000000000025
0.07999999999999996 0.16970000000000002
0.07999999999999996 0.13130000000000006
0.07999999999999996 0.12990000000000018
0.07999999999999996 0.11830000000000013
0.07999999999999996 0.13460000000000016
0.07999999999999996 0.12190000000000019
0.07999999999999996 0.11390000000000013
0.07999999999999996 0.12030000000000009
0.07999999999999996 0.11610000000000015
0.07999999999999996 0.12140000000000016
0.07999999999999996 0.11770000000000018
0.07999999999999996 0.11530000000000015
0.07999999999999996 0.10970000000000009
0.07999999999999996 0.10630000000000012
0.07999999999999996 0.12550000000000014
0.07999999999999996 0.13860000000000006
0.07999999999999996 0.13440000000000013
0.07999999999999996 0.14540000000000014
0.07999999999999996 0.14410000000000014
0.07999999999999996 0.12310000000000017
0.07999999999999996 0.14300000000000007
0.07999999999999996 0.14890000000000023
0.07999999999999996 0.16670000000000018
0.07999999999999996 0.15360000000000018
0.07999999999999996 0.13220000000000015
0.07999999999999996 0.13870000000000018
0.07999999999999996 0.14250000000000024
0.07999999999999996 0.10870000000000007
0.07999999999999996 0.12110000000000014
0.07999999999999996 0.12490000000000015
0.07999999999999996 0.14750000000000021
0.07999999999999996 0.16370000000000032
0.07999999999999996 0.1466000000000002
0.07999999999999996 0.13590000000000016
0.07999999999999996 0.1323000000000002
0.07999999999999996 0.14040000000000016
0.07999999999999996 0.14100000000000013
0.07999999999999996 0.14370000000000016
0.07999999999999996 0.1503000000000002
0.07999999999999996 0.13560000000000016
0.07999999999999996 0.24019999999999997
0.07999999999999996 0.1972000000000004
0.07999999999999996 0.15780000000000022
0.07999999999999996 0.1635000000000001
0.07999999999999996 0.12810000000000016
0.07999999999999996 0.16430000000000028
0.07999999999999996 0.26909999999999984
0.07999999999999996 0.1572000000000003
0.07999999999999996 0.1434000000000001
0.07999999999999996 0.1429000000000002
0.07999999999999996 0.13430000000000017
0.07999999999999996 0.24270000000000003
0.26 0.2742999999999997
0.07999999999999996 0.20480000000000032
0.07999999999999996 0.17950000000000024
0.07999999999999996 0.2504
0.07999999999999996 0.1809000000000002
0.07999999999999996 0.14800000000000021
0.07999999999999996 0.16000000000000023
0.07999999999999996 0.16680000000000042
0.07999999999999996 0.1460000000000002
0.07999999999999996 0.14520000000000016
0.07999999999999996 0.21140000000000028
0.26 0.5217999999999983
0.26 0.28349999999999986
0.26 0.2692999999999997
0.26 0.27029999999999976
0.26 0.26959999999999973
