0.30000000000000004 0.6047999999999998
0.30000000000000004 0.5697
0.30000000000000004 0.5829
0.30000000000000004 0.6097000000000002
0.31999999999999995 0.6368000000000006
0.31999999999999995 0.6124000000000002
0.30000000000000004 0.6482999999999997
0.28 0.6583999999999994
0.30000000000000004 0.6475999999999996
0.21999999999999997 0.6546999999999994
0.26 0.6437999999999997
0.30000000000000004 0.6409999999999997
0.30000000000000004 0.6302999999999995
0.31999999999999995 0.6209999999999997
0.21999999999999997 0.6053999999999996
0.21999999999999997 0.5927999999999998
0.21999999999999997 0.5837999999999997
0.21999999999999997 0.5638999999999997
0.31999999999999995 0.5956999999999995
0.21999999999999997 0.5500999999999996
0.18000000000000005 0.5586999999999996
0.14 0.5712999999999996
0.06000000000000005 0.5217000000000003
0.06000000000000005 0.5112
0.06000000000000005 0.5206999999999997
0.06000000000000005 0.48960000000000015
0.30000000000000004 0.47990000000000016
0.18000000000000005 0.44270000000000026
0.06000000000000005 0.43300000000000016
0.06000000000000005 0.4625000000000002
0.06000000000000005 0.3874
0.06000000000000005 0.3758000000000001
0.06000000000000005 0.3472000000000002
0.06000000000000005 0.32720000000000016
0.42000000000000004 0.5583999999999996
0.28 0.5513999999999999
0.28 0.5481999999999999
0.12 0.5608000000000001
0.12 0.4981000000000003
0.09999999999999998 0.5223000000000007
0.09999999999999998 0.5136000000000007
0.06000000000000005 0.4838000000000004
0.26 0.37610000000000054
0.040000000000000036 0.30400000000000016
0.06000000000000005 0.36309999999999965
0.09999999999999998 0.3563999999999999
0.09999999999999998 0.3743
0.07999999999999996 0.43629999999999997
0.28 0.47020000000000045
0.30000000000000004 0.4653000000000001
0.30000000000000004 0.42860000000000015
0.4 0.42979999999999974
0.30000000000000004 0.5041999999999991
0.30000000000000004 0.4995999999999993
0.30000000000000004 0.4713999999999997
0.020000000000000018 0.36620000000000014
0.06000000000000005 0.3087000000000002
0.06000000000000005 0.2999000000000001
0.18000000000000005 0.43809999999999993
0.07999999999999996 0.44109999999999966
0.07999999999999996 0.30040000000000044
0.06000000000000005 0.24560000000000032
0.040000000000000036 0.15950000000000006
0.06000000000000005 0.1498000000000001
0.09999999999999998 0.43259999999999965
0.16000000000000003 0.5419999999999987
0.30000000000000004 0.5432999999999987
0.30000000000000004 0.5127999999999989
0.31999999999999995 0.40869999999999956
0.31999999999999995 0.42309999999999964
0.30000000000000004 0.3445999999999993
0.30000000000000004 0.31459999999999905
0.30000000000000004 0.3442999999999994
0.30000000000000004 0.36859999999999976
0.30000000000000004 0.37419999999999953
0.30000000000000004 0.3297999999999992
0.30000000000000004 0.31279999999999913
0.30000000000000004 0.3452999999999993
0.28 0.3153999999999991
0.30000000000000004 0.36959999999999965
0.30000000000000004 0.32999999999999924
0.30000000000000004 0.3179999999999991
0.30000000000000004 0.30139999999999906
0.30000000000000004 0.30219999999999897
0.30000000000000004 0.30899999999999916
0.30000000000000004 0.303599999999999
0.30000000000000004 0.307399999999999
0.30000000000000004 0.3571999999999995
0.30000000000000004 0.3284999999999992
0.30000000000000004 0.30889999999999906
0.30000000000000004 0.31019999999999914
0.30000000000000004 0.31509999999999916
0.30000000000000004 0.30259999999999904
0.30000000000000004 0.3490999999999998
0.30000000000000004 0.3168999999999993
0.30000000000000004 0.4110999999999996
0.30000000000000004 0.43319999999999964
0.30000000000000004 0.4904999999999992
0.30000000000000004 0.42229999999999973
0.07999999999999996 0.3143000000000001
0.020000000000000018 0.25109999999999966
0.020000000000000018 0.29449999999999943
0.06000000000000005 0.27529999999999955
0.06000000000000005 0.27839999999999987
0.06000000000000005 0.2345999999999996
0.040000000000000036 0.23679999999999982
0.06000000000000005 0.18979999999999983
0.06000000000000005 0.1905999999999999
0.06000000000000005 0.16470000000000012
0.06000000000000005 0.28159999999999974
0.30000000000000004 0.3061999999999992
0.30000000000000004 0.3167999999999992
0.30000000000000004 0.30759999999999904
0.30000000000000004 0.30669999999999903
0.30000000000000004 0.30289999999999906
0.30000000000000004 0.30589999999999906
0.30000000000000004 0.309299999999999
0.30000000000000004 0.30179999999999896
0.30000000000000004 0.303499999999999
0.30000000000000004 0.302499999999999
0.30000000000000004 0.301399999999999
0.30000000000000004 0.30039999999999895
0.30000000000000004 0.30479999999999896
0.30000000000000004 0.3042999999999991
0.30000000000000004 0.30019999999999897
0.30000000000000004 0.301299999999999
0.30000000000000004 0.30159999999999904
0.30000000000000004 0.3098999999999991
0.30000000000000004 0.3035999999999991
0.30000000000000004 0.303799999999999
0.30000000000000004 0.303199999999999
0.30000000000000004 0.30499999999999905
0.30000000000000004 0.30409999999999904
0.30000000000000004 0.30399999999999905
0.30000000000000004 0.30319999999999914
0.30000000000000004 0.30209999999999915
0.30000000000000004 0.301099999999999
0.30000000000000004 0.31139999999999907
0.30000000000000004 0.34239999999999926
0.30000000000000004 0.31819999999999904
0.30000000000000004 0.307099999999999
0.30000000000000004 0.308899999999999
0.30000000000000004 0.30019999999999897
0.30000000000000004 0.30619999999999903
0.30000000000000004 0.30609999999999904
0.30000000000000004 0.32269999999999915
0.30000000000000004 0.3644999999999994
0.30000000000000004 0.30279999999999896
0.30000000000000004 0.32509999999999906
0.30000000000000004 0.307099999999999
0.30000000000000004 0.33649999999999913
0.30000000000000004 0.33489999999999914
0.30000000000000004 0.3092999999999991
0.30000000000000004 0.302899999999999
0.30000000000000004 0.30079999999999896
0.30000000000000004 0.30199999999999894
0.30000000000000004 0.29999999999999893
0.30000000000000004 0.3006999999999989
0.30000000000000004 0.303599999999999
0.30000000000000004 0.302699999999999
0.30000000000000004 0.303299999999999
0.30000000000000004 0.30789999999999906
0.30000000000000004 0.301899999999999
0.30000000000000004 0.30099999999999894
0.07999999999999996 0.26389999999999925
0.14 0.2783999999999992
0.14 0.25489999999999935
0.06000000000000005 0.24599999999999939
0.06000000000000005 0.24939999999999948
0.07999999999999996 0.21819999999999973
0.07999999999999996 0.21399999999999986
0.07999999999999996 0.1711000000000001
0.06000000000000005 0.12710000000000013
0.06000000000000005 0.1046000000000001
0.040000000000000036 0.08890000000000009
0.020000000000000018 0.06900000000000009
0.020000000000000018 0.06670000000000006
0.040000000000000036 0.05570000000000004
0.020000000000000018 0.055200000000000034
0.020000000000000018 0.044600000000000035
0.040000000000000036 0.05810000000000006
0.040000000000000036 0.04689999999999998
0.040000000000000036 0.048500000000000015
0.040000000000000036 0.07690000000000004
0.040000000000000036 0.07370000000000004
0.040000000000000036 0.061400000000000024
0.040000000000000036 0.11380000000000007
0.040000000000000036 0.06789999999999997
0.040000000000000036 0.05669999999999992
0.040000000000000036 0.04379999999999991
0.040000000000000036 0.04459999999999995
0.040000000000000036 0.04589999999999999
0.040000000000000036 0.028800000000000006
0.040000000000000036 0.061800000000000035
0.040000000000000036 0.03980000000000002
0.020000000000000018 0.10410000000000007
0.040000000000000036 0.04290000000000003
0.040000000000000036 0.04370000000000004
0.020000000000000018 0.06790000000000004
0.040000000000000036 0.03179999999999998
0.020000000000000018 0.057200000000000036
0.020000000000000018 0.07460000000000006
0.020000000000000018 0.06130000000000004
0.020000000000000018 0.041700000000000015
0.020000000000000018 0.04790000000000001
0.020000000000000018 0.05240000000000001
0.020000000000000018 0.0434
0.020000000000000018 0.0487
0.020000000000000018 0.11709999999999994
0.020000000000000018 0.10389999999999994
0.020000000000000018 0.07050000000000003
0.020000000000000018 0.04780000000000001
0.020000000000000018 0.039800000000000016
0.020000000000000018 0.043800000000000026
0.020000000000000018 0.03760000000000002
0.020000000000000018 0.053700000000000025
0.020000000000000018 0.04650000000000002
0.020000000000000018 0.05500000000000002
0.020000000000000018 0.04610000000000001
0.020000000000000018 0.06040000000000003
0.020000000000000018 0.04280000000000003
0.020000000000000018 0.04030000000000001
0.020000000000000018 0.056300000000000024
0.020000000000000018 0.06190000000000001
0.020000000000000018 0.061799999999999994
0.020000000000000018 0.058700000000000016
0.020000000000000018 0.040200000000000014
0.020000000000000018 0.04140000000000002
0.020000000000000018 0.04130000000000002
0.020000000000000018 0.06690000000000002
0.020000000000000018 0.07420000000000003
0.020000000000000018 0.059600000000000014
0.020000000000000018 0.065
0.020000000000000018 0.07020000000000001
0.020000000000000018 0.07910000000000002
0.020000000000000018 0.06300000000000003
0.020000000000000018 0.049100000000000026
0.020000000000000018 0.20629999999999987
0.020000000000000018 0.1541000000000001
0.020000000000000018 0.1501000000000001
0.020000000000000018 0.13960000000000006
0.020000000000000018 0.08120000000000001
0.020000000000000018 0.07740000000000004
0.020000000000000018 0.16379999999999992
0.020000000000000018 0.06980000000000003
0.020000000000000018 0.18510000000000013
0.020000000000000018 0.14799999999999994
0.020000000000000018 0.13019999999999998
0.020000000000000018 0.10439999999999998
0.020000000000000018 0.08140000000000003
0.020000000000000018 0.08419999999999998
0.020000000000000018 0.08189999999999997
0.020000000000000018 0.06470000000000002
0.020000000000000018 0.10100000000000002
0.020000000000000018 0.0753
0.020000000000000018 0.09089999999999997
0.020000000000000018 0.07140000000000002
0.020000000000000018 0.04940000000000003
0.020000000000000018 0.04900000000000003
0.020000000000000018 0.049800000000000025
0.020000000000000018 0.03820000000000002
0.020000000000000018 0.03390000000000003
0.020000000000000018 0.04320000000000003
0.020000000000000018 0.038200000000000026
0.020000000000000018 0.04140000000000001
0.020000000000000018 0.030200000000000015
0.020000000000000018 0.039700000000000034
0.020000000000000018 0.09860000000000001
0.020000000000000018 0.09170000000000006
0.020000000000000018 0.075
0.020000000000000018 0.06960000000000002
0.020000000000000018 0.05290000000000004
0.020000000000000018 0.06850000000000003
0.020000000000000018 0.06690000000000003
0.0 0.08060000000000002
