0.82 0.4002299999999989
0.83 0.45019999999999927
0.96 0.48435999999999996
0.96 0.5225499999999972
0.96 0.5474699999999963
0.96 0.5607399999999981
0.96 0.5881299999999965
0.96 0.6048299999999979
0.96 0.6195499999999965
0.96 0.6258699999999938
0.98 0.6404799999999948
0.98 0.647899999999996
0.98 0.6663499999999961
0.98 0.6817299999999922
0.98 0.6925499999999954
0.98 0.6923299999999956
0.98 0.6917199999999958
0.98 0.7044199999999973
0.98 0.7040000000000004
0.98 0.7096600000000032
0.98 0.710960000000002
0.98 0.7188100000000036
0.98 0.7153600000000023
0.98 0.7263300000000033
0.98 0.7344200000000051
0.98 0.7339100000000036
0.98 0.7364900000000052
0.98 0.7359200000000045
0.98 0.7448500000000081
0.98 0.7473600000000079
0.98 0.7423400000000081
0.98 0.7539800000000095
0.98 0.7546900000000087
0.98 0.7502600000000086
0.98 0.7488900000000079
0.98 0.7594600000000091
0.98 0.7649000000000107
0.98 0.7736100000000116
0.98 0.7793200000000123
0.98 0.7716500000000104
0.98 0.7615800000000087
0.98 0.7709400000000085
0.98 0.7873600000000093
0.98 0.7815300000000084
0.98 0.7820800000000094
0.98 0.7933100000000087
0.98 0.7948500000000076
0.98 0.786230000000008
0.98 0.7958900000000068
0.98 0.7967200000000074
0.98 0.7987700000000068
0.98 0.801730000000006
0.98 0.8111800000000058
0.98 0.8164100000000057
0.98 0.8130500000000055
0.98 0.8177900000000058
0.98 0.8233400000000087
0.98 0.8280400000000071
0.98 0.8275900000000077
0.98 0.8246900000000079
0.98 0.8229600000000056
0.98 0.8206100000000051
0.98 0.8338800000000048
0.99 0.8296400000000046
0.99 0.8363900000000044
0.99 0.8402800000000039
0.99 0.8354100000000048
0.99 0.8360900000000043
0.99 0.8347000000000043
0.99 0.8373900000000067
0.99 0.8386800000000063
0.99 0.835350000000007
0.99 0.8401100000000052
0.99 0.8428100000000045
0.99 0.8431100000000036
0.99 0.8481400000000043
0.99 0.8434600000000048
0.99 0.8511400000000047
0.99 0.8564000000000019
0.99 0.8568700000000031
0.99 0.8614600000000031
0.99 0.8548200000000041
0.99 0.8625799999999998
0.99 0.8633599999999999
0.99 0.8715699999999986
0.99 0.8555900000000025
0.99 0.8652300000000009
0.99 0.862800000000002
0.99 0.8631200000000022
0.99 0.8635500000000002
0.99 0.8587500000000015
0.99 0.8666399999999997
0.99 0.8554700000000027
0.99 0.8480500000000024
0.99 0.8525100000000034
0.99 0.8671200000000007
0.99 0.8664900000000003
0.99 0.8741899999999974
0.99 0.8772000000000006
0.99 0.873269999999997
