0.18000000000000005 0.5904999999999999
0.18000000000000005 0.6022999999999998
0.26 0.5914
0.26 0.616
0.28 0.6308999999999998
0.28 0.6417999999999999
0.28 0.6407999999999998
0.30000000000000004 0.6442999999999999
0.18000000000000005 0.5891999999999997
0.18000000000000005 0.5791999999999997
0.31999999999999995 0.6371999999999999
0.28 0.6585000000000004
0.28 0.6476000000000001
0.28 0.6305999999999999
0.43999999999999995 0.6243000000000001
0.33999999999999997 0.6132000000000002
0.43999999999999995 0.6026000000000001
0.19999999999999996 0.5897000000000001
0.24 0.5882999999999998
0.31999999999999995 0.6398999999999998
0.26 0.6233000000000001
0.24 0.5734000000000002
0.16000000000000003 0.5815000000000006
0.16000000000000003 0.569
0.18000000000000005 0.6146999999999997
0.09999999999999998 0.5116999999999998
0.09999999999999998 0.45750000000000013
0.14 0.5724999999999997
0.06000000000000005 0.5199999999999999
0.09999999999999998 0.5323999999999998
0.28 0.5519999999999997
0.19999999999999996 0.5865000000000005
0.14 0.5571000000000003
0.14 0.543500000000001
0.18000000000000005 0.5399000000000005
0.30000000000000004 0.5425000000000003
0.28 0.5785000000000009
0.06000000000000005 0.5218000000000004
0.06000000000000005 0.5234000000000005
0.06000000000000005 0.5410000000000003
0.06000000000000005 0.5201000000000002
0.09999999999999998 0.4758000000000003
0.040000000000000036 0.3532000000000001
0.16000000000000003 0.5118000000000006
0.07999999999999996 0.3867000000000005
0.09999999999999998 0.3030000000000002
0.06000000000000005 0.29129999999999984
0.09999999999999998 0.27370000000000017
0.07999999999999996 0.37230000000000024
0.09999999999999998 0.34690000000000026
0.09999999999999998 0.35200000000000026
0.06000000000000005 0.42920000000000047
0.06000000000000005 0.45039999999999997
0.040000000000000036 0.4304000000000001
0.020000000000000018 0.38000000000000006
0.020000000000000018 0.29059999999999997
0.020000000000000018 0.18230000000000005
0.06000000000000005 0.18500000000000008
0.040000000000000036 0.1643
0.06000000000000005 0.27390000000000014
0.07999999999999996 0.23579999999999998
0.06000000000000005 0.24610000000000018
0.040000000000000036 0.24310000000000007
0.06000000000000005 0.3861000000000001
0.07999999999999996 0.435
0.07999999999999996 0.4697999999999999
0.06000000000000005 0.43779999999999997
0.040000000000000036 0.4817
0.06000000000000005 0.4601000000000001
0.07999999999999996 0.36160000000000003
0.040000000000000036 0.31820000000000015
0.040000000000000036 0.3233
0.020000000000000018 0.32240000000000024
0.06000000000000005 0.30700000000000044
0.06000000000000005 0.3268000000000005
0.020000000000000018 0.2934000000000001
0.040000000000000036 0.23180000000000012
0.040000000000000036 0.2263
0.06000000000000005 0.35989999999999994
0.06000000000000005 0.22789999999999996
0.06000000000000005 0.19320000000000004
0.040000000000000036 0.2910000000000001
0.06000000000000005 0.42410000000000025
0.06000000000000005 0.32050000000000034
0.020000000000000018 0.22960000000000005
0.06000000000000005 0.24390000000000003
0.06000000000000005 0.15099999999999994
0.040000000000000036 0.20659999999999998
0.040000000000000036 0.14189999999999992
0.040000000000000036 0.1540999999999999
0.040000000000000036 0.1569999999999999
0.040000000000000036 0.10339999999999996
0.040000000000000036 0.17259999999999986
0.040000000000000036 0.13159999999999994
0.040000000000000036 0.10049999999999992
0.040000000000000036 0.08940000000000001
0.040000000000000036 0.12009999999999996
0.040000000000000036 0.15569999999999984
0.06000000000000005 0.1284999999999999
0.06000000000000005 0.15200000000000005
0.040000000000000036 0.1910000000000001
0.040000000000000036 0.18139999999999998
0.040000000000000036 0.1377
0.040000000000000036 0.11490000000000007
0.040000000000000036 0.12290000000000012
0.06000000000000005 0.14259999999999995
0.06000000000000005 0.12580000000000008
0.06000000000000005 0.12060000000000015
0.06000000000000005 0.09380000000000008
0.040000000000000036 0.1580000000000002
0.040000000000000036 0.10660000000000011
0.040000000000000036 0.07210000000000007
0.040000000000000036 0.07050000000000009
0.040000000000000036 0.07080000000000003
0.040000000000000036 0.2671000000000006
0.040000000000000036 0.2714000000000008
0.040000000000000036 0.23630000000000048
0.040000000000000036 0.19740000000000013
0.040000000000000036 0.16279999999999994
0.040000000000000036 0.11939999999999996
0.040000000000000036 0.07760000000000002
0.040000000000000036 0.0697
0.040000000000000036 0.0801
0.040000000000000036 0.07340000000000002
0.040000000000000036 0.07869999999999999
0.040000000000000036 0.10429999999999995
0.040000000000000036 0.09560000000000009
0.040000000000000036 0.15590000000000004
0.040000000000000036 0.13379999999999997
0.09999999999999998 0.4074999999999996
0.040000000000000036 0.20199999999999999
0.040000000000000036 0.16579999999999998
0.06000000000000005 0.21560000000000007
0.06000000000000005 0.15849999999999997
0.06000000000000005 0.12100000000000014
0.040000000000000036 0.07780000000000006
0.040000000000000036 0.09450000000000001
0.040000000000000036 0.1515
0.040000000000000036 0.14100000000000018
0.040000000000000036 0.10300000000000019
0.040000000000000036 0.10580000000000013
0.040000000000000036 0.08890000000000019
0.040000000000000036 0.05820000000000002
0.040000000000000036 0.05780000000000003
0.040000000000000036 0.069
0.040000000000000036 0.06950000000000005
0.040000000000000036 0.06010000000000005
0.040000000000000036 0.08650000000000004
0.040000000000000036 0.05980000000000002
0.040000000000000036 0.08570000000000003
0.12 0.3346000000000013
0.040000000000000036 0.06960000000000001
0.12 0.3231000000000012
0.040000000000000036 0.07000000000000002
0.040000000000000036 0.12300000000000004
0.040000000000000036 0.28490000000000115
0.12 0.2868000000000011
0.040000000000000036 0.2245000000000008
0.040000000000000036 0.20020000000000043
0.040000000000000036 0.2463000000000003
0.040000000000000036 0.1891
0.040000000000000036 0.17869999999999997
0.040000000000000036 0.13919999999999982
0.040000000000000036 0.12649999999999983
0.040000000000000036 0.09539999999999992
0.040000000000000036 0.09899999999999995
0.040000000000000036 0.08619999999999997
0.040000000000000036 0.08589999999999995
0.040000000000000036 0.0611
0.040000000000000036 0.05480000000000002
0.040000000000000036 0.05320000000000001
0.040000000000000036 0.04420000000000002
0.040000000000000036 0.044200000000000024
0.040000000000000036 0.07430000000000005
0.040000000000000036 0.08019999999999991
0.040000000000000036 0.1341999999999999
0.040000000000000036 0.11299999999999992
0.040000000000000036 0.1359000000000001
0.040000000000000036 0.14340000000000006
0.040000000000000036 0.14479999999999993
0.040000000000000036 0.18029999999999977
0.040000000000000036 0.17039999999999977
0.040000000000000036 0.1497999999999999
0.040000000000000036 0.10879999999999995
0.040000000000000036 0.14129999999999995
0.040000000000000036 0.0900999999999999
0.040000000000000036 0.08409999999999997
0.040000000000000036 0.15630000000000013
0.040000000000000036 0.14229999999999998
0.020000000000000018 0.1794000000000001
0.040000000000000036 0.469
0.020000000000000018 0.32890000000000014
0.16000000000000003 0.35869999999999985
0.040000000000000036 0.31640000000000024
0.040000000000000036 0.2570000000000002
0.040000000000000036 0.20779999999999985
0.040000000000000036 0.15209999999999987
0.040000000000000036 0.15809999999999996
0.040000000000000036 0.1538
0.040000000000000036 0.1250999999999999
0.020000000000000018 0.12379999999999995
0.020000000000000018 0.1391
0.040000000000000036 0.1434
0.06000000000000005 0.13739999999999986
0.020000000000000018 0.23719999999999997
0.040000000000000036 0.24710000000000015
0.09999999999999998 0.3275000000000004
0.040000000000000036 0.23340000000000008
0.040000000000000036 0.1276000000000001
0.040000000000000036 0.1341
0.040000000000000036 0.16970000000000013
0.040000000000000036 0.1615000000000001
0.040000000000000036 0.13430000000000006
0.040000000000000036 0.10700000000000004
0.020000000000000018 0.2632000000000003
0.040000000000000036 0.16370000000000004
0.040000000000000036 0.13660000000000003
0.040000000000000036 0.21920000000000012
0.040000000000000036 0.15500000000000008
0.040000000000000036 0.26120000000000015
0.06000000000000005 0.18990000000000012
0.06000000000000005 0.17490000000000014
0.040000000000000036 0.13200000000000003
0.040000000000000036 0.20519999999999988
0.040000000000000036 0.1782999999999999
0.040000000000000036 0.15859999999999994
0.040000000000000036 0.1475
0.040000000000000036 0.11929999999999992
0.040000000000000036 0.10850000000000003
0.040000000000000036 0.09860000000000005
0.040000000000000036 0.13940000000000005
0.040000000000000036 0.15990000000000015
0.040000000000000036 0.25430000000000047
0.040000000000000036 0.28360000000000024
0.040000000000000036 0.22330000000000022
0.07999999999999996 0.16500000000000012
0.07999999999999996 0.1451000000000001
0.07999999999999996 0.13340000000000002
0.07999999999999996 0.11090000000000005
0.07999999999999996 0.10449999999999998
0.040000000000000036 0.11550000000000005
0.040000000000000036 0.11320000000000004
0.040000000000000036 0.1524
0.07999999999999996 0.21949999999999995
0.06000000000000005 0.21140000000000014
0.07999999999999996 0.30390000000000006
0.06000000000000005 0.3645000000000004
0.040000000000000036 0.33940000000000026
0.040000000000000036 0.18460000000000013
0.040000000000000036 0.18210000000000004
0.040000000000000036 0.1367000000000001
0.040000000000000036 0.09350000000000006
0.040000000000000036 0.23120000000000016
0.06000000000000005 0.22020000000000017
0.06000000000000005 0.21550000000000008
0.040000000000000036 0.2877000000000003
0.040000000000000036 0.1312000000000001
0.040000000000000036 0.19590000000000013
0.040000000000000036 0.1299000000000001
0.040000000000000036 0.1016000000000001
0.040000000000000036 0.07370000000000006
0.040000000000000036 0.06820000000000004
0.040000000000000036 0.05510000000000003
0.06000000000000005 0.10560000000000003
0.06000000000000005 0.10650000000000003
0.06000000000000005 0.09040000000000002
0.06000000000000005 0.0871000000000001
0.06000000000000005 0.08360000000000013
0.06000000000000005 0.09930000000000008
0.06000000000000005 0.08880000000000011
0.06000000000000005 0.06820000000000027
0.06000000000000005 0.061900000000000094
0.06000000000000005 0.07000000000000019
0.06000000000000005 0.06670000000000013
0.06000000000000005 0.06270000000000012
0.040000000000000036 0.06150000000000007
0.040000000000000036 0.054500000000000035
0.040000000000000036 0.05940000000000005
0.040000000000000036 0.04889999999999997
0.040000000000000036 0.0584
0.06000000000000005 0.06460000000000013
0.06000000000000005 0.07570000000000011
0.06000000000000005 0.07790000000000023
0.06000000000000005 0.07920000000000002
0.040000000000000036 0.06330000000000002
0.040000000000000036 0.06050000000000004
0.040000000000000036 0.054200000000000005
0.040000000000000036 0.0665
0.040000000000000036 0.09030000000000005
0.040000000000000036 0.061
0.06000000000000005 0.07290000000000016
0.040000000000000036 0.05970000000000005
0.040000000000000036 0.061200000000000074
0.06000000000000005 0.07130000000000024
0.06000000000000005 0.06410000000000025
0.06000000000000005 0.06620000000000024
0.06000000000000005 0.06930000000000022
0.06000000000000005 0.07310000000000019
0.06000000000000005 0.0652000000000002
0.06000000000000005 0.06410000000000027
0.06000000000000005 0.06530000000000012
0.06000000000000005 0.06200000000000002
0.06000000000000005 0.05990000000000006
0.06000000000000005 0.0555
0.06000000000000005 0.06240000000000011
0.06000000000000005 0.055200000000000055
0.06000000000000005 0.05670000000000001
0.040000000000000036 0.053599999999999995
0.040000000000000036 0.047200000000000006
0.06000000000000005 0.057300000000000025
0.040000000000000036 0.049700000000000015
0.040000000000000036 0.04829999999999998
0.040000000000000036 0.04679999999999995
0.040000000000000036 0.04300000000000002
0.040000000000000036 0.043
0.040000000000000036 0.04260000000000001
0.040000000000000036 0.04750000000000004
0.040000000000000036 0.06340000000000003
0.040000000000000036 0.05610000000000002
0.040000000000000036 0.06260000000000002
0.040000000000000036 0.047100000000000024
0.040000000000000036 0.1256
0.040000000000000036 0.0746
0.040000000000000036 0.052100000000000035
0.040000000000000036 0.04670000000000003
0.040000000000000036 0.04570000000000003
0.040000000000000036 0.15119999999999997
0.040000000000000036 0.12370000000000003
0.040000000000000036 0.146
0.06000000000000005 0.09600000000000003
0.06000000000000005 0.1031000000000001
0.06000000000000005 0.07280000000000009
0.06000000000000005 0.11000000000000011
0.06000000000000005 0.07550000000000007
0.06000000000000005 0.06270000000000003
0.06000000000000005 0.0667000000000001
0.06000000000000005 0.05550000000000001
0.06000000000000005 0.057500000000000016
0.06000000000000005 0.09090000000000005
0.06000000000000005 0.05100000000000004
0.06000000000000005 0.04900000000000005
0.06000000000000005 0.05309999999999997
0.06000000000000005 0.04640000000000003
0.06000000000000005 0.06320000000000002
0.06000000000000005 0.05369999999999999
0.040000000000000036 0.04750000000000004
0.040000000000000036 0.052000000000000025
0.040000000000000036 0.06940000000000002
0.040000000000000036 0.04360000000000003
0.040000000000000036 0.04040000000000003
0.040000000000000036 0.17340000000000003
0.040000000000000036 0.06709999999999999
0.040000000000000036 0.06050000000000006
0.040000000000000036 0.06290000000000004
0.040000000000000036 0.060100000000000035
0.040000000000000036 0.12140000000000004
0.040000000000000036 0.20640000000000025
0.040000000000000036 0.20180000000000017
0.040000000000000036 0.09670000000000004
0.040000000000000036 0.16180000000000003
0.040000000000000036 0.18720000000000023
0.040000000000000036 0.16120000000000004
0.040000000000000036 0.11080000000000005
0.040000000000000036 0.15790000000000004
0.040000000000000036 0.08140000000000004
0.040000000000000036 0.0777
0.040000000000000036 0.04980000000000001
0.040000000000000036 0.04300000000000002
0.040000000000000036 0.041600000000000026
0.040000000000000036 0.04280000000000004
0.040000000000000036 0.05410000000000004
0.040000000000000036 0.04290000000000003
0.040000000000000036 0.04370000000000004
0.040000000000000036 0.09490000000000005
0.040000000000000036 0.05460000000000004
0.06000000000000005 0.07600000000000003
0.040000000000000036 0.057200000000000015
0.040000000000000036 0.07770000000000006
0.040000000000000036 0.09260000000000007
0.040000000000000036 0.06300000000000001
0.040000000000000036 0.056500000000000036
0.040000000000000036 0.04820000000000003
0.040000000000000036 0.0467
0.040000000000000036 0.04570000000000003
0.040000000000000036 0.044200000000000024
0.040000000000000036 0.042900000000000035
0.040000000000000036 0.04400000000000002
0.040000000000000036 0.04320000000000003
0.040000000000000036 0.04940000000000001
0.040000000000000036 0.04470000000000003
0.040000000000000036 0.07990000000000001
0.040000000000000036 0.06450000000000002
0.040000000000000036 0.04880000000000004
0.040000000000000036 0.043000000000000045
0.040000000000000036 0.04930000000000003
0.040000000000000036 0.052500000000000026
0.040000000000000036 0.06440000000000003
0.040000000000000036 0.06170000000000002
0.040000000000000036 0.062200000000000026
0.040000000000000036 0.07100000000000004
0.040000000000000036 0.08890000000000002
0.040000000000000036 0.08200000000000003
0.040000000000000036 0.09720000000000002
0.040000000000000036 0.11980000000000006
0.040000000000000036 0.12060000000000003
0.040000000000000036 0.08080000000000002
0.040000000000000036 0.06180000000000005
0.040000000000000036 0.0894
0.040000000000000036 0.33130000000000154
0.040000000000000036 0.31320000000000126
0.09999999999999998 0.3141000000000013
0.09999999999999998 0.3076000000000013
0.040000000000000036 0.286300000000001
0.09999999999999998 0.281400000000001
0.06000000000000005 0.25940000000000035
0.06000000000000005 0.22860000000000025
0.06000000000000005 0.2213
0.06000000000000005 0.1919999999999999
0.06000000000000005 0.18049999999999994
0.06000000000000005 0.16519999999999999
0.06000000000000005 0.18929999999999989
0.06000000000000005 0.16719999999999996
0.06000000000000005 0.15249999999999997
0.06000000000000005 0.24870000000000075
0.06000000000000005 0.18119999999999997
0.040000000000000036 0.19230000000000003
0.040000000000000036 0.25940000000000024
0.040000000000000036 0.212
0.040000000000000036 0.18350000000000008
0.040000000000000036 0.18740000000000015
0.040000000000000036 0.1985000000000002
0.040000000000000036 0.2102000000000001
0.040000000000000036 0.20360000000000006
0.040000000000000036 0.21170000000000028
0.040000000000000036 0.16680000000000006
0.040000000000000036 0.19440000000000007
0.040000000000000036 0.1715000000000001
0.040000000000000036 0.15829999999999994
0.040000000000000036 0.14209999999999987
0.040000000000000036 0.30610000000000037
0.040000000000000036 0.14559999999999995
0.040000000000000036 0.16139999999999996
0.040000000000000036 0.15439999999999998
0.06000000000000005 0.3054000000000001
0.040000000000000036 0.28630000000000083
0.040000000000000036 0.2671
0.040000000000000036 0.28650000000000075
0.07999999999999996 0.26630000000000076
0.040000000000000036 0.24790000000000037
0.040000000000000036 0.12680000000000008
0.040000000000000036 0.1016
0.040000000000000036 0.09510000000000007
0.040000000000000036 0.2511000000000008
0.040000000000000036 0.2093000000000003
0.040000000000000036 0.16450000000000006
0.040000000000000036 0.14729999999999988
0.040000000000000036 0.13670000000000004
0.040000000000000036 0.14440000000000006
0.040000000000000036 0.12279999999999998
0.040000000000000036 0.11720000000000003
0.040000000000000036 0.10639999999999997
0.040000000000000036 0.11769999999999994
0.040000000000000036 0.3037000000000009
0.040000000000000036 0.18230000000000007
0.040000000000000036 0.13830000000000012
0.040000000000000036 0.11420000000000004
0.040000000000000036 0.09619999999999998
0.040000000000000036 0.08039999999999994
0.040000000000000036 0.1093
0.040000000000000036 0.1411
0.040000000000000036 0.15670000000000006
0.09999999999999998 0.2537000000000008
0.040000000000000036 0.1432000000000001
0.07999999999999996 0.34640000000000015
0.040000000000000036 0.33820000000000044
0.040000000000000036 0.32970000000000044
0.040000000000000036 0.2293000000000003
0.040000000000000036 0.17720000000000005
0.040000000000000036 0.2175000000000006
0.040000000000000036 0.19830000000000036
0.040000000000000036 0.15010000000000007
0.040000000000000036 0.15710000000000007
0.07999999999999996 0.17190000000000022
0.07999999999999996 0.10970000000000006
0.040000000000000036 0.23280000000000034
0.040000000000000036 0.42170000000000024
0.040000000000000036 0.2559000000000003
0.040000000000000036 0.21760000000000038
0.040000000000000036 0.1614000000000003
0.040000000000000036 0.500300000000001
0.040000000000000036 0.43400000000000105
0.040000000000000036 0.4426000000000005
0.040000000000000036 0.3507000000000001
0.040000000000000036 0.3986999999999999
0.040000000000000036 0.21180000000000024
0.040000000000000036 0.12770000000000006
0.040000000000000036 0.09820000000000004
0.040000000000000036 0.06700000000000003
0.040000000000000036 0.10330000000000011
0.040000000000000036 0.05430000000000004
