0.07999999999999996 0.5712800000000061
0.07999999999999996 0.5375800000000047
0.07999999999999996 0.5140200000000041
0.07999999999999996 0.4759200000000035
0.09999999999999998 0.45940000000000336
0.09999999999999998 0.447500000000003
0.09999999999999998 0.4287800000000025
0.09999999999999998 0.4145800000000021
0.09999999999999998 0.3926800000000027
0.09999999999999998 0.37240000000000134
0.07999999999999996 0.3704600000000022
0.07999999999999996 0.3649000000000023
0.07999999999999996 0.3552000000000028
0.07999999999999996 0.351860000000002
0.07999999999999996 0.3481600000000017
0.07999999999999996 0.3357600000000024
0.07999999999999996 0.33188000000000223
0.07999999999999996 0.32784000000000213
0.07999999999999996 0.3286400000000019
0.07999999999999996 0.31286000000000197
0.07999999999999996 0.29654000000000175
0.07999999999999996 0.2971600000000013
0.07999999999999996 0.2877000000000013
0.07999999999999996 0.2880400000000008
0.07999999999999996 0.27586000000000105
0.07999999999999996 0.2737200000000009
0.07999999999999996 0.272480000000001
0.07999999999999996 0.2655400000000011
0.07999999999999996 0.2593000000000006
0.07999999999999996 0.2603600000000007
0.07999999999999996 0.25470000000000037
0.07999999999999996 0.2544800000000005
0.07999999999999996 0.2531400000000005
0.07999999999999996 0.24640000000000029
0.07999999999999996 0.2469
0.07999999999999996 0.24214000000000002
0.07999999999999996 0.24912
0.07999999999999996 0.25366000000000016
0.07999999999999996 0.25464000000000003
0.07999999999999996 0.24718000000000015
0.07999999999999996 0.23991999999999994
0.07999999999999996 0.23819999999999997
0.07999999999999996 0.2356400000000003
0.07999999999999996 0.22712000000000016
0.07999999999999996 0.21591999999999995
0.07999999999999996 0.2215600000000001
0.07999999999999996 0.21865999999999988
0.07999999999999996 0.21344000000000019
0.07999999999999996 0.2130599999999999
0.07999999999999996 0.20783999999999977
0.07999999999999996 0.2094599999999997
0.07999999999999996 0.2066999999999997
0.07999999999999996 0.1993799999999998
0.07999999999999996 0.20158
0.07999999999999996 0.21869999999999992
0.07999999999999996 0.20427999999999977
0.07999999999999996 0.19142000000000015
0.07999999999999996 0.19936000000000012
0.07999999999999996 0.2004
0.07999999999999996 0.2034399999999998
0.07999999999999996 0.2037199999999995
0.07999999999999996 0.1990800000000002
0.07999999999999996 0.2032199999999998
0.07999999999999996 0.20299999999999985
0.07999999999999996 0.19859999999999983
0.07999999999999996 0.19127999999999992
0.07999999999999996 0.20175999999999997
0.07999999999999996 0.20705999999999994
0.07999999999999996 0.19173999999999985
0.07999999999999996 0.19568000000000005
0.07999999999999996 0.20442000000000005
0.07999999999999996 0.20356000000000002
0.07999999999999996 0.19907999999999995
0.07999999999999996 0.20105999999999996
0.07999999999999996 0.20767999999999995
0.07999999999999996 0.20879999999999976
0.07999999999999996 0.2001400000000001
0.07999999999999996 0.19087999999999997
0.07999999999999996 0.1908400000000001
0.07999999999999996 0.18696000000000007
0.07999999999999996 0.18641999999999997
0.07999999999999996 0.19849999999999998
0.07999999999999996 0.19188000000000033
0.07999999999999996 0.19746000000000002
0.07999999999999996 0.18788000000000007
0.07999999999999996 0.19358
0.07999999999999996 0.19028000000000014
0.07999999999999996 0.19042
0.07999999999999996 0.20042000000000018
0.07999999999999996 0.19151999999999994
0.07999999999999996 0.17874000000000018
0.07999999999999996 0.1775999999999999
0.07999999999999996 0.1809400000000001
0.07999999999999996 0.1883999999999999
0.07999999999999996 0.1955399999999999
0.07999999999999996 0.18590000000000015
0.07999999999999996 0.20079999999999995
0.07999999999999996 0.20284000000000008
0.07999999999999996 0.19598000000000007
0.07999999999999996 0.19807999999999987
