0.88 0.4181900000000036
0.88 0.4499200000000049
0.93 0.4843500000000048
0.94 0.522450000000003
0.96 0.5485200000000028
0.96 0.5842799999999987
0.96 0.6112900000000019
0.97 0.6361500000000035
0.97 0.6490000000000038
0.97 0.6598800000000017
0.97 0.6664900000000019
0.98 0.6800900000000004
0.98 0.6975099999999973
0.98 0.7025999999999974
0.98 0.7194599999999978
0.98 0.7301999999999988
0.99 0.7341100000000006
0.99 0.7376100000000017
0.99 0.7451900000000021
0.99 0.7513700000000041
0.99 0.7553900000000046
0.99 0.7599900000000075
0.99 0.7602900000000065
0.99 0.7736700000000084
0.99 0.7822400000000095
0.99 0.7977300000000113
0.99 0.8008300000000095
0.99 0.8038700000000104
0.99 0.8149700000000061
0.99 0.8206400000000065
0.99 0.8130800000000081
0.99 0.8293300000000067
0.99 0.8234200000000053
0.99 0.8351500000000068
0.99 0.8292200000000068
0.99 0.8429900000000065
0.99 0.8436700000000048
0.99 0.8452300000000057
0.99 0.837200000000005
0.99 0.8359200000000054
0.99 0.8338100000000058
0.99 0.8293200000000063
0.99 0.8356300000000065
0.99 0.8355500000000057
0.99 0.8266000000000059
0.99 0.8321400000000075
0.99 0.8283700000000076
0.99 0.8305400000000056
0.99 0.8337700000000039
0.99 0.8524000000000048
0.99 0.8510000000000028
0.99 0.8471100000000038
0.99 0.8471400000000054
0.99 0.8491200000000033
0.99 0.8475200000000044
0.99 0.8427200000000058
0.99 0.8480800000000056
1.0 0.8480600000000037
1.0 0.8517900000000035
1.0 0.8471400000000039
1.0 0.8545300000000006
1.0 0.85902
1.0 0.8675299999999976
1.0 0.8699600000000001
1.0 0.8626700000000004
1.0 0.8716700000000002
1.0 0.8738200000000004
1.0 0.8729200000000017
1.0 0.8775200000000046
1.0 0.8781400000000089
1.0 0.877030000000009
1.0 0.871730000000007
1.0 0.8673000000000033
1.0 0.8800900000000074
1.0 0.8821300000000094
1.0 0.8757700000000067
1.0 0.8737500000000026
1.0 0.8819100000000076
1.0 0.8869700000000085
1.0 0.8820100000000088
1.0 0.8912700000000127
1.0 0.8835300000000086
1.0 0.8793200000000098
1.0 0.8714600000000069
1.0 0.877790000000009
1.0 0.8771200000000067
1.0 0.8706100000000048
1.0 0.8727900000000065
1.0 0.8722300000000074
1.0 0.8788700000000067
1.0 0.8778800000000068
1.0 0.8851600000000076
1.0 0.8842000000000089
1.0 0.8767300000000091
1.0 0.8721700000000069
1.0 0.8786600000000074
1.0 0.8851800000000084
1.0 0.8808900000000086
1.0 0.8650900000000074
1.0 0.8712200000000095
