0.07999999999999996 0.5767399999999988
0.040000000000000036 0.5294800000000007
0.040000000000000036 0.5008800000000013
0.040000000000000036 0.47926000000000124
0.040000000000000036 0.46478000000000175
0.040000000000000036 0.44492000000000154
0.040000000000000036 0.43204000000000126
0.040000000000000036 0.40338000000000035
0.040000000000000036 0.39320000000000005
0.040000000000000036 0.3734599999999999
0.040000000000000036 0.36210000000000064
0.040000000000000036 0.35396000000000194
0.040000000000000036 0.3427000000000019
0.040000000000000036 0.3421200000000019
0.0 0.32286000000000237
