0.82 0.3921600000000004
0.84 0.4167499999999999
0.84 0.45279000000000114
0.88 0.4771800000000013
0.95 0.5081800000000023
0.96 0.5282499999999969
0.96 0.5544900000000005
0.96 0.5747799999999995
0.96 0.5908899999999999
0.97 0.6039499999999985
0.98 0.6185499999999973
0.98 0.6505300000000005
0.98 0.6577200000000019
0.99 0.6633800000000026
0.99 0.6705000000000023
0.99 0.6831300000000022
0.99 0.685960000000003
0.99 0.6878600000000047
0.99 0.6982400000000022
0.99 0.7088700000000024
0.99 0.712730000000002
0.99 0.7272799999999974
0.99 0.7290199999999962
0.99 0.7348299999999961
0.99 0.7426299999999939
0.99 0.7431699999999946
0.99 0.7445999999999939
0.99 0.7495599999999939
0.99 0.7656499999999968
0.99 0.7645399999999969
0.99 0.7716999999999954
0.99 0.7885799999999976
0.99 0.7964199999999966
0.99 0.8012099999999975
0.99 0.7873699999999986
0.99 0.798609999999997
0.99 0.8009299999999947
0.99 0.8140999999999967
0.99 0.8095399999999967
0.99 0.8084399999999949
0.99 0.8168099999999973
0.99 0.8368699999999957
0.99 0.8380099999999959
0.99 0.8340999999999956
0.99 0.8343799999999949
0.99 0.8298999999999954
0.99 0.8352999999999964
0.99 0.8377199999999981
0.99 0.8380499999999967
0.99 0.852709999999995
0.99 0.8510299999999963
0.99 0.8586799999999986
0.99 0.8587299999999963
0.99 0.8587099999999985
0.99 0.8617199999999982
0.99 0.8584699999999974
0.99 0.8565199999999996
0.99 0.8682300000000027
0.99 0.8750200000000056
0.99 0.8737200000000065
0.99 0.8705200000000043
0.99 0.876100000000005
0.99 0.8733500000000031
0.99 0.8756300000000045
0.99 0.8693300000000026
0.99 0.8618300000000013
0.99 0.8665500000000036
0.99 0.8638100000000046
0.99 0.8609100000000024
0.99 0.8598900000000029
0.99 0.8697500000000051
0.99 0.8762600000000064
0.99 0.8689400000000018
0.99 0.8733200000000062
0.99 0.8725300000000066
0.99 0.8607600000000019
0.99 0.8565300000000016
0.99 0.8598300000000042
0.99 0.8657400000000063
0.99 0.8642400000000026
0.99 0.8633300000000056
0.99 0.8655600000000041
0.99 0.8597700000000043
0.99 0.8536499999999986
0.99 0.8595500000000006
0.99 0.8609800000000021
0.99 0.8556500000000028
0.99 0.868590000000004
0.99 0.8720600000000037
0.99 0.8668200000000023
0.99 0.8633100000000024
0.99 0.8705900000000071
0.99 0.8621600000000039
0.99 0.870340000000007
0.99 0.8663200000000062
1.0 0.8605600000000064
1.0 0.8607400000000066
1.0 0.8590300000000064
1.0 0.8793900000000078
1.0 0.8789400000000103
