0.14 0.5817599999999987
0.19999999999999996 0.543259999999997
0.19999999999999996 0.5150999999999982
0.040000000000000036 0.4997199999999982
0.040000000000000036 0.4754399999999982
0.040000000000000036 0.43877999999999856
0.040000000000000036 0.4433
0.07999999999999996 0.4338800000000003
0.07999999999999996 0.41262000000000065
0.07999999999999996 0.3978000000000008
0.07999999999999996 0.3815200000000004
0.07999999999999996 0.3732000000000004
0.07999999999999996 0.3472000000000009
0.07999999999999996 0.33414000000000044
0.07999999999999996 0.3368800000000005
0.07999999999999996 0.31854000000000077
0.040000000000000036 0.30260000000000076
0.040000000000000036 0.2907200000000004
0.040000000000000036 0.29776000000000064
0.040000000000000036 0.2848200000000008
0.040000000000000036 0.28200000000000097
0.040000000000000036 0.2817000000000006
0.040000000000000036 0.2744000000000004
0.040000000000000036 0.27374000000000037
0.040000000000000036 0.25312000000000023
0.040000000000000036 0.25032000000000026
0.040000000000000036 0.24442000000000036
0.040000000000000036 0.24316000000000026
0.040000000000000036 0.2358000000000001
0.040000000000000036 0.23387999999999995
0.040000000000000036 0.23490000000000047
0.040000000000000036 0.2311800000000005
0.040000000000000036 0.2306800000000002
0.040000000000000036 0.21656000000000022
0.040000000000000036 0.20324000000000012
0.040000000000000036 0.19620000000000007
0.040000000000000036 0.20694000000000026
0.040000000000000036 0.2069799999999999
0.040000000000000036 0.19863999999999968
0.040000000000000036 0.18458000000000005
0.040000000000000036 0.19187999999999994
0.040000000000000036 0.18623999999999993
0.040000000000000036 0.17843999999999968
0.040000000000000036 0.1815799999999998
0.040000000000000036 0.18208000000000008
0.040000000000000036 0.17644000000000012
0.040000000000000036 0.18726000000000004
0.040000000000000036 0.1763999999999999
0.040000000000000036 0.1809799999999997
0.040000000000000036 0.19213999999999995
0.040000000000000036 0.18121999999999971
0.040000000000000036 0.18199999999999975
0.040000000000000036 0.1748599999999998
0.040000000000000036 0.17657999999999982
0.040000000000000036 0.19137999999999994
0.040000000000000036 0.18156000000000008
0.040000000000000036 0.1666399999999997
0.040000000000000036 0.16366
0.040000000000000036 0.15193999999999983
0.040000000000000036 0.14649999999999969
0.040000000000000036 0.14407999999999965
0.040000000000000036 0.1515999999999997
0.040000000000000036 0.1637399999999996
0.040000000000000036 0.15293999999999972
0.040000000000000036 0.15109999999999973
0.040000000000000036 0.15509999999999996
0.040000000000000036 0.1546599999999998
0.040000000000000036 0.1595399999999997
0.040000000000000036 0.16143999999999958
0.040000000000000036 0.16415999999999958
0.040000000000000036 0.1718799999999994
0.040000000000000036 0.1653999999999993
0.040000000000000036 0.16031999999999938
0.040000000000000036 0.1611199999999995
0.040000000000000036 0.16067999999999955
0.040000000000000036 0.1660199999999995
0.040000000000000036 0.16117999999999957
0.040000000000000036 0.15395999999999976
0.040000000000000036 0.15415999999999971
0.040000000000000036 0.15183999999999945
0.040000000000000036 0.14299999999999957
0.040000000000000036 0.1439799999999995
0.040000000000000036 0.14143999999999937
0.040000000000000036 0.16073999999999933
0.040000000000000036 0.15587999999999935
0.040000000000000036 0.15993999999999936
0.040000000000000036 0.15013999999999944
0.040000000000000036 0.1493799999999996
0.040000000000000036 0.14501999999999984
0.040000000000000036 0.14807999999999935
0.040000000000000036 0.15261999999999964
0.040000000000000036 0.1597799999999997
0.040000000000000036 0.15701999999999963
0.040000000000000036 0.1505399999999996
0.040000000000000036 0.14511999999999967
0.040000000000000036 0.14945999999999965
0.040000000000000036 0.14313999999999943
0.040000000000000036 0.15053999999999926
0.040000000000000036 0.1503799999999996
0.040000000000000036 0.14775999999999948
