0.43999999999999995 0.6249999999999997
0.43999999999999995 0.6135999999999996
0.43999999999999995 0.6393999999999995
0.45999999999999996 0.6457999999999996
0.12 0.6324999999999994
0.07999999999999996 0.6188999999999996
0.16000000000000003 0.6285999999999996
0.14 0.6356999999999994
0.21999999999999997 0.6604999999999993
0.21999999999999997 0.6623999999999992
0.07999999999999996 0.6411999999999993
0.06000000000000005 0.6074999999999995
0.07999999999999996 0.6018999999999994
0.12 0.6280999999999995
0.06000000000000005 0.6509999999999995
0.54 0.6678999999999995
0.07999999999999996 0.6341999999999997
0.43999999999999995 0.6575999999999996
0.43999999999999995 0.6542999999999992
0.45999999999999996 0.6662999999999996
0.43999999999999995 0.6317999999999994
0.48 0.6179999999999994
0.43999999999999995 0.5683999999999999
0.45999999999999996 0.6021999999999995
0.43999999999999995 0.5695000000000003
0.48 0.6465999999999995
0.14 0.6199999999999996
0.43999999999999995 0.6578999999999995
0.43999999999999995 0.5980999999999999
0.43999999999999995 0.5930999999999998
0.45999999999999996 0.6204999999999995
0.43999999999999995 0.5659000000000001
0.43999999999999995 0.5416000000000002
0.45999999999999996 0.5588000000000002
0.43999999999999995 0.5259000000000004
0.43999999999999995 0.5868999999999999
0.43999999999999995 0.5098
0.43999999999999995 0.4898999999999998
0.36 0.4807999999999993
0.36 0.5126
0.43999999999999995 0.5742999999999999
0.43999999999999995 0.5575000000000003
0.4 0.5265000000000001
0.45999999999999996 0.5723999999999998
0.38 0.5126999999999996
0.07999999999999996 0.4732999999999998
0.07999999999999996 0.4643999999999997
0.09999999999999998 0.45679999999999926
0.14 0.4979
0.14 0.5005999999999998
0.14 0.5345
0.14 0.49149999999999977
0.06000000000000005 0.46239999999999976
0.16000000000000003 0.5143999999999999
0.07999999999999996 0.4493999999999999
0.06000000000000005 0.43039999999999956
0.16000000000000003 0.46289999999999987
0.12 0.43759999999999977
0.19999999999999996 0.42559999999999976
0.14 0.47130000000000016
0.14 0.42660000000000076
0.14 0.44370000000000026
0.12 0.43700000000000044
0.12 0.43060000000000015
0.12 0.43679999999999963
0.31999999999999995 0.46709999999999996
0.26 0.46289999999999965
0.42000000000000004 0.4941
0.43999999999999995 0.46359999999999923
0.42000000000000004 0.4592999999999991
0.28 0.46649999999999925
0.43999999999999995 0.4519999999999989
0.43999999999999995 0.4522999999999991
0.43999999999999995 0.46579999999999905
0.43999999999999995 0.45649999999999913
0.43999999999999995 0.4575999999999988
0.43999999999999995 0.44649999999999884
0.43999999999999995 0.44939999999999874
0.43999999999999995 0.4531999999999989
0.43999999999999995 0.4761999999999991
0.43999999999999995 0.5292000000000013
0.43999999999999995 0.4990999999999996
0.43999999999999995 0.48059999999999947
0.43999999999999995 0.4553999999999984
0.28 0.4553999999999988
0.28 0.46849999999999903
0.16000000000000003 0.4574999999999985
0.07999999999999996 0.47259999999999913
0.14 0.4600999999999994
0.14 0.43729999999999936
0.07999999999999996 0.48429999999999995
0.4 0.4674999999999998
0.21999999999999997 0.48239999999999944
0.43999999999999995 0.4793999999999992
0.43999999999999995 0.4716999999999988
0.38 0.46689999999999904
0.43999999999999995 0.44949999999999896
0.45999999999999996 0.4747999999999994
0.45999999999999996 0.46619999999999906
0.45999999999999996 0.4694999999999996
0.45999999999999996 0.45089999999999875
0.45999999999999996 0.46549999999999897
0.45999999999999996 0.46989999999999904
0.43999999999999995 0.5223999999999998
0.45999999999999996 0.596
0.45999999999999996 0.5220999999999996
0.4 0.4864999999999995
0.43999999999999995 0.47109999999999935
0.43999999999999995 0.45739999999999853
0.43999999999999995 0.45669999999999883
0.07999999999999996 0.4705999999999992
0.07999999999999996 0.45299999999999935
0.07999999999999996 0.443399999999999
0.43999999999999995 0.46039999999999887
0.43999999999999995 0.4554999999999989
0.43999999999999995 0.45699999999999863
0.43999999999999995 0.44999999999999896
0.43999999999999995 0.4551999999999989
0.43999999999999995 0.45609999999999895
0.26 0.4716999999999992
0.16000000000000003 0.44499999999999884
0.48 0.45239999999999875
0.06000000000000005 0.4529999999999987
0.06000000000000005 0.44109999999999894
0.06000000000000005 0.3068999999999995
0.06000000000000005 0.2949999999999998
0.06000000000000005 0.3331
0.06000000000000005 0.2719
0.06000000000000005 0.23910000000000012
0.06000000000000005 0.42820000000000064
0.06000000000000005 0.2266000000000002
0.06000000000000005 0.1934000000000002
0.06000000000000005 0.14550000000000018
0.06000000000000005 0.21630000000000027
0.06000000000000005 0.11700000000000023
0.06000000000000005 0.13130000000000014
0.06000000000000005 0.15280000000000016
0.12 0.27390000000000014
0.040000000000000036 0.3859999999999997
0.040000000000000036 0.4010999999999999
0.06000000000000005 0.28950000000000015
0.040000000000000036 0.3250000000000003
0.040000000000000036 0.26330000000000037
0.040000000000000036 0.2203000000000001
0.040000000000000036 0.18879999999999988
0.07999999999999996 0.17119999999999996
0.06000000000000005 0.1875999999999999
0.12 0.3659000000000002
0.06000000000000005 0.46770000000000045
0.09999999999999998 0.5265000000000004
0.07999999999999996 0.34490000000000043
0.040000000000000036 0.3292000000000002
0.07999999999999996 0.39060000000000045
0.06000000000000005 0.32950000000000046
0.06000000000000005 0.31189999999999996
0.06000000000000005 0.38780000000000003
0.06000000000000005 0.40110000000000007
0.06000000000000005 0.42240000000000016
0.12 0.4060999999999995
0.06000000000000005 0.32659999999999995
0.12 0.4147999999999996
0.14 0.4395999999999995
0.06000000000000005 0.42649999999999894
0.06000000000000005 0.4096999999999988
0.06000000000000005 0.3953999999999988
0.45999999999999996 0.45789999999999886
0.43999999999999995 0.4764999999999992
0.06000000000000005 0.44139999999999874
0.06000000000000005 0.4447999999999995
0.43999999999999995 0.4644999999999994
0.43999999999999995 0.474099999999999
0.14 0.44689999999999874
0.26 0.4442999999999989
0.33999999999999997 0.44509999999999905
0.14 0.40959999999999924
0.06000000000000005 0.46639999999999965
0.06000000000000005 0.43689999999999957
0.26 0.45509999999999934
0.06000000000000005 0.3670999999999998
0.06000000000000005 0.3610999999999997
0.040000000000000036 0.3178999999999998
0.040000000000000036 0.2666000000000001
0.07999999999999996 0.25980000000000003
0.06000000000000005 0.19990000000000016
0.06000000000000005 0.16240000000000002
0.06000000000000005 0.16490000000000016
0.06000000000000005 0.1439000000000002
0.06000000000000005 0.1357000000000002
0.06000000000000005 0.1256000000000002
0.06000000000000005 0.13060000000000024
0.06000000000000005 0.11070000000000026
0.06000000000000005 0.09450000000000017
0.06000000000000005 0.08490000000000016
0.06000000000000005 0.10560000000000017
0.06000000000000005 0.09380000000000026
0.06000000000000005 0.3089999999999995
0.06000000000000005 0.29539999999999955
0.06000000000000005 0.31299999999999945
0.43999999999999995 0.44219999999999876
0.06000000000000005 0.35889999999999916
0.43999999999999995 0.4412999999999987
0.040000000000000036 0.41719999999999885
0.06000000000000005 0.2713999999999997
0.06000000000000005 0.18880000000000013
0.06000000000000005 0.09620000000000005
0.06000000000000005 0.06520000000000006
0.06000000000000005 0.06350000000000017
0.06000000000000005 0.06480000000000023
0.040000000000000036 0.05970000000000018
0.040000000000000036 0.10260000000000019
0.06000000000000005 0.1016
0.040000000000000036 0.1740000000000004
0.07999999999999996 0.21880000000000005
0.040000000000000036 0.2267
0.06000000000000005 0.1899000000000003
0.06000000000000005 0.20200000000000035
0.06000000000000005 0.16230000000000058
0.14 0.2622999999999998
0.06000000000000005 0.24080000000000013
0.06000000000000005 0.23420000000000019
0.06000000000000005 0.18460000000000046
0.06000000000000005 0.1558000000000002
0.06000000000000005 0.17409999999999987
0.06000000000000005 0.15249999999999997
0.06000000000000005 0.13989999999999997
0.06000000000000005 0.11220000000000009
0.06000000000000005 0.10130000000000018
0.06000000000000005 0.1410000000000003
0.06000000000000005 0.08140000000000017
0.06000000000000005 0.07260000000000026
0.06000000000000005 0.08130000000000023
0.06000000000000005 0.08680000000000028
0.06000000000000005 0.08950000000000026
0.06000000000000005 0.08710000000000032
0.06000000000000005 0.09370000000000024
0.040000000000000036 0.11170000000000017
0.040000000000000036 0.11920000000000011
0.040000000000000036 0.10190000000000017
0.040000000000000036 0.09150000000000018
0.040000000000000036 0.08550000000000026
0.040000000000000036 0.07880000000000029
0.040000000000000036 0.06560000000000028
0.040000000000000036 0.07060000000000026
0.040000000000000036 0.062300000000000265
0.040000000000000036 0.06350000000000021
0.040000000000000036 0.06680000000000016
0.040000000000000036 0.05740000000000011
0.040000000000000036 0.054900000000000046
0.040000000000000036 0.05410000000000007
0.040000000000000036 0.045700000000000046
0.040000000000000036 0.05000000000000004
0.040000000000000036 0.06050000000000004
0.040000000000000036 0.05900000000000008
0.040000000000000036 0.04930000000000002
0.040000000000000036 0.06710000000000002
0.040000000000000036 0.08360000000000005
0.040000000000000036 0.06600000000000002
0.040000000000000036 0.06510000000000002
0.040000000000000036 0.07340000000000003
0.040000000000000036 0.1135000000000001
0.040000000000000036 0.09150000000000011
0.040000000000000036 0.09710000000000008
0.040000000000000036 0.06540000000000004
0.040000000000000036 0.06500000000000002
0.040000000000000036 0.07110000000000007
0.040000000000000036 0.07000000000000005
0.040000000000000036 0.06620000000000006
0.040000000000000036 0.05940000000000005
0.040000000000000036 0.06330000000000006
0.040000000000000036 0.07170000000000003
0.040000000000000036 0.07110000000000004
0.040000000000000036 0.06980000000000004
0.040000000000000036 0.07300000000000013
0.040000000000000036 0.059699999999999996
0.040000000000000036 0.06559999999999999
0.040000000000000036 0.07320000000000002
0.040000000000000036 0.24520000000000053
0.040000000000000036 0.18290000000000023
0.040000000000000036 0.19070000000000029
0.040000000000000036 0.13530000000000014
0.040000000000000036 0.22750000000000037
0.040000000000000036 0.0738000000000001
0.040000000000000036 0.07600000000000015
0.040000000000000036 0.07740000000000011
0.040000000000000036 0.06670000000000012
0.040000000000000036 0.0578000000000001
0.040000000000000036 0.06330000000000013
0.040000000000000036 0.0718000000000001
0.040000000000000036 0.07710000000000009
0.040000000000000036 0.09410000000000011
0.040000000000000036 0.06610000000000006
0.040000000000000036 0.09260000000000006
0.040000000000000036 0.11550000000000007
0.06000000000000005 0.12209999999999992
0.06000000000000005 0.11549999999999994
0.07999999999999996 0.11159999999999988
0.06000000000000005 0.10799999999999989
0.06000000000000005 0.09989999999999995
0.06000000000000005 0.09439999999999993
0.06000000000000005 0.08770000000000001
0.06000000000000005 0.08540000000000006
0.06000000000000005 0.07440000000000013
0.06000000000000005 0.07600000000000018
0.06000000000000005 0.07080000000000024
0.07999999999999996 0.3297999999999996
0.07999999999999996 0.2574000000000001
0.07999999999999996 0.1846000000000002
0.07999999999999996 0.11610000000000019
0.07999999999999996 0.09020000000000016
0.07999999999999996 0.09860000000000019
0.07999999999999996 0.09320000000000016
0.06000000000000005 0.08040000000000021
0.06000000000000005 0.07230000000000021
0.06000000000000005 0.07930000000000022
0.06000000000000005 0.0839000000000002
0.06000000000000005 0.07820000000000024
0.06000000000000005 0.08450000000000023
0.06000000000000005 0.07830000000000024
0.06000000000000005 0.0666000000000003
0.07999999999999996 0.06290000000000032
0.06000000000000005 0.07370000000000028
0.06000000000000005 0.08270000000000025
0.06000000000000005 0.06930000000000032
0.06000000000000005 0.06790000000000031
0.06000000000000005 0.07030000000000033
0.06000000000000005 0.06810000000000033
0.06000000000000005 0.06180000000000033
0.06000000000000005 0.06620000000000031
0.06000000000000005 0.06250000000000033
0.06000000000000005 0.06690000000000032
0.06000000000000005 0.06670000000000033
0.06000000000000005 0.07180000000000032
0.06000000000000005 0.07120000000000032
0.06000000000000005 0.06640000000000032
0.06000000000000005 0.07160000000000029
0.06000000000000005 0.06170000000000032
0.06000000000000005 0.06760000000000031
0.06000000000000005 0.06580000000000034
0.06000000000000005 0.07450000000000029
0.06000000000000005 0.07570000000000028
0.06000000000000005 0.07950000000000029
0.06000000000000005 0.0753000000000003
0.06000000000000005 0.06640000000000029
0.07999999999999996 0.06310000000000034
0.07999999999999996 0.06360000000000034
0.07999999999999996 0.06830000000000033
0.07999999999999996 0.06240000000000033
0.06000000000000005 0.06800000000000032
0.06000000000000005 0.06430000000000033
0.06000000000000005 0.06540000000000033
0.06000000000000005 0.0683000000000003
0.06000000000000005 0.06310000000000034
0.06000000000000005 0.06300000000000033
0.06000000000000005 0.06240000000000033
0.06000000000000005 0.06580000000000034
0.06000000000000005 0.06370000000000034
0.06000000000000005 0.06790000000000031
0.06000000000000005 0.10710000000000033
0.06000000000000005 0.07120000000000029
0.06000000000000005 0.07240000000000031
0.06000000000000005 0.06940000000000034
0.06000000000000005 0.06580000000000034
0.06000000000000005 0.06550000000000032
0.06000000000000005 0.06770000000000032
0.06000000000000005 0.0738000000000003
0.06000000000000005 0.06850000000000031
0.06000000000000005 0.07980000000000026
0.06000000000000005 0.1338000000000003
0.06000000000000005 0.12440000000000033
0.06000000000000005 0.07270000000000029
0.06000000000000005 0.06400000000000033
0.06000000000000005 0.08450000000000026
0.06000000000000005 0.09410000000000027
0.06000000000000005 0.0755000000000003
0.06000000000000005 0.07930000000000031
0.06000000000000005 0.06450000000000032
0.06000000000000005 0.07000000000000033
0.06000000000000005 0.06180000000000034
0.06000000000000005 0.06410000000000034
0.06000000000000005 0.06770000000000033
0.06000000000000005 0.06500000000000032
0.06000000000000005 0.07130000000000032
0.06000000000000005 0.06770000000000032
0.06000000000000005 0.06880000000000033
0.06000000000000005 0.062300000000000334
0.06000000000000005 0.06660000000000033
0.06000000000000005 0.06320000000000033
0.06000000000000005 0.06260000000000035
0.06000000000000005 0.07210000000000033
0.06000000000000005 0.06730000000000032
0.06000000000000005 0.06520000000000033
0.06000000000000005 0.06990000000000032
0.06000000000000005 0.10020000000000026
0.06000000000000005 0.11220000000000019
0.06000000000000005 0.15300000000000014
0.06000000000000005 0.10670000000000021
0.06000000000000005 0.06640000000000029
0.06000000000000005 0.12120000000000021
0.06000000000000005 0.08160000000000034
0.06000000000000005 0.06340000000000033
0.06000000000000005 0.10110000000000023
0.06000000000000005 0.15090000000000015
0.06000000000000005 0.07540000000000033
0.06000000000000005 0.06970000000000033
0.06000000000000005 0.06720000000000034
0.06000000000000005 0.060900000000000336
0.06000000000000005 0.06650000000000035
0.06000000000000005 0.06840000000000034
0.06000000000000005 0.09350000000000026
0.06000000000000005 0.07130000000000032
0.06000000000000005 0.07970000000000024
0.06000000000000005 0.07610000000000024
0.06000000000000005 0.10730000000000026
0.06000000000000005 0.20370000000000046
0.06000000000000005 0.12490000000000022
0.06000000000000005 0.12830000000000025
0.06000000000000005 0.10350000000000026
0.06000000000000005 0.0847000000000003
0.06000000000000005 0.07870000000000027
0.06000000000000005 0.07630000000000033
0.06000000000000005 0.13060000000000038
0.06000000000000005 0.15840000000000035
0.06000000000000005 0.19070000000000037
0.06000000000000005 0.19780000000000025
0.06000000000000005 0.09880000000000029
0.06000000000000005 0.08070000000000027
0.06000000000000005 0.13060000000000022
0.06000000000000005 0.10470000000000025
0.06000000000000005 0.0752000000000003
0.06000000000000005 0.06850000000000031
0.06000000000000005 0.06550000000000032
0.06000000000000005 0.06400000000000033
0.06000000000000005 0.06390000000000032
0.06000000000000005 0.06610000000000033
0.06000000000000005 0.13800000000000026
0.06000000000000005 0.12630000000000027
0.06000000000000005 0.11380000000000022
0.06000000000000005 0.0815000000000003
0.06000000000000005 0.10840000000000032
0.06000000000000005 0.13960000000000028
0.06000000000000005 0.09780000000000028
0.06000000000000005 0.0711000000000003
0.06000000000000005 0.07610000000000028
0.06000000000000005 0.08620000000000028
0.06000000000000005 0.2947999999999995
0.06000000000000005 0.18610000000000013
0.06000000000000005 0.19759999999999997
0.06000000000000005 0.1577000000000002
0.06000000000000005 0.1929000000000001
0.06000000000000005 0.12280000000000008
0.06000000000000005 0.09170000000000016
0.06000000000000005 0.23819999999999994
0.06000000000000005 0.2037000000000002
0.06000000000000005 0.14250000000000027
0.07999999999999996 0.17110000000000036
0.07999999999999996 0.18080000000000035
0.07999999999999996 0.12910000000000024
0.07999999999999996 0.14100000000000013
0.07999999999999996 0.18100000000000002
0.040000000000000036 0.19739999999999988
0.07999999999999996 0.14330000000000018
0.07999999999999996 0.14130000000000031
0.07999999999999996 0.11340000000000026
0.07999999999999996 0.09350000000000025
0.07999999999999996 0.09500000000000028
0.06000000000000005 0.3455999999999993
0.040000000000000036 0.27689999999999965
0.040000000000000036 0.27079999999999965
0.040000000000000036 0.15000000000000036
0.040000000000000036 0.15610000000000007
0.040000000000000036 0.13520000000000013
0.040000000000000036 0.14860000000000004
0.06000000000000005 0.15450000000000014
0.06000000000000005 0.1401000000000001
0.06000000000000005 0.20630000000000037
0.06000000000000005 0.17390000000000022
0.06000000000000005 0.23380000000000017
0.06000000000000005 0.24330000000000043
0.21999999999999997 0.33700000000000074
0.040000000000000036 0.3291000000000002
0.06000000000000005 0.36589999999999995
0.06000000000000005 0.3194999999999996
0.43999999999999995 0.462899999999999
0.43999999999999995 0.4620999999999988
0.43999999999999995 0.44239999999999874
0.43999999999999995 0.4513999999999983
0.43999999999999995 0.4445999999999985
0.43999999999999995 0.44089999999999874
0.43999999999999995 0.4414999999999988
0.43999999999999995 0.44029999999999864
0.43999999999999995 0.4414999999999988
0.43999999999999995 0.4409999999999987
0.43999999999999995 0.44659999999999883
0.43999999999999995 0.4413999999999988
0.43999999999999995 0.4450999999999986
0.43999999999999995 0.44089999999999874
0.43999999999999995 0.44519999999999876
0.43999999999999995 0.44769999999999904
0.43999999999999995 0.44259999999999877
0.43999999999999995 0.44859999999999856
