0.85 0.4164799999999965
0.9 0.4621699999999993
0.9 0.4933599999999991
0.9 0.5183599999999986
0.9 0.5566400000000016
0.94 0.5836199999999989
0.95 0.6076900000000001
0.95 0.6148000000000019
0.96 0.6346200000000006
0.96 0.6494400000000006
0.96 0.6548200000000004
0.96 0.6717199999999989
0.96 0.6847699999999944
0.96 0.6903799999999951
0.96 0.7010699999999989
0.97 0.7101399999999994
0.97 0.7166000000000017
0.97 0.7186100000000027
0.97 0.7130900000000034
0.97 0.7224900000000025
0.97 0.7341600000000061
0.97 0.7286800000000064
0.97 0.7408800000000083
0.97 0.7364900000000077
0.97 0.7385900000000075
0.97 0.7428700000000091
0.97 0.7573100000000109
0.97 0.7627200000000113
0.97 0.7664600000000119
0.97 0.775060000000013
0.97 0.7880100000000115
0.97 0.7943100000000106
0.97 0.8021800000000086
0.97 0.8053900000000069
0.97 0.8204200000000083
0.97 0.8365400000000076
0.97 0.8376200000000049
0.97 0.8433100000000037
0.97 0.8517300000000043
0.97 0.8515300000000045
0.97 0.8552800000000034
0.97 0.8546000000000034
0.97 0.8684900000000002
0.97 0.8601499999999999
0.97 0.8720599999999972
0.97 0.8739699999999968
0.97 0.8658099999999961
0.97 0.8821299999999982
0.97 0.8843699999999982
0.97 0.8821799999999993
0.97 0.8838399999999994
0.97 0.8813599999999968
0.97 0.8776899999999991
0.97 0.8798299999999993
0.97 0.88223
0.97 0.866309999999998
0.97 0.8767099999999991
0.97 0.872879999999997
0.97 0.8802299999999995
0.97 0.886400000000001
0.97 0.8877000000000008
0.97 0.883130000000002
0.97 0.8848500000000024
0.97 0.8898899999999991
0.97 0.8885300000000003
0.97 0.8953200000000017
0.97 0.8902500000000007
0.97 0.8857999999999999
0.97 0.8809600000000003
0.97 0.8831499999999998
0.97 0.8801299999999991
0.97 0.8861899999999994
0.97 0.8893299999999998
0.97 0.8854600000000009
0.97 0.8928800000000005
0.97 0.8866100000000009
0.97 0.8864300000000006
0.97 0.8854900000000004
0.97 0.8905899999999997
0.97 0.8852899999999999
0.97 0.8768999999999992
0.97 0.8873299999999996
0.97 0.8886400000000013
0.97 0.8838700000000005
0.97 0.8858700000000005
0.97 0.8837700000000008
0.97 0.8879699999999979
0.97 0.8961100000000009
0.97 0.8960300000000003
0.97 0.8955800000000005
0.97 0.8915700000000015
0.97 0.8776800000000011
0.97 0.8791899999999987
0.97 0.8852000000000009
0.97 0.886090000000001
0.97 0.8871000000000006
0.97 0.8860199999999987
0.97 0.8842099999999993
0.97 0.8830999999999983
0.97 0.8831899999999995
