0.79 0.4279799999999993
0.91 0.4730399999999993
0.91 0.5104599999999997
0.94 0.535449999999998
0.94 0.5604399999999985
0.94 0.5799399999999977
0.94 0.6026799999999998
0.97 0.6284299999999996
0.97 0.6446499999999992
0.98 0.6612199999999999
0.98 0.6644399999999983
0.98 0.6786399999999948
0.99 0.6995199999999978
0.99 0.7027999999999992
0.99 0.7193300000000038
0.99 0.7248100000000044
0.99 0.7359600000000045
0.99 0.7421300000000067
0.99 0.7445900000000095
0.99 0.7581500000000089
0.99 0.773660000000011
0.99 0.7654600000000099
0.99 0.7734200000000103
0.99 0.7837500000000114
0.99 0.7953700000000103
0.99 0.7903100000000094
0.99 0.8056800000000106
0.99 0.8066700000000067
0.99 0.8114600000000072
0.99 0.8174600000000051
0.99 0.8302400000000064
0.99 0.8405300000000059
0.99 0.8415600000000056
0.99 0.8475000000000033
0.99 0.8544600000000031
0.99 0.8581099999999983
0.99 0.8719799999999972
0.99 0.8652699999999969
0.99 0.862839999999997
0.99 0.8644299999999987
0.99 0.8719300000000032
0.99 0.8750900000000019
0.99 0.8686400000000017
0.99 0.8735900000000029
0.99 0.8682600000000011
0.99 0.86924
0.99 0.8691800000000015
0.99 0.8747800000000014
0.99 0.8752400000000049
0.99 0.8800200000000048
0.99 0.8700900000000039
0.99 0.8729799999999996
0.99 0.8685800000000026
0.99 0.8696100000000034
0.99 0.8687700000000068
0.99 0.8665800000000038
0.99 0.8668100000000029
0.99 0.8638800000000035
0.99 0.8669100000000035
0.99 0.873440000000002
0.99 0.8675800000000029
0.99 0.8794800000000073
0.99 0.8783200000000073
0.99 0.8589800000000061
0.99 0.8652700000000054
0.99 0.8734000000000065
0.99 0.866090000000005
0.99 0.8731400000000082
0.99 0.8872000000000112
0.99 0.8940300000000116
0.99 0.8884800000000113
0.99 0.8901800000000112
0.99 0.8871100000000113
0.99 0.8789300000000112
0.99 0.8736900000000098
0.99 0.8626600000000074
0.99 0.8614000000000077
0.99 0.871500000000009
0.99 0.8750800000000072
0.99 0.87206000000001
0.99 0.870190000000009
0.99 0.8733200000000101
0.99 0.8688900000000067
0.99 0.8664200000000084
0.99 0.8687000000000069
0.99 0.8669200000000036
0.99 0.8630000000000033
0.99 0.8586200000000042
0.99 0.8567000000000018
0.99 0.8642100000000039
0.99 0.8594800000000037
0.99 0.8592800000000049
0.99 0.8709800000000084
0.99 0.8760600000000077
0.99 0.8668600000000046
0.99 0.8594500000000057
0.99 0.8659800000000051
0.99 0.8588000000000067
0.99 0.8701100000000088
0.99 0.8704700000000076
