0.18000000000000005 0.5940199999999995
0.18000000000000005 0.5644399999999998
0.12 0.5322599999999986
0.12 0.5028399999999991
0.040000000000000036 0.47697999999999924
0.040000000000000036 0.4576599999999987
0.040000000000000036 0.4310199999999984
0.040000000000000036 0.410219999999999
0.040000000000000036 0.3975399999999985
0.040000000000000036 0.38735999999999887
0.040000000000000036 0.3669999999999982
0.040000000000000036 0.36303999999999803
0.040000000000000036 0.34261999999999787
0.040000000000000036 0.329239999999998
0.040000000000000036 0.333799999999998
0.040000000000000036 0.31907999999999836
0.040000000000000036 0.3113399999999978
0.040000000000000036 0.30671999999999816
0.040000000000000036 0.29531999999999836
0.020000000000000018 0.29181999999999825
0.020000000000000018 0.2772399999999985
0.020000000000000018 0.254699999999999
0.020000000000000018 0.26155999999999885
0.020000000000000018 0.2543799999999992
0.020000000000000018 0.23371999999999912
0.020000000000000018 0.22525999999999904
0.020000000000000018 0.22985999999999898
0.020000000000000018 0.21991999999999925
0.020000000000000018 0.21321999999999902
0.020000000000000018 0.21489999999999934
0.020000000000000018 0.20881999999999953
0.020000000000000018 0.20857999999999932
0.020000000000000018 0.1926999999999993
0.020000000000000018 0.19155999999999918
0.020000000000000018 0.1904599999999993
0.020000000000000018 0.1944799999999995
0.020000000000000018 0.1838599999999993
0.020000000000000018 0.18689999999999934
0.020000000000000018 0.17251999999999937
0.020000000000000018 0.1733199999999995
0.020000000000000018 0.16923999999999947
0.020000000000000018 0.16009999999999955
0.020000000000000018 0.16257999999999945
0.020000000000000018 0.16491999999999962
0.020000000000000018 0.14495999999999956
0.020000000000000018 0.1491999999999994
0.020000000000000018 0.14345999999999948
0.020000000000000018 0.1504799999999995
0.020000000000000018 0.1408399999999995
0.020000000000000018 0.13749999999999957
0.020000000000000018 0.1349599999999995
0.020000000000000018 0.13461999999999946
0.020000000000000018 0.13275999999999946
0.020000000000000018 0.13463999999999948
0.020000000000000018 0.1294799999999995
0.020000000000000018 0.13559999999999944
0.020000000000000018 0.1388199999999995
0.020000000000000018 0.13883999999999957
0.020000000000000018 0.13657999999999948
0.020000000000000018 0.1343799999999996
0.020000000000000018 0.13165999999999958
0.020000000000000018 0.13351999999999947
0.020000000000000018 0.12921999999999964
0.020000000000000018 0.13147999999999954
0.020000000000000018 0.1259199999999996
0.020000000000000018 0.12795999999999957
0.020000000000000018 0.12215999999999957
0.020000000000000018 0.12119999999999963
0.020000000000000018 0.10965999999999965
0.020000000000000018 0.12079999999999959
0.020000000000000018 0.11545999999999954
0.020000000000000018 0.11131999999999957
0.020000000000000018 0.12079999999999963
0.020000000000000018 0.11067999999999958
0.020000000000000018 0.10733999999999959
0.020000000000000018 0.10407999999999969
0.020000000000000018 0.11785999999999971
0.020000000000000018 0.11269999999999965
0.020000000000000018 0.11643999999999952
0.020000000000000018 0.1285799999999995
0.020000000000000018 0.12521999999999964
0.020000000000000018 0.11673999999999968
0.020000000000000018 0.11567999999999964
0.020000000000000018 0.10993999999999948
0.020000000000000018 0.11763999999999944
0.020000000000000018 0.10957999999999953
0.020000000000000018 0.1133399999999995
0.020000000000000018 0.10723999999999957
0.020000000000000018 0.10361999999999962
0.020000000000000018 0.10613999999999942
0.020000000000000018 0.10153999999999966
0.020000000000000018 0.09867999999999942
0.020000000000000018 0.10739999999999962
0.020000000000000018 0.09825999999999957
0.020000000000000018 0.1075199999999995
0.020000000000000018 0.10517999999999947
0.020000000000000018 0.12555999999999942
0.020000000000000018 0.13153999999999935
0.020000000000000018 0.11977999999999939
0.020000000000000018 0.11517999999999944
