0.09999999999999998 0.6361000000000012
0.09999999999999998 0.6410000000000017
0.14 0.6145000000000005
0.14 0.6174000000000004
0.18000000000000005 0.5996999999999999
0.26 0.6038
0.30000000000000004 0.5735000000000003
0.38 0.6100000000000003
0.4 0.6141999999999999
0.31999999999999995 0.6148000000000001
0.31999999999999995 0.6173000000000001
0.26 0.6193000000000001
0.4 0.6553999999999999
0.4 0.6431999999999998
0.16000000000000003 0.6231999999999999
0.42000000000000004 0.6719000000000003
0.42000000000000004 0.6621999999999999
0.14 0.6262999999999999
0.4 0.6181999999999999
0.4 0.6341999999999995
0.4 0.6294
0.4 0.6257999999999997
0.4 0.6030999999999996
0.4 0.5893999999999997
0.4 0.5592999999999996
0.4 0.5559999999999996
0.4 0.5552000000000002
0.42000000000000004 0.5986000000000007
0.4 0.5624000000000011
0.42000000000000004 0.5240000000000006
0.42000000000000004 0.5017000000000006
0.4 0.5166000000000005
0.4 0.49500000000000016
0.4 0.6717000000000006
0.4 0.6259000000000003
0.4 0.6160999999999998
0.4 0.6125999999999997
0.4 0.5974
0.4 0.6077999999999999
0.4 0.5885000000000005
0.4 0.5439000000000008
0.4 0.5320000000000004
0.42000000000000004 0.5271000000000005
0.4 0.5096000000000004
0.4 0.5697000000000003
0.4 0.5743999999999998
0.42000000000000004 0.5351000000000006
0.42000000000000004 0.5060000000000002
0.4 0.5008
0.4 0.4675
0.4 0.5247999999999999
0.4 0.47019999999999984
0.4 0.4984000000000002
0.4 0.47810000000000025
0.4 0.4366999999999996
0.4 0.4171999999999995
0.4 0.4312999999999998
0.4 0.4389999999999992
0.4 0.4328999999999994
0.4 0.43999999999999945
0.4 0.4164999999999995
0.4 0.4181999999999986
0.4 0.4046999999999997
0.4 0.40249999999999986
0.4 0.4116999999999998
0.4 0.43659999999999904
0.4 0.530900000000002
0.4 0.5200000000000021
0.4 0.4575999999999998
0.4 0.4469999999999991
0.4 0.4282999999999987
0.4 0.4392999999999992
0.4 0.43329999999999913
0.4 0.49269999999999975
0.4 0.5474
0.4 0.5144
0.4 0.5520000000000009
0.43999999999999995 0.6363000000000018
0.4 0.6060000000000008
0.4 0.5816
0.4 0.5624999999999996
0.4 0.5588999999999996
0.4 0.6321000000000007
0.4 0.6275000000000003
0.4 0.6332000000000007
0.4 0.6289000000000005
0.45999999999999996 0.7133000000000017
0.4 0.6071
0.4 0.6212999999999999
0.45999999999999996 0.6089
0.4 0.6498999999999995
0.4 0.5672999999999998
0.4 0.5156999999999996
0.4 0.5088999999999996
0.4 0.5042000000000001
0.4 0.4788999999999995
0.43999999999999995 0.5298999999999996
0.42000000000000004 0.5328999999999999
0.4 0.5166000000000001
0.4 0.6374999999999994
0.4 0.48539999999999905
0.4 0.4619999999999994
0.4 0.4478999999999994
0.4 0.4350999999999995
0.4 0.4494999999999999
0.4 0.48800000000000004
0.4 0.6253999999999993
0.4 0.5578999999999997
0.4 0.5603999999999999
0.4 0.49119999999999947
0.4 0.45529999999999915
0.4 0.45959999999999923
0.4 0.5005999999999992
0.4 0.4598999999999991
0.4 0.4561999999999991
0.4 0.42809999999999926
0.4 0.4322999999999994
0.4 0.43909999999999916
0.4 0.4346999999999996
0.4 0.44309999999999894
0.4 0.4203999999999993
0.4 0.43709999999999916
0.4 0.4312999999999992
0.4 0.4274999999999995
0.4 0.4253999999999993
0.4 0.42259999999999975
0.4 0.42259999999999975
0.4 0.4147999999999999
0.4 0.4181999999999998
0.4 0.4144
0.4 0.412
0.4 0.45269999999999905
0.4 0.4335999999999994
0.4 0.5151999999999991
0.4 0.7026999999999991
0.4 0.4527999999999992
0.4 0.4198999999999997
0.4 0.4699999999999989
0.4 0.4210999999999997
0.4 0.4271999999999997
0.4 0.44019999999999937
0.4 0.4447999999999992
0.4 0.4354999999999995
0.4 0.4257999999999992
0.4 0.41469999999999985
0.4 0.40610000000000007
0.4 0.42029999999999995
0.4 0.5761999999999994
0.4 0.5468999999999992
0.4 0.48829999999999907
0.4 0.44549999999999906
0.4 0.44339999999999924
0.4 0.42789999999999895
0.4 0.43749999999999917
0.4 0.43259999999999926
0.4 0.4204999999999996
0.4 0.4264999999999995
0.4 0.4191999999999997
0.4 0.4211999999999999
0.4 0.4380999999999994
0.4 0.4181999999999999
0.4 0.42669999999999975
0.4 0.43219999999999964
0.4 0.4362999999999995
0.4 0.4216999999999998
0.4 0.41360000000000013
0.4 0.4239999999999998
0.4 0.41569999999999985
0.4 0.40590000000000026
0.4 0.42909999999999976
0.4 0.4163
0.4 0.43809999999999955
0.4 0.4297999999999997
0.4 0.4513999999999993
0.4 0.4290999999999997
0.4 0.43259999999999965
0.4 0.4270999999999998
0.4 0.41729999999999995
0.4 0.4300999999999995
0.4 0.4244999999999999
0.4 0.4298999999999999
0.4 0.4298999999999997
0.4 0.42679999999999985
0.4 0.4339999999999997
0.4 0.4356999999999997
0.4 0.4217
0.4 0.45289999999999914
0.4 0.48059999999999925
0.4 0.4568999999999992
0.4 0.42879999999999996
0.4 0.4165999999999999
0.4 0.4239
0.4 0.4421999999999995
0.4 0.4321
0.4 0.43259999999999954
0.4 0.42059999999999986
0.4 0.4223999999999999
0.4 0.44820000000000026
0.4 0.4113000000000002
0.4 0.43559999999999977
0.4 0.45559999999999967
0.4 0.4336999999999998
0.4 0.43509999999999976
0.4 0.4438000000000001
0.4 0.4497999999999998
0.4 0.44050000000000006
0.4 0.4337
0.4 0.4278000000000003
0.4 0.4238000000000004
0.4 0.4370000000000004
0.4 0.44190000000000074
0.4 0.4241000000000008
0.4 0.4144000000000008
0.4 0.42420000000000063
0.4 0.4308000000000009
0.4 0.4283000000000009
0.4 0.4169000000000003
0.4 0.41590000000000044
0.4 0.4202000000000006
0.4 0.42760000000000054
0.4 0.43280000000000074
0.4 0.4260000000000011
0.4 0.41780000000000067
0.4 0.4156000000000006
0.4 0.41860000000000036
0.4 0.41880000000000067
0.4 0.424200000000001
0.4 0.41970000000000063
0.4 0.4205000000000008
0.4 0.41520000000000046
0.4 0.41970000000000063
0.4 0.4238000000000006
0.4 0.4208000000000003
0.4 0.40670000000000023
0.4 0.4174000000000001
0.4 0.4144000000000003
0.4 0.4217999999999998
0.4 0.43829999999999997
0.4 0.4210000000000001
0.4 0.41540000000000027
0.4 0.4254000000000001
0.4 0.4178000000000002
0.4 0.547300000000002
0.4 0.502500000000001
0.4 0.4704000000000005
0.4 0.45130000000000015
0.4 0.45020000000000016
0.4 0.4339000000000003
0.4 0.4235
0.4 0.4269000000000003
0.4 0.4222000000000001
0.4 0.4217
0.4 0.4190000000000002
0.4 0.41950000000000026
0.4 0.41060000000000024
0.4 0.4147000000000002
0.4 0.42010000000000053
0.4 0.42280000000000056
0.4 0.4239000000000007
0.4 0.4213000000000005
0.4 0.41420000000000057
0.4 0.4119000000000005
0.4 0.41760000000000097
0.4 0.42770000000000097
0.4 0.4210000000000006
0.4 0.4205000000000007
0.4 0.4212000000000007
0.4 0.4180000000000006
0.4 0.4298000000000007
0.4 0.4208000000000007
0.4 0.4250000000000007
0.4 0.41730000000000067
0.4 0.4187000000000005
0.4 0.41710000000000064
0.4 0.4177000000000003
0.4 0.4200000000000006
0.4 0.45260000000000017
0.4 0.4227000000000006
0.4 0.4183000000000006
0.4 0.42680000000000085
0.4 0.4241000000000007
0.4 0.4265000000000005
0.4 0.42140000000000044
0.4 0.4211000000000006
0.4 0.4198000000000002
0.4 0.4129000000000005
0.4 0.42840000000000056
0.4 0.4154000000000005
0.4 0.42460000000000064
0.4 0.41820000000000074
0.4 0.4186000000000004
0.4 0.43800000000000017
0.4 0.43750000000000006
0.4 0.41360000000000013
0.4 0.4167000000000005
0.4 0.4180000000000005
0.4 0.4229000000000006
0.4 0.4173000000000004
0.4 0.4151000000000004
0.4 0.4127000000000004
0.4 0.40900000000000053
0.4 0.41330000000000033
0.4 0.4162000000000006
0.4 0.42710000000000065
0.4 0.4164000000000005
0.4 0.41880000000000067
0.4 0.42710000000000065
0.4 0.41640000000000066
0.42000000000000004 0.49220000000000036
0.42000000000000004 0.4239000000000004
0.42000000000000004 0.4241000000000003
0.42000000000000004 0.42290000000000044
0.4 0.4715000000000005
0.4 0.44359999999999983
0.4 0.42290000000000005
0.42000000000000004 0.43919999999999976
0.42000000000000004 0.48290000000000044
0.42000000000000004 0.46810000000000046
0.4 0.45980000000000026
0.4 0.4227
0.4 0.48070000000000085
0.4 0.4824000000000012
0.4 0.45000000000000057
0.4 0.4369000000000002
0.4 0.4123000000000001
0.4 0.40850000000000003
0.4 0.42030000000000006
0.4 0.41280000000000017
0.4 0.40650000000000014
0.4 0.4018000000000002
0.4 0.41150000000000025
0.4 0.40670000000000023
0.4 0.44109999999999966
0.4 0.4318999999999999
0.4 0.4125000000000002
0.4 0.4111000000000003
0.4 0.4121000000000004
0.4 0.5921999999999995
0.4 0.5349999999999995
0.4 0.46879999999999944
0.4 0.4332999999999996
0.4 0.42759999999999965
0.4 0.4201
0.4 0.41030000000000016
0.4 0.4110000000000003
0.4 0.42399999999999993
0.4 0.4195999999999999
0.4 0.4241
0.4 0.4131000000000001
0.4 0.4172000000000003
0.4 0.4168999999999992
0.4 0.4449000000000002
0.4 0.41609999999999947
0.4 0.4254999999999996
0.4 0.42089999999999983
0.4 0.4129999999999999
0.4 0.41420000000000007
0.4 0.4084000000000001
0.4 0.4079
0.4 0.4144
0.4 0.4208000000000001
0.4 0.4294000000000001
0.4 0.40290000000000004
0.4 0.41299999999999976
0.4 0.42919999999999964
0.4 0.40949999999999986
0.4 0.4030999999999999
0.4 0.4042999999999999
0.4 0.40160000000000023
0.4 0.40780000000000016
0.4 0.4017000000000001
0.4 0.4029
0.4 0.40150000000000013
0.4 0.40120000000000017
0.4 0.4032
0.4 0.40309999999999996
0.4 0.40240000000000004
0.4 0.40470000000000006
0.4 0.4068999999999998
0.4 0.405
0.4 0.403
0.4 0.40469999999999984
0.4 0.4042000000000001
0.4 0.4076999999999999
0.4 0.41319999999999985
0.4 0.40320000000000006
0.4 0.4025999999999999
0.4 0.40369999999999995
0.4 0.40650000000000014
0.4 0.40620000000000017
0.4 0.402
0.4 0.40190000000000015
0.4 0.40170000000000017
0.4 0.4044000000000002
0.4 0.4002000000000002
0.4 0.4068
0.4 0.4000000000000003
0.4 0.4009000000000001
0.4 0.4039000000000002
0.4 0.42400000000000004
0.4 0.4147000000000001
0.4 0.4226000000000002
0.4 0.4451000000000003
0.4 0.4163000000000001
0.4 0.40290000000000015
0.4 0.43550000000000016
0.4 0.4268000000000003
0.4 0.4124000000000001
0.4 0.42970000000000014
0.4 0.4060000000000001
0.4 0.4062000000000003
0.4 0.4003000000000002
0.4 0.40160000000000023
0.4 0.4141
0.4 0.4001000000000003
0.4 0.4103000000000001
0.4 0.4001000000000003
0.4 0.40060000000000023
0.4 0.4007000000000003
0.4 0.4000000000000003
0.4 0.4014000000000003
0.4 0.40800000000000014
0.4 0.4119
0.4 0.4040000000000001
0.4 0.4000000000000003
0.4 0.40330000000000027
0.4 0.4017000000000002
0.4 0.4014000000000002
0.4 0.4001000000000003
0.4 0.40120000000000017
0.4 0.4004000000000002
0.4 0.4081999999999998
0.4 0.4017000000000002
0.4 0.4033000000000002
0.4 0.40100000000000025
0.4 0.40280000000000027
0.4 0.40660000000000013
0.4 0.40290000000000026
0.4 0.4000000000000003
0.4 0.4007000000000002
0.4 0.4006000000000003
0.4 0.40800000000000014
0.4 0.4117
0.4 0.40210000000000024
0.4 0.4007000000000002
0.4 0.4000000000000003
0.4 0.40160000000000023
0.4 0.4000000000000003
0.4 0.40040000000000026
0.4 0.4000000000000003
0.4 0.4005000000000002
0.4 0.40040000000000026
0.4 0.4003000000000002
0.4 0.4000000000000003
0.4 0.4003000000000002
0.4 0.4014000000000003
0.42000000000000004 0.40220000000000034
0.42000000000000004 0.4098000000000001
0.42000000000000004 0.4023000000000003
0.4 0.40090000000000026
0.4 0.4000000000000003
0.4 0.4000000000000003
0.42000000000000004 0.4006000000000004
0.4 0.4005000000000002
0.4 0.4018000000000002
0.4 0.4018000000000002
0.4 0.4000000000000003
0.4 0.40100000000000025
0.4 0.4007000000000002
0.4 0.40290000000000015
0.4 0.4004000000000002
0.4 0.4002000000000002
0.4 0.4001000000000003
0.4 0.4000000000000003
0.4 0.4000000000000003
0.4 0.4000000000000003
0.4 0.4000000000000003
0.4 0.4000000000000003
0.4 0.4001000000000003
0.4 0.4002000000000002
0.4 0.4000000000000003
0.4 0.4001000000000003
0.4 0.4000000000000003
0.4 0.4003000000000002
0.4 0.40330000000000027
0.4 0.4000000000000003
0.4 0.4000000000000003
0.4 0.40160000000000023
0.4 0.4000000000000003
0.4 0.4001000000000003
0.4 0.4000000000000003
0.4 0.4000000000000003
0.4 0.4019000000000002
0.4 0.40679999999999994
0.4 0.40050000000000024
0.4 0.4000000000000003
0.4 0.4000000000000003
0.4 0.4001000000000003
0.4 0.4040000000000002
0.4 0.41180000000000005
