0.85 0.38130000000000047
0.85 0.4122000000000001
0.71 0.4088000000000004
0.67 0.38940000000000125
0.67 0.3991500000000012
0.67 0.4019000000000008
0.78 0.42070000000000085
0.68 0.4224500000000011
0.74 0.4340000000000011
0.73 0.4187000000000009
0.69 0.42020000000000124
0.67 0.4177000000000015
0.67 0.385150000000002
0.77 0.4223500000000012
0.77 0.3939000000000019
0.77 0.3979500000000019
0.67 0.40870000000000184
0.74 0.43890000000000173
0.79 0.43400000000000155
0.8 0.4218000000000014
0.74 0.4444000000000017
0.67 0.42525000000000135
0.74 0.48240000000000044
0.9 0.4780000000000003
0.9 0.47510000000000047
0.67 0.4182000000000005
0.9 0.45530000000000065
0.76 0.4034000000000015
0.79 0.4984500000000004
0.8 0.5361000000000002
0.81 0.4860500000000011
0.75 0.5562499999999999
0.76 0.5328999999999996
0.67 0.5416999999999996
0.7 0.5675000000000001
0.78 0.5318499999999996
0.89 0.5536500000000003
0.79 0.5525500000000001
0.79 0.42895000000000133
0.9 0.5553499999999997
0.96 0.6192499999999999
0.91 0.6349500000000001
0.97 0.44190000000000107
0.97 0.4796000000000018
0.97 0.5167500000000005
0.9 0.5766000000000009
0.94 0.5547000000000006
0.97 0.5370000000000008
0.98 0.6169000000000009
0.92 0.5066000000000007
0.96 0.5398000000000007
0.69 0.4646999999999999
0.66 0.4077500000000001
0.9 0.4643999999999999
0.93 0.49935000000000046
0.9 0.5179
0.93 0.5253499999999999
0.93 0.5744499999999995
0.9 0.6107500000000007
0.96 0.5847000000000001
0.75 0.4940500000000005
0.75 0.4581499999999995
0.88 0.5202000000000002
0.85 0.5444000000000007
0.96 0.6168000000000008
0.95 0.6160000000000001
0.92 0.69195
0.97 0.740250000000001
0.88 0.5445000000000009
0.92 0.639200000000001
0.83 0.6679500000000007
0.86 0.6860000000000003
0.78 0.5661999999999998
0.77 0.5234000000000002
0.8 0.6690000000000008
0.8 0.6425000000000004
0.77 0.6644500000000005
0.77 0.5907500000000009
0.77 0.5837500000000009
0.79 0.6309500000000002
0.94 0.6481
0.82 0.6414000000000004
0.97 0.6588000000000003
0.97 0.6905500000000007
0.93 0.6964000000000002
0.91 0.7137500000000006
0.91 0.7362500000000002
0.87 0.565899999999999
0.9 0.5174499999999995
0.91 0.6737499999999996
0.96 0.7713999999999995
0.96 0.7493500000000007
0.98 0.7859999999999997
0.98 0.7616000000000004
0.98 0.6916500000000005
0.98 0.7835999999999992
0.97 0.7404500000000003
0.98 0.7097500000000008
0.98 0.7833999999999989
0.98 0.8010999999999983
0.92 0.6534000000000002
0.91 0.6810499999999995
0.98 0.7197500000000003
0.98 0.7479999999999989
0.94 0.6381000000000001
0.94 0.7119999999999994
0.92 0.7236500000000001
0.97 0.753200000000001
0.98 0.7960999999999983
0.98 0.7710499999999995
0.93 0.6254000000000001
0.91 0.47454999999999986
0.96 0.59325
0.89 0.5733999999999996
0.93 0.5862999999999995
0.89 0.6305999999999999
0.98 0.7624999999999998
0.98 0.7503500000000005
0.92 0.7446500000000007
0.98 0.7999500000000005
0.97 0.8487000000000006
0.98 0.8705500000000004
0.98 0.8979500000000001
0.98 0.6049999999999993
0.8 0.4379500000000009
0.8 0.41970000000000063
0.89 0.5674499999999997
0.94 0.59075
0.94 0.6573
0.97 0.6946500000000007
0.97 0.7574000000000009
0.97 0.8484000000000002
0.97 0.8895500000000008
0.97 0.9049500000000005
0.97 0.8931499999999991
0.98 0.9391499999999988
0.98 0.9505999999999984
0.98 0.9538499999999993
0.98 0.96345
0.98 0.9531499999999992
0.98 0.9600499999999993
0.98 0.9379499999999998
0.98 0.8844500000000014
0.98 0.8038999999999998
0.98 0.8123000000000009
0.98 0.9132000000000012
0.98 0.49995000000000145
0.98 0.7548499999999997
0.98 0.9320000000000006
0.98 0.8954000000000008
0.98 0.9460500000000003
0.98 0.9551499999999992
0.98 0.8993500000000003
0.98 0.623950000000001
0.66 0.362150000000002
0.98 0.4187500000000018
0.98 0.6305500000000003
0.98 0.7388999999999994
0.98 0.888350000000001
0.98 0.6567500000000005
0.98 0.7035500000000012
0.98 0.6762500000000018
0.51 0.38045000000000134
0.51 0.3927500000000011
0.54 0.40655000000000024
0.53 0.42114999999999997
0.98 0.62985
0.98 0.7275500000000014
0.98 0.4796000000000004
0.98 0.7189499999999995
0.98 0.528850000000001
0.98 0.6378500000000008
0.98 0.6767499999999995
0.98 0.70545
0.98 0.7845999999999992
0.98 0.7665500000000002
0.98 0.7958499999999988
0.98 0.8335500000000002
0.98 0.9023500000000019
0.98 0.765300000000003
0.98 0.8182000000000006
0.98 0.7972000000000022
0.98 0.6956000000000014
0.98 0.8799999999999997
0.83 0.6168499999999993
0.96 0.5251999999999994
0.67 0.44959999999999894
0.65 0.44294999999999946
0.8 0.5458000000000005
0.83 0.5052499999999995
0.87 0.6018000000000003
0.95 0.6700500000000007
0.91 0.7415500000000002
0.96 0.7758499999999994
0.96 0.7930999999999987
0.97 0.827649999999999
0.97 0.8282499999999997
0.97 0.7813500000000007
0.97 0.7528000000000006
0.97 0.7916000000000006
0.98 0.8222000000000013
0.98 0.8539500000000007
0.98 0.8560500000000004
0.98 0.8733500000000016
0.98 0.8658000000000006
0.98 0.9248499999999996
0.98 0.9419999999999983
0.97 0.7508500000000025
0.98 0.7443000000000011
0.98 0.7666500000000016
0.98 0.8771999999999999
0.97 0.8513500000000004
0.98 0.9048499999999996
0.98 0.957049999999999
0.98 0.9608999999999996
0.98 0.6261500000000005
0.98 0.7226000000000028
0.98 0.819200000000001
0.98 0.8785500000000002
0.98 0.9126999999999988
0.98 0.858
0.98 0.7016500000000027
0.91 0.6841000000000024
0.98 0.7597500000000007
0.95 0.7302499999999984
0.95 0.7635999999999992
0.98 0.7976500000000004
0.97 0.6742999999999999
0.98 0.7622500000000001
0.97 0.7697999999999985
0.98 0.7681499999999994
0.98 0.7732999999999989
0.98 0.8195499999999992
0.98 0.6910000000000005
0.98 0.8460000000000008
0.98 0.8008500000000015
0.98 0.8723000000000022
0.98 0.871100000000001
0.98 0.716350000000003
0.98 0.7632000000000005
0.98 0.8996000000000011
0.98 0.8941000000000021
0.98 0.8082500000000014
0.98 0.6886500000000012
0.98 0.6700000000000007
0.98 0.6474500000000005
0.98 0.6608500000000006
0.98 0.6497500000000014
0.98 0.8740500000000005
0.98 0.8958999999999994
0.98 0.9354000000000018
0.98 0.8846000000000018
0.98 0.4792000000000013
0.98 0.6155500000000014
0.97 0.6126000000000011
0.98 0.4731000000000002
0.98 0.5597
0.98 0.5937000000000001
0.98 0.6175500000000013
0.98 0.5381000000000012
0.71 0.4683500000000007
0.53 0.4057000000000003
0.69 0.42940000000000067
0.67 0.46065000000000067
0.68 0.48685000000000045
0.78 0.5389500000000002
0.8 0.5410999999999999
0.91 0.5528500000000005
0.91 0.5308000000000008
0.85 0.5793000000000004
0.9 0.5812500000000005
0.83 0.615649999999999
0.86 0.6130499999999999
0.83 0.6447499999999997
0.83 0.6238000000000004
0.86 0.6394499999999996
0.87 0.67855
0.87 0.7035499999999998
0.78 0.5990499999999995
0.84 0.6229499999999996
0.82 0.6114499999999999
0.91 0.6692000000000006
0.82 0.6040999999999999
0.88 0.6940000000000006
0.92 0.7147000000000002
0.92 0.7535999999999997
0.93 0.7949499999999985
0.96 0.6086500000000015
0.93 0.5652500000000006
0.94 0.5075500000000015
0.93 0.5927500000000019
0.94 0.6600500000000004
0.89 0.6530500000000002
0.92 0.6816
0.74 0.6312999999999993
0.73 0.6194499999999994
0.69 0.5398500000000009
0.69 0.5791500000000009
0.74 0.6526500000000008
0.77 0.6361500000000005
0.68 0.594550000000001
0.71 0.6245499999999998
0.87 0.6674999999999994
0.79 0.6235499999999997
0.91 0.6542500000000004
0.82 0.4853999999999995
0.92 0.6604500000000008
0.7 0.61195
0.68 0.4846999999999992
0.76 0.5675999999999994
0.75 0.5155500000000007
0.9 0.5736000000000004
0.72 0.48969999999999947
0.91 0.5899
0.96 0.5602000000000011
0.91 0.49365000000000026
0.65 0.5309499999999994
0.72 0.4211999999999989
0.72 0.47714999999999946
0.76 0.5508999999999992
0.33 0.32999999999999874
0.6 0.33349999999999874
0.33 0.32999999999999874
0.77 0.4669499999999992
0.78 0.3970500000000003
0.86 0.5364000000000001
0.92 0.44205000000000005
0.95 0.5417500000000005
0.95 0.6178500000000008
0.87 0.45305
0.97 0.7233000000000005
0.97 0.7860499999999989
0.97 0.7299500000000004
0.97 0.8141499999999995
0.97 0.6807500000000007
0.97 0.6924000000000015
0.98 0.7414999999999996
0.97 0.6842000000000006
0.98 0.7410500000000014
0.98 0.874100000000001
0.98 0.8865500000000018
0.98 0.896650000000001
0.98 0.8356000000000008
0.98 0.8288000000000005
0.98 0.6992500000000004
0.98 0.7375999999999995
0.98 0.6569500000000003
0.93 0.6189999999999989
0.98 0.6692499999999992
0.98 0.7451999999999992
0.98 0.8014000000000004
0.98 0.6546000000000002
0.98 0.7035000000000003
0.96 0.46339999999999926
0.97 0.4658499999999998
0.98 0.6465000000000005
0.98 0.48204999999999965
0.98 0.6171000000000004
0.98 0.6409000000000006
0.98 0.5045499999999989
0.65 0.5169499999999995
0.65 0.37199999999999933
0.65 0.4254999999999995
0.65 0.48064999999999963
0.65 0.535499999999999
0.65 0.5859999999999996
0.65 0.624300000000001
0.65 0.5994500000000001
0.65 0.45779999999999865
0.65 0.6162000000000007
0.65 0.5407999999999986
0.65 0.4032999999999998
0.98 0.622750000000001
0.66 0.6252500000000014
0.68 0.6465000000000022
0.68 0.6425000000000022
0.68 0.6411500000000021
0.98 0.7386500000000017
0.98 0.8457999999999992
0.98 0.86075
0.98 0.5663499999999982
0.98 0.5485499999999991
0.68 0.5566499999999991
0.98 0.5688499999999996
0.98 0.5972999999999997
0.98 0.7074500000000028
0.96 0.5396499999999983
0.96 0.4880999999999982
0.66 0.3929499999999992
0.68 0.538649999999999
0.98 0.6531500000000011
0.98 0.6730499999999994
0.97 0.6128499999999988
0.66 0.6413499999999988
0.98 0.6934999999999972
0.98 0.7558499999999979
0.98 0.6434499999999984
0.98 0.6741999999999995
0.98 0.8898999999999998
0.98 0.9072000000000014
0.98 0.9046000000000004
0.96 0.6672999999999973
0.98 0.6662499999999989
0.98 0.4937999999999992
0.98 0.5802
0.98 0.7341500000000019
0.98 0.8203500000000012
0.98 0.9119000000000014
0.98 0.9658999999999989
0.98 0.8165999999999995
0.98 0.9319999999999997
0.98 0.8337500000000024
0.98 0.9097000000000018
0.98 0.8942000000000008
0.98 0.9607499999999992
0.98 0.9616999999999989
0.98 0.9637999999999984
0.98 0.9075
0.98 0.9570999999999988
0.98 0.9639499999999984
0.98 0.9286999999999991
0.98 0.8889000000000002
0.98 0.9542999999999989
0.98 0.895450000000001
0.98 0.8971500000000019
0.98 0.874450000000002
0.98 0.9431999999999995
0.98 0.9708499999999983
0.98 0.976549999999998
0.98 0.974249999999998
0.98 0.9680999999999981
0.98 0.897750000000001
0.98 0.873900000000001
0.98 0.9234500000000005
0.98 0.8737
0.98 0.5495
0.98 0.7529499999999983
0.98 0.7418499999999973
0.98 0.8826499999999996
0.98 0.9087500000000008
0.98 0.93105
0.98 0.8986500000000008
0.98 0.9168500000000006
0.98 0.9106499999999997
0.98 0.9303499999999998
0.98 0.841650000000001
0.98 0.91875
0.98 0.9292000000000002
0.98 0.9226000000000003
0.98 0.885000000000002
0.98 0.9297500000000005
0.98 0.9205499999999995
0.98 0.6708000000000021
0.98 0.8002000000000002
0.98 0.8194999999999996
0.98 0.8002000000000002
0.98 0.5535499999999989
0.98 0.8946000000000002
0.98 0.9201499999999999
0.98 0.9642499999999992
0.98 0.9666499999999985
0.98 0.9631999999999985
0.98 0.7437500000000042
0.98 0.8764500000000006
0.98 0.9322499999999991
0.98 0.9334499999999997
0.98 0.7505500000000035
0.98 0.6630500000000004
0.98 0.5264999999999987
0.98 0.634849999999999
0.98 0.3425499999999987
0.98 0.5832999999999989
0.98 0.7088500000000022
0.98 0.9242999999999997
0.98 0.9428000000000015
0.98 0.9100000000000016
0.98 0.9525
0.98 0.966199999999999
0.98 0.9736999999999979
0.98 0.971099999999998
0.98 0.7803500000000034
0.98 0.7308500000000032
0.98 0.8096000000000029
0.98 0.9069000000000003
0.98 0.9657499999999983
0.98 0.9507499999999994
0.98 0.9662999999999978
0.98 0.9727499999999981
0.98 0.9742999999999978
0.98 0.9771499999999976
0.98 0.9733499999999978
0.98 0.9778499999999979
0.98 0.9756499999999977
0.98 0.9637499999999981
0.98 0.9686499999999978
0.98 0.9492000000000006
0.98 0.9675999999999982
0.98 0.9771499999999977
0.98 0.9781499999999977
0.98 0.9751999999999977
