0.18000000000000005 0.5754599999999973
0.18000000000000005 0.5374199999999993
0.12 0.5125199999999991
0.12 0.4898199999999981
0.12 0.4620199999999986
0.12 0.43592000000000053
0.07999999999999996 0.41864000000000023
0.07999999999999996 0.3902200000000003
0.07999999999999996 0.38602000000000036
0.07999999999999996 0.3725400000000004
0.07999999999999996 0.37224000000000035
0.06000000000000005 0.3570200000000008
0.040000000000000036 0.349820000000001
0.040000000000000036 0.33792000000000105
0.040000000000000036 0.33000000000000146
0.040000000000000036 0.330500000000001
0.040000000000000036 0.3172400000000016
0.040000000000000036 0.2974600000000013
0.040000000000000036 0.3091600000000013
0.040000000000000036 0.28378000000000136
0.040000000000000036 0.28562000000000143
0.040000000000000036 0.27780000000000127
0.040000000000000036 0.2813200000000016
0.040000000000000036 0.2745000000000013
0.040000000000000036 0.2556800000000012
0.040000000000000036 0.25414000000000087
0.040000000000000036 0.25466000000000105
0.040000000000000036 0.25168000000000096
0.040000000000000036 0.24690000000000073
0.040000000000000036 0.24882000000000104
0.040000000000000036 0.24564000000000116
0.040000000000000036 0.24154000000000103
0.040000000000000036 0.25252000000000074
0.040000000000000036 0.2364200000000012
0.040000000000000036 0.24808000000000094
0.040000000000000036 0.2377800000000011
0.040000000000000036 0.2467200000000009
0.040000000000000036 0.2460800000000011
0.040000000000000036 0.25134000000000106
0.040000000000000036 0.24830000000000044
0.040000000000000036 0.2495600000000006
0.040000000000000036 0.24074000000000065
0.040000000000000036 0.23521999999999987
0.040000000000000036 0.2226200000000003
0.040000000000000036 0.21942000000000086
0.040000000000000036 0.21526000000000042
0.040000000000000036 0.21468000000000034
0.040000000000000036 0.21926000000000048
0.040000000000000036 0.2110800000000006
0.040000000000000036 0.2044400000000004
0.040000000000000036 0.20942000000000044
0.040000000000000036 0.21852000000000063
0.040000000000000036 0.2234600000000004
0.040000000000000036 0.2116000000000005
0.040000000000000036 0.19580000000000003
0.040000000000000036 0.1791600000000005
0.040000000000000036 0.17024000000000017
0.040000000000000036 0.17468000000000028
0.040000000000000036 0.18612000000000037
0.040000000000000036 0.18280000000000043
0.040000000000000036 0.18378000000000067
0.040000000000000036 0.18264000000000033
0.040000000000000036 0.16897999999999982
0.040000000000000036 0.1464599999999997
0.040000000000000036 0.16103999999999993
0.040000000000000036 0.16871999999999998
0.040000000000000036 0.16754000000000038
0.040000000000000036 0.16336000000000014
0.040000000000000036 0.15450000000000014
0.040000000000000036 0.1446800000000002
0.040000000000000036 0.1498600000000001
0.040000000000000036 0.1551600000000001
0.040000000000000036 0.15488000000000007
0.040000000000000036 0.14906000000000014
0.040000000000000036 0.14014000000000013
0.040000000000000036 0.14026000000000002
0.040000000000000036 0.14090000000000016
0.040000000000000036 0.14319999999999997
0.040000000000000036 0.1424799999999999
0.040000000000000036 0.1455799999999999
0.040000000000000036 0.15471999999999994
0.040000000000000036 0.14846000000000004
0.040000000000000036 0.13831999999999997
0.040000000000000036 0.14049999999999985
0.040000000000000036 0.1356199999999998
0.040000000000000036 0.14125999999999977
0.040000000000000036 0.13421999999999995
0.040000000000000036 0.14127999999999988
0.040000000000000036 0.1573599999999999
0.040000000000000036 0.15118
0.040000000000000036 0.14723999999999984
0.040000000000000036 0.14662
0.040000000000000036 0.14017999999999997
0.040000000000000036 0.1473999999999998
0.040000000000000036 0.14852000000000015
0.040000000000000036 0.13883999999999994
0.040000000000000036 0.1253799999999999
0.040000000000000036 0.1466200000000002
0.040000000000000036 0.14634000000000008
0.040000000000000036 0.15124000000000018
