0.71 0.4044999999999998
0.76 0.4180499999999994
0.71 0.43495000000000034
0.71 0.44770000000000076
0.7 0.4088000000000001
0.69 0.40069999999999956
0.7 0.41369999999999996
0.69 0.3981999999999999
0.77 0.40769999999999995
0.71 0.41979999999999995
0.71 0.40194999999999986
0.83 0.4422500000000011
0.71 0.45265000000000105
0.79 0.4200000000000002
0.71 0.4390500000000006
0.68 0.4464500000000013
0.71 0.4654000000000012
0.71 0.47800000000000176
0.71 0.514650000000001
0.7 0.48730000000000123
0.71 0.5666500000000005
0.86 0.6164500000000003
0.88 0.5882000000000003
0.81 0.5361500000000015
0.83 0.5744000000000004
0.86 0.6403000000000002
0.86 0.6428499999999999
0.8 0.5686500000000002
0.8 0.6212499999999997
0.74 0.49380000000000096
0.8 0.4957000000000012
0.68 0.43470000000000114
0.7 0.478250000000001
0.97 0.5524500000000004
0.8 0.5943500000000003
0.8 0.6315999999999993
0.75 0.5962500000000003
0.72 0.5835999999999998
0.79 0.6207
0.74 0.5810000000000002
0.79 0.6327000000000003
0.75 0.6471000000000001
0.82 0.6523499999999999
0.89 0.5968000000000003
0.95 0.5792500000000005
0.78 0.5796000000000001
0.84 0.6221499999999999
0.87 0.6625000000000004
0.92 0.70205
0.9 0.7244999999999999
0.93 0.6177500000000004
0.93 0.7188500000000004
0.85 0.6476000000000005
0.86 0.6676500000000012
0.78 0.6637500000000013
0.83 0.6426000000000012
0.71 0.6523499999999998
0.91 0.6633000000000014
0.91 0.7034000000000001
0.9 0.7237999999999993
0.92 0.7280999999999994
0.75 0.6966500000000021
0.85 0.703
0.91 0.7359499999999984
0.89 0.7411499999999982
0.9 0.71065
0.87 0.7297000000000002
0.9 0.7712999999999991
0.91 0.7798499999999997
0.91 0.7672000000000001
0.91 0.72795
0.89 0.7766500000000005
0.93 0.7800000000000002
0.94 0.7728499999999996
0.94 0.7890999999999999
0.95 0.7705499999999997
0.95 0.7987999999999996
0.93 0.7614500000000006
0.93 0.7757499999999997
0.95 0.8314999999999997
0.95 0.8484499999999998
0.95 0.875
0.95 0.8839500000000008
0.95 0.8872500000000002
0.96 0.8972000000000002
0.96 0.8894500000000014
0.96 0.8922500000000022
0.96 0.9154000000000019
0.96 0.9065000000000015
0.96 0.9115000000000015
0.96 0.921550000000002
0.96 0.8998500000000029
0.96 0.922850000000002
0.96 0.9247000000000014
0.96 0.9353999999999995
0.96 0.928849999999999
0.96 0.9241499999999974
0.96 0.9324999999999986
0.96 0.9102999999999988
0.96 0.861299999999999
0.96 0.9062499999999983
0.96 0.9386999999999989
0.96 0.6921499999999992
0.96 0.9277499999999981
0.96 0.9375999999999983
0.96 0.9208499999999975
0.96 0.8148499999999985
0.96 0.8632500000000003
0.96 0.8823500000000007
0.96 0.8690999999999992
0.96 0.7005499999999992
0.96 0.7703
0.96 0.8047999999999998
0.96 0.8046500000000003
0.96 0.9134499999999997
0.96 0.9184499999999985
0.96 0.9274999999999978
0.96 0.9179999999999982
0.96 0.9141500000000002
0.96 0.9370999999999989
0.96 0.9451999999999989
0.96 0.9535499999999999
0.96 0.95085
0.96 0.9421500000000002
0.96 0.9115499999999999
0.96 0.93605
0.96 0.9375500000000002
0.96 0.9382000000000005
0.96 0.9457000000000001
0.96 0.9021499999999976
0.96 0.8487499999999979
0.96 0.9328499999999988
0.96 0.7954000000000013
0.96 0.8334999999999999
0.96 0.8816500000000004
0.96 0.918449999999997
0.96 0.9021500000000005
0.96 0.9206499999999981
0.96 0.9119999999999987
0.96 0.9506500000000002
0.96 0.9433999999999999
0.96 0.9425999999999999
0.96 0.9362999999999996
0.96 0.9472999999999998
0.96 0.9105499999999971
0.96 0.8780499999999997
0.96 0.9099999999999977
0.96 0.8194999999999992
0.96 0.7753000000000008
0.96 0.8213500000000006
0.96 0.8598999999999972
0.96 0.8411500000000001
0.71 0.6744500000000019
0.96 0.8326499999999979
0.96 0.7179500000000009
0.71 0.7034000000000009
0.71 0.7052499999999996
0.96 0.7195499999999978
0.96 0.7177499999999968
0.96 0.7333999999999969
0.96 0.741349999999998
0.96 0.7523499999999984
0.71 0.7093499999999976
0.96 0.737749999999998
0.88 0.7418499999999978
0.88 0.7016499999999973
0.86 0.6847999999999987
0.88 0.7297499999999967
0.89 0.7385999999999975
0.94 0.7276999999999977
0.75 0.595250000000001
0.9 0.7054999999999986
0.94 0.7137499999999978
0.94 0.7409499999999976
0.88 0.6990499999999982
0.88 0.6331999999999991
0.96 0.7226999999999981
0.96 0.7524999999999972
0.71 0.7077999999999973
0.96 0.7359499999999983
0.93 0.7819500000000003
0.96 0.8342000000000005
0.95 0.8352499999999998
0.94 0.7125999999999977
0.96 0.7843999999999995
0.96 0.8507500000000003
0.96 0.8614500000000014
0.96 0.7810499999999975
0.96 0.8198500000000009
0.96 0.8731000000000003
0.96 0.8746000000000005
0.96 0.7612499999999969
0.95 0.6095499999999996
0.96 0.7192500000000005
0.96 0.7033000000000014
0.96 0.7993499999999988
0.96 0.7786499999999988
0.96 0.82725
0.96 0.8244999999999982
0.96 0.7267500000000006
0.96 0.7592999999999976
0.96 0.7884999999999985
0.96 0.779850000000001
0.97 0.811500000000001
0.97 0.816550000000001
0.97 0.8030499999999994
0.98 0.8252499999999992
0.98 0.855199999999999
0.98 0.8195999999999991
0.98 0.809899999999999
0.98 0.8411999999999996
0.98 0.8858500000000004
0.98 0.883700000000001
0.98 0.8757500000000001
0.98 0.8985999999999994
0.97 0.8655000000000007
0.97 0.8909500000000005
0.98 0.9136999999999971
0.98 0.9269999999999974
0.98 0.8928499999999977
0.98 0.8567999999999976
0.96 0.8953499999999976
0.96 0.8934499999999974
0.97 0.8962999999999982
0.98 0.9271499999999974
0.98 0.8840499999999976
0.98 0.892899999999998
0.98 0.9015999999999974
0.98 0.9000499999999987
0.98 0.9161499999999972
0.96 0.8636999999999996
0.96 0.7920999999999994
0.96 0.8527499999999985
0.96 0.8762499999999968
0.96 0.8924499999999973
0.96 0.8952999999999984
0.96 0.585100000000001
0.96 0.6594000000000004
0.91 0.40850000000000164
0.96 0.4804999999999991
0.96 0.7657999999999996
0.96 0.7813000000000002
0.91 0.7887000000000001
0.96 0.703550000000002
0.96 0.866699999999999
0.96 0.861999999999999
0.96 0.8823499999999974
0.96 0.8842499999999983
0.96 0.8699999999999986
0.96 0.881250000000001
0.98 0.9059999999999985
0.98 0.9064499999999994
0.98 0.8977500000000006
0.98 0.8981999999999988
0.98 0.9002999999999978
0.98 0.8971999999999991
0.98 0.9262500000000007
0.98 0.9226000000000008
0.98 0.8945999999999983
0.62 0.4125000000000004
0.62 0.4346499999999991
0.98 0.8905999999999981
0.73 0.4540999999999991
0.9 0.4791999999999987
0.9 0.5050999999999994
0.98 0.8560999999999984
0.9 0.5567000000000011
0.9 0.5700500000000008
0.98 0.8927999999999982
0.98 0.8989999999999988
0.98 0.8908499999999984
0.98 0.9017499999999997
0.98 0.9252500000000003
0.98 0.9388500000000005
0.98 0.8675500000000009
0.98 0.8775500000000005
0.97 0.7311499999999965
0.97 0.7683499999999974
0.97 0.8131999999999998
0.98 0.8649500000000008
0.98 0.8983499999999984
0.98 0.9119499999999987
0.98 0.8975499999999983
0.99 0.9100499999999978
0.98 0.8905999999999991
0.98 0.8514500000000003
0.95 0.8317499999999995
0.58 0.33599999999999997
0.58 0.34840000000000054
0.6 0.3842000000000008
0.6 0.4014000000000005
0.6 0.4286500000000001
0.98 0.7619500000000012
0.98 0.7900499999999999
0.98 0.8166499999999999
0.98 0.8437499999999999
0.6 0.41350000000000037
0.6 0.4401000000000001
0.6 0.4603000000000003
0.98 0.7813499999999989
0.6 0.44065000000000076
0.6 0.4608500000000004
0.6 0.47865000000000024
0.6 0.4902499999999997
0.6 0.51325
0.6 0.5288000000000007
0.59 0.5162999999999998
0.59 0.4675000000000004
0.53 0.3283999999999995
0.55 0.34214999999999995
0.55 0.36190000000000083
0.55 0.38545000000000085
0.6 0.46130000000000054
0.6 0.4609000000000013
0.61 0.5181500000000006
0.6 0.49375000000000013
0.6 0.5222999999999999
0.62 0.5354500000000005
0.62 0.5491000000000004
0.6 0.49785
0.62 0.5581500000000004
0.62 0.5779499999999999
0.72 0.5834499999999991
0.79 0.5510000000000003
0.79 0.5383500000000006
0.9 0.5211000000000007
0.9 0.5661500000000005
0.95 0.5935000000000002
0.96 0.5824500000000002
0.96 0.5966499999999999
0.97 0.5501500000000008
0.97 0.6074499999999999
0.97 0.6127500000000005
0.96 0.5551000000000005
0.96 0.6114999999999999
0.96 0.6305999999999996
0.97 0.6785499999999988
0.97 0.7434500000000008
0.97 0.7873000000000002
0.98 0.8182500000000004
0.98 0.8394500000000005
0.98 0.8478500000000012
0.98 0.8363999999999997
0.97 0.5837500000000002
0.96 0.5207000000000002
0.97 0.5884999999999998
0.97 0.6327499999999998
0.97 0.6747499999999995
0.6 0.4668500000000009
0.92 0.5518000000000001
0.98 0.5754500000000004
0.98 0.7714
0.6 0.5248000000000002
0.86 0.5412500000000006
0.84 0.5086000000000003
0.93 0.5530500000000006
0.98 0.7267
0.96 0.7657499999999999
0.98 0.8307500000000009
0.98 0.8821000000000003
0.98 0.8980500000000015
0.98 0.9267000000000006
0.98 0.9327999999999992
0.98 0.9405499999999972
0.98 0.9423499999999969
0.98 0.9553499999999997
0.98 0.95415
0.98 0.9522500000000007
0.98 0.9506000000000006
0.98 0.9569500000000007
0.98 0.9628000000000005
0.98 0.9454500000000016
0.98 0.9632000000000002
0.98 0.9573500000000004
0.98 0.9551500000000004
0.98 0.960850000000001
0.95 0.8301499999999981
0.98 0.9464
0.95 0.8499500000000012
0.98 0.9553000000000008
0.98 0.9576
0.98 0.9536500000000001
0.98 0.9531000000000011
0.98 0.9503500000000006
0.98 0.968249999999999
0.98 0.9626499999999991
0.95 0.7491999999999992
0.98 0.9354500000000004
0.98 0.9523000000000001
0.98 0.95595
0.98 0.9531000000000002
0.98 0.9564499999999998
0.98 0.9605499999999997
0.98 0.9744499999999983
0.98 0.9583999999999996
0.98 0.9607999999999995
0.98 0.9289499999999997
0.98 0.9407000000000006
0.94 0.7654999999999978
0.98 0.8945000000000004
0.98 0.9248000000000005
0.98 0.860200000000003
0.98 0.9342000000000013
0.92 0.7518499999999971
0.98 0.9286000000000026
0.98 0.9494500000000005
0.98 0.9525500000000006
0.95 0.7627499999999985
0.96 0.7895499999999998
0.98 0.7946500000000009
0.98 0.84585
0.98 0.8463000000000003
0.98 0.6976499999999995
0.98 0.7582999999999993
0.98 0.8458000000000017
0.98 0.8937000000000009
0.98 0.9154499999999994
0.98 0.9229499999999996
0.98 0.9331999999999994
0.98 0.9487500000000004
0.98 0.9348000000000001
0.98 0.9259000000000013
0.98 0.9242000000000004
0.98 0.9426499999999988
0.98 0.9276500000000002
0.98 0.9417
0.98 0.9604999999999991
0.98 0.9565999999999996
0.98 0.964899999999999
0.98 0.968799999999999
0.98 0.9608499999999986
0.98 0.9256000000000006
0.98 0.7784999999999976
0.98 0.9148500000000032
0.98 0.5905999999999996
0.98 0.6124500000000004
0.98 0.7726499999999998
0.98 0.791949999999999
0.98 0.8688500000000019
0.98 0.8836000000000006
0.98 0.787549999999999
0.98 0.7640499999999995
0.98 0.9012500000000015
0.98 0.9337000000000003
0.98 0.9425499999999988
0.98 0.9566499999999978
0.98 0.9595999999999989
0.98 0.9543
0.98 0.9544000000000002
0.98 0.96395
0.98 0.9468500000000006
0.98 0.9638499999999993
0.98 0.9654499999999989
0.98 0.9623999999999994
0.98 0.9528499999999993
0.98 0.9560499999999995
0.98 0.9496500000000002
0.98 0.9472499999999994
0.98 0.967049999999999
0.98 0.9633499999999989
0.98 0.9648999999999986
0.98 0.9631999999999995
0.98 0.9704499999999985
0.98 0.9706499999999986
0.98 0.970299999999998
0.98 0.943649999999999
0.98 0.9627999999999985
0.98 0.9710499999999981
0.98 0.953599999999999
0.98 0.9687999999999982
0.98 0.967899999999998
0.98 0.973599999999998
0.98 0.9719499999999983
0.98 0.9669999999999986
0.98 0.9635999999999985
0.98 0.954399999999999
0.98 0.9646499999999985
0.98 0.9637999999999987
0.98 0.9701999999999977
0.98 0.970599999999998
0.98 0.9758999999999974
0.98 0.9639499999999985
0.98 0.9639499999999986
0.98 0.9676499999999981
0.98 0.9618999999999985
0.98 0.9660499999999985
0.98 0.9624999999999991
0.98 0.9642499999999988
0.98 0.9575499999999997
0.98 0.9590999999999991
0.98 0.9598999999999989
0.98 0.9609499999999994
0.93 0.8688500000000016
0.93 0.8725999999999999
0.98 0.9419999999999998
0.98 0.9559999999999996
0.98 0.967599999999999
0.98 0.9698499999999984
0.98 0.9767999999999979
0.98 0.9681499999999985
