0.94 0.40880999999999823
0.95 0.4450199999999985
0.95 0.48269
0.95 0.5021300000000001
0.95 0.5331300000000021
0.95 0.5578800000000038
0.96 0.5808400000000021
0.96 0.5916800000000025
0.96 0.6154500000000009
0.97 0.6319600000000019
0.97 0.6376600000000033
0.97 0.6543500000000031
0.97 0.6637700000000033
0.97 0.6715900000000016
0.97 0.6850600000000028
0.97 0.7020700000000013
0.98 0.7112699999999993
0.98 0.7131499999999985
0.98 0.7213399999999976
0.98 0.724369999999997
0.98 0.731379999999995
0.98 0.7426299999999929
0.98 0.7521799999999927
0.98 0.7506199999999916
0.98 0.7534899999999937
0.98 0.7634699999999957
0.98 0.7648099999999936
0.98 0.7696799999999946
0.98 0.7665599999999918
0.98 0.7811799999999941
0.98 0.7848099999999971
0.98 0.7808399999999953
0.98 0.7871699999999953
0.98 0.7890399999999975
0.98 0.7995699999999941
0.98 0.811099999999995
0.98 0.8065399999999956
0.98 0.8006299999999953
0.98 0.820249999999998
0.98 0.8342999999999963
0.98 0.8297799999999966
0.98 0.8310599999999944
0.98 0.8398999999999958
0.98 0.850569999999994
0.98 0.8413999999999949
0.98 0.8467599999999934
0.98 0.846119999999995
0.98 0.8605599999999929
0.98 0.861349999999994
0.98 0.8621999999999949
0.98 0.861709999999993
0.98 0.8678299999999962
0.98 0.8775799999999974
0.98 0.8717699999999979
0.98 0.8779300000000001
0.98 0.8726799999999981
0.98 0.8688799999999991
0.98 0.8696400000000009
0.98 0.8741399999999995
0.98 0.8764499999999992
0.98 0.8798600000000016
0.98 0.8753400000000001
0.98 0.8764899999999982
0.98 0.8835700000000009
0.98 0.8742200000000002
0.98 0.8797900000000005
0.98 0.8890200000000029
0.98 0.8836200000000028
0.98 0.8836299999999997
0.98 0.8876200000000009
0.98 0.8825700000000016
0.98 0.8721899999999981
0.98 0.8756699999999982
0.98 0.8879799999999991
0.98 0.8917399999999998
0.98 0.8918600000000008
0.98 0.8917599999999994
0.98 0.8884299999999993
0.98 0.8849199999999989
0.98 0.8756099999999974
0.98 0.8843399999999993
0.98 0.8791399999999965
0.98 0.8809499999999995
0.98 0.8785099999999968
0.98 0.8759999999999972
0.98 0.8779499999999955
0.98 0.8756499999999966
0.98 0.871199999999996
0.98 0.873389999999996
0.98 0.8767899999999963
0.98 0.8675499999999955
0.98 0.869939999999995
0.98 0.8720599999999974
0.98 0.8818399999999977
0.98 0.8777699999999957
0.98 0.866659999999995
0.98 0.8660599999999982
0.98 0.868889999999997
0.98 0.8679299999999992
0.98 0.8731599999999987
