0.8 0.417529999999998
0.94 0.45585000000000003
0.94 0.49110000000000126
0.94 0.5249900000000025
0.94 0.5598300000000034
0.97 0.5657300000000028
0.97 0.5927499999999999
0.97 0.6118399999999986
0.97 0.6369600000000012
0.97 0.6440000000000013
0.97 0.6484100000000041
0.97 0.6631600000000054
0.97 0.6839200000000036
0.97 0.6875200000000036
0.97 0.6984800000000023
0.98 0.7146999999999988
0.98 0.7206699999999987
0.98 0.7275699999999973
0.98 0.7300599999999954
0.98 0.7323299999999955
0.98 0.7360599999999947
0.98 0.748769999999992
0.98 0.7495199999999917
0.99 0.751039999999991
0.99 0.7699999999999899
0.99 0.7622899999999905
0.99 0.7797699999999931
0.99 0.779579999999993
0.99 0.7862999999999929
0.99 0.797169999999993
0.99 0.8062499999999931
0.99 0.8143799999999958
0.99 0.8145599999999947
0.99 0.8146099999999943
0.99 0.8098599999999948
0.99 0.8165399999999943
0.99 0.8137399999999958
0.99 0.8226699999999953
0.99 0.8295299999999989
0.99 0.8290799999999984
0.99 0.8390899999999981
0.99 0.8349599999999987
0.99 0.8445399999999984
0.99 0.8416099999999991
0.99 0.8372399999999957
0.99 0.8339799999999968
0.99 0.8449899999999971
0.99 0.8547899999999957
0.99 0.8581099999999943
0.99 0.8595599999999937
0.99 0.855149999999993
0.99 0.8576399999999914
0.99 0.8540699999999931
0.99 0.8614799999999928
0.99 0.8743799999999917
0.99 0.8735699999999968
0.99 0.8637299999999918
0.99 0.8599199999999928
0.99 0.8669099999999933
0.99 0.872669999999995
0.99 0.8685799999999956
0.99 0.8608999999999929
0.99 0.8723999999999955
0.99 0.872949999999995
0.99 0.8754699999999964
0.99 0.8800299999999966
0.99 0.8765199999999962
0.99 0.8798699999999987
0.99 0.8776999999999996
0.99 0.8760199999999952
0.99 0.8758499999999966
0.99 0.870219999999995
0.99 0.8788499999999971
0.99 0.8796399999999973
0.99 0.8775899999999945
0.99 0.8707299999999952
0.99 0.8656899999999933
0.99 0.8623499999999927
0.99 0.8674199999999915
0.99 0.8643799999999906
0.99 0.8580699999999936
0.99 0.8673699999999908
0.99 0.8688399999999916
0.99 0.8573199999999919
0.99 0.860989999999993
0.99 0.8705799999999922
0.99 0.8793899999999957
0.99 0.8729399999999934
0.99 0.8634599999999943
0.99 0.8699699999999928
0.99 0.8619799999999919
0.99 0.8697399999999932
0.99 0.8818299999999968
0.99 0.8728499999999972
0.99 0.8726699999999953
0.99 0.865229999999991
0.99 0.8663299999999916
0.99 0.8675699999999954
0.99 0.870259999999994
0.99 0.8703899999999931
