0.95 0.4120999999999979
0.95 0.44389999999999946
0.95 0.4732099999999998
0.95 0.5148299999999996
0.95 0.5427400000000041
0.95 0.5558100000000028
0.95 0.5873700000000003
0.95 0.5952600000000018
0.95 0.6097400000000013
0.95 0.6232200000000009
0.97 0.6331300000000022
0.97 0.6415100000000007
0.97 0.6675400000000006
0.97 0.6647500000000011
0.97 0.6766800000000015
0.97 0.676960000000001
0.97 0.6935799999999985
0.97 0.6993499999999993
0.97 0.7031399999999992
0.97 0.7053299999999973
0.97 0.7194500000000013
0.97 0.728340000000001
0.97 0.7341100000000046
0.97 0.7405700000000026
0.97 0.7355000000000018
0.97 0.7389700000000018
0.97 0.7447900000000024
0.97 0.7374100000000023
0.97 0.7457500000000052
0.97 0.7594800000000076
0.97 0.757720000000005
0.97 0.7598600000000075
0.97 0.759880000000005
0.97 0.7775200000000045
0.97 0.7676700000000058
0.97 0.7828600000000054
0.97 0.7772000000000056
0.97 0.7749200000000035
0.97 0.774650000000005
0.97 0.7801600000000044
0.97 0.7781700000000047
0.97 0.7961100000000018
0.97 0.7941000000000042
0.97 0.7900600000000044
0.97 0.7896600000000047
0.97 0.7928600000000039
0.97 0.7938100000000023
0.97 0.7998600000000038
0.97 0.8011399999999997
0.97 0.8075000000000021
0.97 0.8056100000000029
0.97 0.8041700000000008
0.97 0.8062700000000013
0.97 0.8061200000000011
0.97 0.8138600000000028
0.97 0.8233100000000025
0.97 0.8209700000000031
0.97 0.8137300000000035
0.97 0.8206800000000053
0.97 0.820840000000005
0.98 0.8189700000000022
0.98 0.8304800000000043
0.98 0.8293200000000022
0.98 0.8272100000000023
0.98 0.8344900000000025
0.98 0.839410000000003
0.98 0.8288300000000023
0.98 0.828670000000003
0.98 0.8391200000000025
0.98 0.8331200000000026
0.98 0.8441600000000026
0.98 0.8397700000000036
0.98 0.8386000000000031
0.98 0.8327800000000037
0.98 0.8392900000000025
0.98 0.8492900000000005
0.98 0.8498100000000006
0.98 0.8489699999999999
0.98 0.8541099999999975
0.98 0.8551300000000001
0.98 0.8571600000000005
0.98 0.8572099999999993
0.98 0.8524899999999977
0.98 0.8507299999999973
0.98 0.8506199999999967
0.98 0.8546599999999999
0.98 0.8528799999999985
0.98 0.8491699999999992
0.98 0.847939999999999
0.98 0.8522499999999977
0.98 0.8491299999999967
0.98 0.8506699999999964
0.98 0.8626599999999947
0.98 0.8687399999999977
0.98 0.8627099999999965
0.98 0.8544699999999962
0.98 0.8639799999999974
0.98 0.8678199999999968
0.98 0.8755399999999992
0.98 0.8624199999999966
