0.88 0.41407000000000344
0.95 0.45263000000000453
0.95 0.48391000000000434
0.95 0.5174100000000024
0.95 0.5469000000000048
0.95 0.5699800000000019
0.96 0.5933000000000044
0.97 0.6194800000000057
0.97 0.6381100000000044
0.97 0.6565200000000055
0.97 0.6622300000000063
0.97 0.6754100000000041
0.97 0.6841400000000013
0.97 0.6920999999999972
0.98 0.6923399999999971
0.98 0.7025199999999951
0.98 0.7056799999999942
0.98 0.7153899999999923
0.98 0.7181299999999927
0.98 0.7224899999999914
0.98 0.7319999999999898
0.98 0.7420299999999882
0.99 0.7382999999999889
0.99 0.7365599999999903
0.99 0.7403199999999894
0.99 0.7420599999999881
0.99 0.7539099999999863
0.99 0.7553099999999852
0.99 0.7534899999999866
0.99 0.7477699999999884
0.99 0.7557199999999874
0.99 0.7545299999999868
0.99 0.7580399999999867
0.99 0.7704599999999865
0.99 0.7626299999999856
0.99 0.7653499999999854
0.99 0.7678399999999883
0.99 0.7762299999999894
0.99 0.7846799999999897
0.99 0.7902699999999927
0.99 0.7968899999999927
0.99 0.797919999999995
0.99 0.8021399999999953
0.99 0.804659999999993
0.99 0.8035199999999945
0.99 0.8130199999999925
0.99 0.8041399999999922
0.99 0.8167099999999919
0.99 0.8135999999999949
0.99 0.8213399999999959
0.99 0.8178099999999965
0.99 0.8274399999999965
0.99 0.8341499999999962
0.99 0.8441599999999938
0.99 0.8448699999999955
0.99 0.8544399999999951
0.99 0.843439999999995
0.99 0.8518799999999925
0.99 0.851269999999995
0.99 0.8496499999999961
0.99 0.8512499999999968
0.99 0.859709999999997
0.99 0.8578699999999978
0.99 0.8651399999999949
0.99 0.8666099999999937
0.99 0.8696599999999951
0.99 0.8752599999999962
0.99 0.8669099999999988
0.99 0.8720999999999981
0.99 0.8823500000000033
0.99 0.8775200000000009
0.99 0.8835
0.99 0.8697799999999996
0.99 0.8681100000000002
0.99 0.871729999999999
0.99 0.8680599999999967
0.99 0.88028
0.99 0.8757899999999986
0.99 0.8737899999999982
0.99 0.8722899999999986
0.99 0.8732699999999999
0.99 0.8717199999999987
0.99 0.8682599999999974
0.99 0.8776799999999975
0.99 0.8806099999999953
0.99 0.8772199999999997
0.99 0.8857500000000023
0.99 0.87403
0.99 0.8760499999999994
0.99 0.8834200000000036
0.99 0.8931100000000072
0.99 0.885120000000006
0.99 0.8805200000000024
0.99 0.8815200000000011
0.99 0.8864500000000022
0.99 0.877430000000001
0.99 0.8655999999999973
0.99 0.8743600000000008
0.99 0.8824000000000027
0.99 0.8770800000000036
