0.69 0.3851999999999993
0.69 0.388849999999999
0.69 0.3925499999999981
0.69 0.42054999999999787
0.69 0.44309999999999966
0.69 0.4311499999999993
0.86 0.4065499999999986
0.71 0.4300500000000003
0.73 0.42370000000000013
0.73 0.43540000000000056
0.67 0.42705000000000026
0.69 0.443800000000001
0.69 0.41955
0.69 0.42669999999999947
0.76 0.45990000000000125
0.61 0.41184999999999905
0.69 0.4077499999999994
0.69 0.40449999999999997
0.66 0.37679999999999864
0.66 0.39284999999999926
0.68 0.4048999999999998
0.68 0.39894999999999947
0.72 0.3860499999999991
0.72 0.4040999999999997
0.63 0.44530000000000103
0.84 0.4563000000000013
0.84 0.47595000000000076
0.84 0.4926000000000011
0.7 0.4992000000000009
0.63 0.39395
0.81 0.48385000000000034
0.71 0.5246000000000003
0.84 0.4660000000000008
0.8 0.4321499999999995
0.71 0.4375500000000004
0.72 0.4753000000000008
0.91 0.5487000000000001
0.91 0.5888000000000004
0.92 0.6378
0.81 0.6340499999999998
0.83 0.6434999999999998
0.82 0.5160499999999998
0.93 0.5628999999999995
0.93 0.5446000000000004
0.9 0.49035000000000095
0.93 0.5550500000000004
0.94 0.6124500000000003
0.95 0.6401499999999999
0.83 0.5188000000000005
0.91 0.5376000000000007
0.88 0.4980000000000018
0.64 0.4622500000000016
0.62 0.443700000000001
0.88 0.5092000000000017
0.8 0.49415000000000087
0.93 0.6468500000000006
0.93 0.6549
0.94 0.6005500000000006
0.92 0.5832000000000012
0.93 0.6806500000000004
0.84 0.4359999999999996
0.88 0.5241000000000006
0.93 0.5540500000000006
