0.85 0.40899999999999587
0.85 0.4508199999999975
0.95 0.4866099999999981
0.95 0.5214899999999965
0.95 0.5532600000000029
0.97 0.5712200000000025
0.97 0.5912200000000009
0.97 0.6072899999999994
0.97 0.6214900000000015
0.97 0.6509600000000043
0.97 0.6673000000000088
0.97 0.6830700000000063
0.97 0.7011900000000052
0.97 0.7132400000000012
0.97 0.7196999999999993
0.97 0.7182899999999998
0.97 0.735759999999997
0.97 0.7443799999999952
0.97 0.7409499999999939
0.97 0.7571899999999933
0.97 0.7488899999999941
0.97 0.7602599999999919
0.98 0.7607899999999905
0.98 0.7629099999999936
0.98 0.7695599999999948
0.98 0.7714199999999947
0.98 0.7748599999999943
0.98 0.7821499999999958
0.98 0.7955799999999958
0.98 0.8076199999999935
0.98 0.8019299999999966
0.98 0.8115099999999945
0.98 0.8125899999999945
0.98 0.8205799999999965
0.98 0.8278799999999968
0.98 0.8268499999999969
0.98 0.8383699999999974
0.98 0.8420599999999973
0.98 0.8425499999999958
0.98 0.8422899999999957
0.98 0.8452799999999961
0.98 0.8512999999999965
0.98 0.8482699999999974
0.98 0.8524699999999968
0.98 0.847869999999997
0.98 0.8456299999999973
0.98 0.8510099999999972
0.98 0.8552199999999959
0.98 0.8619399999999934
0.98 0.8581599999999941
0.98 0.8610299999999942
0.98 0.8692199999999958
0.98 0.8746199999999955
0.98 0.8755899999999963
0.99 0.8802399999999995
0.99 0.8755399999999977
0.99 0.873699999999998
0.99 0.8879500000000006
0.99 0.8839099999999996
0.99 0.8708899999999966
0.99 0.8641899999999961
0.99 0.8703699999999951
0.99 0.8793599999999969
0.99 0.8809099999999982
0.99 0.8885199999999985
0.99 0.8801899999999973
0.99 0.8770099999999956
0.99 0.8871599999999965
0.99 0.8822199999999973
0.99 0.8808199999999979
0.99 0.8816799999999956
0.99 0.876039999999997
0.99 0.8806699999999978
0.99 0.8849199999999972
0.99 0.890919999999998
0.99 0.8929699999999988
0.99 0.8867999999999984
0.99 0.8863299999999962
0.99 0.8886899999999964
0.99 0.8869299999999973
0.99 0.8993899999999999
0.99 0.8872699999999983
0.99 0.8907799999999981
0.99 0.8926199999999976
0.99 0.8914400000000002
0.99 0.8840199999999979
0.99 0.8840899999999972
0.99 0.8847399999999966
0.99 0.8897099999999987
0.99 0.8897899999999981
0.99 0.89163
0.99 0.8893799999999984
0.99 0.8940699999999985
0.99 0.8939000000000005
0.99 0.8937900000000002
0.99 0.8862099999999999
0.99 0.889130000000002
0.99 0.8970700000000019
0.99 0.8847899999999996
0.99 0.8992800000000005
