0.92 0.4097199999999974
0.92 0.46173999999999904
0.95 0.49353999999999937
0.99 0.5343100000000017
0.99 0.5509800000000068
0.99 0.5723400000000048
0.99 0.597589999999999
0.99 0.6190499999999955
0.99 0.6384599999999997
0.99 0.6510900000000005
0.99 0.669449999999999
0.99 0.6804600000000005
0.99 0.6860000000000006
0.99 0.6965100000000018
1.0 0.7032900000000021
1.0 0.7244499999999994
1.0 0.7305599999999959
1.0 0.7319399999999964
1.0 0.7282899999999969
1.0 0.7392799999999947
1.0 0.7435299999999923
1.0 0.7451099999999927
1.0 0.753279999999991
1.0 0.760839999999991
1.0 0.7711299999999945
1.0 0.7808299999999949
1.0 0.7762099999999946
1.0 0.7848499999999944
1.0 0.786789999999993
1.0 0.7879199999999951
1.0 0.7926999999999957
1.0 0.7892199999999938
1.0 0.7883899999999939
1.0 0.8001699999999962
1.0 0.7952099999999964
1.0 0.8163999999999993
1.0 0.815259999999998
1.0 0.8139599999999965
1.0 0.8113799999999933
1.0 0.8086999999999944
1.0 0.8166799999999925
1.0 0.8205799999999933
1.0 0.8262299999999951
1.0 0.8250899999999957
1.0 0.8312599999999957
1.0 0.8422999999999956
1.0 0.8201099999999958
1.0 0.8192899999999955
1.0 0.8208999999999954
1.0 0.8237699999999958
1.0 0.8259599999999939
1.0 0.8361499999999928
1.0 0.8306099999999924
1.0 0.822899999999992
1.0 0.8208199999999921
1.0 0.8308199999999927
1.0 0.8355099999999948
1.0 0.8282199999999948
1.0 0.8217399999999967
1.0 0.823779999999996
1.0 0.8209899999999954
1.0 0.815609999999993
1.0 0.8064899999999937
1.0 0.8090499999999924
1.0 0.8189999999999931
1.0 0.8218599999999965
1.0 0.8323899999999944
1.0 0.8330299999999964
1.0 0.821379999999995
1.0 0.8229399999999943
1.0 0.8374699999999952
1.0 0.8429099999999965
1.0 0.8473399999999965
1.0 0.8447599999999946
1.0 0.8536399999999954
1.0 0.8362599999999971
1.0 0.8457099999999961
1.0 0.8550099999999945
1.0 0.8449999999999959
1.0 0.8441999999999981
1.0 0.8253899999999981
1.0 0.8342699999999966
1.0 0.8353499999999977
1.0 0.8389099999999984
1.0 0.8325799999999972
1.0 0.8278299999999971
1.0 0.8357699999999992
1.0 0.842779999999998
1.0 0.8360099999999999
1.0 0.8429999999999997
1.0 0.8321100000000008
1.0 0.8201799999999981
1.0 0.8187599999999978
1.0 0.8198099999999985
1.0 0.8258699999999994
1.0 0.8311099999999991
1.0 0.8292999999999976
1.0 0.8281199999999981
1.0 0.8363999999999978
1.0 0.8460899999999986
