0.36 0.6438999999999993
0.36 0.6481999999999988
0.36 0.6118999999999989
0.36 0.628199999999999
0.4 0.6396999999999987
0.26 0.6704999999999987
0.38 0.6596999999999987
0.38 0.6969999999999982
0.38 0.6562999999999988
0.21999999999999997 0.6622999999999982
0.28 0.6395999999999984
0.33999999999999997 0.6696999999999984
0.19999999999999996 0.670699999999998
0.12 0.658799999999998
0.09999999999999998 0.6325999999999985
0.09999999999999998 0.5941999999999988
0.020000000000000018 0.5896999999999983
0.38 0.6731999999999985
0.38 0.6440999999999986
0.21999999999999997 0.5960999999999983
0.24 0.5695999999999987
0.26 0.6022999999999986
0.38 0.6073999999999985
0.18000000000000005 0.5858999999999988
0.21999999999999997 0.6100999999999986
0.38 0.590499999999999
0.38 0.5825999999999989
0.38 0.6492999999999985
0.38 0.6116999999999987
0.21999999999999997 0.5796999999999985
0.21999999999999997 0.5662999999999986
0.19999999999999996 0.4575999999999997
0.36 0.543599999999999
0.33999999999999997 0.5308999999999985
0.36 0.6088999999999999
0.21999999999999997 0.5924999999999988
0.24 0.5364999999999985
0.24 0.539099999999999
0.38 0.531399999999999
0.24 0.46989999999999926
0.28 0.4459999999999992
0.38 0.5570999999999983
0.38 0.47569999999999896
0.33999999999999997 0.44689999999999974
0.33999999999999997 0.3953000000000001
0.33999999999999997 0.40970000000000034
0.09999999999999998 0.4942999999999986
0.31999999999999995 0.5366999999999981
0.19999999999999996 0.5902999999999985
0.12 0.485299999999999
0.24 0.4495999999999997
0.040000000000000036 0.45509999999999906
0.040000000000000036 0.3980999999999996
0.040000000000000036 0.3507000000000005
0.07999999999999996 0.37310000000000093
0.040000000000000036 0.3525000000000004
0.0 0.3750000000000003
