0.88 0.4369700000000015
0.95 0.46677000000000257
0.95 0.5104700000000013
0.95 0.5330900000000008
0.97 0.5625500000000011
0.98 0.5960100000000006
0.98 0.6341299999999968
0.98 0.6477899999999995
0.98 0.65189
0.98 0.6762800000000024
0.98 0.6883799999999995
0.98 0.7018300000000054
0.98 0.6998900000000077
0.98 0.7145500000000076
0.98 0.7221900000000103
0.98 0.7282300000000091
0.98 0.7393000000000104
0.98 0.7383400000000102
0.98 0.742050000000011
0.98 0.7485300000000094
0.98 0.7506300000000091
0.98 0.7600400000000078
0.98 0.7659400000000067
0.98 0.7644900000000074
0.98 0.763470000000007
0.98 0.7762500000000064
0.98 0.7841900000000055
0.98 0.779850000000005
0.98 0.7793100000000055
0.98 0.7796800000000051
0.98 0.7943100000000042
0.98 0.7981100000000046
0.98 0.8020800000000042
0.98 0.8073100000000045
0.98 0.8125400000000026
0.98 0.817760000000002
0.98 0.8198800000000023
0.98 0.8147000000000005
0.98 0.8218500000000026
0.98 0.8176100000000026
0.98 0.8228700000000034
0.98 0.8315500000000041
0.98 0.8436400000000043
0.98 0.8424000000000035
0.98 0.8375000000000038
0.98 0.8484800000000048
0.98 0.8504500000000037
0.98 0.8539900000000016
0.98 0.8588000000000017
0.98 0.863550000000002
0.98 0.8585300000000017
0.98 0.847760000000003
0.98 0.8328000000000044
0.98 0.8385900000000055
0.98 0.8481700000000054
0.98 0.8415300000000039
0.98 0.8357700000000035
0.98 0.8366600000000041
0.98 0.8413900000000035
0.98 0.8455800000000031
0.98 0.8486700000000036
0.98 0.8494900000000042
0.98 0.8426400000000048
0.98 0.8350900000000048
0.98 0.8430100000000054
0.98 0.8477400000000037
0.98 0.8487600000000038
0.98 0.8546200000000033
0.98 0.8495600000000033
0.98 0.8465400000000036
0.98 0.8425100000000038
0.98 0.8441300000000038
0.98 0.8356900000000036
0.98 0.846380000000002
0.98 0.8399400000000034
0.98 0.8395200000000032
0.98 0.8428000000000034
0.98 0.8435200000000035
0.98 0.8444700000000045
0.98 0.8578800000000021
0.98 0.8373400000000021
0.98 0.8434300000000027
0.98 0.847020000000002
0.98 0.8489100000000012
0.98 0.8574400000000016
0.98 0.854260000000002
0.99 0.8538500000000037
0.99 0.8529100000000038
0.99 0.8538500000000036
0.99 0.8470100000000028
0.99 0.8518500000000014
0.99 0.8468200000000023
0.99 0.8373600000000033
0.99 0.8524900000000029
0.99 0.8470400000000031
0.99 0.8528100000000016
0.99 0.8469500000000023
0.99 0.845980000000003
0.99 0.8466100000000022
0.99 0.8429400000000026
