0.21999999999999997 0.6207000000000022
0.18000000000000005 0.6239000000000026
0.18000000000000005 0.6219000000000023
0.30000000000000004 0.593800000000002
0.38 0.6479000000000024
0.4 0.6090000000000019
0.38 0.620800000000002
0.38 0.6321000000000023
0.33999999999999997 0.5802000000000014
0.07999999999999996 0.5746000000000017
0.07999999999999996 0.5379000000000014
0.14 0.5929000000000024
0.12 0.5504000000000014
0.4 0.511800000000001
0.31999999999999995 0.45840000000000086
0.33999999999999997 0.46890000000000076
0.4 0.5320000000000007
0.33999999999999997 0.4556000000000007
0.38 0.5015000000000012
0.36 0.44530000000000036
0.12 0.3750000000000007
0.12 0.3950000000000011
0.18000000000000005 0.3802000000000006
0.19999999999999996 0.4182000000000006
0.19999999999999996 0.434300000000001
0.26 0.4741000000000007
0.24 0.45970000000000105
0.26 0.5128000000000006
0.38 0.5736000000000009
0.19999999999999996 0.45190000000000075
0.19999999999999996 0.39880000000000004
0.19999999999999996 0.4097000000000004
0.14 0.4830000000000005
0.16000000000000003 0.5089000000000007
0.21999999999999997 0.46500000000000014
0.19999999999999996 0.4445000000000005
0.14 0.403400000000001
0.12 0.44600000000000045
0.24 0.4310999999999999
0.36 0.4432000000000004
0.26 0.4429999999999998
0.4 0.43860000000000016
0.38 0.4183000000000003
0.38 0.5407000000000011
0.38 0.47410000000000013
0.38 0.47380000000000067
0.36 0.4283000000000002
0.4 0.4062000000000006
0.33999999999999997 0.5534000000000019
0.28 0.5234000000000012
0.33999999999999997 0.46500000000000036
0.30000000000000004 0.39830000000000054
0.36 0.41210000000000063
0.38 0.3991000000000006
0.36 0.40380000000000066
0.36 0.40570000000000084
0.38 0.3990000000000009
0.38 0.39160000000000095
0.38 0.5385000000000008
0.36 0.45430000000000065
0.30000000000000004 0.38840000000000074
0.30000000000000004 0.4025000000000005
0.30000000000000004 0.3909000000000007
0.30000000000000004 0.3866000000000006
0.30000000000000004 0.44500000000000084
0.38 0.4066000000000005
0.38 0.41670000000000085
0.38 0.3865000000000007
0.30000000000000004 0.3988000000000009
0.38 0.6405000000000018
0.30000000000000004 0.516800000000001
0.30000000000000004 0.4890000000000008
0.30000000000000004 0.389500000000001
0.26 0.45910000000000006
0.21999999999999997 0.42410000000000075
0.21999999999999997 0.44460000000000016
0.36 0.5063000000000006
0.38 0.5123000000000004
0.19999999999999996 0.4222000000000003
0.19999999999999996 0.4314000000000003
0.19999999999999996 0.44790000000000013
0.19999999999999996 0.39759999999999995
0.21999999999999997 0.3869000000000005
0.18000000000000005 0.40090000000000053
0.19999999999999996 0.42719999999999986
0.14 0.3798
0.14 0.3486000000000002
0.14 0.3319000000000002
0.14 0.33910000000000035
0.16000000000000003 0.34670000000000023
0.07999999999999996 0.3198000000000004
0.07999999999999996 0.2689000000000001
0.040000000000000036 0.3064000000000003
0.040000000000000036 0.2612000000000003
0.040000000000000036 0.23950000000000016
0.040000000000000036 0.24590000000000004
0.040000000000000036 0.24270000000000025
0.040000000000000036 0.21160000000000004
0.040000000000000036 0.18600000000000003
0.040000000000000036 0.16030000000000008
0.06000000000000005 0.29370000000000035
0.06000000000000005 0.27610000000000023
0.040000000000000036 0.30680000000000024
0.040000000000000036 0.22990000000000013
0.06000000000000005 0.2693
0.07999999999999996 0.1739000000000001
0.06000000000000005 0.2955
0.040000000000000036 0.3552000000000003
0.18000000000000005 0.36780000000000035
0.040000000000000036 0.36550000000000077
0.040000000000000036 0.32110000000000016
0.06000000000000005 0.40660000000000046
0.06000000000000005 0.3443
0.12 0.3971999999999997
0.06000000000000005 0.22829999999999984
0.06000000000000005 0.3339999999999999
0.040000000000000036 0.3377999999999998
0.06000000000000005 0.34280000000000044
0.06000000000000005 0.3472999999999999
0.06000000000000005 0.33039999999999997
0.07999999999999996 0.2066999999999999
0.07999999999999996 0.26050000000000045
0.07999999999999996 0.14949999999999997
0.07999999999999996 0.30380000000000046
0.07999999999999996 0.18089999999999995
0.06000000000000005 0.33380000000000026
0.07999999999999996 0.4086000000000002
0.07999999999999996 0.4519000000000004
0.56 0.6900000000000012
0.38 0.6272000000000009
0.040000000000000036 0.5724000000000009
0.07999999999999996 0.5052999999999999
0.07999999999999996 0.4180000000000007
0.040000000000000036 0.33020000000000005
0.040000000000000036 0.36700000000000016
0.36 0.6170000000000015
0.5800000000000001 0.6208000000000016
0.36 0.5830000000000014
0.62 0.6202000000000016
0.62 0.6200000000000017
0.45999999999999996 0.6201000000000015
0.62 0.6200000000000017
0.62 0.6200000000000017
0.62 0.6200000000000017
0.62 0.6210000000000016
0.62 0.6206000000000016
0.31999999999999995 0.5977000000000015
0.5800000000000001 0.6198000000000016
0.5800000000000001 0.6192000000000015
0.30000000000000004 0.5597000000000021
0.30000000000000004 0.5642000000000017
0.12 0.5184000000000012
0.040000000000000036 0.3957000000000005
0.14 0.3602000000000001
0.31999999999999995 0.33609999999999984
0.040000000000000036 0.30419999999999964
0.040000000000000036 0.49300000000000144
0.040000000000000036 0.5047000000000007
0.07999999999999996 0.40630000000000055
0.07999999999999996 0.2753000000000001
0.06000000000000005 0.22209999999999996
0.040000000000000036 0.3496999999999999
0.06000000000000005 0.13130000000000008
0.06000000000000005 0.11860000000000008
0.06000000000000005 0.12580000000000005
0.06000000000000005 0.1070000000000001
0.06000000000000005 0.10180000000000008
0.06000000000000005 0.1078000000000001
0.06000000000000005 0.1067000000000001
0.06000000000000005 0.10990000000000004
0.09999999999999998 0.22460000000000008
0.06000000000000005 0.2156000000000001
0.06000000000000005 0.15780000000000016
0.06000000000000005 0.10820000000000014
0.06000000000000005 0.1077000000000001
0.040000000000000036 0.32729999999999976
0.30000000000000004 0.3266999999999996
0.30000000000000004 0.32829999999999937
0.30000000000000004 0.33159999999999945
0.30000000000000004 0.6535000000000025
0.07999999999999996 0.5914000000000021
0.30000000000000004 0.5753000000000023
0.07999999999999996 0.34429999999999994
0.30000000000000004 0.33809999999999973
0.040000000000000036 0.32879999999999954
0.06000000000000005 0.4583000000000008
0.06000000000000005 0.42060000000000075
0.06000000000000005 0.40900000000000075
0.040000000000000036 0.3553000000000005
0.07999999999999996 0.3086000000000002
0.06000000000000005 0.22560000000000013
0.06000000000000005 0.11660000000000002
0.06000000000000005 0.10310000000000008
0.06000000000000005 0.0895000000000001
0.06000000000000005 0.08540000000000017
0.06000000000000005 0.11070000000000021
0.06000000000000005 0.10100000000000026
0.06000000000000005 0.14080000000000012
0.06000000000000005 0.12140000000000012
0.06000000000000005 0.13190000000000007
0.06000000000000005 0.09280000000000019
0.06000000000000005 0.08410000000000024
0.06000000000000005 0.11290000000000017
0.06000000000000005 0.07440000000000029
0.06000000000000005 0.07280000000000027
0.06000000000000005 0.12800000000000009
0.06000000000000005 0.09940000000000017
0.06000000000000005 0.08100000000000024
0.07999999999999996 0.18439999999999995
0.07999999999999996 0.22769999999999999
0.07999999999999996 0.18769999999999995
0.07999999999999996 0.18149999999999986
0.07999999999999996 0.1542000000000001
0.07999999999999996 0.12930000000000008
0.07999999999999996 0.09480000000000008
0.07999999999999996 0.08180000000000011
0.07999999999999996 0.08400000000000012
0.07999999999999996 0.08730000000000013
0.06000000000000005 0.1437000000000001
0.06000000000000005 0.1007000000000001
0.06000000000000005 0.10560000000000012
0.06000000000000005 0.08060000000000017
0.06000000000000005 0.08090000000000018
0.07999999999999996 0.09800000000000007
0.07999999999999996 0.07450000000000018
0.07999999999999996 0.07170000000000021
0.07999999999999996 0.0790000000000002
0.07999999999999996 0.07660000000000021
0.07999999999999996 0.07800000000000024
0.07999999999999996 0.07340000000000023
0.07999999999999996 0.16220000000000007
0.06000000000000005 0.09650000000000018
0.06000000000000005 0.0861000000000002
0.06000000000000005 0.08240000000000021
0.06000000000000005 0.07320000000000024
0.06000000000000005 0.07990000000000023
0.06000000000000005 0.07300000000000025
0.06000000000000005 0.07260000000000022
0.06000000000000005 0.1006000000000002
0.06000000000000005 0.2596000000000009
0.06000000000000005 0.19510000000000033
0.06000000000000005 0.13780000000000014
0.06000000000000005 0.10530000000000019
0.30000000000000004 0.33680000000000154
0.30000000000000004 0.3345000000000015
0.06000000000000005 0.28010000000000107
0.06000000000000005 0.25630000000000097
0.06000000000000005 0.30970000000000064
0.06000000000000005 0.1312000000000001
0.06000000000000005 0.09790000000000006
0.07999999999999996 0.11020000000000013
0.07999999999999996 0.08460000000000013
0.06000000000000005 0.07740000000000019
0.06000000000000005 0.07680000000000019
0.06000000000000005 0.0758000000000002
0.06000000000000005 0.07030000000000024
0.06000000000000005 0.07360000000000025
0.06000000000000005 0.0731000000000002
0.06000000000000005 0.07070000000000028
0.06000000000000005 0.07290000000000027
0.06000000000000005 0.06730000000000028
0.06000000000000005 0.08500000000000024
0.06000000000000005 0.07770000000000023
0.06000000000000005 0.06910000000000024
0.06000000000000005 0.06940000000000021
0.06000000000000005 0.09130000000000021
0.06000000000000005 0.07120000000000025
0.06000000000000005 0.11400000000000016
0.06000000000000005 0.11500000000000017
0.06000000000000005 0.12250000000000014
0.06000000000000005 0.09590000000000021
0.06000000000000005 0.09470000000000021
0.06000000000000005 0.2547000000000008
0.31999999999999995 0.33800000000000163
0.31999999999999995 0.3341000000000016
0.31999999999999995 0.3339000000000016
0.31999999999999995 0.3275000000000015
0.30000000000000004 0.33030000000000115
0.30000000000000004 0.31440000000000023
0.28 0.3244000000000002
0.30000000000000004 0.3084999999999997
0.28 0.33800000000000013
0.30000000000000004 0.35600000000000037
0.28 0.34910000000000063
0.28 0.3198000000000003
0.28 0.3068999999999997
0.28 0.29979999999999923
0.30000000000000004 0.3028999999999992
0.28 0.33699999999999947
0.24 0.3119999999999992
0.09999999999999998 0.31589999999999985
0.07999999999999996 0.2825999999999995
0.040000000000000036 0.2731000000000002
0.040000000000000036 0.2481999999999999
0.16000000000000003 0.2536999999999997
0.040000000000000036 0.23599999999999965
0.07999999999999996 0.2673999999999997
0.06000000000000005 0.2205999999999999
0.06000000000000005 0.24979999999999972
0.06000000000000005 0.24169999999999997
0.06000000000000005 0.22399999999999987
0.06000000000000005 0.2025000000000001
0.16000000000000003 0.30010000000000037
0.06000000000000005 0.26420000000000005
0.14 0.26480000000000015
0.14 0.23880000000000012
0.07999999999999996 0.20079999999999984
0.06000000000000005 0.18739999999999976
0.14 0.1832999999999999
0.12 0.1672
0.06000000000000005 0.13570000000000015
0.09999999999999998 0.15190000000000015
0.09999999999999998 0.16120000000000012
0.07999999999999996 0.14640000000000009
0.07999999999999996 0.13290000000000005
0.07999999999999996 0.1376
0.07999999999999996 0.13359999999999989
0.06000000000000005 0.09899999999999999
0.06000000000000005 0.09520000000000003
0.07999999999999996 0.11399999999999981
0.07999999999999996 0.1282999999999998
0.07999999999999996 0.11869999999999978
0.07999999999999996 0.19690000000000002
0.07999999999999996 0.13319999999999974
0.07999999999999996 0.12229999999999976
0.06000000000000005 0.16249999999999976
0.14 0.27240000000000014
0.14 0.2227999999999997
0.14 0.20419999999999963
0.14 0.1859999999999996
0.14 0.17239999999999978
0.06000000000000005 0.14300000000000007
0.06000000000000005 0.1400000000000001
0.06000000000000005 0.12929999999999994
0.06000000000000005 0.1159999999999999
0.06000000000000005 0.12189999999999988
0.06000000000000005 0.11049999999999986
0.06000000000000005 0.10229999999999995
0.06000000000000005 0.17549999999999993
0.06000000000000005 0.16480000000000003
0.06000000000000005 0.14280000000000018
0.06000000000000005 0.1404000000000001
0.06000000000000005 0.12880000000000008
0.06000000000000005 0.11170000000000012
0.06000000000000005 0.10770000000000018
0.06000000000000005 0.09230000000000022
0.06000000000000005 0.08890000000000031
0.06000000000000005 0.08690000000000024
0.06000000000000005 0.0881000000000002
0.06000000000000005 0.07900000000000022
0.06000000000000005 0.0729000000000002
0.14 0.3238000000000006
0.06000000000000005 0.2753000000000003
0.06000000000000005 0.11369999999999995
0.14 0.2664000000000003
0.06000000000000005 0.13729999999999978
0.14 0.21899999999999997
0.14 0.1851
0.06000000000000005 0.16369999999999985
0.06000000000000005 0.12739999999999996
0.06000000000000005 0.10310000000000008
0.06000000000000005 0.09040000000000008
0.06000000000000005 0.08460000000000013
0.06000000000000005 0.19600000000000006
0.06000000000000005 0.12159999999999999
0.06000000000000005 0.13599999999999998
0.06000000000000005 0.2109
0.06000000000000005 0.15809999999999996
0.06000000000000005 0.08630000000000015
0.06000000000000005 0.09360000000000016
0.06000000000000005 0.12829999999999994
0.14 0.2438999999999996
0.16000000000000003 0.22889999999999935
0.16000000000000003 0.22199999999999961
0.16000000000000003 0.2218999999999999
0.06000000000000005 0.22349999999999987
0.06000000000000005 0.13600000000000004
0.06000000000000005 0.16949999999999965
0.06000000000000005 0.16779999999999962
0.06000000000000005 0.1871999999999999
0.06000000000000005 0.11990000000000002
0.06000000000000005 0.3225999999999994
0.06000000000000005 0.17390000000000008
0.06000000000000005 0.10260000000000014
0.06000000000000005 0.08540000000000016
0.06000000000000005 0.111
0.06000000000000005 0.0651000000000003
0.06000000000000005 0.0686000000000003
0.06000000000000005 0.06550000000000032
0.06000000000000005 0.06320000000000031
0.06000000000000005 0.06770000000000026
0.06000000000000005 0.06480000000000029
0.06000000000000005 0.06600000000000032
0.06000000000000005 0.12540000000000018
0.06000000000000005 0.07230000000000031
0.06000000000000005 0.10770000000000021
0.06000000000000005 0.12720000000000012
0.06000000000000005 0.07540000000000027
0.06000000000000005 0.0670000000000003
0.06000000000000005 0.07240000000000028
0.06000000000000005 0.06350000000000029
0.06000000000000005 0.06130000000000031
0.06000000000000005 0.06380000000000031
0.06000000000000005 0.06630000000000032
0.06000000000000005 0.06350000000000032
0.06000000000000005 0.06350000000000032
0.06000000000000005 0.06550000000000034
0.06000000000000005 0.06460000000000032
0.06000000000000005 0.0651000000000003
0.06000000000000005 0.06020000000000032
0.06000000000000005 0.06040000000000033
0.06000000000000005 0.06190000000000033
0.06000000000000005 0.06880000000000028
0.06000000000000005 0.06910000000000029
0.06000000000000005 0.06400000000000032
0.06000000000000005 0.06080000000000034
0.06000000000000005 0.06290000000000033
0.06000000000000005 0.06310000000000032
0.06000000000000005 0.0638000000000003
0.06000000000000005 0.0610000000000003
0.06000000000000005 0.06720000000000032
0.06000000000000005 0.08370000000000025
0.06000000000000005 0.06720000000000032
0.06000000000000005 0.08700000000000026
0.06000000000000005 0.0616000000000003
0.06000000000000005 0.0686000000000003
0.06000000000000005 0.06190000000000032
0.06000000000000005 0.06450000000000031
0.06000000000000005 0.06180000000000034
0.06000000000000005 0.06410000000000031
0.06000000000000005 0.06380000000000031
0.06000000000000005 0.06070000000000034
0.06000000000000005 0.06130000000000033
0.06000000000000005 0.06250000000000032
0.06000000000000005 0.06550000000000034
0.06000000000000005 0.06350000000000032
0.06000000000000005 0.061500000000000304
0.06000000000000005 0.06270000000000034
0.06000000000000005 0.0673000000000003
0.06000000000000005 0.14920000000000003
0.06000000000000005 0.06870000000000032
0.06000000000000005 0.06380000000000031
0.06000000000000005 0.08220000000000033
0.06000000000000005 0.07090000000000034
0.06000000000000005 0.062300000000000307
0.06000000000000005 0.0635000000000003
0.06000000000000005 0.09940000000000017
0.06000000000000005 0.06720000000000029
0.06000000000000005 0.06970000000000028
0.06000000000000005 0.0668000000000003
0.06000000000000005 0.06210000000000031
0.06000000000000005 0.06080000000000032
0.06000000000000005 0.06230000000000033
0.06000000000000005 0.06490000000000032
0.06000000000000005 0.06960000000000029
0.06000000000000005 0.0635000000000003
0.06000000000000005 0.06410000000000032
0.06000000000000005 0.06310000000000032
0.06000000000000005 0.06230000000000031
0.06000000000000005 0.06070000000000032
0.06000000000000005 0.06350000000000032
0.06000000000000005 0.0626000000000003
0.06000000000000005 0.06340000000000033
0.06000000000000005 0.06160000000000032
0.06000000000000005 0.06200000000000033
0.06000000000000005 0.06300000000000032
0.06000000000000005 0.061100000000000335
0.06000000000000005 0.06120000000000033
0.06000000000000005 0.08600000000000031
0.06000000000000005 0.0781000000000003
0.06000000000000005 0.0718000000000003
0.06000000000000005 0.0709000000000003
0.06000000000000005 0.1008000000000003
0.06000000000000005 0.0717000000000003
0.06000000000000005 0.06800000000000032
0.06000000000000005 0.06490000000000032
0.06000000000000005 0.062300000000000334
0.06000000000000005 0.0901000000000003
0.06000000000000005 0.09460000000000018
0.06000000000000005 0.08710000000000027
0.06000000000000005 0.06480000000000033
0.06000000000000005 0.0674000000000003
0.06000000000000005 0.06290000000000032
0.06000000000000005 0.06720000000000023
0.06000000000000005 0.06820000000000018
0.06000000000000005 0.07770000000000023
0.06000000000000005 0.06540000000000029
0.06000000000000005 0.06630000000000032
0.06000000000000005 0.06480000000000033
0.06000000000000005 0.07170000000000025
0.06000000000000005 0.0674000000000003
0.06000000000000005 0.06360000000000031
0.06000000000000005 0.061100000000000335
0.06000000000000005 0.07360000000000032
0.06000000000000005 0.2406999999999997
0.06000000000000005 0.11380000000000007
0.06000000000000005 0.08900000000000004
0.06000000000000005 0.1068000000000001
0.06000000000000005 0.18250000000000025
0.06000000000000005 0.07900000000000017
