0.65 0.378100000000001
0.65 0.380900000000001
0.66 0.4121500000000006
0.66 0.41900000000000076
0.69 0.40110000000000107
0.85 0.43070000000000036
0.71 0.4152000000000004
0.77 0.4310999999999996
0.69 0.4221000000000004
0.74 0.4285999999999999
0.73 0.4311000000000004
0.87 0.47204999999999886
0.72 0.4422499999999994
0.66 0.37755000000000116
0.7 0.4430499999999987
0.8 0.453449999999999
0.87 0.37600000000000117
0.87 0.43464999999999904
0.66 0.3744000000000012
0.87 0.3935500000000006
0.66 0.3998000000000001
0.69 0.40060000000000023
0.7 0.3921499999999999
0.66 0.40384999999999976
0.68 0.39909999999999973
0.66 0.3986999999999996
0.7 0.4075499999999994
0.66 0.4033499999999995
0.82 0.4299499999999988
0.73 0.4005999999999998
0.81 0.44474999999999854
0.74 0.4152499999999994
0.63 0.381450000000001
0.66 0.3820000000000006
0.66 0.38660000000000033
0.91 0.4179999999999995
0.91 0.4408999999999991
0.65 0.3771500000000006
0.78 0.4072000000000003
0.66 0.4205999999999988
0.66 0.41989999999999905
0.66 0.38939999999999997
0.77 0.417899999999999
0.66 0.439049999999998
0.66 0.4678499999999986
0.74 0.4876999999999994
0.79 0.45494999999999974
0.66 0.49224999999999985
0.79 0.47249999999999964
0.79 0.5091499999999995
0.82 0.5219999999999997
0.82 0.544199999999999
0.82 0.5521499999999985
0.82 0.5592999999999997
0.86 0.6021499999999991
0.86 0.5788499999999991
0.85 0.5732499999999989
0.84 0.5884499999999997
0.85 0.6240999999999989
0.9 0.6465499999999994
0.86 0.6718499999999997
0.88 0.6341499999999994
0.88 0.6043499999999995
0.88 0.6027999999999999
0.88 0.5641499999999998
0.89 0.6337499999999995
0.93 0.6321000000000001
0.95 0.6928999999999996
0.84 0.4832499999999999
0.92 0.4503000000000007
0.92 0.48755000000000037
0.92 0.5862499999999993
0.93 0.63725
0.95 0.6748499999999996
0.87 0.6457499999999987
0.93 0.6955500000000001
0.95 0.7487499999999997
0.95 0.6790000000000004
0.77 0.617499999999999
0.77 0.5584999999999983
0.74 0.5862999999999995
0.71 0.5381499999999995
0.87 0.5532999999999992
0.87 0.6042000000000002
0.92 0.6522500000000006
0.92 0.6669499999999996
0.92 0.623599999999999
0.88 0.6136499999999994
0.91 0.6918999999999993
0.92 0.7441999999999999
0.92 0.7512999999999995
0.92 0.7491
0.95 0.7897499999999995
0.92 0.6591499999999993
0.94 0.6563499999999992
0.95 0.8168499999999987
0.7 0.39589999999999925
0.7 0.4326999999999981
0.78 0.4982499999999997
0.87 0.5150499999999993
0.63 0.42489999999999817
0.69 0.43099999999999833
0.73 0.45669999999999944
0.82 0.48374999999999935
0.89 0.5351499999999993
0.87 0.5352499999999992
0.93 0.5817499999999999
0.9 0.6144000000000001
0.9 0.5443
0.92 0.6223000000000003
0.92 0.6895500000000009
0.93 0.718
0.82 0.5503999999999991
0.82 0.6335999999999998
0.89 0.6398999999999999
0.84 0.59125
0.86 0.6782999999999997
0.86 0.65055
0.94 0.6932500000000006
0.81 0.6508000000000008
0.82 0.6556500000000004
0.84 0.6068999999999997
0.88 0.6465499999999997
0.77 0.6120999999999992
0.79 0.6374499999999995
0.81 0.635349999999999
0.81 0.6488499999999989
0.92 0.680649999999999
0.92 0.6899999999999996
0.89 0.7349500000000002
0.92 0.7339500000000002
0.96 0.7961499999999997
