0.31999999999999995 0.6092999999999996
0.28 0.5962000000000003
0.14 0.5862999999999999
0.24 0.5647
0.28 0.5805999999999996
0.30000000000000004 0.5938000000000002
0.12 0.6110999999999999
0.19999999999999996 0.5808999999999996
0.16000000000000003 0.5724999999999995
0.18000000000000005 0.6242000000000002
0.16000000000000003 0.5886
0.30000000000000004 0.5810999999999998
0.33999999999999997 0.6289999999999999
0.16000000000000003 0.6029999999999996
0.21999999999999997 0.6047999999999998
0.31999999999999995 0.6155999999999999
0.19999999999999996 0.5549000000000002
0.07999999999999996 0.5429000000000002
0.16000000000000003 0.5415000000000002
0.16000000000000003 0.4797
0.020000000000000018 0.43509999999999993
0.12 0.5268999999999999
0.14 0.5036000000000002
0.16000000000000003 0.5875999999999999
0.12 0.5180999999999999
0.14 0.5933000000000005
0.12 0.6131000000000003
0.040000000000000036 0.5813000000000003
0.040000000000000036 0.5604000000000005
0.09999999999999998 0.4751000000000001
0.020000000000000018 0.47910000000000075
0.07999999999999996 0.3561000000000001
0.07999999999999996 0.3568000000000003
0.09999999999999998 0.3724000000000002
0.09999999999999998 0.30170000000000013
0.020000000000000018 0.27610000000000007
0.06000000000000005 0.22890000000000008
0.07999999999999996 0.21639999999999998
0.12 0.19850000000000004
0.040000000000000036 0.19109999999999988
0.040000000000000036 0.24300000000000035
0.040000000000000036 0.2540000000000005
0.020000000000000018 0.2024999999999999
0.040000000000000036 0.23180000000000017
0.020000000000000018 0.21150000000000013
0.040000000000000036 0.12959999999999997
0.14 0.2975000000000004
0.18000000000000005 0.29290000000000044
0.12 0.2367000000000004
0.12 0.30340000000000056
0.020000000000000018 0.27370000000000044
0.020000000000000018 0.20880000000000037
0.020000000000000018 0.1772000000000001
0.020000000000000018 0.12270000000000009
0.040000000000000036 0.13770000000000007
0.020000000000000018 0.1469000000000001
0.020000000000000018 0.15009999999999996
0.0 0.16480000000000025
