0.67 0.37594999999999906
0.72 0.39144999999999897
0.65 0.383999999999999
0.89 0.38759999999999883
0.66 0.37454999999999905
0.67 0.378599999999999
0.7 0.3872999999999988
0.75 0.3938499999999989
0.72 0.3777499999999987
0.79 0.4141499999999987
0.79 0.40664999999999873
0.79 0.43725000000000025
0.73 0.43354999999999977
0.77 0.4066999999999987
0.73 0.4229499999999998
0.77 0.42105000000000004
0.65 0.3983499999999994
0.68 0.4218999999999999
0.69 0.390549999999999
0.88 0.4523000000000011
0.65 0.4301000000000002
0.67 0.42015
0.67 0.3934999999999993
0.67 0.3873999999999995
0.67 0.3988999999999996
0.67 0.40759999999999963
0.67 0.39484999999999937
0.67 0.40784999999999966
0.67 0.40859999999999935
0.67 0.4107
0.67 0.40215
0.67 0.42305000000000026
0.67 0.4198000000000001
0.67 0.41904999999999964
0.67 0.4352500000000007
0.68 0.42290000000000033
0.67 0.44330000000000064
0.68 0.4189499999999999
0.67 0.40704999999999997
0.73 0.4080999999999996
0.73 0.4009999999999995
0.69 0.42234999999999995
0.69 0.44475000000000087
0.67 0.4172
0.72 0.4069499999999996
0.72 0.4058499999999996
0.72 0.39794999999999964
0.72 0.38909999999999956
0.72 0.39849999999999963
0.67 0.39104999999999956
0.67 0.3909499999999994
0.67 0.3988999999999994
0.71 0.39589999999999953
0.71 0.41209999999999986
0.67 0.4042499999999993
0.7 0.4292500000000004
0.71 0.44780000000000103
0.72 0.4485500000000006
0.76 0.462350000000001
0.67 0.42344999999999966
0.74 0.46245000000000097
0.74 0.4722500000000013
0.74 0.4843500000000018
0.74 0.44970000000000043
0.75 0.4160999999999996
0.75 0.41480000000000017
0.75 0.4017999999999999
0.75 0.3870499999999996
0.75 0.39855
0.67 0.3860499999999998
0.74 0.4023
0.67 0.3974999999999999
0.67 0.41780000000000017
0.67 0.4248500000000001
0.67 0.4352000000000005
0.67 0.4417000000000007
0.67 0.48470000000000185
0.67 0.5430000000000011
0.67 0.5458000000000005
0.67 0.5489500000000016
0.67 0.5671500000000012
0.67 0.5978000000000009
0.67 0.6174000000000011
0.67 0.5689000000000017
0.67 0.6348500000000011
0.67 0.6327000000000015
0.67 0.6421500000000013
0.67 0.6514500000000015
0.67 0.5673000000000024
0.67 0.5411500000000022
0.67 0.5434500000000019
0.67 0.4776000000000018
0.67 0.6249500000000017
0.67 0.5669500000000017
0.67 0.5840500000000017
0.67 0.5839500000000019
0.67 0.5534000000000019
0.67 0.5414000000000017
0.67 0.44160000000000044
0.67 0.5539000000000023
0.67 0.5819000000000019
0.67 0.5053000000000022
0.67 0.5125500000000021
0.67 0.5457500000000014
0.67 0.5724500000000012
0.67 0.5922500000000013
0.67 0.5979500000000014
0.67 0.6134500000000009
0.67 0.6286500000000008
0.67 0.6291000000000012
0.67 0.6248500000000012
0.67 0.6423000000000013
0.67 0.6412500000000013
0.67 0.6530000000000014
0.67 0.6500000000000012
0.67 0.6379500000000013
0.67 0.5956000000000009
0.67 0.5850000000000012
0.67 0.3274999999999985
0.67 0.4568999999999994
0.67 0.4666500000000001
0.67 0.601000000000001
0.67 0.5480000000000003
0.67 0.6135500000000014
0.67 0.6384000000000014
0.67 0.5922500000000014
0.67 0.6378500000000014
0.67 0.3173499999999987
0.67 0.32914999999999867
0.67 0.34414999999999857
0.67 0.35604999999999853
0.67 0.3906499999999985
0.67 0.41084999999999866
0.67 0.47185000000000005
0.67 0.49875000000000064
0.67 0.5074000000000006
0.67 0.4997999999999999
0.67 0.5069500000000003
0.67 0.5393000000000003
0.67 0.5642000000000006
0.67 0.6094500000000012
0.67 0.6150500000000005
0.67 0.5716500000000007
0.67 0.5149
0.67 0.4053999999999982
0.67 0.4567499999999991
0.67 0.4840500000000004
0.67 0.5125500000000004
0.67 0.5569500000000015
0.67 0.5216000000000013
0.67 0.5315500000000007
0.67 0.5597500000000012
0.67 0.5750500000000014
0.67 0.544250000000001
0.67 0.576750000000001
0.67 0.5948000000000012
0.67 0.46705000000000146
0.67 0.5728500000000017
0.67 0.5854000000000014
0.67 0.5096000000000018
0.67 0.5223500000000013
0.67 0.5562000000000012
0.67 0.5733500000000014
0.67 0.5482000000000016
0.67 0.33659999999999857
0.67 0.4995000000000001
0.67 0.5496000000000018
0.67 0.4925500000000006
0.67 0.48390000000000144
0.67 0.5185000000000017
0.67 0.5231500000000008
0.67 0.5199999999999999
0.67 0.5217000000000003
0.67 0.5327000000000014
0.67 0.572500000000001
0.67 0.5881500000000017
0.67 0.6064000000000016
0.67 0.6201500000000011
0.67 0.6120500000000013
0.67 0.625650000000001
0.67 0.6342500000000012
0.67 0.6131500000000012
0.67 0.6316500000000009
0.67 0.6426000000000013
0.67 0.6524000000000012
0.67 0.6369000000000015
0.67 0.6320500000000016
0.67 0.5190500000000026
0.67 0.6246000000000017
0.67 0.6141000000000018
0.67 0.6464500000000016
0.67 0.5885500000000021
0.37 0.36999999999999966
0.37 0.36999999999999966
0.67 0.49750000000000244
0.37 0.36999999999999966
0.37 0.36999999999999966
0.37 0.36999999999999966
0.67 0.4597500000000014
0.67 0.48735000000000206
0.67 0.6085000000000014
0.67 0.6250500000000015
0.67 0.4965000000000024
0.67 0.4247999999999986
0.67 0.5980000000000011
0.67 0.5591000000000008
0.67 0.3938999999999999
0.37 0.36999999999999966
0.37 0.36999999999999966
0.37 0.36999999999999966
0.37 0.36999999999999966
0.37 0.3693999999999996
0.67 0.3403499999999994
0.67 0.38839999999999875
0.67 0.5201000000000006
0.67 0.43360000000000026
0.67 0.39409999999999995
0.67 0.4494000000000009
0.37 0.36999999999999966
0.67 0.5322000000000013
0.37 0.36999999999999966
0.37 0.36999999999999966
0.37 0.36999999999999966
0.37 0.36999999999999966
0.37 0.36999999999999966
0.37 0.36999999999999966
0.67 0.4956000000000017
0.67 0.5320000000000007
0.67 0.5679500000000016
0.67 0.6048000000000014
0.67 0.6081000000000011
0.67 0.530150000000002
0.67 0.535550000000002
0.67 0.617850000000001
0.67 0.6207500000000008
0.67 0.6151500000000012
0.67 0.6481000000000017
0.67 0.6586500000000016
0.67 0.6488500000000017
0.67 0.6559500000000014
0.67 0.6571500000000015
0.67 0.3920499999999999
0.67 0.46235000000000115
0.67 0.45820000000000116
0.67 0.5559500000000015
0.67 0.4835999999999999
0.67 0.5443000000000008
0.67 0.5324499999999998
0.67 0.5837000000000014
0.67 0.6034000000000017
0.67 0.5998000000000011
0.67 0.6274000000000016
0.67 0.3856499999999998
0.67 0.47920000000000135
0.67 0.47020000000000145
0.67 0.4954000000000023
0.67 0.37844999999999973
0.67 0.3848999999999998
0.37 0.36999999999999966
0.67 0.3715999999999997
0.37 0.36999999999999966
0.67 0.3924499999999999
0.67 0.46620000000000095
0.67 0.3714999999999996
0.67 0.4873500000000012
0.67 0.46895000000000164
0.67 0.4105000000000002
0.67 0.38224999999999976
0.67 0.3804999999999998
0.67 0.3801499999999997
0.67 0.4912500000000023
0.67 0.5273000000000012
0.67 0.5637000000000014
0.67 0.43530000000000035
0.67 0.3804999999999998
0.67 0.40545000000000014
0.67 0.3759999999999997
0.37 0.36999999999999966
0.37 0.36999999999999966
0.37 0.36999999999999966
0.37 0.36999999999999966
0.37 0.36999999999999966
0.67 0.38879999999999987
0.37 0.36999999999999966
0.37 0.36999999999999966
0.37 0.36999999999999966
0.37 0.36999999999999966
0.37 0.36999999999999966
0.37 0.36999999999999966
0.37 0.36999999999999966
0.37 0.36999999999999966
0.37 0.36999999999999966
0.37 0.36999999999999966
0.37 0.36999999999999966
0.37 0.36999999999999966
0.37 0.36999999999999966
0.37 0.36999999999999966
0.37 0.36999999999999966
0.37 0.36999999999999966
0.37 0.36999999999999966
0.37 0.36999999999999966
0.37 0.36999999999999966
0.37 0.36999999999999966
0.37 0.36999999999999966
0.37 0.36999999999999966
0.37 0.36999999999999966
0.37 0.36999999999999966
0.37 0.36999999999999966
0.37 0.36999999999999966
0.37 0.36999999999999966
0.37 0.36999999999999966
0.37 0.36999999999999966
0.37 0.36999999999999966
0.37 0.36999999999999966
0.37 0.36999999999999966
0.37 0.36999999999999966
0.37 0.36999999999999966
0.37 0.36999999999999966
0.37 0.36999999999999966
0.37 0.36999999999999966
0.37 0.36999999999999966
0.37 0.36999999999999966
0.37 0.36999999999999966
0.37 0.36999999999999966
0.37 0.36999999999999966
0.37 0.36999999999999966
0.37 0.36999999999999966
0.37 0.36999999999999966
0.37 0.36999999999999966
0.37 0.36999999999999966
0.37 0.36999999999999966
0.37 0.36999999999999966
0.37 0.36999999999999966
0.37 0.36999999999999966
0.37 0.36999999999999966
0.37 0.36999999999999966
0.37 0.36999999999999966
0.37 0.36999999999999966
0.37 0.36999999999999966
0.37 0.36999999999999966
0.37 0.36999999999999966
0.37 0.36999999999999966
0.37 0.36999999999999966
0.37 0.36999999999999966
0.37 0.36999999999999966
0.37 0.36999999999999966
0.37 0.36999999999999966
0.37 0.36999999999999966
0.37 0.36999999999999966
0.37 0.36999999999999966
0.37 0.36999999999999966
0.37 0.36999999999999966
0.37 0.36999999999999966
0.37 0.36999999999999966
0.37 0.36999999999999966
0.37 0.36999999999999966
0.37 0.36999999999999966
0.37 0.36999999999999966
0.37 0.36999999999999966
0.37 0.36999999999999966
0.37 0.36999999999999966
0.37 0.36999999999999966
0.37 0.36999999999999966
0.37 0.36999999999999966
0.37 0.36999999999999966
0.37 0.36999999999999966
0.37 0.36999999999999966
0.37 0.36999999999999966
0.37 0.36999999999999966
0.37 0.36999999999999966
0.37 0.36999999999999966
0.37 0.36999999999999966
0.37 0.36999999999999966
0.37 0.36999999999999966
0.37 0.36999999999999966
0.37 0.36999999999999966
0.37 0.36999999999999966
0.37 0.36999999999999966
0.37 0.36999999999999966
0.37 0.36999999999999966
0.37 0.36999999999999966
0.37 0.36999999999999966
0.37 0.36999999999999966
0.37 0.36999999999999966
0.37 0.36999999999999966
0.37 0.36999999999999966
0.37 0.36999999999999966
0.37 0.36999999999999966
0.37 0.36999999999999966
0.37 0.36999999999999966
0.37 0.36999999999999966
0.37 0.36999999999999966
0.37 0.36999999999999966
0.37 0.36999999999999966
0.37 0.36999999999999966
0.37 0.36999999999999966
0.37 0.36999999999999966
0.37 0.36999999999999966
0.37 0.36999999999999966
0.37 0.36999999999999966
0.37 0.36814999999999964
0.37 0.36999999999999966
0.37 0.36999999999999966
0.37 0.36999999999999966
0.37 0.36999999999999966
0.37 0.36999999999999966
0.37 0.36999999999999966
0.37 0.36999999999999966
0.37 0.36999999999999966
0.37 0.36999999999999966
0.37 0.36999999999999966
0.37 0.36999999999999966
0.37 0.36999999999999966
0.37 0.36999999999999966
0.37 0.36999999999999966
0.37 0.36999999999999966
0.37 0.36999999999999966
0.37 0.36999999999999966
0.37 0.36999999999999966
0.37 0.36999999999999966
0.37 0.36999999999999966
0.37 0.36999999999999966
0.37 0.36999999999999966
0.37 0.36999999999999966
0.37 0.36999999999999966
0.37 0.36999999999999966
0.37 0.36999999999999966
0.55 0.37319999999999964
0.55 0.37419999999999976
0.55 0.37779999999999975
0.37 0.36999999999999966
0.37 0.36999999999999966
0.37 0.36999999999999966
0.37 0.36999999999999966
0.37 0.36999999999999966
0.37 0.36999999999999966
0.37 0.36999999999999966
0.37 0.36999999999999966
0.37 0.36999999999999966
0.55 0.3798499999999998
0.67 0.41045000000000004
0.67 0.3760499999999998
0.67 0.3732999999999997
0.67 0.3745499999999997
0.67 0.3714999999999996
0.67 0.4030500000000001
0.66 0.37629999999999975
0.37 0.36999999999999966
0.67 0.39275
0.67 0.42345000000000027
0.67 0.4074000000000002
0.67 0.46565000000000123
0.67 0.4130500000000002
0.67 0.49590000000000173
0.67 0.5150500000000015
0.67 0.5064000000000007
0.67 0.5345500000000009
0.67 0.5543000000000012
0.67 0.5720000000000011
0.67 0.5426000000000005
0.67 0.5732000000000008
0.67 0.5955000000000011
0.67 0.625300000000001
0.67 0.5876000000000016
0.67 0.6399000000000011
0.67 0.6336000000000013
0.67 0.6120500000000014
0.67 0.6361500000000011
0.67 0.5849500000000012
0.67 0.6191500000000016
0.67 0.6291500000000017
0.67 0.6224500000000016
0.67 0.6447000000000017
0.67 0.6408500000000017
0.67 0.6423500000000018
0.67 0.6405500000000015
0.67 0.6379500000000013
0.67 0.6435000000000016
0.67 0.6202000000000014
0.67 0.6353500000000015
0.67 0.6378500000000016
0.67 0.6358000000000013
0.67 0.6475500000000016
0.67 0.6423000000000016
0.67 0.6375000000000014
0.67 0.5825500000000022
0.67 0.6284500000000015
0.67 0.5923500000000018
0.67 0.5742500000000019
0.37 0.36999999999999966
0.67 0.4131500000000002
0.67 0.3831499999999997
0.67 0.5574500000000021
0.67 0.5027500000000026
0.67 0.4513500000000009
0.67 0.5175000000000024
0.67 0.5745500000000022
0.67 0.5074000000000024
0.67 0.5655000000000019
0.67 0.6041000000000016
