0.24 0.5878399999999994
0.24 0.5469400000000003
0.040000000000000036 0.5139400000000003
0.040000000000000036 0.4838199999999999
0.040000000000000036 0.45753999999999984
0.040000000000000036 0.43548000000000037
0.07999999999999996 0.40786000000000144
0.07999999999999996 0.3849600000000012
0.07999999999999996 0.3675200000000015
0.07999999999999996 0.35654000000000174
0.07999999999999996 0.3388000000000021
0.07999999999999996 0.33642000000000166
0.07999999999999996 0.331460000000002
0.07999999999999996 0.31974000000000175
0.07999999999999996 0.31580000000000163
0.07999999999999996 0.3106400000000016
0.07999999999999996 0.2985200000000019
0.07999999999999996 0.29090000000000116
0.07999999999999996 0.28872000000000053
0.07999999999999996 0.27892000000000067
0.07999999999999996 0.270380000000001
0.07999999999999996 0.2545000000000011
0.07999999999999996 0.2494800000000007
0.07999999999999996 0.24694000000000063
0.07999999999999996 0.2395200000000003
0.07999999999999996 0.23386000000000062
0.06000000000000005 0.2132800000000004
0.06000000000000005 0.20406000000000044
0.06000000000000005 0.20030000000000042
0.06000000000000005 0.18822000000000022
0.06000000000000005 0.18354000000000054
0.06000000000000005 0.18264000000000036
0.06000000000000005 0.1779400000000005
0.06000000000000005 0.17359999999999998
0.06000000000000005 0.1785800000000002
0.06000000000000005 0.17712
0.06000000000000005 0.1753799999999999
0.06000000000000005 0.16857999999999948
0.06000000000000005 0.1700799999999999
0.06000000000000005 0.1613199999999997
0.06000000000000005 0.15069999999999967
0.06000000000000005 0.16351999999999972
0.06000000000000005 0.1549599999999996
0.06000000000000005 0.15887999999999974
0.06000000000000005 0.1567799999999997
0.06000000000000005 0.15743999999999966
0.06000000000000005 0.16257999999999945
0.06000000000000005 0.1610399999999997
0.06000000000000005 0.15467999999999976
0.06000000000000005 0.15217999999999945
0.06000000000000005 0.14865999999999963
0.06000000000000005 0.16021999999999956
0.06000000000000005 0.16273999999999963
0.06000000000000005 0.16089999999999963
0.06000000000000005 0.1607399999999996
0.06000000000000005 0.15845999999999963
0.06000000000000005 0.15593999999999963
0.06000000000000005 0.16203999999999952
0.06000000000000005 0.15541999999999961
0.06000000000000005 0.16335999999999976
0.06000000000000005 0.1592199999999997
0.06000000000000005 0.16475999999999943
0.06000000000000005 0.15325999999999948
0.06000000000000005 0.16427999999999948
0.06000000000000005 0.15977999999999967
0.06000000000000005 0.1505999999999996
0.06000000000000005 0.1556799999999996
0.06000000000000005 0.16467999999999958
0.06000000000000005 0.1629999999999995
0.06000000000000005 0.16165999999999967
0.06000000000000005 0.1575399999999996
0.06000000000000005 0.15897999999999943
0.06000000000000005 0.1581799999999996
0.06000000000000005 0.15733999999999962
0.06000000000000005 0.15959999999999985
0.06000000000000005 0.1549599999999997
0.06000000000000005 0.17027999999999963
0.06000000000000005 0.1682799999999996
0.06000000000000005 0.16413999999999956
0.06000000000000005 0.1614599999999996
0.06000000000000005 0.1611599999999997
0.06000000000000005 0.1683799999999996
0.06000000000000005 0.16119999999999954
0.06000000000000005 0.15063999999999964
0.06000000000000005 0.1590800000000001
0.06000000000000005 0.15145999999999973
0.06000000000000005 0.1510199999999996
0.06000000000000005 0.14663999999999974
0.06000000000000005 0.1553599999999997
0.06000000000000005 0.15675999999999973
0.06000000000000005 0.15706000000000012
0.06000000000000005 0.1639400000000001
0.06000000000000005 0.16116000000000003
0.06000000000000005 0.14989999999999984
0.06000000000000005 0.15321999999999986
0.06000000000000005 0.1577599999999999
0.06000000000000005 0.1611799999999999
0.06000000000000005 0.1631799999999998
0.06000000000000005 0.1613399999999999
0.06000000000000005 0.17622
