0.19999999999999996 0.5781999999999983
0.19999999999999996 0.5338999999999996
0.09999999999999998 0.5013399999999997
0.09999999999999998 0.4643600000000003
0.09999999999999998 0.4341600000000003
0.020000000000000018 0.4160799999999999
0.020000000000000018 0.3972199999999995
0.020000000000000018 0.3807399999999996
0.020000000000000018 0.36711999999999934
0.020000000000000018 0.33867999999999876
0.020000000000000018 0.3249199999999985
0.020000000000000018 0.31153999999999854
0.020000000000000018 0.2995999999999984
0.020000000000000018 0.28767999999999827
0.020000000000000018 0.2822799999999982
0.020000000000000018 0.28215999999999786
0.020000000000000018 0.26689999999999836
0.020000000000000018 0.2567399999999983
0.020000000000000018 0.2628999999999981
0.020000000000000018 0.24719999999999814
0.020000000000000018 0.25593999999999817
0.020000000000000018 0.2482599999999985
0.09999999999999998 0.2470799999999984
0.09999999999999998 0.24381999999999893
0.09999999999999998 0.2385999999999986
0.09999999999999998 0.23877999999999855
0.09999999999999998 0.2355999999999985
0.09999999999999998 0.22781999999999872
0.09999999999999998 0.2117799999999985
0.09999999999999998 0.20279999999999884
0.09999999999999998 0.20533999999999888
0.09999999999999998 0.1996999999999988
0.09999999999999998 0.19939999999999874
0.09999999999999998 0.193519999999999
0.09999999999999998 0.18657999999999925
0.09999999999999998 0.18663999999999922
0.09999999999999998 0.17891999999999925
0.09999999999999998 0.1755799999999992
0.09999999999999998 0.1743399999999993
0.09999999999999998 0.17443999999999943
0.09999999999999998 0.17137999999999937
0.09999999999999998 0.16799999999999923
0.09999999999999998 0.1714399999999994
0.09999999999999998 0.1674199999999992
0.09999999999999998 0.17071999999999912
0.09999999999999998 0.1744999999999993
0.09999999999999998 0.1704399999999993
0.09999999999999998 0.16535999999999898
0.09999999999999998 0.16279999999999922
0.09999999999999998 0.16413999999999926
0.09999999999999998 0.16075999999999915
0.09999999999999998 0.15619999999999926
0.09999999999999998 0.14937999999999924
0.09999999999999998 0.15089999999999942
0.040000000000000036 0.14413999999999935
0.040000000000000036 0.14975999999999923
0.040000000000000036 0.15169999999999917
0.040000000000000036 0.1387599999999993
0.040000000000000036 0.14009999999999917
0.040000000000000036 0.15235999999999905
0.040000000000000036 0.15981999999999905
0.040000000000000036 0.15233999999999903
0.040000000000000036 0.14577999999999916
0.040000000000000036 0.14311999999999914
0.040000000000000036 0.13641999999999907
0.040000000000000036 0.14289999999999883
0.040000000000000036 0.14739999999999895
0.040000000000000036 0.13781999999999905
0.040000000000000036 0.143339999999999
0.040000000000000036 0.1461799999999991
0.040000000000000036 0.14395999999999878
0.040000000000000036 0.1500799999999988
0.040000000000000036 0.14747999999999883
0.040000000000000036 0.14401999999999884
0.040000000000000036 0.13669999999999874
0.040000000000000036 0.13503999999999877
0.040000000000000036 0.14069999999999883
0.040000000000000036 0.14097999999999872
0.040000000000000036 0.13855999999999866
0.040000000000000036 0.14025999999999875
0.040000000000000036 0.12749999999999878
0.040000000000000036 0.13875999999999875
0.040000000000000036 0.13531999999999875
0.040000000000000036 0.1355199999999989
0.040000000000000036 0.13565999999999886
0.040000000000000036 0.1439799999999988
0.040000000000000036 0.1429399999999989
0.040000000000000036 0.14261999999999886
0.040000000000000036 0.13843999999999884
0.040000000000000036 0.13667999999999883
0.040000000000000036 0.13473999999999883
0.040000000000000036 0.13795999999999878
0.040000000000000036 0.13395999999999883
0.040000000000000036 0.13327999999999882
0.040000000000000036 0.13403999999999888
0.040000000000000036 0.1396399999999987
0.040000000000000036 0.1360399999999988
0.040000000000000036 0.12917999999999896
0.040000000000000036 0.139519999999999
0.040000000000000036 0.1262399999999989
