0.14 0.6066400000000006
0.06000000000000005 0.5738000000000013
0.020000000000000018 0.5437200000000008
0.020000000000000018 0.5155800000000018
0.020000000000000018 0.47776000000000274
0.020000000000000018 0.45120000000000154
0.09999999999999998 0.4358200000000002
0.09999999999999998 0.42638
0.09999999999999998 0.41673999999999795
0.09999999999999998 0.4055399999999967
0.09999999999999998 0.4052399999999971
0.040000000000000036 0.404979999999997
0.040000000000000036 0.3893199999999973
0.040000000000000036 0.3863399999999977
0.040000000000000036 0.3811199999999973
0.040000000000000036 0.37321999999999766
0.040000000000000036 0.362359999999997
0.040000000000000036 0.3605399999999975
0.040000000000000036 0.3542599999999965
0.040000000000000036 0.3473999999999965
0.040000000000000036 0.3428199999999971
0.040000000000000036 0.34363999999999667
0.040000000000000036 0.34491999999999684
0.040000000000000036 0.33543999999999685
0.040000000000000036 0.3406599999999966
0.040000000000000036 0.33041999999999694
0.040000000000000036 0.3203599999999971
0.040000000000000036 0.3010399999999971
0.040000000000000036 0.2941199999999974
0.040000000000000036 0.2905199999999974
0.040000000000000036 0.27791999999999756
0.040000000000000036 0.26039999999999763
0.040000000000000036 0.260279999999998
0.040000000000000036 0.2555799999999982
0.040000000000000036 0.24949999999999842
0.040000000000000036 0.2513199999999983
0.040000000000000036 0.24173999999999884
0.040000000000000036 0.2418999999999991
0.040000000000000036 0.24425999999999895
0.040000000000000036 0.2388199999999992
0.040000000000000036 0.23017999999999877
0.040000000000000036 0.23239999999999875
0.040000000000000036 0.23219999999999902
0.040000000000000036 0.2234799999999994
0.040000000000000036 0.22139999999999943
0.040000000000000036 0.20435999999999963
0.040000000000000036 0.20039999999999966
0.040000000000000036 0.1882599999999998
0.040000000000000036 0.19273999999999983
0.040000000000000036 0.19065999999999975
0.040000000000000036 0.19293999999999994
0.040000000000000036 0.1958999999999997
0.040000000000000036 0.20553999999999958
0.040000000000000036 0.19559999999999986
0.040000000000000036 0.19725999999999966
0.040000000000000036 0.19503999999999985
0.040000000000000036 0.1913599999999999
0.040000000000000036 0.1874599999999996
0.040000000000000036 0.18199999999999966
0.040000000000000036 0.1828200000000001
0.040000000000000036 0.18306000000000022
0.040000000000000036 0.19091999999999984
0.040000000000000036 0.19109999999999977
0.040000000000000036 0.19779999999999967
0.040000000000000036 0.19375999999999954
0.040000000000000036 0.19831999999999944
0.040000000000000036 0.20707999999999951
0.040000000000000036 0.20981999999999942
0.040000000000000036 0.20313999999999935
0.040000000000000036 0.21399999999999933
0.040000000000000036 0.21085999999999935
0.040000000000000036 0.20889999999999942
0.040000000000000036 0.20827999999999935
0.040000000000000036 0.19881999999999964
0.040000000000000036 0.20453999999999947
0.040000000000000036 0.1985799999999994
0.040000000000000036 0.1935399999999996
0.040000000000000036 0.19501999999999955
0.040000000000000036 0.1865799999999998
0.040000000000000036 0.1802600000000001
0.040000000000000036 0.17809999999999987
0.040000000000000036 0.17901999999999993
0.040000000000000036 0.18931999999999966
0.040000000000000036 0.19435999999999956
0.040000000000000036 0.18259999999999996
0.040000000000000036 0.17487999999999967
0.040000000000000036 0.18095999999999998
0.040000000000000036 0.1817799999999995
0.040000000000000036 0.18697999999999987
0.040000000000000036 0.18720000000000014
0.040000000000000036 0.18229999999999996
0.040000000000000036 0.1686199999999998
0.040000000000000036 0.17257999999999982
0.040000000000000036 0.17661999999999978
0.040000000000000036 0.17561999999999994
0.040000000000000036 0.17189999999999991
0.040000000000000036 0.17569999999999986
0.040000000000000036 0.18059999999999976
0.040000000000000036 0.18520000000000006
0.040000000000000036 0.18185999999999997
