0.14 0.5863800000000062
0.14 0.5567600000000055
0.14 0.5259600000000055
0.14 0.5045000000000045
0.14 0.47602000000000244
0.06000000000000005 0.45982000000000284
0.06000000000000005 0.4476600000000027
0.06000000000000005 0.43120000000000197
0.06000000000000005 0.4118800000000032
0.06000000000000005 0.3965200000000021
0.06000000000000005 0.3724600000000022
0.06000000000000005 0.3677800000000021
0.06000000000000005 0.35632000000000164
0.07999999999999996 0.35292000000000284
0.07999999999999996 0.3371600000000027
0.07999999999999996 0.34792000000000234
0.06000000000000005 0.33500000000000213
0.06000000000000005 0.329040000000002
0.06000000000000005 0.3277200000000018
0.06000000000000005 0.3140800000000013
0.06000000000000005 0.31726000000000115
0.06000000000000005 0.2986000000000011
0.06000000000000005 0.28500000000000136
0.06000000000000005 0.2980000000000011
0.06000000000000005 0.28904000000000085
0.06000000000000005 0.28086000000000094
0.06000000000000005 0.26766000000000095
0.06000000000000005 0.2682000000000009
0.06000000000000005 0.26472000000000084
0.06000000000000005 0.2509000000000006
0.06000000000000005 0.2518800000000003
0.06000000000000005 0.2473800000000005
0.06000000000000005 0.24138000000000015
0.06000000000000005 0.23378000000000046
0.06000000000000005 0.2307000000000001
0.06000000000000005 0.22828000000000015
0.06000000000000005 0.21944000000000022
0.06000000000000005 0.20462
0.06000000000000005 0.19459999999999983
0.06000000000000005 0.18363999999999972
0.06000000000000005 0.18376
0.06000000000000005 0.17544
0.07999999999999996 0.17807999999999993
0.07999999999999996 0.17403999999999983
0.07999999999999996 0.17441999999999985
0.07999999999999996 0.18449999999999983
0.07999999999999996 0.1883999999999998
0.07999999999999996 0.18429999999999966
0.07999999999999996 0.18189999999999984
0.07999999999999996 0.19457999999999967
0.07999999999999996 0.18019999999999986
0.07999999999999996 0.17999999999999974
0.07999999999999996 0.1735999999999998
0.07999999999999996 0.18178
0.07999999999999996 0.1744800000000001
0.07999999999999996 0.1652599999999997
0.07999999999999996 0.16601999999999972
0.07999999999999996 0.1511999999999999
0.07999999999999996 0.15817999999999988
0.07999999999999996 0.1536999999999998
0.07999999999999996 0.15249999999999997
0.07999999999999996 0.16309999999999983
0.07999999999999996 0.16229999999999997
0.07999999999999996 0.15617999999999999
0.07999999999999996 0.1537200000000001
0.07999999999999996 0.15233999999999998
0.07999999999999996 0.1632799999999998
0.07999999999999996 0.16677999999999968
0.07999999999999996 0.15543999999999972
0.07999999999999996 0.16981999999999997
0.07999999999999996 0.1682999999999998
0.07999999999999996 0.16209999999999994
0.07999999999999996 0.15447999999999967
0.07999999999999996 0.15639999999999973
0.07999999999999996 0.15557999999999955
0.07999999999999996 0.16885999999999968
0.07999999999999996 0.16721999999999973
0.07999999999999996 0.15669999999999942
0.07999999999999996 0.1567999999999996
0.07999999999999996 0.16231999999999966
0.07999999999999996 0.16997999999999966
0.07999999999999996 0.1789599999999999
0.07999999999999996 0.1731199999999997
0.07999999999999996 0.17339999999999972
0.07999999999999996 0.17047999999999988
0.07999999999999996 0.17592000000000005
0.07999999999999996 0.18023999999999998
0.07999999999999996 0.17064
0.07999999999999996 0.16665999999999975
0.07999999999999996 0.1625799999999997
0.07999999999999996 0.15787999999999966
0.07999999999999996 0.15621999999999983
0.07999999999999996 0.1578599999999997
0.07999999999999996 0.16463999999999976
0.07999999999999996 0.1544799999999997
0.07999999999999996 0.1551599999999996
0.07999999999999996 0.1510599999999997
0.07999999999999996 0.15347999999999962
0.07999999999999996 0.15223999999999968
0.07999999999999996 0.1655999999999996
