0.16000000000000003 0.6337999999999968
0.12 0.5893999999999967
0.12 0.5735199999999986
0.12 0.544179999999999
0.06000000000000005 0.5136199999999994
0.06000000000000005 0.483179999999999
0.06000000000000005 0.4665799999999998
0.06000000000000005 0.45435999999999865
0.06000000000000005 0.4379199999999993
0.16000000000000003 0.41773999999999917
0.16000000000000003 0.41273999999999916
0.16000000000000003 0.39865999999999874
0.16000000000000003 0.40049999999999814
0.07999999999999996 0.38573999999999836
0.07999999999999996 0.3903999999999982
0.07999999999999996 0.3917399999999983
0.07999999999999996 0.39037999999999773
0.07999999999999996 0.3859999999999984
0.07999999999999996 0.38227999999999857
0.07999999999999996 0.3857399999999991
0.07999999999999996 0.3865799999999991
0.07999999999999996 0.3676399999999987
0.07999999999999996 0.3605799999999987
0.07999999999999996 0.3428799999999988
0.07999999999999996 0.33917999999999937
0.07999999999999996 0.33161999999999936
0.07999999999999996 0.3367999999999989
0.07999999999999996 0.3449199999999985
0.07999999999999996 0.33085999999999827
0.07999999999999996 0.3224399999999985
0.07999999999999996 0.3183199999999986
0.07999999999999996 0.3168199999999993
0.07999999999999996 0.31029999999999963
0.07999999999999996 0.3002199999999993
0.07999999999999996 0.28675999999999946
0.07999999999999996 0.2807599999999994
0.07999999999999996 0.2692599999999994
0.07999999999999996 0.26913999999999955
0.07999999999999996 0.2668599999999994
0.07999999999999996 0.26355999999999935
0.07999999999999996 0.2729799999999995
0.07999999999999996 0.2602599999999992
0.07999999999999996 0.25751999999999936
0.07999999999999996 0.2500199999999997
0.07999999999999996 0.24173999999999934
0.07999999999999996 0.24219999999999947
0.07999999999999996 0.23735999999999924
0.07999999999999996 0.2404599999999993
0.07999999999999996 0.2513999999999995
0.07999999999999996 0.25329999999999947
0.07999999999999996 0.24499999999999966
0.07999999999999996 0.24853999999999962
0.07999999999999996 0.23123999999999945
0.07999999999999996 0.22415999999999964
0.07999999999999996 0.22623999999999966
0.07999999999999996 0.22869999999999976
0.07999999999999996 0.22777999999999948
0.07999999999999996 0.23009999999999975
0.07999999999999996 0.22749999999999965
0.07999999999999996 0.22471999999999998
0.07999999999999996 0.21618000000000004
0.07999999999999996 0.21147999999999972
0.07999999999999996 0.20847999999999986
0.07999999999999996 0.20634
0.07999999999999996 0.21077999999999988
0.07999999999999996 0.2153599999999999
0.07999999999999996 0.2149200000000001
0.07999999999999996 0.21406000000000008
0.07999999999999996 0.21702000000000002
0.07999999999999996 0.20998
0.07999999999999996 0.20624000000000006
0.07999999999999996 0.20330000000000006
0.07999999999999996 0.21409999999999982
0.07999999999999996 0.20149999999999987
0.07999999999999996 0.19875999999999994
0.07999999999999996 0.20058000000000004
0.07999999999999996 0.20770000000000016
0.07999999999999996 0.21370000000000006
0.07999999999999996 0.20934000000000016
0.07999999999999996 0.1956200000000003
0.07999999999999996 0.20644000000000007
0.07999999999999996 0.20278000000000027
0.07999999999999996 0.19866000000000036
0.07999999999999996 0.18898000000000004
0.07999999999999996 0.18292000000000036
0.07999999999999996 0.19570000000000018
0.07999999999999996 0.1893800000000004
0.07999999999999996 0.1985400000000003
0.07999999999999996 0.1984600000000002
0.07999999999999996 0.19584000000000032
0.07999999999999996 0.18950000000000014
0.07999999999999996 0.19980000000000017
0.07999999999999996 0.21058
0.07999999999999996 0.20302000000000014
0.07999999999999996 0.20912000000000006
0.07999999999999996 0.20892000000000022
0.07999999999999996 0.20426000000000016
0.07999999999999996 0.19087999999999997
0.07999999999999996 0.1925000000000001
0.07999999999999996 0.19954000000000036
