0.09999999999999998 0.6214200000000066
0.09999999999999998 0.5844600000000065
0.09999999999999998 0.5427600000000049
0.06000000000000005 0.5189600000000054
0.09999999999999998 0.48256000000000393
0.09999999999999998 0.4534000000000027
0.09999999999999998 0.4376800000000016
0.09999999999999998 0.41866000000000125
0.09999999999999998 0.39702000000000104
0.09999999999999998 0.3841200000000004
0.09999999999999998 0.37585999999999986
0.09999999999999998 0.3611599999999998
0.07999999999999996 0.3603200000000001
0.07999999999999996 0.3406199999999993
0.07999999999999996 0.33645999999999987
0.07999999999999996 0.3293199999999994
0.07999999999999996 0.32825999999999966
0.07999999999999996 0.3104199999999987
0.07999999999999996 0.3219799999999991
0.07999999999999996 0.32431999999999944
0.07999999999999996 0.31529999999999914
0.07999999999999996 0.3111399999999995
0.07999999999999996 0.2994399999999992
0.07999999999999996 0.3053799999999993
0.07999999999999996 0.2995799999999995
0.07999999999999996 0.2881999999999994
0.07999999999999996 0.2919999999999997
0.07999999999999996 0.29427999999999965
0.07999999999999996 0.29239999999999944
0.07999999999999996 0.2943400000000002
0.07999999999999996 0.28287999999999963
0.07999999999999996 0.2782799999999995
0.07999999999999996 0.26523999999999964
0.07999999999999996 0.2732799999999997
0.07999999999999996 0.2686799999999996
0.07999999999999996 0.2638399999999994
0.07999999999999996 0.26529999999999954
0.07999999999999996 0.24265999999999957
0.07999999999999996 0.24321999999999958
0.07999999999999996 0.24265999999999957
0.07999999999999996 0.24629999999999963
0.07999999999999996 0.24089999999999917
0.07999999999999996 0.24241999999999933
0.07999999999999996 0.22807999999999967
0.07999999999999996 0.2247399999999993
0.07999999999999996 0.21965999999999922
0.07999999999999996 0.21475999999999923
0.07999999999999996 0.2083399999999994
0.07999999999999996 0.20413999999999943
0.07999999999999996 0.2082199999999994
0.07999999999999996 0.20443999999999926
0.07999999999999996 0.19583999999999938
0.07999999999999996 0.19451999999999922
0.07999999999999996 0.1815999999999993
0.07999999999999996 0.1886199999999995
0.07999999999999996 0.18659999999999966
0.07999999999999996 0.1779399999999996
0.07999999999999996 0.19117999999999968
0.07999999999999996 0.18851999999999977
0.07999999999999996 0.1912999999999998
0.07999999999999996 0.18773999999999985
0.07999999999999996 0.17771999999999993
0.07999999999999996 0.1810399999999997
0.07999999999999996 0.17559999999999962
0.07999999999999996 0.18147999999999975
0.07999999999999996 0.17475999999999986
0.07999999999999996 0.1726199999999998
0.07999999999999996 0.18207999999999983
0.07999999999999996 0.19425999999999957
0.07999999999999996 0.18273999999999968
0.07999999999999996 0.18397999999999975
0.07999999999999996 0.17469999999999972
0.07999999999999996 0.18449999999999966
0.07999999999999996 0.17067999999999986
0.07999999999999996 0.17173999999999975
0.07999999999999996 0.17023999999999984
0.07999999999999996 0.1658799999999998
0.07999999999999996 0.1682399999999999
0.07999999999999996 0.1809599999999998
0.07999999999999996 0.16795999999999991
0.07999999999999996 0.18009999999999968
0.07999999999999996 0.18031999999999967
0.07999999999999996 0.16817999999999989
0.07999999999999996 0.16967999999999991
0.07999999999999996 0.18287999999999976
0.07999999999999996 0.1816199999999997
0.07999999999999996 0.17871999999999952
0.07999999999999996 0.17183999999999994
0.07999999999999996 0.16948000000000005
0.07999999999999996 0.1740599999999999
0.07999999999999996 0.16503999999999985
0.07999999999999996 0.16716000000000014
0.07999999999999996 0.16809999999999994
0.07999999999999996 0.1584600000000002
0.07999999999999996 0.15983999999999987
0.07999999999999996 0.15108000000000002
0.07999999999999996 0.1561600000000001
0.07999999999999996 0.15738000000000013
0.07999999999999996 0.1612600000000001
0.07999999999999996 0.17406
