0.28 0.598120000000007
0.28 0.558520000000006
0.16000000000000003 0.5284200000000044
0.16000000000000003 0.5034400000000032
0.16000000000000003 0.4870000000000034
0.040000000000000036 0.45800000000000335
0.06000000000000005 0.4349400000000023
0.06000000000000005 0.41434000000000176
0.06000000000000005 0.39596000000000103
0.06000000000000005 0.38238000000000166
0.06000000000000005 0.37206000000000156
0.06000000000000005 0.3663200000000022
0.06000000000000005 0.3371600000000018
0.06000000000000005 0.3288000000000015
0.06000000000000005 0.3233000000000013
0.06000000000000005 0.3185600000000014
0.06000000000000005 0.31218000000000123
0.06000000000000005 0.3062200000000012
0.06000000000000005 0.3060000000000014
0.06000000000000005 0.29370000000000135
0.06000000000000005 0.2933400000000014
0.06000000000000005 0.2894800000000014
0.06000000000000005 0.2783200000000014
0.06000000000000005 0.270160000000001
0.06000000000000005 0.26956000000000113
0.06000000000000005 0.25612000000000096
0.06000000000000005 0.26654000000000116
0.06000000000000005 0.25232000000000043
0.06000000000000005 0.2626400000000006
0.06000000000000005 0.25114000000000075
0.06000000000000005 0.26496000000000103
0.06000000000000005 0.2533600000000007
0.06000000000000005 0.2562000000000005
0.06000000000000005 0.2396600000000005
0.06000000000000005 0.2571800000000007
0.06000000000000005 0.2483800000000008
0.06000000000000005 0.2511000000000004
0.06000000000000005 0.2525800000000004
0.06000000000000005 0.2451000000000004
0.06000000000000005 0.23820000000000033
0.06000000000000005 0.23876000000000028
0.06000000000000005 0.24602000000000065
0.06000000000000005 0.2461800000000003
0.06000000000000005 0.24792000000000033
0.06000000000000005 0.24268000000000048
0.06000000000000005 0.2379400000000005
0.06000000000000005 0.23718000000000053
0.06000000000000005 0.23888000000000015
0.06000000000000005 0.2373800000000003
0.06000000000000005 0.23184000000000018
0.06000000000000005 0.22726000000000052
0.06000000000000005 0.22102000000000022
0.06000000000000005 0.21858000000000016
0.06000000000000005 0.22092000000000017
0.06000000000000005 0.2074000000000003
0.06000000000000005 0.19590000000000035
0.06000000000000005 0.20122000000000032
0.06000000000000005 0.2172800000000002
0.06000000000000005 0.20986000000000019
0.06000000000000005 0.19391999999999998
0.06000000000000005 0.19156000000000026
0.06000000000000005 0.19433999999999996
0.06000000000000005 0.19442000000000004
0.06000000000000005 0.19450000000000014
0.06000000000000005 0.19357999999999978
0.06000000000000005 0.1973600000000001
0.06000000000000005 0.1954200000000001
0.06000000000000005 0.19951999999999995
0.06000000000000005 0.18945999999999988
0.06000000000000005 0.17939999999999998
0.06000000000000005 0.17487999999999995
0.06000000000000005 0.18391999999999997
0.06000000000000005 0.18973999999999994
0.06000000000000005 0.20033999999999996
0.06000000000000005 0.19726000000000007
0.06000000000000005 0.19015999999999994
0.06000000000000005 0.18845999999999982
0.06000000000000005 0.18727999999999997
0.06000000000000005 0.1824599999999999
0.06000000000000005 0.18051999999999982
0.06000000000000005 0.18295999999999973
0.06000000000000005 0.17581999999999973
0.06000000000000005 0.18265999999999957
0.06000000000000005 0.17507999999999968
0.06000000000000005 0.18455999999999959
0.06000000000000005 0.17625999999999947
0.06000000000000005 0.17915999999999974
0.06000000000000005 0.17339999999999978
0.06000000000000005 0.18089999999999987
0.06000000000000005 0.17264000000000002
0.06000000000000005 0.18327999999999983
0.06000000000000005 0.18743999999999975
0.06000000000000005 0.18614000000000008
0.06000000000000005 0.17555999999999994
0.06000000000000005 0.17959999999999995
0.06000000000000005 0.17536000000000013
0.06000000000000005 0.18452000000000007
0.06000000000000005 0.18276000000000006
0.06000000000000005 0.17868000000000006
0.06000000000000005 0.17592000000000033
