0.7 0.40505
0.7 0.4215499999999998
0.7 0.46029999999999904
0.7 0.44884999999999925
0.79 0.4442999999999996
0.7 0.4542499999999993
0.82 0.48799999999999977
0.76 0.5091999999999998
0.79 0.5050499999999996
0.76 0.4975999999999992
0.92 0.49499999999999966
0.92 0.5074499999999994
0.92 0.5602999999999994
0.92 0.5722499999999993
0.72 0.5321499999999992
0.91 0.5598999999999997
0.89 0.5297999999999994
0.74 0.5249999999999995
0.95 0.5673499999999995
0.85 0.5917999999999994
0.92 0.5938499999999998
0.95 0.6367
0.92 0.6404000000000002
0.78 0.5460499999999999
0.88 0.5161999999999995
0.93 0.5479499999999996
0.7 0.5522499999999997
0.77 0.52195
0.77 0.5521499999999988
0.77 0.5363500000000001
0.94 0.5963999999999998
0.89 0.6261000000000001
0.89 0.6035499999999994
0.94 0.6137499999999999
0.94 0.6154499999999996
0.88 0.6330500000000004
0.94 0.6263000000000004
0.88 0.6266000000000003
0.88 0.5901500000000002
0.88 0.5216999999999988
0.88 0.5538999999999991
0.85 0.5694499999999999
0.92 0.6015500000000005
0.88 0.6069499999999995
0.81 0.6158000000000008
0.82 0.5962500000000012
0.88 0.6645500000000011
0.95 0.6448000000000009
0.95 0.6781000000000009
0.95 0.703400000000001
0.88 0.5250000000000015
0.95 0.5669500000000013
0.95 0.5609000000000012
0.74 0.4215500000000019
0.7 0.47790000000000066
0.91 0.5833500000000007
0.7 0.5334500000000002
0.7 0.5254500000000002
0.75 0.6306000000000007
0.75 0.6454000000000008
0.85 0.6799500000000009
0.95 0.6424000000000005
0.83 0.6361000000000011
0.89 0.688050000000001
0.89 0.7088000000000017
0.95 0.7025000000000015
0.95 0.7007000000000019
0.86 0.6510000000000012
0.95 0.6478500000000013
0.95 0.6717000000000016
0.95 0.6967500000000014
0.95 0.716150000000001
0.95 0.7258500000000003
0.95 0.7301000000000003
0.95 0.7090000000000007
0.95 0.7679499999999991
0.95 0.7733999999999991
0.95 0.805099999999998
0.95 0.8268499999999992
0.95 0.8338500000000001
0.95 0.874600000000001
0.95 0.9107000000000021
0.95 0.9134000000000008
0.95 0.9146000000000001
0.95 0.9246499999999996
0.95 0.916549999999999
0.95 0.9320999999999984
0.95 0.9196499999999986
0.95 0.9382999999999981
0.95 0.8247000000000022
0.95 0.7983500000000001
0.74 0.577550000000002
0.74 0.5410000000000017
0.59 0.3355999999999999
0.95 0.6276500000000017
0.95 0.4542500000000003
0.54 0.3442000000000009
0.76 0.42170000000000085
0.72 0.3828000000000012
0.69 0.38770000000000143
0.72 0.42505000000000065
0.73 0.5346000000000005
0.75 0.5446000000000004
0.74 0.5547500000000004
0.75 0.6510000000000002
0.95 0.6609000000000005
0.95 0.6877000000000014
0.82 0.6084999999999996
0.89 0.6982000000000008
0.89 0.6965500000000003
0.92 0.6951500000000004
0.92 0.7017000000000019
0.95 0.7399000000000003
0.95 0.7696999999999986
0.95 0.8109499999999982
0.7 0.6952000000000017
0.95 0.7488499999999998
0.95 0.8183499999999981
0.95 0.8058999999999985
0.95 0.7981499999999981
0.95 0.7546499999999997
0.95 0.7737499999999993
0.95 0.7992499999999978
0.95 0.7878999999999978
0.95 0.8014499999999974
0.95 0.7481999999999995
0.95 0.781899999999997
0.95 0.8181999999999984
0.95 0.7444000000000008
0.95 0.7365000000000012
0.95 0.750350000000001
0.7 0.6942500000000018
0.7 0.6965500000000014
0.95 0.7447000000000011
0.7 0.6206000000000009
0.7 0.6680000000000015
0.7 0.6865500000000014
0.7 0.6920000000000018
0.7 0.6928500000000015
0.7 0.6924500000000016
0.7 0.6933000000000014
0.75 0.6810500000000015
0.85 0.7165000000000015
0.85 0.7271000000000004
0.82 0.6917000000000018
0.7 0.6607500000000015
0.7 0.6958000000000014
0.7 0.6989500000000011
0.7 0.6951500000000013
0.7 0.6945500000000014
0.7 0.6371500000000023
0.7 0.6333000000000024
0.7 0.6715500000000018
0.7 0.6954500000000013
0.7 0.6999500000000008
0.7 0.6891500000000014
0.7 0.695650000000001
0.7 0.6953500000000012
0.7 0.6968500000000017
0.74 0.6814500000000017
0.77 0.6977500000000013
0.7 0.6923000000000015
0.72 0.6995000000000011
0.85 0.7001500000000013
0.85 0.7047500000000008
0.85 0.7063000000000015
0.7 0.6968000000000012
0.71 0.6726500000000017
0.7 0.6680000000000015
0.85 0.6688000000000013
0.7 0.6990000000000016
0.85 0.703900000000001
0.85 0.6996500000000012
0.79 0.6969000000000014
0.76 0.6958000000000016
0.7 0.6930500000000015
0.85 0.6960000000000012
0.85 0.7012000000000009
0.85 0.7026500000000009
0.7 0.695650000000001
0.7 0.6807500000000012
0.7 0.6890500000000014
0.7 0.6878000000000014
0.7 0.6710000000000014
0.7 0.699500000000001
0.7 0.6924000000000009
0.7 0.699900000000001
0.7 0.697100000000001
0.7 0.6955500000000011
0.7 0.6933000000000012
0.7 0.6963500000000014
0.7 0.6982000000000013
0.7 0.6992500000000011
0.7 0.696200000000001
0.7 0.6981500000000012
0.7 0.6974500000000012
0.72 0.6962000000000014
0.7 0.6998000000000011
0.7 0.7000000000000008
0.7 0.6954500000000011
0.7 0.6886000000000011
0.7 0.699350000000001
0.7 0.47334999999999916
0.7 0.569500000000001
0.7 0.6827500000000015
0.7 0.5571000000000007
0.7 0.5091499999999981
0.7 0.6835000000000011
0.7 0.6907500000000016
0.7 0.6872500000000012
0.7 0.6507000000000015
0.7 0.5058999999999995
0.7 0.4582499999999988
0.7 0.48934999999999895
0.7 0.5182499999999994
0.7 0.604050000000001
0.7 0.5616000000000005
0.7 0.5936999999999999
0.7 0.6205999999999992
0.7 0.6638000000000005
0.7 0.6834000000000009
0.7 0.686100000000001
0.7 0.6992000000000012
0.7 0.6994500000000012
0.7 0.672800000000001
0.7 0.6968500000000012
0.7 0.6999500000000008
0.71 0.6680000000000011
0.71 0.6677500000000011
0.7 0.6885000000000018
0.7 0.6948000000000016
0.7 0.6897500000000011
0.7 0.6969500000000011
0.7 0.6960500000000017
0.71 0.6992500000000013
0.7 0.6976000000000012
0.7 0.6993500000000009
0.7 0.698900000000001
0.7 0.697600000000001
0.7 0.6961500000000013
0.7 0.6995500000000011
0.7 0.699700000000001
0.7 0.6990500000000011
0.7 0.6990500000000012
0.7 0.6997000000000011
0.7 0.699900000000001
0.7 0.6987000000000009
0.7 0.6981000000000008
0.7 0.7000000000000008
0.72 0.6418000000000019
0.7 0.6551500000000016
0.7 0.6666500000000015
0.7 0.6883000000000016
0.7 0.6930500000000016
0.74 0.6967000000000013
0.74 0.6997500000000011
0.75 0.701400000000001
0.79 0.7022000000000012
0.79 0.7044500000000018
0.79 0.6999500000000015
0.79 0.7001500000000012
0.75 0.7014500000000011
0.81 0.7111500000000001
0.7 0.6999500000000008
0.83 0.7076500000000006
0.83 0.7073500000000008
0.75 0.6974000000000008
0.78 0.6998500000000009
0.7 0.6847000000000016
0.7 0.6913500000000015
0.73 0.6985000000000011
0.73 0.6971500000000009
0.73 0.703650000000001
0.7 0.6964500000000013
0.7 0.6976000000000012
0.8 0.7064000000000007
0.79 0.705800000000001
0.79 0.6991500000000012
0.7 0.699850000000001
0.7 0.6967500000000011
0.7 0.699550000000001
0.7 0.699650000000001
0.7 0.699650000000001
0.7 0.6995000000000011
0.7 0.6996500000000009
0.72 0.6996000000000009
0.85 0.7142500000000004
0.92 0.7525999999999992
0.95 0.7696999999999984
0.95 0.7947499999999992
0.95 0.7945000000000003
0.95 0.8258500000000002
0.95 0.8453999999999998
0.96 0.8598499999999993
0.96 0.8655999999999995
0.97 0.8859999999999996
0.97 0.8900000000000001
0.97 0.9040500000000005
0.97 0.9139500000000003
0.97 0.8869500000000003
0.97 0.9152999999999991
0.97 0.9394999999999984
0.97 0.9302000000000004
0.97 0.9259499999999999
0.97 0.931299999999998
0.97 0.9475499999999966
0.97 0.9566499999999968
0.97 0.9594999999999991
0.97 0.9608000000000001
0.97 0.9596499999999994
0.97 0.9615999999999993
0.98 0.9634499999999991
0.98 0.9362499999999986
0.98 0.9634499999999991
0.98 0.8583999999999995
0.98 0.947049999999999
0.97 0.9438499999999992
0.97 0.963449999999999
0.97 0.9610999999999993
0.97 0.6689000000000002
0.98 0.80315
0.98 0.878949999999998
0.98 0.9163499999999974
0.98 0.9442500000000004
0.98 0.7913499999999997
0.98 0.9461499999999998
0.98 0.7672499999999998
0.98 0.8142499999999993
0.98 0.8782499999999971
0.98 0.9123999999999977
0.98 0.944349999999999
0.98 0.9592499999999992
0.98 0.9412999999999987
0.98 0.9563999999999991
0.98 0.8930999999999975
0.98 0.8213999999999985
0.98 0.7343000000000001
0.98 0.7888499999999992
0.98 0.8295999999999979
0.98 0.7992999999999988
0.98 0.8492999999999974
0.85 0.7115000000000014
0.97 0.7365999999999998
0.98 0.7689999999999977
0.98 0.8476499999999985
0.98 0.9014999999999997
0.98 0.8160499999999975
0.98 0.8862999999999999
0.98 0.9454999999999996
0.98 0.8845499999999992
0.98 0.9309499999999983
0.97 0.7592999999999983
0.98 0.8460999999999963
0.98 0.9437499999999984
0.98 0.9346999999999991
0.98 0.9041999999999981
0.98 0.8365999999999968
0.98 0.8437499999999968
0.98 0.8423999999999973
0.98 0.8529499999999967
0.98 0.901899999999998
0.98 0.7354500000000006
0.98 0.8983999999999981
0.98 0.9510999999999996
0.98 0.9591000000000003
0.98 0.9566500000000001
0.98 0.8818499999999969
0.98 0.933049999999999
0.98 0.9639499999999989
0.98 0.9418999999999977
0.98 0.9501999999999973
0.98 0.9650499999999994
0.98 0.9679999999999984
0.98 0.9391499999999973
0.98 0.8813999999999977
0.95 0.9115499999999992
0.95 0.900849999999999
0.98 0.9140999999999978
0.98 0.9502499999999984
0.98 0.9475999999999971
0.98 0.9531499999999988
0.98 0.9625999999999985
0.98 0.9633999999999981
0.98 0.9719999999999982
0.98 0.9592499999999984
0.98 0.9747999999999978
0.98 0.9132999999999976
0.98 0.9706499999999981
0.98 0.9773999999999978
0.98 0.9756999999999977
0.98 0.9717999999999978
0.98 0.9790999999999974
0.98 0.9768999999999975
0.98 0.9729499999999978
0.98 0.9779999999999974
0.98 0.9731499999999979
0.98 0.9740999999999977
0.98 0.9582999999999968
0.98 0.960099999999997
0.98 0.9187500000000004
0.98 0.9437499999999978
0.95 0.8881500000000007
0.98 0.8534000000000016
0.95 0.9333499999999982
0.98 0.9481999999999983
0.98 0.9586999999999968
0.98 0.9456999999999981
0.98 0.9556999999999967
0.95 0.9434999999999981
0.95 0.9323499999999982
0.95 0.9318999999999983
0.98 0.9437999999999982
0.98 0.922549999999998
0.98 0.9212499999999973
0.98 0.9120999999999971
0.98 0.9623999999999983
0.98 0.9771999999999978
0.98 0.9713499999999979
0.98 0.9463499999999976
0.98 0.9364999999999987
0.98 0.9541999999999992
0.98 0.9382499999999986
0.98 0.9200999999999975
0.98 0.9386999999999992
0.98 0.9308999999999993
0.98 0.9282499999999979
0.98 0.926799999999999
0.98 0.9175499999999979
0.98 0.9225999999999983
0.97 0.840049999999999
0.98 0.8247999999999998
0.95 0.6661000000000021
0.95 0.7231500000000023
0.95 0.701250000000002
0.95 0.7448500000000002
0.95 0.7352000000000003
0.95 0.8050999999999978
0.95 0.7852999999999988
0.95 0.7088500000000009
0.95 0.868699999999999
0.95 0.8465999999999976
0.96 0.8560499999999975
0.96 0.9085500000000009
0.96 0.9314499999999998
0.97 0.9409499999999984
0.97 0.9431499999999987
0.98 0.9350499999999985
0.98 0.9498999999999975
0.97 0.8422999999999982
0.97 0.8884500000000002
0.97 0.8799999999999985
0.98 0.8639499999999977
0.98 0.7670000000000001
0.98 0.9431499999999967
0.98 0.9370999999999975
0.98 0.9470999999999978
0.98 0.933049999999999
0.98 0.9422499999999991
0.98 0.9623999999999989
0.98 0.9607999999999995
0.98 0.9671499999999988
0.98 0.9627499999999994
0.98 0.9657499999999996
0.98 0.9652499999999995
0.98 0.9639999999999991
0.98 0.96945
0.98 0.9516500000000003
0.98 0.9749499999999991
0.98 0.9743499999999982
0.98 0.9611499999999991
0.98 0.9674499999999985
0.98 0.9697499999999981
0.98 0.9721499999999978
0.98 0.968799999999998
0.98 0.9768499999999979
0.98 0.9667999999999977
0.98 0.9728499999999976
0.98 0.9752499999999976
0.98 0.9700499999999979
0.98 0.9751499999999979
0.98 0.9597499999999978
0.98 0.7669999999999996
0.98 0.965099999999998
0.98 0.804999999999998
0.98 0.9356499999999985
0.98 0.9745999999999978
0.98 0.9673999999999988
0.98 0.9629499999999973
0.98 0.9536999999999977
0.98 0.964549999999998
0.98 0.7872499999999989
0.7 0.6985500000000009
0.7 0.6971000000000009
0.7 0.6999500000000008
0.98 0.7083500000000008
0.7 0.699750000000001
0.98 0.7150000000000009
0.7 0.697950000000001
0.98 0.7129500000000007
0.95 0.6854000000000009
