0.86 0.4222000000000024
0.86 0.4519400000000035
0.86 0.4747200000000046
0.89 0.4964600000000044
0.95 0.5292900000000026
0.95 0.559790000000002
0.95 0.5791399999999993
0.95 0.6148400000000014
0.95 0.6257600000000018
0.96 0.6375400000000025
0.96 0.6498700000000023
0.96 0.6666100000000005
0.96 0.66826
0.96 0.6711899999999992
0.96 0.6701699999999988
0.96 0.6793799999999963
0.96 0.6863199999999946
0.96 0.680139999999997
0.96 0.6830199999999956
0.96 0.6889499999999973
0.96 0.6920299999999983
0.96 0.69343
0.96 0.6927799999999987
0.96 0.6922799999999985
0.96 0.6984599999999987
0.96 0.7043800000000006
0.96 0.6983799999999983
0.96 0.6985999999999999
0.96 0.7043400000000004
0.96 0.7184000000000024
0.96 0.7251700000000021
0.96 0.7209000000000021
0.97 0.7335400000000023
