0.33999999999999997 0.6238999999999989
0.33999999999999997 0.5890999999999998
0.24 0.5659999999999997
0.21999999999999997 0.5577000000000008
0.33999999999999997 0.6094999999999997
0.38 0.6130000000000007
0.24 0.6009000000000008
0.31999999999999995 0.5912000000000007
0.24 0.6156000000000009
0.33999999999999997 0.6418000000000013
0.28 0.5891000000000015
0.33999999999999997 0.5960000000000014
0.16000000000000003 0.5208000000000008
0.16000000000000003 0.5535000000000005
0.36 0.5425000000000008
0.12 0.5629000000000012
0.30000000000000004 0.6086000000000017
0.09999999999999998 0.6023000000000014
0.09999999999999998 0.6070000000000012
0.42000000000000004 0.6239000000000017
0.38 0.6091000000000012
0.36 0.6260000000000008
0.07999999999999996 0.5459000000000012
0.28 0.5424000000000009
0.28 0.573200000000001
0.30000000000000004 0.5269000000000009
0.30000000000000004 0.5330000000000007
0.36 0.47700000000000015
0.33999999999999997 0.4378
0.38 0.5362999999999999
0.33999999999999997 0.5159000000000001
0.33999999999999997 0.5765000000000013
0.33999999999999997 0.5614000000000012
0.33999999999999997 0.5580000000000016
0.33999999999999997 0.5144000000000009
0.33999999999999997 0.5674000000000022
0.33999999999999997 0.499600000000001
0.33999999999999997 0.4973000000000014
0.33999999999999997 0.4850000000000014
0.33999999999999997 0.5502000000000024
0.33999999999999997 0.5677000000000018
0.19999999999999996 0.5796000000000019
0.33999999999999997 0.5929000000000023
0.38 0.6042000000000015
0.36 0.5755000000000013
0.19999999999999996 0.5083000000000008
0.19999999999999996 0.5529000000000013
0.42000000000000004 0.5235000000000011
0.33999999999999997 0.5034000000000004
0.33999999999999997 0.4990000000000013
0.14 0.4628000000000004
0.14 0.44300000000000067
0.07999999999999996 0.4061
0.33999999999999997 0.48369999999999935
0.33999999999999997 0.4577999999999999
0.07999999999999996 0.3895000000000004
0.07999999999999996 0.3824000000000001
0.07999999999999996 0.3318000000000009
0.07999999999999996 0.3039000000000007
0.0 0.3159000000000009
