0.8 0.4123400000000021
0.9 0.455170000000002
0.94 0.4800100000000026
0.97 0.5184500000000026
0.97 0.5339100000000032
0.97 0.5704800000000032
0.98 0.5916600000000017
0.98 0.6121100000000027
0.98 0.6299400000000034
0.98 0.6515300000000045
0.98 0.659670000000006
0.98 0.6601600000000044
0.98 0.6794200000000012
0.98 0.6894299999999995
0.98 0.6972699999999975
0.98 0.7153099999999946
0.98 0.7133999999999943
0.98 0.7052599999999958
0.98 0.7120799999999949
0.98 0.7224799999999931
0.98 0.7220299999999922
0.98 0.7482899999999878
0.98 0.7557099999999869
0.98 0.7532899999999879
0.98 0.7517999999999883
0.98 0.7655199999999857
0.98 0.7649399999999857
0.98 0.7784799999999883
0.98 0.7781099999999866
0.98 0.7848899999999872
0.98 0.7841499999999892
0.98 0.7872299999999917
0.98 0.7927899999999948
0.98 0.8022199999999925
0.98 0.8001099999999944
0.99 0.8151599999999891
0.99 0.81564999999999
0.99 0.8115699999999906
0.99 0.8133699999999899
0.99 0.8086499999999913
0.99 0.823919999999993
0.99 0.8288399999999916
0.99 0.8284799999999916
0.99 0.8125099999999906
0.99 0.8201199999999914
0.99 0.821019999999992
0.99 0.8201699999999931
0.99 0.8221099999999923
0.99 0.8233499999999928
0.99 0.8367899999999923
0.99 0.8363899999999939
0.99 0.836439999999994
0.99 0.830199999999994
0.99 0.8354199999999945
0.99 0.8360099999999947
0.99 0.8339299999999963
0.99 0.8289099999999963
0.99 0.8290299999999973
0.99 0.8278899999999977
0.99 0.8333099999999961
0.99 0.8261599999999953
0.99 0.8320899999999964
0.99 0.8356699999999955
0.99 0.8260599999999955
0.99 0.8275299999999944
0.99 0.8339899999999941
0.99 0.8266899999999937
0.99 0.8335399999999966
0.99 0.8461199999999974
0.99 0.848519999999994
0.99 0.8445799999999974
0.99 0.8405999999999951
0.99 0.8406399999999937
0.99 0.8396799999999959
0.99 0.8500299999999961
0.99 0.8422799999999956
0.99 0.8444499999999959
0.99 0.8546499999999966
0.99 0.8437299999999966
0.99 0.8484299999999971
0.99 0.8493499999999953
0.99 0.858839999999997
0.99 0.8571399999999963
0.99 0.8576199999999982
0.99 0.8556899999999958
0.99 0.8520099999999982
0.99 0.8418499999999947
0.99 0.8467399999999966
0.99 0.8556399999999968
0.99 0.8575599999999978
0.99 0.8525699999999948
0.99 0.8455699999999948
0.99 0.8490399999999962
0.99 0.8448799999999984
0.99 0.8519099999999975
0.99 0.8518299999999965
0.99 0.8437899999999989
0.99 0.8377599999999985
0.99 0.8517399999999986
0.99 0.8488599999999984
