0.07999999999999996 0.6215000000000042
0.07999999999999996 0.5894000000000029
0.21999999999999997 0.5659800000000028
0.21999999999999997 0.5267000000000028
0.21999999999999997 0.5032600000000035
0.07999999999999996 0.4857400000000033
0.07999999999999996 0.46006000000000297
0.07999999999999996 0.44880000000000225
0.07999999999999996 0.42748000000000264
0.020000000000000018 0.41094000000000264
0.020000000000000018 0.399540000000002
0.020000000000000018 0.3789000000000014
0.020000000000000018 0.3621400000000015
0.040000000000000036 0.346240000000001
0.040000000000000036 0.33924000000000126
0.040000000000000036 0.3319200000000015
0.040000000000000036 0.3141200000000014
0.040000000000000036 0.3092200000000011
0.040000000000000036 0.2967800000000016
0.040000000000000036 0.28348000000000173
0.040000000000000036 0.28384000000000154
0.040000000000000036 0.2631600000000013
0.040000000000000036 0.25704000000000093
0.040000000000000036 0.25894000000000095
0.040000000000000036 0.2605600000000012
0.040000000000000036 0.24682000000000115
0.040000000000000036 0.24244000000000096
0.040000000000000036 0.2337600000000011
0.040000000000000036 0.2171400000000006
0.040000000000000036 0.2114600000000009
0.040000000000000036 0.21968000000000076
0.040000000000000036 0.2179600000000007
0.040000000000000036 0.22626000000000077
0.040000000000000036 0.22526000000000107
0.040000000000000036 0.2165200000000009
0.040000000000000036 0.21778000000000067
0.040000000000000036 0.22284000000000057
0.040000000000000036 0.20610000000000067
0.040000000000000036 0.2102000000000008
0.040000000000000036 0.19888000000000042
0.040000000000000036 0.20932000000000084
0.040000000000000036 0.19814000000000104
0.040000000000000036 0.20092000000000065
0.040000000000000036 0.20260000000000083
0.040000000000000036 0.2050400000000003
0.040000000000000036 0.20944000000000038
0.040000000000000036 0.2046200000000006
0.040000000000000036 0.19138000000000072
0.040000000000000036 0.19382000000000063
0.040000000000000036 0.19790000000000077
0.040000000000000036 0.20814000000000082
0.040000000000000036 0.2081800000000011
0.040000000000000036 0.18856000000000064
0.040000000000000036 0.19234000000000087
0.040000000000000036 0.1906000000000008
0.040000000000000036 0.1966000000000009
0.040000000000000036 0.1955600000000008
0.040000000000000036 0.2032200000000009
0.040000000000000036 0.19916000000000078
0.040000000000000036 0.1997800000000007
0.040000000000000036 0.19484000000000062
0.040000000000000036 0.19818000000000094
0.040000000000000036 0.19062000000000073
0.040000000000000036 0.17856000000000075
0.040000000000000036 0.17832000000000076
0.040000000000000036 0.1743400000000004
0.040000000000000036 0.17810000000000062
0.040000000000000036 0.1733000000000003
0.040000000000000036 0.16112000000000026
0.040000000000000036 0.17284000000000047
0.040000000000000036 0.15892000000000028
0.040000000000000036 0.15380000000000008
0.040000000000000036 0.15484000000000012
0.040000000000000036 0.15342000000000017
0.040000000000000036 0.15154000000000004
0.040000000000000036 0.1487
0.040000000000000036 0.14578000000000005
0.040000000000000036 0.1517400000000001
0.040000000000000036 0.15260000000000015
0.040000000000000036 0.16618000000000047
0.040000000000000036 0.1733400000000005
0.040000000000000036 0.17214000000000038
0.040000000000000036 0.18292000000000055
0.040000000000000036 0.17428000000000063
0.040000000000000036 0.1694400000000005
0.040000000000000036 0.16968000000000058
0.040000000000000036 0.15818000000000024
0.040000000000000036 0.16492000000000037
0.040000000000000036 0.16170000000000026
0.040000000000000036 0.1631400000000004
0.040000000000000036 0.15856000000000045
0.040000000000000036 0.15624000000000024
0.040000000000000036 0.15891999999999995
0.040000000000000036 0.16354000000000016
0.040000000000000036 0.16950000000000046
0.040000000000000036 0.15464000000000003
0.040000000000000036 0.1615000000000002
0.040000000000000036 0.15524000000000018
0.040000000000000036 0.15675999999999998
0.040000000000000036 0.15586000000000041
