0.33 0.32999999999999874
0.33 0.32999999999999874
0.33 0.32999999999999874
0.33 0.3296999999999987
0.33 0.3284499999999988
0.33 0.3253999999999988
0.33 0.32999999999999874
0.48 0.3341999999999987
0.48 0.33989999999999865
0.33 0.32999999999999874
0.5 0.35309999999999886
0.65 0.37449999999999906
0.65 0.40734999999999955
0.59 0.37974999999999987
0.64 0.4056999999999997
0.64 0.44264999999999893
0.76 0.49525000000000036
0.76 0.5307000000000011
0.68 0.51665
0.66 0.5561000000000008
0.82 0.5686500000000009
0.75 0.3983499999999994
0.76 0.41054999999999914
0.76 0.479599999999999
0.77 0.5382999999999992
0.77 0.6029499999999994
0.78 0.4773499999999988
0.84 0.5283999999999991
0.81 0.6530999999999993
0.69 0.45269999999999916
0.8 0.5868500000000003
0.8 0.6469000000000003
0.77 0.5611500000000007
0.82 0.5570499999999995
0.82 0.6281000000000003
0.84 0.72045
0.76 0.6023499999999996
0.8 0.6453500000000004
0.9 0.6865500000000008
0.74 0.6268500000000002
0.74 0.6424500000000003
0.68 0.65435
0.82 0.6633499999999998
0.82 0.7512500000000008
0.75 0.6715000000000004
0.73 0.4150999999999996
0.73 0.4522499999999979
0.68 0.5341499999999992
0.74 0.669600000000002
0.74 0.6757000000000025
0.74 0.6723500000000029
0.69 0.5760500000000001
0.68 0.5940999999999996
0.68 0.6468499999999996
0.68 0.6603000000000011
0.68 0.6520500000000014
0.68 0.6647500000000025
0.81 0.6633000000000031
0.81 0.6811000000000031
0.81 0.6823500000000028
0.81 0.7044000000000027
0.72 0.6789000000000032
0.72 0.6779000000000031
0.72 0.6819000000000031
0.72 0.6827000000000036
0.77 0.6844500000000037
0.81 0.687600000000003
0.81 0.6872000000000023
0.81 0.7000000000000012
0.84 0.7038500000000006
0.83 0.7012500000000006
0.83 0.7100500000000001
0.83 0.6943999999999998
0.86 0.6989000000000004
0.88 0.7334999999999999
0.91 0.7598499999999996
0.91 0.7860500000000009
0.91 0.8026499999999994
0.92 0.8091000000000012
0.92 0.8263499999999985
0.92 0.8601000000000009
0.93 0.8693000000000004
0.94 0.8854000000000007
0.94 0.8802500000000006
0.94 0.8827500000000008
0.93 0.7657000000000019
0.93 0.7889500000000008
0.94 0.860950000000001
0.94 0.8786000000000006
0.94 0.8876000000000002
0.96 0.8933999999999994
0.96 0.8898999999999988
0.96 0.898999999999999
0.96 0.9106499999999997
0.96 0.9202499999999998
0.96 0.9268999999999997
0.96 0.9195999999999994
0.96 0.9179999999999992
0.96 0.9234500000000009
0.97 0.9239500000000007
0.97 0.927
0.97 0.9211000000000001
0.97 0.9351000000000005
0.97 0.9222000000000007
0.97 0.9318500000000006
0.97 0.9421999999999983
0.97 0.9486999999999961
0.82 0.7679499999999981
0.97 0.937649999999999
0.97 0.9393499999999968
0.97 0.9438499999999956
0.89 0.7759999999999984
0.89 0.7889499999999999
0.89 0.8021500000000006
0.97 0.9300499999999957
0.93 0.8004000000000009
0.93 0.817600000000002
0.95 0.8363000000000024
0.96 0.8547500000000008
0.96 0.8808000000000017
0.96 0.898600000000001
0.96 0.9077500000000002
0.96 0.9242000000000009
0.96 0.9310500000000009
0.96 0.9419999999999995
0.97 0.9106000000000034
0.97 0.9267500000000038
0.97 0.919250000000003
0.97 0.9357000000000021
0.97 0.9493500000000009
0.97 0.9423000000000006
0.97 0.9487999999999995
0.97 0.9513999999999992
0.97 0.9524499999999996
0.97 0.9536499999999996
0.97 0.9533500000000005
0.97 0.956099999999999
0.97 0.9653499999999989
0.97 0.9540999999999991
0.97 0.9574999999999992
0.97 0.9454000000000002
0.97 0.9450499999999998
0.97 0.9499499999999992
0.69 0.6256499999999986
0.81 0.6939500000000014
0.75 0.6330499999999988
0.96 0.7146500000000008
0.78 0.6468499999999981
0.88 0.6659999999999979
0.94 0.6851999999999996
0.94 0.7166499999999993
0.94 0.7672499999999991
0.94 0.7999499999999994
0.97 0.8297499999999995
0.97 0.8702500000000009
0.97 0.8882500000000002
0.8 0.6257000000000014
0.97 0.7339000000000006
0.82 0.6400500000000019
0.97 0.7572500000000002
0.97 0.8904499999999999
0.97 0.9139999999999998
0.97 0.8106000000000003
0.97 0.8406499999999991
0.97 0.9095000000000009
0.97 0.9333
0.97 0.9410500000000003
0.97 0.9457999999999988
0.97 0.9452999999999967
0.97 0.9560999999999957
0.97 0.9621499999999986
0.97 0.9569999999999996
0.97 0.9665499999999999
0.97 0.9496499999999994
0.97 0.9559499999999997
0.97 0.7617000000000002
0.97 0.950249999999999
0.97 0.7659500000000015
0.97 0.9612999999999992
0.97 0.9572999999999994
0.97 0.9490999999999989
0.97 0.9514999999999993
0.97 0.9551999999999992
0.97 0.9600499999999991
0.97 0.9516499999999991
0.97 0.9493499999999986
0.97 0.958049999999999
0.97 0.9548999999999991
0.97 0.9612499999999993
0.97 0.9151499999999995
0.97 0.9507499999999992
0.97 0.9639499999999992
0.97 0.964549999999999
0.97 0.957799999999999
0.97 0.9606499999999991
0.97 0.9469499999999994
0.97 0.9632499999999989
0.97 0.9656499999999988
0.97 0.955449999999999
0.97 0.9558999999999991
0.97 0.9569499999999986
0.97 0.9527499999999988
0.97 0.956549999999999
0.97 0.9596499999999992
0.97 0.957349999999999
0.97 0.9641499999999991
0.97 0.9668499999999992
0.97 0.9633999999999994
0.97 0.965399999999999
0.97 0.9591999999999995
0.97 0.965299999999999
0.97 0.9561999999999992
0.97 0.9604999999999992
0.97 0.961499999999999
0.96 0.9473
0.96 0.9482000000000003
0.96 0.9508500000000004
0.96 0.9451999999999992
0.96 0.9507999999999996
0.97 0.9575500000000003
0.97 0.9549500000000006
0.97 0.9495000000000003
0.97 0.9391499999999999
0.96 0.9416499999999999
0.96 0.9271
0.96 0.9462000000000004
0.96 0.9471000000000005
0.96 0.9551000000000006
0.96 0.9590000000000007
0.96 0.9454500000000001
0.96 0.9519500000000004
0.96 0.9584000000000007
0.96 0.9547500000000008
0.96 0.9516500000000008
0.96 0.9546000000000006
0.96 0.9563000000000004
0.96 0.9570500000000005
0.96 0.9528500000000004
0.96 0.9513000000000004
0.96 0.9569500000000007
0.96 0.9464500000000006
0.96 0.9517500000000004
0.96 0.9564500000000008
0.96 0.9578500000000009
0.96 0.9436000000000004
0.96 0.9464000000000006
0.96 0.9582500000000007
0.96 0.9526000000000008
0.96 0.9415500000000008
0.96 0.9419500000000005
0.96 0.9429500000000003
0.96 0.9408500000000006
0.96 0.9480500000000005
0.96 0.9443500000000001
0.96 0.9515000000000003
0.97 0.9504999999999992
0.97 0.9657499999999989
0.97 0.964499999999999
0.97 0.9673499999999988
0.97 0.960749999999999
0.97 0.9563999999999987
0.97 0.9680499999999991
0.97 0.967449999999999
0.97 0.9600999999999992
0.97 0.9611499999999991
0.97 0.957549999999999
0.97 0.9600499999999993
0.97 0.9627499999999992
0.97 0.9647499999999991
0.97 0.965549999999999
0.97 0.9645499999999991
0.97 0.9645499999999988
0.97 0.963049999999999
0.97 0.959749999999999
0.97 0.9531999999999989
0.97 0.9516499999999988
0.97 0.9576499999999991
0.97 0.9496499999999993
0.97 0.9539499999999995
0.97 0.9583999999999991
0.97 0.9612999999999992
0.97 0.9666499999999989
0.97 0.9678999999999991
0.97 0.9610499999999992
0.97 0.9571499999999987
0.97 0.964049999999999
0.97 0.964799999999999
0.97 0.9588499999999991
0.97 0.955399999999999
0.97 0.9638999999999992
0.97 0.9620999999999992
0.97 0.9616499999999991
0.97 0.9620499999999992
0.97 0.9563499999999994
0.97 0.9612499999999988
0.97 0.9606999999999989
0.97 0.959499999999999
0.97 0.9667999999999991
0.97 0.9625499999999991
0.97 0.960499999999999
0.97 0.9623999999999993
0.97 0.9618499999999993
0.97 0.9607999999999993
0.97 0.968749999999999
0.97 0.9548499999999994
0.97 0.9549999999999987
0.97 0.9609499999999989
0.97 0.9675499999999991
0.97 0.9612999999999989
0.97 0.9597499999999991
0.97 0.9609999999999991
0.97 0.9566499999999992
0.97 0.964649999999999
0.97 0.9666499999999991
0.97 0.9623999999999991
0.97 0.960499999999999
0.97 0.953399999999999
0.97 0.9571999999999988
0.97 0.9598999999999992
0.97 0.9638999999999992
0.97 0.9653499999999993
0.79 0.7651499999999983
0.97 0.9670499999999993
0.97 0.962699999999999
0.97 0.9630999999999988
0.79 0.766699999999998
0.97 0.9649499999999992
0.97 0.963949999999999
0.97 0.964899999999999
0.97 0.9633499999999989
0.97 0.9656999999999989
0.97 0.963899999999999
0.97 0.966149999999999
0.79 0.7659999999999989
0.81 0.7660499999999993
0.97 0.9460499999999992
0.97 0.9509499999999994
0.79 0.7715999999999995
0.79 0.7774
0.82 0.7810500000000027
0.83 0.7852500000000029
0.84 0.7862500000000014
0.97 0.9451999999999989
0.97 0.946349999999999
0.84 0.7855500000000011
0.84 0.7867500000000011
0.84 0.7856000000000014
0.97 0.9445499999999992
0.97 0.952149999999999
0.97 0.9590499999999991
0.79 0.7847000000000013
0.97 0.9512499999999995
0.97 0.9534499999999992
0.97 0.9604999999999992
0.97 0.9644999999999994
0.97 0.9640999999999994
0.97 0.957899999999999
0.97 0.9657999999999991
0.97 0.9543499999999989
0.97 0.9620499999999993
0.97 0.9576999999999992
0.97 0.9603499999999989
0.97 0.9646999999999991
0.97 0.965999999999999
0.97 0.9616499999999991
0.97 0.964749999999999
0.97 0.964699999999999
0.97 0.9617999999999989
0.97 0.961199999999999
0.97 0.9635999999999991
0.97 0.9668499999999992
0.97 0.9613999999999993
0.97 0.9572499999999994
0.97 0.964549999999999
0.97 0.961549999999999
0.97 0.9599999999999989
0.97 0.959099999999999
0.97 0.9565499999999991
0.97 0.956349999999999
0.97 0.9599499999999989
0.97 0.9480999999999992
0.97 0.955049999999999
0.97 0.9614999999999992
0.97 0.9592999999999993
0.97 0.962149999999999
0.97 0.9668999999999989
0.97 0.9691999999999991
0.97 0.9601499999999991
0.97 0.9615999999999992
0.97 0.964999999999999
0.97 0.9597999999999991
0.97 0.9602999999999993
0.97 0.963749999999999
0.97 0.9610499999999991
0.97 0.9584999999999989
0.79 0.775350000000002
0.81 0.7804000000000018
0.87 0.788450000000001
0.97 0.9556999999999991
0.97 0.962299999999999
0.97 0.9636499999999992
0.97 0.9638499999999988
0.97 0.965249999999999
0.79 0.7854000000000011
0.82 0.785350000000001
0.83 0.786350000000001
0.85 0.7892000000000013
0.85 0.790150000000001
0.85 0.7955500000000009
0.85 0.8077500000000006
0.85 0.8132499999999986
0.91 0.8295999999999968
0.91 0.8387999999999971
0.91 0.8453999999999976
0.68 0.6786500000000032
0.96 0.8954499999999971
0.68 0.6738500000000032
0.68 0.6736000000000034
0.68 0.6752500000000033
0.68 0.6780500000000032
0.68 0.6793500000000033
0.96 0.9470499999999998
0.96 0.9510500000000005
0.96 0.93975
0.96 0.9448500000000005
0.96 0.9551500000000006
0.96 0.9528000000000008
0.96 0.9540000000000005
0.96 0.9490000000000006
0.96 0.9472000000000004
0.96 0.9560500000000007
0.96 0.9481000000000003
0.96 0.9576500000000004
0.96 0.9540500000000004
0.96 0.9585000000000007
0.96 0.9529000000000003
0.96 0.9553000000000003
0.96 0.94305
0.96 0.9466000000000001
0.96 0.9481500000000003
0.96 0.9466500000000004
0.96 0.9429000000000003
0.96 0.9577000000000007
0.96 0.9508500000000005
0.96 0.9503500000000003
0.96 0.9483000000000007
0.96 0.9535500000000008
0.96 0.9545000000000008
0.96 0.9420000000000003
0.96 0.9537500000000004
0.96 0.9539000000000007
0.96 0.9589500000000009
0.96 0.9446500000000003
0.96 0.9477
0.96 0.9519000000000004
0.96 0.9463000000000003
0.96 0.9505000000000001
0.96 0.9526
0.96 0.9505500000000001
0.96 0.9509500000000005
0.96 0.9589000000000008
0.96 0.9455000000000006
0.96 0.9472000000000003
0.96 0.9532000000000006
0.96 0.9517500000000002
0.96 0.9494000000000007
0.96 0.93955
0.96 0.94725
0.96 0.9445000000000003
0.96 0.9439500000000004
0.96 0.9493500000000005
0.96 0.9460000000000004
0.96 0.9495000000000001
0.96 0.9562500000000002
0.96 0.9481000000000002
0.96 0.9493000000000005
0.96 0.9420500000000003
0.96 0.9521999999999999
0.96 0.9551500000000002
0.96 0.9484500000000002
0.96 0.9574000000000007
0.96 0.9559000000000006
0.96 0.9427000000000002
0.96 0.9429500000000003
0.96 0.9520500000000002
0.96 0.9370500000000002
0.96 0.9452500000000001
0.9 0.7219000000000009
0.96 0.9564000000000002
0.96 0.9547000000000005
0.96 0.7465500000000007
0.96 0.7677999999999993
0.96 0.9499000000000004
0.96 0.8004499999999979
0.96 0.8237999999999992
0.96 0.8535499999999994
0.96 0.8762000000000003
0.96 0.8954
0.96 0.9301499999999987
0.96 0.9299999999999987
