0.89 0.4201500000000048
0.89 0.4521300000000054
0.89 0.4813900000000056
0.93 0.5146000000000045
0.93 0.5440200000000025
0.94 0.5724500000000018
0.98 0.5891400000000007
0.98 0.6113699999999967
0.98 0.6216699999999956
0.98 0.6459599999999974
0.98 0.6652899999999945
0.98 0.6719499999999943
0.98 0.6725999999999943
0.98 0.6793499999999951
0.98 0.7034499999999935
0.98 0.7164199999999973
0.98 0.7236100000000015
0.98 0.7293299999999994
0.98 0.7379600000000008
0.98 0.7454500000000046
0.98 0.7487700000000063
0.98 0.761470000000009
0.98 0.7647900000000072
0.98 0.760990000000007
0.98 0.7536100000000043
0.98 0.7567200000000045
0.98 0.7564400000000039
0.98 0.7530500000000053
0.98 0.7653200000000075
0.98 0.7650700000000068
0.98 0.7687000000000065
0.98 0.7722300000000065
0.98 0.7634600000000059
0.98 0.7671100000000052
0.98 0.7740300000000063
0.98 0.7865700000000074
0.98 0.7928200000000071
0.98 0.7937400000000058
0.98 0.8079200000000023
0.98 0.8164100000000034
0.98 0.8092200000000027
0.98 0.8033100000000032
0.98 0.8043300000000035
0.98 0.8119500000000035
0.98 0.820540000000004
0.98 0.8353100000000016
0.98 0.8367900000000015
0.98 0.8314500000000019
0.98 0.8332000000000025
0.98 0.8261900000000019
0.98 0.8323100000000029
0.98 0.8375600000000022
0.98 0.8371200000000035
0.98 0.8461800000000006
0.98 0.8530399999999992
0.98 0.8459400000000016
0.98 0.8623699999999976
0.98 0.8621099999999974
0.98 0.8559599999999974
0.98 0.8517699999999971
0.98 0.8546399999999961
0.98 0.8622099999999979
0.98 0.8576199999999989
0.98 0.8482400000000002
0.98 0.8463900000000028
0.98 0.8395100000000034
0.98 0.8459900000000012
0.98 0.8469700000000017
0.98 0.8532400000000008
0.98 0.8416600000000032
0.98 0.8446900000000019
0.98 0.8518600000000007
0.98 0.8538399999999999
0.98 0.8470300000000027
0.98 0.8492800000000035
0.98 0.8543300000000016
0.98 0.8628500000000033
0.98 0.8560300000000035
0.98 0.8507100000000033
0.98 0.8575300000000029
0.98 0.8504300000000022
0.98 0.8619800000000012
0.98 0.8511400000000022
0.98 0.854380000000003
0.98 0.853650000000004
0.98 0.8649100000000036
0.98 0.8673800000000051
0.98 0.8656700000000048
0.98 0.8672600000000056
0.98 0.8584200000000047
0.98 0.8614800000000061
0.98 0.8668200000000059
0.98 0.8588300000000021
0.98 0.8498400000000021
0.98 0.8595000000000023
0.98 0.8751400000000055
0.98 0.8745700000000056
0.98 0.8650100000000049
0.98 0.8660600000000046
0.98 0.8597600000000035
