0.84 0.3714500000000016
0.69 0.3703000000000016
0.69 0.37775000000000136
0.69 0.36500000000000155
0.69 0.37405000000000116
0.69 0.3748500000000012
0.69 0.37240000000000073
0.69 0.3725500000000006
0.64 0.3671500000000003
0.64 0.36805000000000065
0.69 0.3830000000000002
0.71 0.36600000000000094
0.67 0.3590500000000003
0.64 0.37025000000000047
0.69 0.3608500000000008
0.64 0.3708500000000006
0.69 0.36220000000000063
0.69 0.37290000000000023
0.69 0.3574000000000006
0.69 0.3729000000000004
0.7 0.36145000000000094
0.69 0.36780000000000035
0.68 0.3661000000000002
0.57 0.3539000000000004
0.68 0.36560000000000026
0.69 0.3699000000000002
0.69 0.3654500000000002
0.69 0.3746000000000002
0.69 0.38
0.69 0.37925
0.69 0.38304999999999984
0.67 0.3729500000000001
0.67 0.37060000000000026
0.68 0.37370000000000014
0.67 0.36555000000000026
0.77 0.37920000000000004
0.69 0.3761500000000001
0.69 0.42394999999999927
0.68 0.38305
0.69 0.41524999999999906
0.68 0.4062499999999993
0.69 0.4237499999999986
0.69 0.43414999999999837
0.69 0.4634499999999978
0.72 0.4696999999999978
0.77 0.4893499999999975
0.77 0.5193999999999985
0.77 0.5020999999999983
0.83 0.49434999999999846
0.69 0.4933499999999983
0.96 0.5246999999999984
0.82 0.5708999999999982
0.79 0.5021499999999979
0.96 0.5488999999999988
0.96 0.5291999999999996
0.82 0.4722999999999983
0.82 0.4333999999999984
0.69 0.46439999999999776
0.69 0.46774999999999767
0.69 0.49309999999999815
0.69 0.5182999999999985
0.92 0.5551499999999987
0.82 0.5563499999999988
0.69 0.38844999999999963
0.71 0.3990999999999996
0.76 0.485199999999999
0.77 0.5029499999999996
0.85 0.5143999999999989
0.8 0.48974999999999796
0.8 0.5328999999999985
0.8 0.5340999999999989
0.69 0.5261499999999983
0.69 0.49714999999999854
0.69 0.47754999999999825
0.69 0.48174999999999846
0.69 0.4890999999999993
0.69 0.5540499999999996
0.69 0.5414499999999987
0.69 0.568849999999999
0.69 0.5773999999999995
0.69 0.6026999999999995
0.69 0.601549999999999
0.69 0.6219499999999993
0.69 0.6427999999999989
0.69 0.6266999999999987
0.69 0.6324999999999988
0.69 0.6205999999999992
0.69 0.6093999999999987
0.69 0.5821499999999985
0.69 0.36555000000000015
0.69 0.41224999999999923
0.69 0.41419999999999907
0.69 0.3710000000000001
0.69 0.3604500000000002
0.69 0.37775
0.69 0.41929999999999895
0.69 0.42749999999999866
0.69 0.46484999999999776
0.69 0.505699999999997
0.69 0.490749999999997
0.69 0.559849999999999
0.69 0.5558999999999984
0.69 0.5822499999999986
0.69 0.6072499999999991
0.69 0.5529999999999983
0.69 0.38539999999999985
0.69 0.35665000000000036
0.69 0.3697500000000001
0.35 0.3500000000000004
0.35 0.3500000000000004
0.35 0.3500000000000004
0.68 0.35565000000000035
0.69 0.36625000000000013
0.68 0.3528500000000004
0.68 0.3561500000000003
0.68 0.36815000000000014
0.69 0.40674999999999933
0.69 0.4156999999999991
0.69 0.4199999999999992
0.69 0.4140499999999994
0.69 0.40904999999999936
0.69 0.40849999999999914
0.69 0.3921499999999996
0.69 0.4028999999999996
0.69 0.382
0.69 0.37815000000000004
0.69 0.4014499999999993
0.69 0.43899999999999845
0.69 0.38275000000000015
0.69 0.41879999999999895
0.69 0.4389499999999979
0.69 0.46764999999999846
0.69 0.4915499999999986
0.69 0.48924999999999835
0.69 0.5214499999999994
0.69 0.5514499999999998
0.69 0.554999999999999
0.69 0.5933999999999999
0.69 0.6129999999999999
0.69 0.6277999999999995
0.69 0.6311499999999997
0.69 0.6244999999999998
0.69 0.6277500000000003
0.69 0.6299000000000002
0.69 0.6075999999999999
0.69 0.6280500000000004
0.69 0.6344000000000011
0.69 0.6291500000000008
0.69 0.6509500000000018
0.69 0.5220499999999978
0.69 0.6087500000000005
0.69 0.5224499999999977
0.69 0.5054999999999976
0.69 0.5450499999999981
0.69 0.4334999999999986
0.69 0.4903999999999975
0.69 0.5336999999999992
0.69 0.5008499999999976
0.69 0.570949999999999
0.69 0.5094499999999976
0.69 0.5622999999999991
0.69 0.4775999999999976
0.69 0.5941
0.69 0.5999000000000002
0.69 0.6131000000000008
0.69 0.6092500000000001
0.69 0.583199999999999
0.69 0.5927499999999993
0.69 0.6128999999999999
0.69 0.5688999999999984
0.68 0.4402499999999986
0.69 0.3920999999999997
0.35 0.3500000000000004
0.35 0.3500000000000004
0.35 0.3500000000000004
0.35 0.3500000000000004
0.69 0.38545
0.69 0.40644999999999937
0.69 0.4529999999999979
0.69 0.5014999999999978
0.69 0.5385999999999984
0.69 0.569749999999999
0.69 0.5886999999999989
0.69 0.6088999999999997
0.69 0.6217499999999994
0.69 0.6404999999999994
0.69 0.4885500000000005
0.69 0.6426999999999997
0.69 0.6478999999999994
0.69 0.6134499999999995
0.69 0.5809499999999992
0.69 0.5184500000000013
0.69 0.5696000000000004
0.69 0.5772999999999998
0.69 0.6032499999999998
0.69 0.6282000000000002
0.69 0.6309000000000003
0.69 0.6327500000000004
0.69 0.6406500000000004
0.69 0.6352500000000001
0.69 0.6468
0.69 0.6432500000000004
0.69 0.6508500000000003
0.69 0.6629999999999997
0.69 0.6610499999999994
0.69 0.6626999999999994
0.69 0.6667999999999992
0.69 0.6690499999999995
0.69 0.6768999999999988
0.69 0.6820999999999987
0.69 0.6735499999999986
0.69 0.6673499999999987
0.69 0.6743999999999986
0.69 0.6661999999999985
0.69 0.6765999999999985
0.69 0.6730499999999989
0.69 0.6396999999999983
0.69 0.6663499999999984
0.69 0.6648999999999984
0.69 0.6678999999999984
0.69 0.6761999999999988
0.69 0.6628499999999988
0.69 0.6653499999999987
0.69 0.6708999999999985
0.69 0.6623499999999983
0.69 0.6772499999999986
0.69 0.6763499999999985
0.69 0.6318499999999984
0.69 0.6448499999999983
0.69 0.6701499999999986
0.69 0.6738999999999983
0.69 0.6748499999999988
0.69 0.6726499999999984
0.69 0.6764499999999988
0.69 0.6765499999999988
0.69 0.6725999999999993
0.69 0.6608999999999987
0.69 0.6623499999999987
0.69 0.6588999999999987
0.69 0.6645999999999986
0.69 0.6612499999999986
0.69 0.6658499999999985
0.69 0.6677499999999985
0.69 0.6702999999999986
0.69 0.6692999999999985
0.69 0.6793499999999986
0.69 0.6717999999999986
0.69 0.6650499999999988
0.69 0.5580499999999975
0.69 0.44414999999999855
0.69 0.503899999999997
0.69 0.49914999999999715
0.69 0.6278499999999992
0.69 0.5608499999999983
0.69 0.5839499999999991
0.69 0.6239999999999986
0.69 0.6599999999999987
0.69 0.6606999999999988
0.69 0.6654999999999984
0.69 0.6779999999999984
0.69 0.6748499999999986
0.69 0.6667999999999988
0.69 0.6750999999999989
0.69 0.6740499999999985
0.69 0.6796499999999984
0.69 0.6805499999999987
0.69 0.6788499999999987
0.69 0.6747499999999986
0.69 0.6813999999999986
0.69 0.6761499999999985
0.69 0.6790499999999987
0.69 0.6817499999999985
0.69 0.674949999999999
0.69 0.6724499999999984
0.69 0.6775499999999985
0.69 0.6774999999999988
0.69 0.680599999999999
0.69 0.6851999999999988
0.69 0.6788999999999987
0.69 0.6849499999999985
0.69 0.6734499999999984
0.69 0.6644499999999988
0.69 0.6713999999999988
0.69 0.6758999999999987
0.69 0.6744499999999988
0.69 0.6749499999999986
0.69 0.6747999999999986
0.69 0.6722499999999983
0.69 0.6741999999999986
0.69 0.6690999999999986
0.69 0.6748499999999986
0.69 0.6766999999999984
0.69 0.6820499999999987
0.69 0.6786999999999987
0.69 0.6831499999999986
0.69 0.6685999999999984
0.69 0.6746499999999983
0.69 0.6808999999999985
0.69 0.6767499999999983
0.69 0.6852999999999985
0.69 0.6779499999999987
0.69 0.6720499999999986
0.69 0.6742499999999987
0.69 0.6731999999999985
0.69 0.6771999999999987
0.69 0.6795499999999989
0.69 0.6783499999999987
0.69 0.6798999999999986
0.69 0.6729999999999984
0.69 0.6771499999999985
0.69 0.6690999999999988
0.69 0.6781499999999986
0.69 0.6578999999999988
0.69 0.6714999999999987
0.69 0.6692999999999988
0.69 0.6751499999999985
0.69 0.6768999999999984
0.69 0.6635999999999987
0.69 0.6741499999999989
0.69 0.6732499999999985
0.69 0.6823999999999986
0.69 0.6791499999999986
0.69 0.6600999999999982
0.69 0.6825999999999987
0.69 0.6730499999999988
0.69 0.6723999999999986
0.69 0.6663499999999987
0.69 0.6750999999999985
0.69 0.6815499999999988
0.69 0.5443499999999974
0.69 0.6429999999999985
0.69 0.6772499999999984
0.69 0.6722999999999985
0.69 0.6834999999999986
0.69 0.6803999999999989
0.69 0.6838499999999985
0.69 0.6817999999999987
0.69 0.6792999999999987
0.69 0.6660999999999985
0.69 0.5437499999999974
0.69 0.5659499999999984
0.69 0.5844499999999989
0.69 0.6144999999999989
0.69 0.6342499999999989
0.69 0.6638499999999989
0.69 0.6713999999999986
0.69 0.6666999999999984
0.69 0.6753499999999987
0.69 0.6697999999999985
0.69 0.6794499999999982
0.69 0.6814499999999986
0.69 0.6840499999999985
0.69 0.6812499999999986
0.69 0.6808499999999984
0.69 0.6736999999999985
0.69 0.6672499999999986
0.69 0.6788499999999986
0.69 0.6831499999999984
0.69 0.6796999999999989
0.69 0.6840999999999984
0.69 0.6770499999999986
0.69 0.6710999999999983
0.69 0.6793499999999986
0.69 0.6701499999999987
0.69 0.6815999999999985
0.69 0.6860999999999984
0.69 0.6806999999999986
0.69 0.6864999999999984
0.69 0.6820999999999984
0.69 0.6668499999999986
0.69 0.6768999999999984
0.69 0.6794499999999988
0.69 0.6820499999999986
0.69 0.6726999999999986
0.69 0.6795999999999986
0.69 0.6756499999999988
0.69 0.6703499999999988
0.69 0.6830999999999983
0.69 0.6825499999999984
0.69 0.6830499999999985
0.69 0.6797499999999985
0.69 0.6760999999999986
0.69 0.6780499999999986
0.69 0.673149999999999
0.69 0.6738499999999986
0.69 0.6774999999999985
0.69 0.6789499999999987
0.69 0.6696499999999985
0.69 0.6684499999999984
0.69 0.6767999999999985
0.69 0.6818999999999984
0.69 0.6810499999999985
0.69 0.6813999999999986
0.69 0.6829999999999985
0.69 0.6616999999999988
0.69 0.6736499999999984
0.69 0.6424499999999991
0.69 0.6517999999999989
0.69 0.6674499999999989
0.69 0.6756499999999984
0.69 0.6775499999999985
0.69 0.6787999999999985
0.69 0.6808499999999984
0.69 0.6841499999999984
0.69 0.6846999999999988
0.69 0.6764999999999988
0.69 0.6776999999999989
0.69 0.6803499999999986
0.69 0.6828999999999986
0.69 0.6357999999999985
0.69 0.6503499999999985
0.69 0.5875999999999982
0.69 0.6603999999999987
0.69 0.5539499999999977
0.69 0.5880999999999986
0.69 0.4667000000000017
0.69 0.5278999999999997
0.69 0.5430999999999991
0.69 0.5370000000000003
0.69 0.5237500000000002
0.69 0.5808499999999992
0.69 0.5950499999999985
0.69 0.6022999999999983
0.69 0.6267499999999988
0.69 0.6422499999999991
0.69 0.6575999999999992
0.69 0.655449999999999
0.69 0.6691499999999985
0.69 0.6760999999999987
0.69 0.6858999999999985
0.69 0.6846499999999984
0.69 0.6839499999999985
0.69 0.6776499999999984
0.69 0.6548499999999986
0.69 0.6683999999999989
0.69 0.6616999999999986
0.69 0.5218000000000008
0.69 0.6605999999999984
0.69 0.6009499999999997
0.69 0.6687999999999985
0.69 0.6462499999999989
0.69 0.6765999999999986
0.69 0.6816499999999986
0.69 0.672549999999999
0.69 0.6353999999999985
0.69 0.5753499999999976
0.69 0.6472499999999991
0.69 0.6098999999999986
0.69 0.6402999999999988
0.69 0.6641499999999988
0.69 0.6817999999999984
0.69 0.6844999999999986
0.69 0.6781499999999984
0.69 0.6683999999999984
0.69 0.6725499999999986
0.69 0.6732499999999986
0.69 0.6829999999999984
0.69 0.6833499999999987
0.69 0.668499999999999
0.69 0.6641499999999989
0.69 0.6759999999999985
0.69 0.6828999999999987
0.69 0.6822999999999986
0.69 0.6788999999999984
0.69 0.6825999999999987
0.69 0.672349999999999
0.69 0.6804499999999988
0.69 0.6766999999999989
0.69 0.6777999999999986
0.69 0.6773499999999985
0.69 0.6736999999999986
0.69 0.6868499999999984
0.69 0.6861999999999985
0.69 0.6828999999999987
0.69 0.6824999999999988
0.69 0.6765499999999984
0.69 0.6761499999999985
0.69 0.6707999999999987
0.69 0.6799999999999986
0.69 0.6787999999999986
0.69 0.6794499999999988
0.69 0.6796499999999984
0.69 0.6779499999999987
0.69 0.6783499999999986
0.69 0.6770999999999985
0.69 0.6675999999999983
0.69 0.6777999999999984
0.69 0.6810499999999986
0.69 0.6747999999999986
0.69 0.6735999999999985
0.69 0.6611499999999988
0.69 0.6747499999999985
0.69 0.6813499999999985
0.69 0.6828499999999985
0.69 0.6843499999999986
0.69 0.6855999999999984
0.69 0.6741999999999985
0.69 0.6779499999999985
0.69 0.6821999999999985
0.69 0.6765999999999984
