0.86 0.4082399999999954
0.86 0.44444999999999596
0.86 0.48563999999999785
0.86 0.5097999999999973
0.93 0.5421200000000013
0.93 0.5702000000000024
0.95 0.582660000000003
0.95 0.6046200000000019
0.96 0.6231099999999992
0.96 0.6416300000000026
0.96 0.6555900000000037
0.96 0.6555300000000036
0.96 0.6631700000000056
0.96 0.6709300000000075
0.97 0.6802700000000065
0.97 0.6992800000000038
0.97 0.7043600000000027
0.97 0.7039300000000034
0.97 0.7192099999999996
0.97 0.7244199999999991
0.97 0.7221399999999988
0.97 0.7336299999999952
0.98 0.7394499999999953
0.98 0.7400999999999942
0.98 0.7458599999999938
0.98 0.7480299999999931
0.98 0.747229999999993
0.98 0.7566799999999919
0.98 0.7607499999999922
0.98 0.7600699999999926
0.98 0.7728099999999957
0.98 0.7713799999999942
0.98 0.7828999999999949
0.98 0.7891599999999959
0.98 0.799469999999996
0.98 0.7811599999999954
0.98 0.787989999999996
0.98 0.7875399999999959
0.98 0.8146399999999974
0.98 0.8083999999999935
0.98 0.8008399999999956
0.98 0.8070799999999936
0.98 0.8066999999999939
0.98 0.8206699999999962
0.98 0.8172499999999955
0.98 0.8147099999999957
0.98 0.8212499999999986
0.98 0.819709999999997
0.98 0.8156099999999977
0.98 0.8170999999999976
0.98 0.8231599999999977
0.98 0.8331499999999991
0.98 0.8328899999999965
0.98 0.8352499999999969
0.98 0.8367199999999964
0.98 0.848309999999997
0.98 0.8369199999999966
0.98 0.8363399999999993
0.98 0.8347099999999952
0.98 0.8501399999999953
0.98 0.847509999999995
0.98 0.856679999999995
0.98 0.8592299999999925
0.98 0.8646799999999915
0.98 0.8698399999999906
0.98 0.8607899999999928
0.98 0.8646299999999922
0.98 0.8692899999999901
0.98 0.8678099999999914
0.98 0.861199999999991
0.98 0.8546599999999935
0.98 0.8547199999999929
0.98 0.8576899999999942
0.98 0.8662599999999926
0.98 0.8662099999999938
0.98 0.8708099999999978
0.98 0.8751999999999976
0.98 0.8732799999999974
0.98 0.8679699999999987
0.98 0.865849999999999
0.98 0.8595099999999952
0.98 0.8569199999999964
0.98 0.8612899999999967
0.98 0.8699099999999987
0.98 0.8685600000000006
0.98 0.8646599999999987
0.98 0.8701199999999992
0.98 0.8813600000000037
0.98 0.8720300000000016
0.98 0.8737000000000048
0.98 0.882000000000004
0.98 0.8827500000000041
0.98 0.8798700000000014
0.98 0.8698199999999983
0.98 0.8627299999999958
0.98 0.867489999999997
0.98 0.8715499999999974
0.98 0.8753099999999989
0.98 0.87764
0.98 0.8728200000000023
