0.92 0.41627999999999765
0.94 0.4630899999999984
0.94 0.49605999999999933
0.94 0.5215299999999998
0.94 0.5413700000000022
0.95 0.5635700000000018
0.95 0.5771500000000007
0.95 0.6011400000000005
0.96 0.6195000000000003
0.96 0.6355100000000016
0.96 0.6524300000000022
0.96 0.6655300000000018
0.96 0.6687000000000018
0.97 0.6896199999999999
0.97 0.6928499999999979
0.98 0.7011699999999956
0.98 0.7057299999999944
0.98 0.6947699999999959
0.98 0.6878599999999965
0.98 0.6977399999999958
0.98 0.7094599999999948
0.98 0.716719999999997
0.98 0.7223299999999981
0.98 0.7352100000000029
0.98 0.7422300000000025
0.98 0.7444400000000042
0.98 0.7498400000000034
0.99 0.748710000000006
0.99 0.7643000000000083
0.99 0.7650200000000063
0.99 0.7712700000000071
0.99 0.7680700000000061
0.99 0.7772600000000072
0.99 0.7762800000000105
0.99 0.7749100000000076
0.99 0.7868300000000079
0.99 0.7904800000000061
0.99 0.7912800000000071
0.99 0.8006200000000047
0.99 0.8106300000000033
0.99 0.8093700000000019
0.99 0.8205200000000006
0.99 0.8047100000000031
0.99 0.8247600000000038
0.99 0.8357700000000033
0.99 0.8255900000000044
0.99 0.8265000000000028
0.99 0.8298800000000027
0.99 0.8224600000000013
0.99 0.8157800000000015
0.99 0.8147800000000014
0.99 0.8219300000000023
0.99 0.8225500000000031
0.99 0.8141500000000004
0.99 0.825040000000002
0.99 0.8184100000000015
0.99 0.8223700000000025
0.99 0.8128500000000012
0.99 0.8196300000000041
0.99 0.8165300000000033
0.99 0.8157400000000034
0.99 0.8223600000000046
0.99 0.8273400000000042
0.99 0.8224500000000048
0.99 0.820450000000004
0.99 0.8279300000000035
0.99 0.8383300000000031
0.99 0.8412300000000025
0.99 0.8439200000000021
0.99 0.8413200000000031
0.99 0.8510100000000049
0.99 0.8520300000000038
0.99 0.8399700000000044
0.99 0.8333300000000038
0.99 0.8452500000000036
0.99 0.8376700000000026
0.99 0.831900000000002
0.99 0.8356900000000036
0.99 0.829390000000007
0.99 0.826760000000005
0.99 0.8296300000000044
0.99 0.8433000000000042
0.99 0.8473300000000021
0.99 0.8415200000000023
0.99 0.8431200000000028
0.99 0.8416200000000019
0.99 0.8342400000000029
0.99 0.8375600000000015
0.99 0.8393600000000023
0.99 0.8449100000000035
0.99 0.8441400000000043
0.99 0.8380400000000049
0.99 0.8529600000000046
0.99 0.8486500000000049
0.99 0.8389700000000039
0.99 0.8519400000000036
0.99 0.8517000000000008
0.99 0.8523400000000003
0.99 0.8539200000000012
0.99 0.8582699999999995
