0.21999999999999997 0.5824200000000069
0.21999999999999997 0.5460200000000063
0.21999999999999997 0.5031200000000042
0.21999999999999997 0.46344000000000235
0.21999999999999997 0.45234000000000285
0.040000000000000036 0.4299800000000025
0.040000000000000036 0.3977200000000027
0.040000000000000036 0.3887200000000029
0.040000000000000036 0.36340000000000255
0.07999999999999996 0.34360000000000174
0.07999999999999996 0.33776000000000156
0.07999999999999996 0.33394000000000157
0.07999999999999996 0.3265800000000017
0.07999999999999996 0.3109200000000014
0.07999999999999996 0.3096800000000015
0.07999999999999996 0.2984400000000013
0.07999999999999996 0.29008000000000117
0.07999999999999996 0.27752000000000115
0.07999999999999996 0.26266000000000117
0.07999999999999996 0.25370000000000104
0.07999999999999996 0.259960000000001
0.07999999999999996 0.24628000000000091
0.07999999999999996 0.24808000000000077
0.07999999999999996 0.24292000000000027
0.07999999999999996 0.21860000000000065
0.07999999999999996 0.21822000000000066
0.07999999999999996 0.21244000000000074
0.07999999999999996 0.19738000000000053
0.07999999999999996 0.18772000000000033
0.07999999999999996 0.18508000000000022
0.07999999999999996 0.17550000000000004
0.07999999999999996 0.1676000000000001
0.07999999999999996 0.16624
0.07999999999999996 0.15682000000000001
0.07999999999999996 0.15506000000000003
0.07999999999999996 0.15419999999999956
0.07999999999999996 0.15423999999999988
0.07999999999999996 0.1520199999999998
0.07999999999999996 0.1415599999999999
0.07999999999999996 0.14079999999999973
0.07999999999999996 0.14288000000000012
0.07999999999999996 0.14459999999999984
0.07999999999999996 0.1385999999999998
0.07999999999999996 0.15297999999999964
0.07999999999999996 0.1434799999999995
0.07999999999999996 0.1379999999999996
0.07999999999999996 0.1425399999999999
0.07999999999999996 0.13519999999999976
0.07999999999999996 0.13817999999999966
0.07999999999999996 0.13251999999999972
0.07999999999999996 0.1255599999999997
0.07999999999999996 0.12607999999999975
0.07999999999999996 0.13609999999999972
0.07999999999999996 0.1282999999999998
0.07999999999999996 0.11947999999999961
0.07999999999999996 0.12269999999999953
0.07999999999999996 0.1304599999999995
0.07999999999999996 0.1286799999999995
0.07999999999999996 0.12561999999999965
0.07999999999999996 0.12913999999999953
0.07999999999999996 0.1292999999999996
0.07999999999999996 0.12369999999999959
0.07999999999999996 0.11815999999999968
0.07999999999999996 0.11495999999999962
0.07999999999999996 0.12417999999999958
0.07999999999999996 0.12179999999999959
0.07999999999999996 0.12513999999999958
0.07999999999999996 0.1272199999999995
0.07999999999999996 0.12377999999999961
0.07999999999999996 0.12775999999999954
0.07999999999999996 0.1312399999999996
0.07999999999999996 0.13699999999999976
0.07999999999999996 0.13179999999999967
0.07999999999999996 0.1352999999999995
0.07999999999999996 0.12861999999999957
0.07999999999999996 0.12761999999999954
0.07999999999999996 0.1255199999999997
0.07999999999999996 0.12025999999999956
0.07999999999999996 0.12983999999999982
0.07999999999999996 0.12995999999999977
0.07999999999999996 0.13073999999999975
0.07999999999999996 0.12887999999999952
0.07999999999999996 0.12327999999999954
0.07999999999999996 0.12531999999999965
0.07999999999999996 0.11437999999999963
0.07999999999999996 0.11621999999999962
0.07999999999999996 0.11691999999999975
0.07999999999999996 0.11541999999999963
0.07999999999999996 0.12623999999999969
0.07999999999999996 0.12403999999999953
0.07999999999999996 0.12945999999999974
0.07999999999999996 0.13039999999999957
0.07999999999999996 0.1291199999999996
0.07999999999999996 0.1219599999999997
0.07999999999999996 0.1173599999999996
0.07999999999999996 0.11385999999999971
0.07999999999999996 0.11493999999999965
0.07999999999999996 0.11771999999999976
0.07999999999999996 0.1138399999999998
0.07999999999999996 0.11367999999999977
