0.92 0.4200500000000016
0.92 0.4651100000000022
0.92 0.4943200000000025
0.92 0.5233199999999999
0.92 0.5401200000000015
0.92 0.5653200000000009
0.92 0.5887699999999992
0.94 0.6144300000000003
0.96 0.6465900000000004
0.96 0.6618299999999984
0.97 0.6757899999999961
0.97 0.676599999999995
0.97 0.6988799999999943
0.97 0.6976599999999968
0.97 0.7083099999999982
0.97 0.7092899999999992
0.97 0.7203200000000018
0.97 0.727890000000004
0.97 0.7397600000000065
0.97 0.7491500000000066
0.97 0.7502300000000076
0.97 0.7468000000000067
0.97 0.7534900000000062
0.97 0.7609100000000095
0.97 0.7664300000000053
0.97 0.7748600000000083
0.97 0.7834500000000072
0.98 0.7934600000000075
0.98 0.7929100000000056
0.98 0.8011600000000039
0.98 0.8111500000000005
0.98 0.8092100000000001
0.98 0.8290100000000035
0.98 0.8383400000000043
0.98 0.8450600000000031
0.98 0.8445700000000033
0.98 0.8444700000000025
0.98 0.8524600000000032
0.98 0.8551400000000027
0.98 0.850500000000004
0.98 0.8578300000000042
0.98 0.8506800000000029
0.98 0.8506300000000038
0.98 0.8560900000000026
0.98 0.8502100000000037
0.98 0.8689900000000006
0.98 0.8644100000000009
0.98 0.8604499999999992
0.98 0.8558500000000008
0.98 0.8537600000000007
0.98 0.8540100000000039
0.98 0.8581100000000023
0.98 0.8565500000000059
0.98 0.8549900000000025
0.98 0.8531500000000023
0.98 0.852360000000004
0.98 0.8636900000000033
0.98 0.8658100000000025
0.98 0.86552
0.98 0.8672799999999992
0.98 0.8729499999999956
0.98 0.8833299999999941
0.98 0.8789999999999947
0.98 0.8742199999999969
0.98 0.8667699999999984
0.98 0.8672399999999991
0.98 0.8673899999999958
0.98 0.8618199999999981
0.98 0.8646999999999987
0.98 0.8587699999999985
0.98 0.8712999999999947
0.98 0.8783199999999927
0.98 0.8728799999999955
0.98 0.8767399999999944
0.98 0.8802299999999936
0.98 0.8752599999999973
0.98 0.8743399999999953
0.98 0.8886099999999957
0.98 0.8852799999999953
0.98 0.8772899999999927
0.98 0.8769199999999974
0.98 0.8689599999999953
0.98 0.8615499999999957
0.98 0.867969999999996
0.98 0.8573799999999983
0.98 0.8615399999999962
0.98 0.8674399999999951
0.98 0.8707399999999967
0.98 0.8710099999999972
0.98 0.866229999999998
0.98 0.866239999999997
0.98 0.873859999999997
0.98 0.8710399999999966
0.98 0.8724899999999964
0.98 0.8750099999999988
0.98 0.8769299999999969
0.98 0.8805199999999987
0.98 0.8724499999999957
0.98 0.8703999999999961
0.98 0.873679999999996
