0.82 0.4078499999999944
0.86 0.4501199999999957
0.9 0.4915999999999967
0.93 0.5158599999999975
0.95 0.5491500000000031
0.95 0.565960000000003
0.97 0.5926900000000015
0.97 0.6163100000000034
0.97 0.6283100000000055
0.98 0.652640000000007
0.98 0.670520000000006
0.98 0.6826200000000034
0.98 0.6881000000000008
0.98 0.6927500000000016
0.98 0.7034199999999987
0.98 0.7101599999999981
0.98 0.7140099999999976
0.98 0.7192699999999964
0.98 0.7162099999999956
0.98 0.7218299999999933
0.98 0.7459399999999898
0.98 0.7660899999999872
0.98 0.7693199999999903
0.99 0.7772499999999901
0.99 0.7725399999999911
0.99 0.7741999999999917
0.99 0.777969999999992
0.99 0.7851099999999919
0.99 0.77797999999999
0.99 0.7934299999999904
0.99 0.8060799999999907
0.99 0.8020799999999927
0.99 0.8031099999999916
0.99 0.8240099999999911
0.99 0.8146599999999923
0.99 0.8143299999999926
0.99 0.8160199999999945
0.99 0.8048999999999902
0.99 0.7955999999999924
0.99 0.810409999999993
0.99 0.817189999999995
0.99 0.8103599999999954
0.99 0.815609999999995
0.99 0.8144499999999963
0.99 0.8126199999999942
0.99 0.8105299999999918
0.99 0.8042899999999924
0.99 0.8142499999999949
0.99 0.8187799999999947
0.99 0.8307899999999947
0.99 0.8120999999999937
0.99 0.7992799999999953
0.99 0.8065799999999934
0.99 0.8132499999999931
0.99 0.8113799999999955
0.99 0.8269199999999965
0.99 0.8256399999999962
0.99 0.8352899999999963
0.99 0.8454799999999959
0.99 0.8455599999999975
0.99 0.8444299999999979
0.99 0.8498999999999972
0.99 0.8379599999999968
0.99 0.8326299999999998
0.99 0.8346499999999981
0.99 0.8330799999999978
0.99 0.8388499999999962
0.99 0.8424399999999967
0.99 0.845099999999995
0.99 0.8315299999999954
0.99 0.838099999999999
0.99 0.8293199999999998
0.99 0.8363099999999987
0.99 0.8417499999999994
0.99 0.8505999999999979
0.99 0.8454499999999964
0.99 0.8484499999999972
0.99 0.865090000000001
0.99 0.863970000000002
0.99 0.8565399999999963
0.99 0.8580799999999976
0.99 0.8614199999999975
0.99 0.8631699999999997
0.99 0.8655299999999996
0.99 0.8530599999999974
0.99 0.8595699999999977
0.99 0.8461499999999954
0.99 0.8504199999999968
0.99 0.854149999999998
0.99 0.8694599999999998
0.99 0.8715499999999996
0.99 0.8621000000000011
0.99 0.8619700000000012
0.99 0.8522499999999985
0.99 0.8620999999999988
0.99 0.8772700000000008
0.99 0.8651799999999996
0.99 0.8522499999999981
0.99 0.8462899999999947
0.99 0.8444099999999949
