0.88 0.4369899999999966
0.89 0.47523999999999805
0.89 0.5090199999999965
0.92 0.5362299999999945
0.92 0.5653099999999959
0.95 0.5797499999999973
0.95 0.5977399999999967
0.96 0.6178099999999985
0.96 0.6353499999999997
0.96 0.6489999999999995
0.96 0.6537099999999988
0.96 0.6635199999999967
0.98 0.6795299999999941
0.98 0.6896699999999928
0.98 0.7047599999999962
0.98 0.7170300000000015
0.98 0.7317100000000039
0.98 0.7430600000000056
0.98 0.744230000000006
0.98 0.7503000000000067
0.98 0.7381200000000041
0.98 0.7411200000000057
0.98 0.7436700000000066
0.98 0.7502300000000083
0.98 0.7475800000000051
0.98 0.7551000000000052
0.98 0.7601300000000082
0.98 0.7704800000000129
0.98 0.7825800000000113
0.98 0.7753200000000111
0.98 0.7808700000000123
0.98 0.7887900000000114
0.98 0.7948400000000093
0.98 0.7885000000000096
0.98 0.7898400000000081
0.98 0.7990000000000081
0.98 0.7920000000000055
0.98 0.799560000000008
0.98 0.805140000000007
0.98 0.8110300000000044
0.98 0.8158400000000049
0.98 0.8226300000000037
0.98 0.8193100000000018
0.98 0.8226600000000057
0.98 0.8271600000000059
0.98 0.823460000000003
0.98 0.8308300000000047
0.98 0.8260300000000057
0.98 0.8315200000000054
0.98 0.8235500000000038
0.98 0.8164900000000029
0.98 0.8268900000000056
0.98 0.8416000000000046
0.98 0.8535200000000063
0.98 0.848190000000005
0.98 0.853830000000004
0.98 0.8602500000000015
0.98 0.852820000000004
0.98 0.8609700000000025
0.98 0.8686100000000004
0.98 0.8675099999999993
0.98 0.8697899999999984
0.98 0.8820999999999994
0.98 0.87377
0.98 0.8782800000000018
0.98 0.8820499999999979
0.98 0.8717399999999985
0.98 0.8743999999999981
0.98 0.8668499999999991
0.98 0.8700700000000021
0.98 0.8653600000000005
0.98 0.8777000000000007
0.98 0.8749699999999982
0.98 0.8795999999999996
0.98 0.8791199999999989
0.98 0.865579999999997
0.98 0.8576199999999998
0.98 0.8738200000000003
0.98 0.8633300000000004
0.98 0.8692100000000001
0.98 0.8739900000000023
0.98 0.8708299999999993
0.98 0.867009999999999
0.98 0.871199999999998
0.98 0.8738300000000001
0.98 0.8699699999999995
0.98 0.871779999999999
0.98 0.8764499999999983
0.98 0.8765000000000007
0.98 0.8747200000000002
0.98 0.8749199999999988
0.98 0.8767199999999987
0.98 0.8754499999999982
0.98 0.8672699999999983
0.98 0.8642299999999987
0.98 0.8694699999999991
0.98 0.8672799999999988
0.98 0.879809999999997
0.98 0.8763699999999994
0.98 0.8766199999999991
