0.26 0.6194000000000017
0.36 0.6233000000000025
0.38 0.6352000000000023
0.26 0.6292000000000023
0.16000000000000003 0.6103000000000024
0.38 0.6201000000000023
0.36 0.6079000000000019
0.36 0.6275000000000023
0.18000000000000005 0.6222000000000021
0.18000000000000005 0.6326000000000027
0.36 0.6345000000000025
0.36 0.6335000000000026
0.31999999999999995 0.6348000000000027
0.16000000000000003 0.6035000000000023
0.28 0.6265000000000026
0.30000000000000004 0.6326000000000027
0.30000000000000004 0.6137000000000026
0.24 0.6161000000000023
0.19999999999999996 0.551100000000002
0.33999999999999997 0.5284000000000016
0.19999999999999996 0.5288000000000017
0.19999999999999996 0.5201000000000019
0.31999999999999995 0.4977000000000016
0.09999999999999998 0.5071000000000015
0.14 0.4983000000000015
0.16000000000000003 0.4640000000000014
0.21999999999999997 0.5285000000000015
0.21999999999999997 0.49280000000000157
0.28 0.4984000000000017
0.31999999999999995 0.6480000000000022
0.31999999999999995 0.5875000000000019
0.30000000000000004 0.5091000000000018
0.30000000000000004 0.5318000000000022
0.30000000000000004 0.5044000000000017
0.30000000000000004 0.4600000000000011
0.28 0.5859000000000019
0.14 0.466100000000001
0.14 0.4623000000000011
0.12 0.4572000000000014
0.12 0.47280000000000144
0.16000000000000003 0.47980000000000084
0.33999999999999997 0.4570000000000013
0.33999999999999997 0.4709000000000016
0.28 0.4659000000000013
0.28 0.47330000000000133
0.24 0.414900000000001
0.18000000000000005 0.40340000000000076
0.18000000000000005 0.4287000000000013
0.18000000000000005 0.44250000000000134
0.09999999999999998 0.4903000000000018
0.09999999999999998 0.42650000000000127
0.09999999999999998 0.44710000000000144
0.09999999999999998 0.440000000000001
0.19999999999999996 0.5133000000000013
0.19999999999999996 0.44750000000000073
0.31999999999999995 0.432100000000001
0.36 0.4125000000000012
0.36 0.4288000000000008
0.36 0.38260000000000055
0.14 0.42940000000000056
0.26 0.49770000000000125
0.36 0.6479000000000026
0.36 0.6243000000000021
0.36 0.6237000000000021
0.36 0.6173000000000026
0.36 0.6128000000000017
0.36 0.6070000000000023
0.36 0.5701000000000022
0.38 0.549900000000002
0.36 0.6086000000000026
0.36 0.5498000000000014
0.12 0.5075000000000012
0.36 0.49150000000000105
0.36 0.5191000000000017
0.4 0.4287000000000002
0.4 0.43550000000000016
0.26 0.43530000000000063
0.26 0.40169999999999995
0.36 0.5452000000000019
0.36 0.626900000000003
0.36 0.5631000000000025
0.36 0.5798000000000024
0.36 0.5297000000000016
0.36 0.4913000000000014
0.36 0.5549000000000023
0.36 0.5604000000000021
0.36 0.5820000000000024
0.36 0.5760000000000026
0.07999999999999996 0.5418000000000016
0.36 0.5675000000000021
0.36 0.5505000000000019
0.36 0.5515000000000019
0.36 0.5311000000000018
0.36 0.5225000000000015
0.36 0.4932000000000009
0.36 0.5726000000000022
0.36 0.5144000000000014
0.36 0.5674000000000021
0.36 0.5406000000000016
0.36 0.5398000000000016
0.36 0.5207000000000004
0.36 0.5045000000000003
0.36 0.5351000000000015
0.36 0.5077000000000009
0.36 0.5121000000000011
0.36 0.5274000000000012
0.36 0.5085000000000012
0.36 0.5184000000000014
0.36 0.6085000000000023
0.36 0.5648000000000022
0.36 0.5263000000000013
0.36 0.49810000000000054
0.36 0.5193000000000009
0.36 0.49850000000000105
0.36 0.44700000000000045
0.36 0.4605000000000007
0.36 0.471700000000001
0.36 0.45180000000000037
0.36 0.42490000000000017
0.36 0.5172000000000017
0.36 0.5442000000000021
0.36 0.44380000000000114
0.36 0.4509000000000013
0.36 0.4360000000000009
0.36 0.42360000000000086
0.36 0.4221000000000008
0.36 0.41350000000000053
0.36 0.41280000000000056
0.36 0.3882
0.36 0.4105000000000007
0.36 0.3998999999999999
0.36 0.4407000000000007
0.36 0.41669999999999996
0.36 0.40840000000000004
0.36 0.44080000000000064
0.36 0.40340000000000004
0.36 0.41150000000000037
0.36 0.39570000000000016
0.36 0.4053999999999999
0.36 0.38049999999999995
0.36 0.3991
0.36 0.3943999999999997
0.36 0.4064000000000003
0.36 0.3930000000000002
0.36 0.3869999999999999
0.36 0.4019
0.36 0.37919999999999976
0.36 0.3908
0.36 0.3850999999999997
0.36 0.39860000000000023
0.36 0.4280000000000008
0.36 0.40790000000000026
0.36 0.4371000000000009
0.36 0.5112000000000017
0.36 0.5768000000000024
0.38 0.5452000000000021
0.43999999999999995 0.653800000000003
0.38 0.6327000000000029
0.38 0.6911000000000022
0.5 0.6606000000000033
0.5 0.6381000000000028
0.5 0.6173000000000021
0.36 0.6019000000000017
0.36 0.6302000000000023
0.36 0.5868000000000023
0.38 0.568200000000002
0.36 0.6099000000000024
0.36 0.5664000000000017
0.36 0.5405000000000016
0.36 0.6077000000000023
0.5 0.5845000000000016
0.36 0.5646000000000011
0.5 0.5472000000000008
0.5 0.5374000000000009
0.5 0.523400000000001
0.5 0.5144000000000004
0.42000000000000004 0.5068
0.5 0.4952
0.38 0.5036000000000002
0.5 0.5042000000000004
0.38 0.5028000000000002
0.5 0.5091000000000003
0.5 0.5274000000000011
0.38 0.5236000000000014
0.4 0.5399000000000016
0.5 0.5301000000000012
0.5 0.524100000000001
0.5 0.527900000000001
0.5 0.5167000000000004
0.5 0.5191000000000003
0.5 0.5177
0.5 0.5214000000000004
0.5 0.5073
0.5 0.5110000000000001
0.5 0.5122000000000003
0.5 0.5102000000000001
0.5 0.5078000000000001
0.5 0.5090000000000002
0.38 0.5082000000000002
0.5 0.5140000000000005
0.38 0.5054
0.36 0.5077
0.5 0.5131
0.5 0.5150000000000003
0.5 0.5117000000000003
0.5 0.5143000000000003
0.5 0.5147000000000004
0.36 0.5119000000000005
0.36 0.5019000000000002
0.36 0.5040000000000004
0.36 0.5020000000000007
0.36 0.5053000000000004
0.36 0.5008000000000006
0.36 0.47840000000000027
0.36 0.47060000000000046
0.36 0.4513
0.36 0.44580000000000025
0.36 0.43800000000000017
0.36 0.4193000000000001
0.36 0.41110000000000013
0.36 0.4122000000000002
0.36 0.3998000000000001
0.36 0.45370000000000055
0.36 0.46010000000000034
0.36 0.5526000000000013
0.36 0.5762000000000017
0.36 0.5566000000000021
0.36 0.5617000000000022
0.36 0.5649000000000017
0.36 0.4956000000000013
0.36 0.44360000000000044
0.36 0.4289000000000007
0.36 0.4800000000000015
0.36 0.4282000000000007
0.36 0.3851000000000003
0.36 0.36969999999999975
0.36 0.36809999999999965
0.36 0.37449999999999967
0.36 0.38589999999999974
0.36 0.3893999999999999
0.36 0.37729999999999975
0.36 0.3724999999999997
0.36 0.4864000000000015
0.36 0.39359999999999995
0.36 0.38219999999999993
0.36 0.37709999999999994
0.36 0.4406000000000008
0.36 0.4529000000000009
0.36 0.5869000000000025
0.36 0.5960000000000023
0.36 0.5862000000000025
0.36 0.5420000000000017
0.36 0.644000000000003
0.36 0.583900000000002
0.36 0.5364000000000015
0.36 0.558500000000002
0.36 0.46380000000000066
0.36 0.4211000000000004
0.36 0.3984000000000001
0.36 0.38860000000000006
0.36 0.37389999999999973
0.36 0.37339999999999984
0.36 0.3741999999999998
0.36 0.3796999999999999
0.36 0.40940000000000043
0.36 0.3773999999999998
0.36 0.37949999999999967
0.36 0.38629999999999987
0.36 0.3685999999999995
0.36 0.4032000000000002
0.36 0.3894999999999999
0.36 0.3774
0.36 0.39680000000000026
0.36 0.37759999999999994
0.36 0.36909999999999976
0.36 0.3848000000000001
0.36 0.3814999999999999
0.36 0.3815999999999999
0.36 0.37609999999999977
0.36 0.3760999999999997
0.36 0.3676999999999997
0.36 0.3775999999999998
0.36 0.38380000000000003
0.36 0.3696999999999997
0.36 0.38990000000000014
0.36 0.3737999999999997
0.36 0.3734999999999998
0.36 0.37479999999999974
0.36 0.3748999999999999
0.36 0.36969999999999975
0.36 0.37909999999999977
0.36 0.3885
0.36 0.39269999999999994
0.36 0.37829999999999997
0.36 0.3760999999999999
0.36 0.3730999999999999
0.36 0.37879999999999997
0.36 0.3662999999999996
0.36 0.3747999999999997
0.36 0.37189999999999956
0.36 0.37719999999999976
0.36 0.37539999999999973
0.36 0.37679999999999986
0.36 0.3902999999999997
0.36 0.40730000000000033
0.36 0.3800999999999998
0.36 0.38920000000000016
0.36 0.3890000000000001
0.36 0.3824999999999998
0.36 0.3845
0.36 0.3865999999999999
0.36 0.3805999999999999
0.36 0.4181000000000005
0.36 0.4995000000000015
0.36 0.44100000000000106
0.36 0.4367000000000009
0.36 0.4196000000000008
0.36 0.4050000000000004
0.36 0.38640000000000013
0.36 0.38750000000000023
0.36 0.3819999999999999
0.36 0.3912000000000001
0.36 0.39420000000000033
0.36 0.3840000000000001
0.36 0.38780000000000003
0.36 0.38169999999999993
0.36 0.3789999999999999
0.36 0.3816999999999997
0.36 0.37969999999999987
0.36 0.37999999999999995
0.36 0.37419999999999987
0.36 0.3750999999999998
0.36 0.3807
0.36 0.3747999999999998
0.36 0.3765999999999998
0.36 0.3880000000000001
0.36 0.3923000000000003
0.36 0.38530000000000003
0.36 0.3875000000000001
0.36 0.37869999999999976
0.36 0.38719999999999993
0.36 0.39070000000000005
0.36 0.38839999999999997
0.36 0.39450000000000024
0.36 0.4013000000000002
0.36 0.3895000000000002
0.36 0.3848000000000003
0.36 0.3765999999999998
0.36 0.37619999999999976
0.36 0.3775
0.36 0.3886000000000001
0.36 0.38930000000000026
0.36 0.39140000000000014
0.36 0.39639999999999986
0.36 0.3939000000000001
0.36 0.42050000000000054
0.36 0.37910000000000005
0.36 0.37369999999999975
0.36 0.38270000000000004
0.36 0.3798999999999999
0.36 0.37839999999999985
0.36 0.3819999999999997
0.36 0.3820999999999998
0.36 0.3767999999999997
0.36 0.3764999999999996
0.36 0.38990000000000025
0.36 0.39600000000000013
0.36 0.3824
0.36 0.5238000000000018
0.36 0.48060000000000136
0.36 0.4567000000000011
0.36 0.4634000000000011
0.36 0.40950000000000025
0.36 0.4365000000000009
0.36 0.449900000000001
0.36 0.40290000000000026
0.36 0.4091000000000005
0.36 0.44630000000000086
0.36 0.4218000000000005
0.36 0.5586000000000022
0.36 0.5111000000000016
0.36 0.5331000000000017
0.36 0.4967000000000016
0.36 0.4725000000000012
0.36 0.43410000000000076
0.36 0.44380000000000114
0.36 0.44950000000000123
0.36 0.41029999999999994
0.36 0.4171000000000007
0.36 0.3974999999999999
0.36 0.40650000000000025
0.36 0.4033000000000003
0.36 0.39530000000000015
0.36 0.3936000000000002
0.36 0.37589999999999973
0.36 0.37139999999999973
0.36 0.3800999999999998
0.36 0.3688999999999998
0.36 0.37099999999999966
0.36 0.3723999999999996
0.36 0.3801999999999998
0.36 0.3861999999999999
0.36 0.3721999999999997
0.36 0.37019999999999975
0.36 0.37049999999999966
0.36 0.4903000000000015
0.36 0.3948000000000002
0.36 0.4352000000000008
0.36 0.3916999999999999
0.36 0.37589999999999985
0.36 0.37289999999999973
0.36 0.38029999999999986
0.36 0.37759999999999977
0.36 0.448100000000001
0.36 0.45180000000000115
0.36 0.38840000000000025
0.36 0.448300000000001
0.36 0.40460000000000024
0.36 0.3866000000000001
0.36 0.3975000000000003
0.36 0.42430000000000057
0.36 0.39890000000000037
0.36 0.37819999999999965
0.36 0.3741999999999994
0.36 0.3962999999999999
0.36 0.38780000000000003
0.36 0.4039000000000003
0.36 0.41810000000000064
0.36 0.48390000000000155
0.36 0.440400000000001
0.38 0.6452000000000032
0.52 0.6762000000000035
0.52 0.6726000000000033
0.36 0.632100000000003
0.36 0.5315000000000019
0.36 0.4356000000000007
0.36 0.46860000000000157
0.36 0.4814000000000015
0.36 0.44110000000000055
0.36 0.41030000000000044
0.36 0.38280000000000003
0.36 0.3816999999999999
0.36 0.37969999999999965
0.36 0.3841999999999998
0.36 0.3802
0.36 0.44690000000000085
0.36 0.3936
0.36 0.3811
0.36 0.42150000000000065
0.36 0.38949999999999996
0.36 0.38069999999999987
0.36 0.38319999999999993
0.36 0.40080000000000027
0.36 0.3790999999999998
0.36 0.4089000000000002
0.36 0.3871
0.36 0.44550000000000106
0.36 0.4007000000000003
0.36 0.4061000000000003
0.36 0.3882000000000001
0.36 0.3918
0.36 0.36839999999999967
0.36 0.38039999999999985
0.36 0.389
0.36 0.3864
0.36 0.37489999999999973
0.36 0.38189999999999996
0.36 0.5299000000000018
0.36 0.5306000000000018
0.36 0.4188000000000005
0.36 0.4809000000000014
0.36 0.4457000000000011
0.38 0.6582000000000032
0.36 0.5567000000000023
0.36 0.6526000000000032
0.6799999999999999 0.6800000000000034
0.36 0.642300000000003
0.4 0.6758000000000034
0.6799999999999999 0.6800000000000034
0.6799999999999999 0.6800000000000034
0.6799999999999999 0.6800000000000034
0.36 0.5136000000000016
0.36 0.4835000000000015
0.36 0.4980000000000016
0.36 0.4340000000000007
0.36 0.4528000000000011
0.36 0.5021000000000017
0.36 0.439600000000001
0.36 0.4040000000000004
0.36 0.3847000000000002
0.36 0.3849
0.36 0.3780999999999997
0.36 0.38409999999999994
0.36 0.3847
0.36 0.3880000000000001
0.42000000000000004 0.6774000000000036
0.36 0.6566000000000032
0.36 0.4382000000000007
0.36 0.4203000000000005
0.36 0.40039999999999987
