0.9 0.4241300000000027
0.91 0.4720000000000041
0.91 0.4967600000000029
0.91 0.5196600000000022
0.91 0.5477600000000024
0.93 0.5736800000000006
0.93 0.5882299999999989
0.93 0.617079999999999
0.96 0.6382399999999989
0.96 0.664780000000003
0.96 0.6661800000000023
0.96 0.6785400000000036
0.96 0.6840900000000055
0.96 0.6976100000000073
0.96 0.6974200000000075
0.96 0.7146100000000094
0.96 0.7146600000000088
0.96 0.7186000000000098
0.96 0.7119300000000081
0.96 0.72547000000001
0.96 0.7260200000000099
0.96 0.7308400000000097
0.96 0.7382400000000103
0.97 0.7390900000000095
0.97 0.7503600000000096
0.97 0.7581900000000088
0.97 0.7589100000000066
0.97 0.7712400000000086
0.97 0.7774300000000075
0.97 0.7787700000000038
0.97 0.7706100000000052
0.97 0.7693900000000048
0.97 0.778570000000006
0.97 0.7903200000000072
0.97 0.7850600000000061
0.97 0.7828600000000062
0.97 0.7812500000000068
0.97 0.7857000000000072
0.97 0.7939200000000061
0.97 0.7909000000000059
0.97 0.7836900000000049
0.97 0.7991900000000038
0.97 0.8047500000000016
0.97 0.8108400000000017
0.97 0.816130000000004
0.97 0.8224000000000052
0.97 0.8197200000000046
0.97 0.8199600000000045
0.97 0.8163800000000035
0.97 0.8130500000000025
0.97 0.8139300000000032
0.97 0.8133900000000033
0.97 0.8202300000000036
0.97 0.8267000000000032
0.97 0.8085100000000033
0.97 0.8067700000000014
0.97 0.8180600000000029
0.97 0.8235900000000018
0.97 0.8309300000000039
0.97 0.8207900000000032
0.97 0.8320900000000048
0.97 0.8332000000000036
0.97 0.827280000000003
0.97 0.8164100000000017
0.97 0.8265800000000023
0.97 0.8342400000000036
0.97 0.8337400000000045
0.97 0.8428000000000018
0.98 0.835470000000002
