0.21999999999999997 0.586980000000002
0.09999999999999998 0.5488999999999989
0.040000000000000036 0.5329999999999986
0.040000000000000036 0.5023999999999984
0.040000000000000036 0.48787999999999765
0.040000000000000036 0.46805999999999875
0.040000000000000036 0.44671999999999873
0.040000000000000036 0.43601999999999963
0.040000000000000036 0.4234199999999995
0.040000000000000036 0.4193599999999997
0.040000000000000036 0.40577999999999903
0.040000000000000036 0.4045000000000003
0.040000000000000036 0.38540000000000046
0.040000000000000036 0.3775000000000015
0.040000000000000036 0.36254000000000236
0.040000000000000036 0.36174000000000195
0.040000000000000036 0.3611400000000018
0.040000000000000036 0.35432000000000213
0.040000000000000036 0.3604000000000016
0.040000000000000036 0.3570600000000014
0.040000000000000036 0.3522800000000019
0.040000000000000036 0.33988000000000235
0.040000000000000036 0.34456000000000225
0.040000000000000036 0.33610000000000173
0.040000000000000036 0.32166000000000206
0.040000000000000036 0.32514000000000154
0.040000000000000036 0.3193800000000019
0.040000000000000036 0.31866000000000194
0.040000000000000036 0.30384000000000183
0.040000000000000036 0.29658000000000156
0.040000000000000036 0.30400000000000177
0.040000000000000036 0.2923200000000013
0.040000000000000036 0.28810000000000097
0.040000000000000036 0.2889800000000012
0.040000000000000036 0.29272000000000153
0.040000000000000036 0.2833400000000008
0.040000000000000036 0.27350000000000124
0.040000000000000036 0.2616400000000013
0.040000000000000036 0.2575400000000014
0.040000000000000036 0.263960000000001
0.040000000000000036 0.27142000000000094
0.040000000000000036 0.26210000000000094
0.040000000000000036 0.24178000000000083
0.040000000000000036 0.24534000000000078
0.040000000000000036 0.24476000000000075
0.040000000000000036 0.22780000000000097
0.040000000000000036 0.2219800000000009
0.040000000000000036 0.23404000000000066
0.040000000000000036 0.21808000000000047
0.040000000000000036 0.21918000000000049
0.040000000000000036 0.21798000000000034
0.040000000000000036 0.2117800000000005
0.040000000000000036 0.20278000000000065
0.040000000000000036 0.1998200000000004
0.040000000000000036 0.20310000000000042
0.040000000000000036 0.19698000000000065
0.040000000000000036 0.18608000000000033
0.040000000000000036 0.1784600000000002
0.040000000000000036 0.17718000000000003
0.040000000000000036 0.18416000000000024
0.040000000000000036 0.19142000000000003
0.040000000000000036 0.1942400000000003
0.040000000000000036 0.17376
0.040000000000000036 0.17930000000000024
0.040000000000000036 0.1746400000000002
0.040000000000000036 0.16780000000000017
0.040000000000000036 0.1709800000000002
0.040000000000000036 0.1721000000000004
0.040000000000000036 0.1759200000000006
0.040000000000000036 0.17156000000000016
0.040000000000000036 0.16808000000000034
0.040000000000000036 0.17014000000000026
0.040000000000000036 0.1644800000000001
0.040000000000000036 0.16224000000000025
0.040000000000000036 0.16336000000000037
0.040000000000000036 0.1584800000000005
0.040000000000000036 0.16242000000000048
0.040000000000000036 0.1551200000000004
0.040000000000000036 0.1487000000000004
0.040000000000000036 0.15328000000000025
0.040000000000000036 0.14578000000000035
0.040000000000000036 0.15438000000000024
0.040000000000000036 0.14130000000000023
0.040000000000000036 0.14198000000000027
0.040000000000000036 0.13676000000000005
0.040000000000000036 0.15532000000000018
0.040000000000000036 0.1422200000000002
0.040000000000000036 0.14364000000000024
0.040000000000000036 0.14586000000000027
0.040000000000000036 0.14390000000000028
0.040000000000000036 0.15046000000000032
0.040000000000000036 0.13958000000000012
0.040000000000000036 0.15198000000000014
0.040000000000000036 0.15616000000000035
0.040000000000000036 0.15264000000000036
0.040000000000000036 0.1389200000000001
0.040000000000000036 0.14018000000000008
0.040000000000000036 0.1300400000000002
0.040000000000000036 0.12762000000000018
0.040000000000000036 0.13598000000000002
