0.30000000000000004 0.6306999999999987
0.36 0.6317999999999985
0.36 0.6285999999999989
0.28 0.6251
0.4 0.6530999999999999
0.42000000000000004 0.6596000000000002
0.33999999999999997 0.6503000000000011
0.33999999999999997 0.6355000000000015
0.33999999999999997 0.6442000000000013
0.33999999999999997 0.636600000000002
0.42000000000000004 0.6439000000000026
0.33999999999999997 0.6187000000000026
0.16000000000000003 0.6103000000000022
0.33999999999999997 0.6049000000000023
0.33999999999999997 0.6359000000000027
0.14 0.628500000000002
0.33999999999999997 0.6238000000000017
0.33999999999999997 0.6364000000000022
0.33999999999999997 0.6250000000000019
0.33999999999999997 0.6337000000000017
0.33999999999999997 0.6286000000000027
0.38 0.6533000000000025
0.33999999999999997 0.6366000000000027
0.33999999999999997 0.6110000000000025
0.33999999999999997 0.5952000000000022
0.33999999999999997 0.6052000000000017
0.33999999999999997 0.6127000000000019
0.24 0.6184000000000021
0.33999999999999997 0.6046000000000024
0.33999999999999997 0.6014000000000023
0.30000000000000004 0.5960000000000018
0.33999999999999997 0.5989000000000019
0.36 0.598000000000002
0.33999999999999997 0.6444000000000029
0.38 0.6150000000000027
0.4 0.6368000000000028
0.21999999999999997 0.6003000000000022
0.21999999999999997 0.6217000000000025
0.21999999999999997 0.5956000000000027
0.33999999999999997 0.6238000000000028
0.33999999999999997 0.5960000000000024
0.36 0.5635000000000022
0.33999999999999997 0.550300000000002
0.36 0.5490000000000016
0.31999999999999995 0.6006000000000011
0.30000000000000004 0.5996000000000021
0.30000000000000004 0.5516000000000022
0.28 0.5457000000000017
0.28 0.5228000000000013
0.28 0.5172000000000017
0.30000000000000004 0.5147000000000013
0.33999999999999997 0.6286000000000029
0.33999999999999997 0.6104000000000028
0.33999999999999997 0.5964000000000023
0.30000000000000004 0.560400000000002
0.33999999999999997 0.568000000000002
0.33999999999999997 0.5661000000000019
0.4 0.5254000000000013
0.4 0.5491000000000014
0.4 0.5134000000000019
0.30000000000000004 0.46920000000000106
0.30000000000000004 0.5015000000000007
0.30000000000000004 0.4632000000000007
0.31999999999999995 0.43980000000000075
0.24 0.4227000000000009
0.24 0.38950000000000096
0.24 0.3800000000000012
0.24 0.369100000000001
0.30000000000000004 0.4089000000000016
0.30000000000000004 0.5701000000000019
0.30000000000000004 0.4676000000000012
0.30000000000000004 0.5976000000000027
0.28 0.4047000000000001
0.30000000000000004 0.38010000000000077
0.33999999999999997 0.636200000000003
0.30000000000000004 0.650700000000003
0.30000000000000004 0.5852000000000007
0.30000000000000004 0.5357000000000014
0.21999999999999997 0.5832999999999998
0.21999999999999997 0.5587999999999991
0.33999999999999997 0.6027000000000017
0.18000000000000005 0.5161999999999993
0.16000000000000003 0.43920000000000053
0.24 0.43690000000000057
0.12 0.3917000000000009
0.12 0.3869000000000002
0.12 0.35360000000000036
0.12 0.3423000000000005
0.12 0.3383000000000008
0.09999999999999998 0.3643000000000008
0.09999999999999998 0.366800000000001
0.040000000000000036 0.36140000000000067
0.020000000000000018 0.32440000000000047
0.020000000000000018 0.35880000000000045
0.020000000000000018 0.3746
0.07999999999999996 0.35060000000000036
0.12 0.3368000000000004
0.09999999999999998 0.33190000000000053
0.09999999999999998 0.31750000000000034
0.09999999999999998 0.3004000000000002
0.09999999999999998 0.3065000000000001
0.12 0.5352999999999996
0.12 0.5215999999999995
0.09999999999999998 0.5611999999999996
0.09999999999999998 0.43770000000000037
0.09999999999999998 0.35999999999999993
0.09999999999999998 0.35719999999999996
0.09999999999999998 0.2994
0.09999999999999998 0.32030000000000014
0.09999999999999998 0.3313000000000001
0.09999999999999998 0.525100000000001
0.38 0.5463000000000013
0.18000000000000005 0.4097000000000005
0.18000000000000005 0.3845000000000003
0.18000000000000005 0.34530000000000016
0.18000000000000005 0.33400000000000013
0.18000000000000005 0.32730000000000037
0.18000000000000005 0.29180000000000017
0.18000000000000005 0.27480000000000027
0.18000000000000005 0.29010000000000025
0.18000000000000005 0.27500000000000024
0.18000000000000005 0.2773000000000004
0.18000000000000005 0.24050000000000016
0.18000000000000005 0.2515000000000001
0.18000000000000005 0.26120000000000027
0.18000000000000005 0.24030000000000007
0.18000000000000005 0.22610000000000016
0.18000000000000005 0.2507000000000002
0.18000000000000005 0.2431000000000002
0.18000000000000005 0.2631000000000001
0.18000000000000005 0.2700000000000002
0.18000000000000005 0.2763000000000003
0.18000000000000005 0.2719000000000003
0.18000000000000005 0.2479000000000003
0.21999999999999997 0.3401000000000011
0.21999999999999997 0.3051000000000011
0.21999999999999997 0.25550000000000045
0.21999999999999997 0.25510000000000066
0.21999999999999997 0.23150000000000015
0.21999999999999997 0.25530000000000047
0.21999999999999997 0.2594000000000006
0.21999999999999997 0.2570000000000006
0.21999999999999997 0.24340000000000042
0.21999999999999997 0.24140000000000034
0.21999999999999997 0.24290000000000006
0.21999999999999997 0.22810000000000014
0.21999999999999997 0.24380000000000032
0.21999999999999997 0.21990000000000032
0.21999999999999997 0.2383000000000001
0.21999999999999997 0.24000000000000046
0.21999999999999997 0.2357000000000003
0.21999999999999997 0.26360000000000017
0.21999999999999997 0.24720000000000028
0.21999999999999997 0.235
0.21999999999999997 0.22970000000000007
0.21999999999999997 0.2263
0.21999999999999997 0.4626000000000011
0.18000000000000005 0.4570000000000014
0.18000000000000005 0.2627000000000001
0.18000000000000005 0.24730000000000008
0.18000000000000005 0.5355000000000009
0.38 0.5389000000000005
0.38 0.5355000000000006
0.18000000000000005 0.515300000000001
0.18000000000000005 0.3303000000000002
0.18000000000000005 0.27910000000000024
0.18000000000000005 0.2687000000000004
0.18000000000000005 0.23650000000000015
0.18000000000000005 0.2732000000000002
0.18000000000000005 0.25270000000000015
0.18000000000000005 0.2378000000000003
0.18000000000000005 0.24840000000000018
0.18000000000000005 0.23929999999999993
0.18000000000000005 0.23139999999999986
0.18000000000000005 0.23959999999999987
0.18000000000000005 0.24040000000000003
0.18000000000000005 0.24680000000000013
0.18000000000000005 0.2495000000000001
0.18000000000000005 0.23819999999999997
0.18000000000000005 0.24830000000000024
0.18000000000000005 0.23780000000000004
0.18000000000000005 0.25870000000000004
0.18000000000000005 0.25770000000000026
0.18000000000000005 0.24239999999999992
0.18000000000000005 0.24489999999999998
0.18000000000000005 0.23829999999999996
0.18000000000000005 0.24980000000000005
0.18000000000000005 0.2416
0.21999999999999997 0.27840000000000037
0.18000000000000005 0.4451000000000009
0.18000000000000005 0.2997000000000003
0.18000000000000005 0.2918000000000003
0.18000000000000005 0.24770000000000025
0.18000000000000005 0.23329999999999995
0.21999999999999997 0.421700000000001
0.21999999999999997 0.2671
0.56 0.5651000000000009
0.56 0.5560000000000008
0.56 0.5537000000000009
0.56 0.555700000000001
0.56 0.5600000000000012
0.56 0.554400000000001
0.38 0.5541000000000009
0.33999999999999997 0.554900000000001
0.33999999999999997 0.5465000000000008
0.36 0.5470000000000007
0.33999999999999997 0.5412000000000003
0.31999999999999995 0.5320000000000005
0.31999999999999995 0.5158000000000006
0.31999999999999995 0.5283000000000011
0.26 0.5092000000000008
0.26 0.48360000000000064
0.26 0.46660000000000074
0.28 0.4499000000000008
0.28 0.41200000000000075
0.28 0.384800000000001
0.28 0.3743000000000013
0.28 0.3710000000000012
0.28 0.349600000000001
0.28 0.3589000000000009
0.28 0.34000000000000064
0.28 0.3471000000000008
0.28 0.3602000000000008
0.28 0.36960000000000065
0.28 0.3874000000000006
0.28 0.4106000000000007
0.28 0.3842000000000006
0.26 0.5410000000000021
0.26 0.3919000000000008
0.6799999999999999 0.6800000000000034
0.6799999999999999 0.6800000000000034
0.6799999999999999 0.6800000000000034
0.6799999999999999 0.6800000000000034
0.6799999999999999 0.6800000000000034
0.6799999999999999 0.678200000000001
0.36 0.6571000000000008
0.26 0.5710000000000008
0.33999999999999997 0.6313999999999985
0.56 0.6545999999999995
0.33999999999999997 0.5943000000000014
0.33999999999999997 0.5941000000000023
0.33999999999999997 0.587700000000002
0.38 0.5829000000000016
0.38 0.5417000000000012
0.28 0.5194000000000007
0.38 0.5052000000000015
0.38 0.47260000000000113
0.38 0.44800000000000123
0.38 0.438200000000001
0.38 0.42680000000000134
0.38 0.41230000000000133
0.38 0.4064000000000011
0.38 0.4082000000000013
0.38 0.4080000000000014
0.38 0.4027000000000011
0.38 0.623200000000003
0.38 0.4826000000000017
0.38 0.44880000000000136
0.38 0.4182000000000011
0.38 0.3987000000000013
0.38 0.4054000000000013
0.38 0.4107000000000015
0.38 0.3921000000000013
0.38 0.400000000000001
0.38 0.4007000000000012
0.19999999999999996 0.40360000000000007
0.19999999999999996 0.4006000000000012
0.19999999999999996 0.39360000000000056
0.38 0.39630000000000115
0.30000000000000004 0.397100000000001
0.38 0.6079000000000027
0.33999999999999997 0.44470000000000115
0.33999999999999997 0.4269000000000004
0.33999999999999997 0.42430000000000057
0.33999999999999997 0.4088000000000006
0.33999999999999997 0.4088000000000006
0.33999999999999997 0.41090000000000065
0.33999999999999997 0.39030000000000087
0.33999999999999997 0.38520000000000065
0.33999999999999997 0.4091000000000008
0.33999999999999997 0.40680000000000116
0.33999999999999997 0.5124000000000016
0.33999999999999997 0.4426000000000007
0.33999999999999997 0.3993000000000009
0.33999999999999997 0.38840000000000047
0.33999999999999997 0.39130000000000054
0.33999999999999997 0.3978000000000006
0.33999999999999997 0.38170000000000087
0.33999999999999997 0.39400000000000107
0.33999999999999997 0.37340000000000084
0.33999999999999997 0.3733000000000009
0.33999999999999997 0.38210000000000094
0.24 0.369200000000001
0.24 0.3726000000000007
0.24 0.3785000000000009
0.24 0.37110000000000104
0.24 0.36060000000000103
0.24 0.3655000000000009
0.24 0.3674000000000008
0.26 0.551900000000002
0.26 0.4607000000000005
0.26 0.44330000000000036
0.21999999999999997 0.4319000000000004
0.26 0.46500000000000136
0.21999999999999997 0.3998000000000008
0.24 0.4054000000000004
0.30000000000000004 0.38600000000000056
0.30000000000000004 0.38690000000000024
0.30000000000000004 0.3727000000000006
0.30000000000000004 0.3948000000000006
0.26 0.3786000000000007
0.26 0.3831000000000007
0.30000000000000004 0.38860000000000106
0.21999999999999997 0.43570000000000064
0.21999999999999997 0.40480000000000066
0.21999999999999997 0.3762000000000004
0.21999999999999997 0.3729000000000008
0.24 0.3749000000000008
0.24 0.3970000000000006
0.24 0.3629000000000006
0.24 0.35410000000000047
0.24 0.3325000000000007
0.24 0.38160000000000044
0.24 0.3696000000000006
0.24 0.35930000000000073
0.24 0.3578000000000008
0.24 0.354600000000001
0.24 0.34600000000000075
0.24 0.36060000000000075
0.24 0.3677000000000007
0.26 0.3973000000000004
0.26 0.38020000000000065
0.26 0.3790000000000006
0.30000000000000004 0.4153000000000007
0.28 0.3807000000000005
0.24 0.3851000000000004
0.24 0.4091000000000004
0.26 0.3524000000000009
0.24 0.3643000000000008
0.24 0.3505000000000008
0.24 0.34890000000000065
0.26 0.33640000000000086
0.24 0.3375000000000007
0.26 0.3509000000000009
0.26 0.35650000000000054
0.26 0.34960000000000035
0.26 0.338300000000001
0.26 0.3514000000000007
0.26 0.3547000000000009
0.26 0.3633000000000004
0.26 0.4447999999999998
0.26 0.37780000000000064
0.26 0.3937000000000001
0.26 0.3774000000000003
0.26 0.38080000000000025
0.26 0.36330000000000034
0.26 0.36560000000000054
0.26 0.39760000000000034
0.26 0.37870000000000026
0.26 0.3656000000000004
0.26 0.4116000000000004
0.26 0.40059999999999973
0.18000000000000005 0.48570000000000135
0.26 0.3888999999999999
0.19999999999999996 0.3786
0.24 0.3564000000000002
0.24 0.42460000000000064
0.24 0.35680000000000023
0.24 0.44970000000000065
0.24 0.4191000000000005
0.24 0.4064000000000005
0.24 0.3607000000000005
0.21999999999999997 0.3326000000000003
0.21999999999999997 0.3207000000000002
0.21999999999999997 0.2976000000000002
0.21999999999999997 0.28120000000000034
0.21999999999999997 0.2571000000000001
0.21999999999999997 0.24470000000000006
0.21999999999999997 0.2602000000000004
0.21999999999999997 0.2563000000000003
0.21999999999999997 0.23650000000000002
0.21999999999999997 0.24300000000000005
0.21999999999999997 0.23319999999999996
0.21999999999999997 0.2318
0.18000000000000005 0.3461000000000011
0.18000000000000005 0.29710000000000086
0.18000000000000005 0.25330000000000036
0.18000000000000005 0.2564000000000005
0.33999999999999997 0.35380000000000145
0.33999999999999997 0.3464000000000017
0.33999999999999997 0.3520000000000016
0.33999999999999997 0.3495000000000016
0.33999999999999997 0.34210000000000157
0.33999999999999997 0.3440000000000017
0.33999999999999997 0.3460000000000017
0.33999999999999997 0.36360000000000176
0.33999999999999997 0.35250000000000176
0.33999999999999997 0.35310000000000163
0.33999999999999997 0.3504000000000016
0.33999999999999997 0.34790000000000154
0.33999999999999997 0.34350000000000164
0.12 0.36400000000000154
0.18000000000000005 0.33210000000000117
0.33999999999999997 0.34580000000000166
0.33999999999999997 0.3435000000000017
0.18000000000000005 0.3085000000000008
0.18000000000000005 0.34620000000000156
0.18000000000000005 0.3400000000000016
0.33999999999999997 0.36050000000000126
0.21999999999999997 0.3289000000000009
0.21999999999999997 0.32780000000000137
0.21999999999999997 0.3224000000000007
0.21999999999999997 0.31710000000000127
0.21999999999999997 0.2886000000000007
0.21999999999999997 0.2747000000000005
0.21999999999999997 0.2735000000000005
0.18000000000000005 0.35839999999999955
0.18000000000000005 0.33509999999999995
0.18000000000000005 0.5814999999999979
0.18000000000000005 0.45029999999999887
0.18000000000000005 0.5262999999999984
0.18000000000000005 0.5674999999999979
0.18000000000000005 0.6347999999999976
0.52 0.6566999999999975
0.6799999999999999 0.6616999999999975
0.56 0.6596999999999974
0.64 0.6640999999999976
0.64 0.6655999999999981
0.62 0.6670000000000003
0.5800000000000001 0.6644000000000015
0.5800000000000001 0.664000000000002
0.5800000000000001 0.6543000000000028
0.5 0.6449000000000025
0.56 0.6367000000000016
0.56 0.6203000000000005
0.56 0.6019000000000002
0.42000000000000004 0.5537999999999998
0.42000000000000004 0.5274
0.42000000000000004 0.5167
0.36 0.5156000000000003
0.36 0.4810000000000004
0.36 0.47040000000000054
0.4 0.45630000000000054
0.4 0.43860000000000054
0.31999999999999995 0.44440000000000074
0.4 0.4595000000000006
0.31999999999999995 0.4268000000000003
0.31999999999999995 0.4168000000000002
0.30000000000000004 0.4868000000000003
0.30000000000000004 0.46650000000000064
0.30000000000000004 0.45470000000000044
0.30000000000000004 0.40670000000000045
0.30000000000000004 0.4035000000000003
0.28 0.4111000000000002
0.28 0.4194000000000003
0.28 0.41750000000000037
0.28 0.4337
0.28 0.46610000000000057
0.28 0.42990000000000017
0.28 0.43300000000000016
0.28 0.4324000000000002
0.28 0.4366000000000003
0.28 0.42530000000000057
0.28 0.4360000000000004
0.28 0.4371000000000006
0.28 0.4307000000000006
0.28 0.4194000000000003
0.28 0.4139000000000002
0.28 0.4142000000000003
0.28 0.41950000000000043
0.28 0.4038000000000004
0.28 0.4207000000000005
0.28 0.4215000000000007
0.28 0.44030000000000075
0.28 0.4166000000000006
0.28 0.4147000000000006
0.28 0.4331000000000004
0.28 0.42980000000000024
0.28 0.43680000000000063
0.28 0.4310000000000006
0.28 0.42820000000000036
0.28 0.44600000000000023
0.28 0.4513000000000005
0.28 0.43990000000000024
0.28 0.44130000000000047
0.28 0.44890000000000035
0.28 0.4450000000000001
0.28 0.4257000000000005
0.28 0.43610000000000015
0.28 0.43780000000000036
0.28 0.4435000000000007
0.28 0.4501000000000004
0.28 0.4396000000000006
0.28 0.43970000000000053
0.28 0.4464000000000004
0.28 0.44850000000000034
0.28 0.44790000000000035
0.28 0.44960000000000094
0.28 0.45900000000000063
0.28 0.44620000000000054
