0.85 0.42683000000000165
0.96 0.46479000000000276
0.96 0.4906200000000022
0.96 0.528080000000002
0.96 0.5564800000000008
0.96 0.5855799999999991
0.97 0.6036900000000003
0.97 0.6167700000000019
0.97 0.6443300000000037
0.97 0.6620100000000025
0.97 0.6654400000000019
0.97 0.6822999999999969
0.97 0.6995199999999941
0.97 0.7043199999999918
0.97 0.7189499999999959
0.97 0.7149999999999992
0.98 0.7164199999999958
0.98 0.7209399999999979
0.98 0.7299699999999987
0.98 0.7402900000000046
0.98 0.7460000000000063
0.98 0.7535200000000055
0.98 0.7614600000000041
0.98 0.7577400000000055
0.98 0.7608400000000048
0.98 0.767520000000005
0.98 0.7664600000000056
0.98 0.7768200000000056
0.98 0.7849500000000054
0.98 0.7971800000000051
0.98 0.8059400000000042
0.98 0.8041300000000042
0.98 0.8177700000000014
0.98 0.8169300000000018
0.98 0.8201300000000024
0.98 0.8204700000000033
0.98 0.8259800000000054
0.98 0.8178100000000046
0.98 0.8226700000000017
0.98 0.8248900000000023
0.98 0.8363500000000027
0.98 0.8280900000000024
0.98 0.8313400000000007
0.98 0.8278100000000025
0.98 0.828180000000002
0.98 0.8283300000000032
0.98 0.8368200000000051
0.98 0.8498100000000015
0.98 0.8555700000000008
0.98 0.8412400000000015
0.98 0.8468100000000017
0.98 0.8541800000000014
0.98 0.8563100000000028
0.98 0.8627000000000022
0.98 0.8604999999999994
0.98 0.8611099999999968
0.98 0.8554900000000024
0.98 0.8620699999999991
0.98 0.859660000000001
0.98 0.8502200000000051
0.98 0.8473100000000052
0.98 0.8508900000000038
0.98 0.8653900000000002
0.98 0.8675499999999959
0.98 0.8686999999999963
0.98 0.8802499999999949
0.98 0.8622899999999974
0.98 0.8727099999999965
0.98 0.8693899999999964
0.98 0.872969999999995
0.98 0.8610399999999963
0.98 0.8715699999999968
0.98 0.875189999999997
0.98 0.8716899999999952
0.98 0.8660599999999955
0.98 0.8712199999999958
0.98 0.8636599999999979
0.98 0.8766499999999982
0.98 0.877879999999999
0.98 0.8774400000000001
0.98 0.8779099999999995
0.98 0.8771600000000003
0.98 0.8770499999999981
0.98 0.8725399999999964
0.98 0.8736099999999981
0.98 0.8690999999999974
0.98 0.881279999999998
0.98 0.8748699999999968
0.98 0.8814899999999968
0.98 0.8810899999999956
0.98 0.8821899999999989
0.98 0.8863799999999997
0.98 0.8834499999999996
0.98 0.879909999999999
0.98 0.8759899999999986
0.98 0.8717999999999968
0.98 0.8687499999999964
0.98 0.8683699999999965
0.98 0.8767199999999973
0.98 0.8738999999999961
