0.07999999999999996 0.5582199999999985
0.07999999999999996 0.5238799999999987
0.12 0.49303999999999976
0.12 0.4571399999999993
0.12 0.4305199999999994
0.12 0.4194799999999993
0.12 0.39895999999999976
0.12 0.3783599999999998
0.06000000000000005 0.3601000000000013
0.06000000000000005 0.34430000000000066
0.06000000000000005 0.3309000000000011
0.06000000000000005 0.32112000000000085
0.040000000000000036 0.32284000000000085
0.040000000000000036 0.3232200000000011
0.040000000000000036 0.3178600000000012
0.040000000000000036 0.3094600000000016
0.040000000000000036 0.3120200000000015
0.040000000000000036 0.3005400000000013
0.040000000000000036 0.2861400000000013
0.040000000000000036 0.28150000000000114
0.040000000000000036 0.2678600000000011
0.040000000000000036 0.273900000000001
0.040000000000000036 0.2626800000000011
0.040000000000000036 0.251420000000001
0.040000000000000036 0.23684000000000077
0.040000000000000036 0.2400400000000007
0.040000000000000036 0.24548000000000075
0.040000000000000036 0.23664000000000057
0.040000000000000036 0.22176000000000062
0.040000000000000036 0.23306000000000057
0.040000000000000036 0.22378000000000053
0.040000000000000036 0.20586000000000024
0.040000000000000036 0.19736000000000012
0.040000000000000036 0.19714000000000023
0.040000000000000036 0.20206000000000002
0.040000000000000036 0.18261999999999995
0.040000000000000036 0.19082
0.040000000000000036 0.1905
0.040000000000000036 0.17997999999999995
0.040000000000000036 0.1658599999999997
0.040000000000000036 0.16457999999999975
0.040000000000000036 0.1620999999999999
0.040000000000000036 0.1611599999999999
0.040000000000000036 0.15941999999999978
0.040000000000000036 0.1598399999999996
0.040000000000000036 0.16512000000000002
0.040000000000000036 0.15863999999999978
0.040000000000000036 0.1650999999999996
0.040000000000000036 0.15723999999999969
0.040000000000000036 0.16455999999999965
0.040000000000000036 0.16241999999999976
0.040000000000000036 0.16077999999999967
0.040000000000000036 0.15553999999999982
0.040000000000000036 0.14463999999999985
0.040000000000000036 0.14205999999999966
0.040000000000000036 0.13241999999999965
0.040000000000000036 0.13833999999999963
0.040000000000000036 0.15399999999999972
0.040000000000000036 0.15269999999999984
0.040000000000000036 0.1469799999999996
0.040000000000000036 0.14313999999999963
0.040000000000000036 0.14789999999999962
0.040000000000000036 0.1528199999999996
0.040000000000000036 0.15853999999999968
0.040000000000000036 0.15019999999999978
0.040000000000000036 0.15013999999999966
0.040000000000000036 0.15199999999999966
0.040000000000000036 0.15339999999999968
0.040000000000000036 0.15589999999999973
0.040000000000000036 0.15299999999999978
0.040000000000000036 0.14777999999999963
0.040000000000000036 0.15795999999999982
0.040000000000000036 0.16625999999999969
0.040000000000000036 0.1620799999999998
0.040000000000000036 0.17269999999999996
0.040000000000000036 0.17393999999999973
0.040000000000000036 0.16823999999999928
0.040000000000000036 0.16019999999999956
0.040000000000000036 0.15501999999999974
0.040000000000000036 0.1541599999999998
0.040000000000000036 0.16105999999999976
0.040000000000000036 0.1653599999999998
0.040000000000000036 0.16313999999999956
0.040000000000000036 0.14257999999999973
0.040000000000000036 0.13817999999999966
0.040000000000000036 0.14985999999999963
0.040000000000000036 0.16173999999999975
0.040000000000000036 0.15123999999999965
0.040000000000000036 0.1504399999999996
0.040000000000000036 0.14541999999999958
0.040000000000000036 0.1502799999999997
0.040000000000000036 0.1432199999999997
0.040000000000000036 0.14991999999999972
0.040000000000000036 0.14651999999999973
0.040000000000000036 0.1517799999999997
0.040000000000000036 0.14565999999999962
0.040000000000000036 0.1516999999999995
0.040000000000000036 0.15043999999999969
0.040000000000000036 0.1451999999999996
0.040000000000000036 0.14357999999999987
