0.79 0.4219600000000054
0.89 0.46193000000000556
0.93 0.4949500000000037
0.93 0.5290800000000032
0.95 0.5674500000000007
0.95 0.593880000000002
0.97 0.6195900000000035
0.97 0.6364800000000025
0.97 0.6548100000000007
0.97 0.6673599999999995
0.97 0.6752899999999961
0.99 0.6782699999999934
0.99 0.6955699999999932
0.99 0.701679999999993
0.99 0.7048999999999941
0.99 0.7135499999999961
0.99 0.718939999999998
0.99 0.7190799999999974
0.99 0.7257199999999988
0.99 0.728539999999999
0.99 0.7307400000000002
0.99 0.7294700000000007
0.99 0.73072
0.99 0.7340600000000015
0.99 0.7270400000000012
0.99 0.7312400000000022
0.99 0.7444100000000028
0.99 0.7598400000000046
0.99 0.7591000000000067
0.99 0.7639900000000066
0.99 0.7690700000000072
0.99 0.7828700000000084
0.99 0.7768200000000083
0.99 0.7808900000000099
0.99 0.7818100000000081
0.99 0.7808500000000077
0.99 0.787840000000006
0.99 0.784390000000006
0.99 0.7846700000000056
0.99 0.7906900000000044
0.99 0.7997000000000034
0.99 0.7958400000000044
0.99 0.7950200000000025
0.99 0.8005199999999998
0.99 0.8020500000000019
0.99 0.8110499999999992
0.99 0.8144100000000005
0.99 0.8237700000000036
0.99 0.8200500000000027
0.99 0.8225900000000007
0.99 0.8200700000000031
0.99 0.8164799999999982
0.99 0.8100199999999992
0.99 0.822330000000001
0.99 0.826450000000004
0.99 0.8238500000000027
0.99 0.8234400000000013
0.99 0.8258400000000021
0.99 0.8311700000000043
0.99 0.8277400000000029
0.99 0.8285300000000018
0.99 0.8262500000000026
0.99 0.8268400000000029
0.99 0.8228300000000028
0.99 0.8270800000000018
0.99 0.8258600000000027
0.99 0.8176600000000033
0.99 0.8126600000000029
0.99 0.8210700000000023
0.99 0.8164000000000013
0.99 0.8186500000000028
0.99 0.8174400000000019
0.99 0.8127700000000005
0.99 0.8229700000000028
0.99 0.8209200000000024
0.99 0.823450000000002
0.99 0.8267600000000012
0.99 0.8321300000000034
0.99 0.8362300000000025
0.99 0.8412700000000024
0.99 0.8420600000000017
0.99 0.8406900000000033
0.99 0.8331300000000049
0.99 0.8340000000000043
0.99 0.8397200000000034
0.99 0.8508500000000037
0.99 0.8419900000000037
0.99 0.8463800000000041
0.99 0.8372600000000048
0.99 0.8357600000000057
0.99 0.8427800000000047
0.99 0.8506000000000028
0.99 0.8491100000000037
0.99 0.8440700000000045
0.99 0.8452700000000029
0.99 0.8473000000000026
0.99 0.848200000000003
0.99 0.8451300000000047
0.99 0.8365000000000039
0.99 0.8415400000000037
