0.81 0.38254999999999906
0.81 0.4083499999999986
0.81 0.4258499999999985
0.67 0.3869499999999988
0.72 0.3911499999999987
0.81 0.38989999999999875
0.73 0.3903999999999989
0.68 0.40054999999999924
0.68 0.4130999999999986
0.68 0.40359999999999907
0.68 0.4199499999999991
0.68 0.4198999999999991
0.68 0.3840499999999992
0.68 0.4033499999999991
0.68 0.402199999999999
0.74 0.40579999999999933
0.77 0.41769999999999946
0.69 0.4279999999999993
0.68 0.4237999999999992
0.74 0.4380499999999995
0.68 0.4628499999999996
0.8 0.4816499999999998
0.78 0.4747499999999993
0.77 0.4816999999999997
0.77 0.5337500000000002
0.76 0.5258000000000005
0.84 0.5576500000000006
0.68 0.4511999999999995
0.69 0.5120999999999999
0.69 0.4631499999999992
0.73 0.51435
0.79 0.5266499999999997
0.72 0.5151999999999997
0.77 0.5403999999999994
0.86 0.5532999999999997
0.72 0.5207500000000002
0.71 0.4503499999999985
0.69 0.4171999999999979
0.8 0.4790999999999987
0.77 0.5155499999999995
0.95 0.5653999999999996
0.94 0.6394500000000004
0.95 0.5936999999999992
0.89 0.5213000000000001
0.96 0.6372499999999988
0.86 0.6071000000000002
0.95 0.6764999999999997
0.87 0.6773000000000008
0.8 0.6355
0.91 0.7258000000000004
0.86 0.7290499999999999
0.91 0.7418500000000005
0.87 0.7537000000000006
0.9 0.7634499999999994
0.91 0.7897499999999994
0.89 0.7482499999999997
0.93 0.7567500000000009
0.94 0.7904500000000004
0.95 0.8439999999999995
0.95 0.8679999999999999
0.96 0.8440000000000002
0.95 0.8173
0.95 0.8164500000000007
0.92 0.7556999999999993
0.92 0.8294999999999993
0.92 0.7687000000000007
0.95 0.7412000000000001
0.91 0.7840999999999994
0.93 0.7473000000000006
0.93 0.6318999999999982
0.93 0.7765999999999994
0.93 0.7550499999999998
0.92 0.7774999999999983
0.91 0.7455000000000007
0.96 0.7918999999999992
0.92 0.7732499999999983
0.92 0.799949999999999
0.9 0.6823499999999992
0.91 0.6435000000000002
0.91 0.7192000000000002
0.92 0.5767999999999998
0.92 0.6417999999999993
0.92 0.6542499999999991
0.94 0.6744500000000002
0.83 0.6606500000000001
0.96 0.6313000000000004
0.9 0.6417499999999996
0.97 0.6786500000000002
0.94 0.6753000000000006
0.97 0.6985000000000003
0.95 0.7214499999999991
0.95 0.7033499999999998
0.95 0.7063999999999995
0.75 0.6146999999999997
0.87 0.6024499999999998
0.95 0.7168499999999999
0.97 0.777499999999997
0.96 0.74045
0.97 0.773899999999998
0.97 0.8002499999999992
0.97 0.8151499999999987
0.97 0.8350499999999998
0.97 0.7474499999999987
0.97 0.7632499999999992
0.94 0.44259999999999955
0.97 0.45634999999999976
0.97 0.5435500000000001
0.97 0.6141500000000005
0.97 0.7172000000000005
0.97 0.8044499999999996
0.97 0.8431000000000002
0.97 0.7367500000000016
0.97 0.7405000000000002
0.97 0.7088000000000002
0.95 0.4608999999999994
0.95 0.4943999999999996
0.95 0.6130499999999999
0.97 0.7111500000000003
0.97 0.809
0.97 0.8517999999999992
0.97 0.8785000000000006
0.97 0.7251499999999996
0.97 0.7151000000000003
0.96 0.6904500000000009
0.97 0.7280999999999992
0.95 0.7416499999999999
0.92 0.7676000000000007
0.94 0.8115999999999991
0.97 0.8349499999999985
0.95 0.8236499999999997
0.96 0.8374999999999997
0.96 0.8499999999999992
0.96 0.885400000000002
0.98 0.8909000000000016
0.95 0.866300000000002
0.95 0.8622000000000004
0.95 0.8938500000000009
0.95 0.9166000000000014
0.95 0.9049000000000015
0.95 0.9227000000000001
0.96 0.9193999999999999
0.96 0.6526999999999981
0.95 0.6444999999999987
0.83 0.5376999999999983
0.81 0.5467999999999986
0.95 0.6517999999999996
0.95 0.6790500000000002
0.96 0.7971499999999988
0.96 0.8098500000000002
0.96 0.8696000000000015
0.96 0.8629000000000012
0.97 0.8720000000000004
0.96 0.80745
0.96 0.8059000000000006
0.96 0.8285499999999993
0.97 0.8626999999999998
0.98 0.8742500000000005
0.97 0.8654000000000001
0.97 0.8645499999999994
0.94 0.8207999999999984
0.97 0.8258999999999993
0.98 0.8497499999999988
0.98 0.7108500000000005
0.98 0.7980000000000002
0.98 0.830800000000001
0.95 0.6871500000000011
0.98 0.7472000000000008
0.98 0.8516000000000004
0.98 0.914200000000002
0.98 0.8536500000000004
0.98 0.8835500000000015
0.98 0.9079000000000008
0.98 0.9434999999999988
0.98 0.9492999999999984
0.98 0.9576000000000003
0.98 0.92855
0.98 0.8675999999999995
0.98 0.9296999999999995
0.98 0.91795
0.98 0.9116999999999987
0.98 0.9427499999999985
0.98 0.8829499999999988
0.98 0.8635999999999998
0.98 0.9402499999999984
0.98 0.933099999999998
0.98 0.9446499999999973
0.97 0.9497499999999977
0.98 0.956349999999999
0.98 0.9451999999999993
0.98 0.9531999999999995
0.98 0.940649999999999
0.98 0.9187999999999995
0.98 0.9554999999999993
0.98 0.9502999999999996
0.98 0.9586999999999989
0.98 0.7447000000000008
0.98 0.8294
0.98 0.9459999999999996
0.98 0.8897499999999993
0.98 0.9379000000000005
0.98 0.925849999999999
0.98 0.9354499999999986
0.98 0.7294000000000003
0.98 0.8366999999999991
0.68 0.6566999999999996
0.98 0.707450000000001
0.98 0.6731500000000012
0.66 0.6429500000000009
0.98 0.6696500000000001
0.98 0.8038499999999995
0.98 0.7713499999999995
0.98 0.8722999999999991
0.98 0.8798999999999987
0.98 0.8870999999999997
0.98 0.8310499999999995
0.98 0.7925999999999997
0.66 0.6470999999999991
0.98 0.8230499999999992
0.92 0.6744999999999988
0.98 0.8905499999999996
0.98 0.8914000000000002
0.98 0.8762000000000004
0.98 0.9253999999999997
0.98 0.8932500000000008
0.98 0.9469999999999992
0.98 0.8662000000000007
0.98 0.9131500000000008
0.98 0.9389499999999998
0.98 0.9194
0.98 0.9751999999999985
0.98 0.9578499999999992
0.98 0.9748499999999983
0.98 0.9564999999999997
0.98 0.9584499999999986
0.98 0.9628999999999985
0.98 0.9717999999999981
0.98 0.9740499999999976
0.98 0.9548999999999984
0.98 0.8279499999999992
0.98 0.8810500000000019
0.98 0.7187500000000021
0.98 0.7618500000000007
0.98 0.7738499999999984
0.98 0.8401999999999987
0.98 0.8803500000000015
0.98 0.7598999999999981
0.98 0.7285000000000019
0.98 0.8407000000000009
0.98 0.8068499999999988
0.98 0.675449999999999
0.98 0.656899999999998
0.66 0.6472999999999982
0.66 0.6541499999999978
0.66 0.6549999999999985
0.66 0.6480999999999985
0.66 0.6524999999999983
0.66 0.649400000000001
0.66 0.6568499999999977
0.66 0.6522000000000001
0.66 0.6571999999999979
0.98 0.6648999999999983
0.98 0.6703
0.66 0.6565999999999977
0.66 0.654049999999998
0.66 0.6551499999999979
0.66 0.6524999999999977
0.66 0.6537999999999975
0.66 0.6555999999999979
0.77 0.6565999999999979
0.66 0.6577999999999977
0.66 0.650549999999998
0.66 0.565949999999999
0.66 0.6327499999999988
0.66 0.6464499999999984
0.66 0.6517499999999982
0.66 0.6565999999999985
0.66 0.6576999999999975
0.66 0.6548499999999978
0.66 0.6576499999999976
0.66 0.6578499999999977
0.66 0.6562999999999978
0.66 0.6568499999999976
0.66 0.6587999999999977
0.66 0.656999999999998
0.66 0.6552499999999977
0.66 0.6558999999999977
0.66 0.6541499999999982
0.66 0.6583999999999977
0.66 0.6585999999999976
0.66 0.6402999999999984
0.66 0.5957499999999998
0.66 0.38824999999999954
0.66 0.4555999999999996
0.66 0.4525499999999992
0.66 0.42459999999999914
0.66 0.5042500000000003
0.66 0.5510500000000004
0.93 0.617099999999999
0.98 0.7220000000000002
0.66 0.5334000000000012
0.95 0.5548000000000001
0.74 0.5370999999999996
0.66 0.5965499999999991
0.66 0.5647499999999994
0.97 0.6701500000000009
0.98 0.7438999999999986
0.98 0.7185999999999991
0.66 0.6527499999999996
0.66 0.6506499999999985
0.66 0.6499499999999984
0.66 0.6545999999999979
0.66 0.6557499999999976
0.66 0.630049999999998
0.66 0.6531999999999979
0.66 0.6578499999999978
0.66 0.6530999999999975
0.72 0.6578499999999978
0.66 0.6590999999999976
0.66 0.6586499999999975
0.66 0.6543999999999977
0.66 0.6554499999999976
0.66 0.6562999999999977
0.66 0.6559499999999976
0.66 0.6574999999999974
0.66 0.6575999999999976
0.66 0.6582499999999978
0.66 0.6420499999999977
0.66 0.6584999999999976
0.98 0.6671499999999976
0.66 0.6586499999999976
0.88 0.6488499999999982
0.66 0.6560999999999979
0.66 0.6564999999999976
0.66 0.643849999999998
0.66 0.6263999999999982
0.66 0.638699999999998
0.98 0.6594999999999986
0.98 0.6835999999999988
0.98 0.6670999999999987
0.98 0.709399999999998
0.98 0.7302999999999982
0.98 0.7451499999999985
0.98 0.7855999999999991
0.98 0.811799999999999
0.98 0.8490499999999999
0.98 0.9183999999999999
0.98 0.9345500000000005
0.98 0.9587500000000001
0.98 0.9718999999999989
0.98 0.9675499999999987
0.98 0.966849999999998
0.98 0.9277999999999992
0.98 0.9694499999999978
0.98 0.8565499999999993
0.98 0.9611499999999983
0.98 0.9728999999999979
0.98 0.8898
0.98 0.8470999999999997
0.98 0.8839499999999997
0.98 0.8762499999999998
0.98 0.9380999999999996
0.98 0.9104499999999994
0.98 0.8561999999999996
0.98 0.9138499999999994
0.98 0.9597999999999982
0.98 0.970849999999999
0.98 0.9220999999999993
0.98 0.9655999999999985
0.98 0.9543499999999986
0.98 0.9512999999999991
0.98 0.9466999999999992
0.98 0.9412999999999989
0.98 0.8949499999999996
0.98 0.9150500000000004
0.98 0.7077499999999989
0.98 0.7505999999999996
0.98 0.7847499999999995
0.66 0.6497499999999998
0.66 0.6495000000000004
0.98 0.7869499999999983
0.66 0.6570999999999978
0.98 0.847949999999999
0.98 0.8771499999999997
0.98 0.7173999999999979
0.98 0.7811499999999986
0.98 0.8751499999999994
0.98 0.8160499999999986
0.98 0.8503999999999989
0.98 0.8894999999999996
0.98 0.9213499999999994
0.98 0.9360999999999998
0.98 0.9401499999999998
0.98 0.9490999999999994
0.98 0.8757999999999995
0.98 0.8924499999999991
0.98 0.7984
0.98 0.7186499999999997
0.98 0.8812499999999983
0.98 0.8947999999999987
0.66 0.6084500000000003
0.66 0.6482500000000014
0.66 0.6442500000000001
0.66 0.6034999999999998
0.66 0.6546499999999995
0.66 0.6488000000000009
0.66 0.6540499999999999
0.66 0.6561999999999995
0.66 0.6574999999999982
0.66 0.6567999999999979
0.66 0.6568499999999977
0.91 0.6608999999999977
0.95 0.6434999999999985
0.98 0.721899999999999
0.98 0.8046499999999996
0.98 0.8539999999999996
0.98 0.7477500000000039
0.98 0.8318500000000025
0.98 0.9290500000000012
0.98 0.8390999999999997
0.98 0.7995500000000005
0.98 0.9666499999999991
0.98 0.961749999999999
0.98 0.9459000000000002
0.98 0.9474499999999993
0.98 0.9608500000000001
0.98 0.9686999999999992
0.98 0.9743999999999982
0.98 0.9640499999999979
0.98 0.9679499999999984
0.98 0.859499999999999
0.98 0.9274499999999992
0.98 0.908999999999999
0.98 0.9418499999999992
0.98 0.8859999999999999
0.97 0.8075000000000013
0.97 0.7321500000000034
0.65 0.6259500000000014
0.98 0.7663000000000033
0.98 0.8476000000000012
0.98 0.7683500000000028
0.66 0.6118000000000005
0.66 0.5956
0.66 0.4970999999999998
0.66 0.5897500000000001
0.66 0.6230500000000004
0.66 0.6409500000000017
0.66 0.6482500000000018
0.97 0.6840000000000022
0.97 0.7221500000000031
0.97 0.649400000000002
0.97 0.6765000000000021
0.97 0.7300500000000031
0.97 0.6751000000000024
0.97 0.7684500000000033
0.65 0.6463500000000021
0.65 0.6480000000000021
0.66 0.6345000000000018
0.66 0.6432000000000019
0.66 0.5966000000000004
0.66 0.6332000000000017
0.66 0.6394000000000021
0.65 0.6483500000000023
0.65 0.642150000000002
0.65 0.645150000000002
0.65 0.647000000000002
0.65 0.6463000000000021
0.65 0.645500000000002
0.65 0.6366000000000018
0.66 0.643900000000002
0.66 0.6469500000000022
0.66 0.6463500000000022
0.66 0.6465500000000022
0.66 0.6484500000000021
0.65 0.6452000000000021
0.65 0.642400000000002
0.66 0.6456000000000021
0.66 0.641200000000002
0.66 0.4257499999999994
0.66 0.5896000000000006
0.66 0.6213000000000014
0.66 0.638150000000002
0.98 0.629200000000001
0.98 0.755050000000002
0.97 0.7731000000000015
0.98 0.7874500000000014
0.98 0.800050000000001
0.98 0.8284000000000024
0.98 0.6039999999999991
0.98 0.6918000000000013
0.98 0.7285500000000011
0.98 0.854050000000002
0.98 0.8358000000000034
0.98 0.8720500000000021
0.98 0.9021999999999997
0.98 0.9005499999999994
0.66 0.6353500000000006
0.66 0.6490499999999996
0.66 0.64925
0.66 0.6520999999999979
0.66 0.6498999999999981
