0.07999999999999996 0.6032400000000027
0.07999999999999996 0.5730400000000025
0.07999999999999996 0.5404000000000027
0.07999999999999996 0.5129600000000023
0.07999999999999996 0.4773200000000015
0.07999999999999996 0.4545000000000009
0.07999999999999996 0.43414000000000064
0.07999999999999996 0.4093200000000004
0.07999999999999996 0.40459999999999985
0.06000000000000005 0.3752799999999996
0.06000000000000005 0.36480000000000007
0.06000000000000005 0.3408200000000001
0.06000000000000005 0.32654
0.06000000000000005 0.31958000000000025
0.06000000000000005 0.2995400000000003
0.07999999999999996 0.2868200000000007
0.07999999999999996 0.28070000000000084
0.07999999999999996 0.26852000000000087
0.07999999999999996 0.2620800000000008
0.07999999999999996 0.24656000000000103
0.07999999999999996 0.23106000000000046
0.07999999999999996 0.20744000000000054
0.07999999999999996 0.20212000000000022
0.07999999999999996 0.20917999999999992
0.07999999999999996 0.20291999999999943
0.07999999999999996 0.20769999999999988
0.07999999999999996 0.18956000000000012
0.07999999999999996 0.1965600000000001
0.09999999999999998 0.1874799999999998
0.09999999999999998 0.17879999999999982
0.09999999999999998 0.18287999999999963
0.09999999999999998 0.1801599999999997
0.09999999999999998 0.18609999999999968
0.09999999999999998 0.1832199999999997
0.09999999999999998 0.1647799999999996
0.09999999999999998 0.17215999999999934
0.09999999999999998 0.17363999999999932
0.09999999999999998 0.16245999999999927
0.09999999999999998 0.15549999999999914
0.09999999999999998 0.15921999999999925
0.09999999999999998 0.1567799999999992
0.09999999999999998 0.15725999999999932
0.09999999999999998 0.16199999999999945
0.09999999999999998 0.15823999999999944
0.09999999999999998 0.1511399999999995
0.09999999999999998 0.16213999999999965
0.09999999999999998 0.1623999999999995
0.09999999999999998 0.16715999999999948
0.09999999999999998 0.16663999999999962
0.09999999999999998 0.16091999999999945
0.09999999999999998 0.16259999999999947
0.09999999999999998 0.1689999999999994
0.09999999999999998 0.16469999999999935
0.09999999999999998 0.1623599999999996
0.09999999999999998 0.1527199999999996
0.09999999999999998 0.15707999999999947
0.09999999999999998 0.16501999999999933
0.09999999999999998 0.16027999999999928
0.09999999999999998 0.16019999999999945
0.09999999999999998 0.14187999999999965
0.09999999999999998 0.13839999999999975
0.09999999999999998 0.1372999999999996
0.09999999999999998 0.1374799999999998
0.09999999999999998 0.1499799999999994
0.09999999999999998 0.1645199999999993
0.09999999999999998 0.15391999999999936
0.09999999999999998 0.1605199999999994
0.09999999999999998 0.15365999999999952
0.09999999999999998 0.14217999999999956
0.09999999999999998 0.15275999999999956
0.09999999999999998 0.15909999999999916
0.09999999999999998 0.15271999999999933
0.09999999999999998 0.16035999999999945
0.09999999999999998 0.18013999999999944
0.09999999999999998 0.1713399999999993
0.09999999999999998 0.1711599999999992
0.09999999999999998 0.16297999999999957
0.09999999999999998 0.1514799999999994
0.09999999999999998 0.14627999999999958
0.09999999999999998 0.14677999999999958
0.09999999999999998 0.15297999999999945
0.09999999999999998 0.15189999999999929
0.09999999999999998 0.1559399999999994
0.09999999999999998 0.16717999999999925
0.09999999999999998 0.1630399999999996
0.09999999999999998 0.16269999999999946
0.09999999999999998 0.15673999999999946
0.09999999999999998 0.16061999999999949
0.09999999999999998 0.16055999999999945
0.09999999999999998 0.15611999999999937
0.09999999999999998 0.14809999999999945
0.09999999999999998 0.1494999999999996
0.09999999999999998 0.15487999999999946
0.09999999999999998 0.15755999999999945
0.09999999999999998 0.14555999999999955
0.09999999999999998 0.14261999999999964
0.09999999999999998 0.14227999999999957
0.09999999999999998 0.15279999999999958
0.09999999999999998 0.14911999999999953
0.09999999999999998 0.14893999999999966
