0.040000000000000036 0.5775600000000064
0.040000000000000036 0.5418200000000051
0.040000000000000036 0.5203400000000041
0.040000000000000036 0.4772000000000035
0.040000000000000036 0.45634000000000385
0.040000000000000036 0.42306000000000354
0.06000000000000005 0.3949800000000026
0.06000000000000005 0.3789200000000015
0.06000000000000005 0.3586400000000015
0.06000000000000005 0.3597000000000019
0.07999999999999996 0.33800000000000163
0.07999999999999996 0.3418000000000021
0.07999999999999996 0.3326000000000018
0.07999999999999996 0.33488000000000145
0.07999999999999996 0.32212000000000135
0.040000000000000036 0.3122800000000013
0.040000000000000036 0.30150000000000116
0.040000000000000036 0.2975200000000016
0.040000000000000036 0.2832200000000014
0.040000000000000036 0.27044000000000107
0.040000000000000036 0.2756400000000011
0.040000000000000036 0.26442000000000093
0.040000000000000036 0.2602200000000001
0.040000000000000036 0.26294000000000056
0.040000000000000036 0.25398000000000015
0.040000000000000036 0.25674
0.040000000000000036 0.24306000000000053
0.020000000000000018 0.24144000000000046
0.020000000000000018 0.25022
0.020000000000000018 0.23446000000000003
0.020000000000000018 0.22962000000000016
0.020000000000000018 0.23346000000000028
0.020000000000000018 0.2259000000000002
0.020000000000000018 0.22998000000000013
0.020000000000000018 0.24156000000000005
0.020000000000000018 0.2474000000000002
0.020000000000000018 0.23722000000000035
0.020000000000000018 0.22548000000000018
0.020000000000000018 0.23557999999999987
0.020000000000000018 0.2397800000000002
0.020000000000000018 0.2291599999999998
0.020000000000000018 0.23236000000000007
0.020000000000000018 0.23638000000000015
0.020000000000000018 0.22697999999999968
0.020000000000000018 0.22748000000000013
0.020000000000000018 0.22871999999999976
0.020000000000000018 0.22443999999999992
0.020000000000000018 0.22388000000000005
0.020000000000000018 0.21575999999999987
0.020000000000000018 0.21216000000000002
0.020000000000000018 0.19957999999999987
0.020000000000000018 0.20285999999999987
0.020000000000000018 0.2053799999999998
0.020000000000000018 0.20728
0.020000000000000018 0.19001999999999988
0.020000000000000018 0.18723999999999966
0.020000000000000018 0.18857999999999994
0.020000000000000018 0.1647999999999998
0.020000000000000018 0.16975999999999988
0.020000000000000018 0.16676000000000005
0.020000000000000018 0.1677999999999999
0.020000000000000018 0.16382000000000008
0.020000000000000018 0.16403999999999996
0.020000000000000018 0.16042000000000017
0.020000000000000018 0.16066000000000025
0.020000000000000018 0.1582200000000002
0.020000000000000018 0.15139999999999998
0.020000000000000018 0.14843999999999988
0.020000000000000018 0.1439400000000001
0.020000000000000018 0.14884000000000008
0.020000000000000018 0.13942000000000015
0.020000000000000018 0.1494
0.020000000000000018 0.15314000000000016
0.020000000000000018 0.1521000000000001
0.020000000000000018 0.1548
0.020000000000000018 0.1517400000000002
0.020000000000000018 0.14650000000000005
0.020000000000000018 0.15125999999999992
0.020000000000000018 0.14454
0.020000000000000018 0.15012000000000006
0.020000000000000018 0.14551999999999998
0.020000000000000018 0.13535999999999995
0.020000000000000018 0.14946000000000004
0.020000000000000018 0.14439999999999992
0.020000000000000018 0.14358
0.020000000000000018 0.1519600000000001
0.020000000000000018 0.15098000000000011
0.020000000000000018 0.14307999999999996
0.020000000000000018 0.14473999999999984
0.020000000000000018 0.1433800000000001
0.020000000000000018 0.13344
0.020000000000000018 0.1366999999999999
0.020000000000000018 0.13747999999999996
0.020000000000000018 0.13168
0.020000000000000018 0.13412
0.020000000000000018 0.13770000000000002
0.020000000000000018 0.14448000000000008
0.020000000000000018 0.13146000000000002
0.020000000000000018 0.13018
0.020000000000000018 0.13410000000000005
