0.33999999999999997 0.6261999999999991
0.33999999999999997 0.6011999999999991
0.16000000000000003 0.5651999999999988
0.16000000000000003 0.6114999999999993
0.36 0.6427999999999986
0.18000000000000005 0.6607999999999984
0.36 0.6336999999999989
0.36 0.5900999999999987
0.36 0.6269999999999988
0.26 0.572499999999999
0.33999999999999997 0.5596999999999988
0.30000000000000004 0.5410999999999991
0.28 0.5315999999999987
0.33999999999999997 0.5948999999999987
0.36 0.5345999999999987
0.33999999999999997 0.5711999999999984
0.28 0.6013999999999988
0.06000000000000005 0.5126999999999993
0.07999999999999996 0.5139999999999992
0.30000000000000004 0.5785999999999991
0.30000000000000004 0.5129999999999988
0.18000000000000005 0.5711999999999987
0.33999999999999997 0.5738999999999984
0.33999999999999997 0.6026999999999989
0.16000000000000003 0.5514999999999987
0.16000000000000003 0.5209999999999989
0.33999999999999997 0.6099999999999985
0.16000000000000003 0.5119999999999991
0.09999999999999998 0.5618999999999987
0.21999999999999997 0.5863999999999981
0.28 0.507799999999999
0.21999999999999997 0.5013999999999991
0.36 0.4918999999999991
0.24 0.46229999999999954
0.12 0.4207999999999996
0.19999999999999996 0.5313999999999989
0.16000000000000003 0.4070999999999995
0.19999999999999996 0.38549999999999957
0.040000000000000036 0.5113999999999992
0.040000000000000036 0.4315999999999996
0.24 0.4605999999999992
0.26 0.4666999999999994
0.040000000000000036 0.5371999999999992
0.040000000000000036 0.5130999999999991
0.040000000000000036 0.45829999999999926
0.040000000000000036 0.41309999999999936
0.30000000000000004 0.5034999999999986
0.21999999999999997 0.5060999999999989
0.28 0.4774999999999994
0.26 0.4426999999999998
0.040000000000000036 0.37109999999999993
0.26 0.4111000000000002
0.06000000000000005 0.4239
0.21999999999999997 0.44799999999999934
0.18000000000000005 0.4096000000000001
0.30000000000000004 0.5050999999999991
0.24 0.5122999999999993
0.26 0.4989999999999997
0.18000000000000005 0.5042999999999993
0.16000000000000003 0.515699999999999
0.18000000000000005 0.48629999999999923
0.14 0.4468999999999997
0.18000000000000005 0.4591999999999996
0.06000000000000005 0.4190999999999996
0.18000000000000005 0.40080000000000027
0.12 0.4141999999999999
0.14 0.40750000000000014
0.12 0.35830000000000006
0.09999999999999998 0.37910000000000044
0.09999999999999998 0.29230000000000017
0.040000000000000036 0.32960000000000034
0.040000000000000036 0.24790000000000012
0.0 0.27050000000000063
