0.31999999999999995 0.6201000000000016
0.31999999999999995 0.5841000000000021
0.31999999999999995 0.5738000000000016
0.30000000000000004 0.5737000000000014
0.31999999999999995 0.5579000000000015
0.31999999999999995 0.5784000000000012
0.36 0.6141000000000018
0.31999999999999995 0.6198000000000016
0.31999999999999995 0.5663000000000009
0.26 0.5850000000000015
0.31999999999999995 0.6050000000000021
0.040000000000000036 0.6131000000000021
0.24 0.624900000000002
0.43999999999999995 0.6198000000000016
0.42000000000000004 0.6395000000000021
0.16000000000000003 0.6261000000000017
0.42000000000000004 0.638200000000002
0.19999999999999996 0.6272000000000019
0.16000000000000003 0.5777000000000014
0.16000000000000003 0.5568000000000014
0.24 0.5659000000000013
0.16000000000000003 0.5724000000000014
0.16000000000000003 0.5342000000000012
0.21999999999999997 0.5732000000000013
0.38 0.6236000000000016
0.09999999999999998 0.5988000000000014
0.24 0.6173000000000018
0.33999999999999997 0.604600000000002
0.30000000000000004 0.5841000000000008
0.18000000000000005 0.5558000000000011
0.30000000000000004 0.5828000000000011
0.43999999999999995 0.562800000000001
0.43999999999999995 0.5947000000000007
0.33999999999999997 0.550600000000001
0.26 0.6056000000000009
0.24 0.5452000000000007
0.040000000000000036 0.42450000000000054
0.18000000000000005 0.5543000000000009
0.28 0.5437000000000007
0.18000000000000005 0.49660000000000015
0.07999999999999996 0.3685000000000001
0.06000000000000005 0.33640000000000014
0.040000000000000036 0.36760000000000004
0.040000000000000036 0.3142
0.040000000000000036 0.27430000000000015
0.040000000000000036 0.28960000000000025
0.16000000000000003 0.40790000000000104
0.06000000000000005 0.31950000000000023
0.12 0.36890000000000034
0.12 0.3275000000000003
0.12 0.33110000000000006
0.18000000000000005 0.35040000000000016
0.020000000000000018 0.24100000000000002
0.09999999999999998 0.32040000000000046
0.07999999999999996 0.3216000000000006
0.06000000000000005 0.2609000000000003
0.07999999999999996 0.26
0.06000000000000005 0.1894999999999998
0.07999999999999996 0.28670000000000034
0.06000000000000005 0.24810000000000035
0.06000000000000005 0.32550000000000084
0.07999999999999996 0.31830000000000064
0.09999999999999998 0.3560000000000002
0.12 0.263
0.07999999999999996 0.3610000000000005
0.06000000000000005 0.32140000000000013
0.06000000000000005 0.19010000000000007
0.06000000000000005 0.15969999999999987
0.06000000000000005 0.17250000000000007
0.06000000000000005 0.20549999999999996
0.06000000000000005 0.26970000000000016
0.06000000000000005 0.32640000000000036
0.06000000000000005 0.22800000000000004
0.06000000000000005 0.15629999999999997
0.06000000000000005 0.1547000000000001
0.040000000000000036 0.16649999999999995
0.06000000000000005 0.09500000000000001
0.06000000000000005 0.1442
0.06000000000000005 0.11860000000000008
0.040000000000000036 0.17230000000000015
0.06000000000000005 0.4437000000000002
0.040000000000000036 0.2695
0.040000000000000036 0.3115
0.0 0.3041999999999998
