0.5 0.6679000000000005
0.4 0.6362000000000007
0.4 0.662500000000001
0.36 0.6233000000000005
0.4 0.6785000000000007
0.4 0.6864000000000006
0.36 0.7100000000000009
0.4 0.7034000000000006
0.4 0.7311000000000009
0.4 0.7096000000000008
0.4 0.6703000000000005
0.18000000000000005 0.6574000000000007
0.4 0.7119000000000005
0.18000000000000005 0.6896000000000002
0.18000000000000005 0.6775000000000001
0.24 0.6422000000000005
0.18000000000000005 0.6432000000000007
0.43999999999999995 0.6969000000000005
0.42000000000000004 0.6601000000000004
0.16000000000000003 0.6602000000000006
0.38 0.6797000000000004
0.43999999999999995 0.6482000000000008
0.43999999999999995 0.5996000000000004
0.43999999999999995 0.6146000000000005
0.43999999999999995 0.5678000000000004
0.24 0.5166000000000001
0.16000000000000003 0.4961
0.16000000000000003 0.4421000000000002
0.30000000000000004 0.4552000000000001
0.07999999999999996 0.4094999999999998
0.07999999999999996 0.4122999999999998
0.24 0.4137999999999997
0.33999999999999997 0.42069999999999963
0.33999999999999997 0.41019999999999995
0.12 0.41329999999999956
0.07999999999999996 0.3825999999999992
0.07999999999999996 0.3855999999999996
0.16000000000000003 0.44429999999999936
0.19999999999999996 0.4633999999999996
0.07999999999999996 0.39519999999999933
0.07999999999999996 0.3822999999999997
0.09999999999999998 0.4005999999999998
0.09999999999999998 0.3757999999999999
0.09999999999999998 0.41939999999999983
0.06000000000000005 0.39510000000000006
0.06000000000000005 0.3917
0.06000000000000005 0.41009999999999985
0.06000000000000005 0.3609999999999996
0.06000000000000005 0.35699999999999965
0.16000000000000003 0.47730000000000034
0.4 0.5842000000000003
0.16000000000000003 0.5168000000000003
0.16000000000000003 0.46740000000000004
0.43999999999999995 0.4781999999999998
0.12 0.3519000000000001
0.040000000000000036 0.3672999999999997
0.19999999999999996 0.4841999999999996
0.06000000000000005 0.39860000000000007
0.040000000000000036 0.43750000000000017
0.4 0.44909999999999944
0.21999999999999997 0.4114999999999992
0.4 0.5062
0.4 0.48670000000000013
0.4 0.4490000000000001
0.38 0.5451999999999984
0.040000000000000036 0.45519999999999944
0.06000000000000005 0.39849999999999947
0.12 0.5041000000000005
0.07999999999999996 0.4927000000000012
0.040000000000000036 0.3853999999999999
0.040000000000000036 0.31169999999999953
0.040000000000000036 0.3914999999999999
0.040000000000000036 0.48280000000000095
0.040000000000000036 0.29669999999999963
0.040000000000000036 0.2551999999999998
0.040000000000000036 0.2800999999999998
0.040000000000000036 0.31799999999999995
0.040000000000000036 0.29480000000000034
0.040000000000000036 0.3256000000000011
0.42000000000000004 0.5490999999999981
0.040000000000000036 0.36950000000000066
0.040000000000000036 0.35730000000000034
0.040000000000000036 0.27750000000000014
0.040000000000000036 0.20629999999999996
0.040000000000000036 0.3041999999999999
0.040000000000000036 0.3059000000000003
0.040000000000000036 0.30930000000000013
0.040000000000000036 0.3251999999999998
0.040000000000000036 0.4456999999999996
0.14 0.494100000000001
0.4 0.48410000000000003
0.040000000000000036 0.38499999999999956
0.07999999999999996 0.37929999999999986
0.040000000000000036 0.28099999999999986
0.040000000000000036 0.40099999999999975
0.4 0.44259999999999905
0.040000000000000036 0.2442999999999997
0.4 0.47309999999999974
0.4 0.45799999999999996
0.4 0.4649000000000004
0.4 0.43450000000000055
0.38 0.5122999999999995
0.4 0.46459999999999974
0.38 0.49919999999999953
0.4 0.5081999999999995
0.52 0.6100999999999979
0.38 0.5814000000000002
0.4 0.5136000000000002
0.4 0.47280000000000016
0.26 0.4393999999999997
0.040000000000000036 0.37959999999999977
0.040000000000000036 0.4324000000000003
0.040000000000000036 0.420099999999999
0.4 0.436499999999999
0.4 0.4695999999999995
0.45999999999999996 0.45939999999999964
0.42000000000000004 0.46349999999999936
0.24 0.4929999999999996
0.18000000000000005 0.4553000000000002
0.42000000000000004 0.45869999999999966
0.45999999999999996 0.4632999999999992
0.42000000000000004 0.4596999999999988
0.07999999999999996 0.4699999999999996
0.42000000000000004 0.4694999999999996
0.24 0.4495999999999992
0.09999999999999998 0.43169999999999986
0.18000000000000005 0.4839999999999992
0.42000000000000004 0.5367000000000001
0.42000000000000004 0.4772999999999996
0.19999999999999996 0.4418999999999996
0.43999999999999995 0.4478000000000001
0.06000000000000005 0.41019999999999995
0.07999999999999996 0.4179999999999998
0.43999999999999995 0.4504000000000004
0.42000000000000004 0.5237000000000003
0.42000000000000004 0.4714000000000001
0.42000000000000004 0.6229000000000002
0.42000000000000004 0.48220000000000035
0.42000000000000004 0.4613000000000008
0.42000000000000004 0.6542000000000016
0.42000000000000004 0.6722000000000008
0.42000000000000004 0.6395000000000005
0.42000000000000004 0.5813000000000001
0.42000000000000004 0.48619999999999985
0.42000000000000004 0.4413999999999985
0.42000000000000004 0.43599999999999894
0.42000000000000004 0.43999999999999956
0.4 0.4389999999999992
0.42000000000000004 0.537
0.4 0.6132999999999995
0.31999999999999995 0.4342000000000006
0.42000000000000004 0.42950000000000044
0.42000000000000004 0.43170000000000064
0.16000000000000003 0.43080000000000046
0.14 0.4623000000000005
0.28 0.4405000000000006
0.24 0.4250999999999999
0.21999999999999997 0.42370000000000035
0.16000000000000003 0.4134000000000008
0.16000000000000003 0.3832000000000007
0.16000000000000003 0.3785000000000004
0.14 0.35570000000000057
0.14 0.4030000000000002
0.09999999999999998 0.3714
0.07999999999999996 0.30369999999999975
0.16000000000000003 0.40599999999999975
0.040000000000000036 0.2587000000000001
0.040000000000000036 0.3427000000000001
0.040000000000000036 0.35940000000000005
0.040000000000000036 0.30759999999999976
0.07999999999999996 0.3011000000000001
0.040000000000000036 0.16599999999999995
0.040000000000000036 0.11649999999999994
0.040000000000000036 0.09480000000000004
0.040000000000000036 0.08450000000000008
0.040000000000000036 0.0660000000000001
0.040000000000000036 0.06430000000000011
0.040000000000000036 0.12249999999999998
0.040000000000000036 0.11760000000000005
0.040000000000000036 0.17479999999999993
0.040000000000000036 0.1404
0.040000000000000036 0.30400000000000005
0.040000000000000036 0.3865000000000002
0.21999999999999997 0.5192000000000005
0.040000000000000036 0.43550000000000055
0.040000000000000036 0.5726000000000001
0.38 0.5196000000000004
0.38 0.6093000000000004
0.38 0.4987000000000003
0.38 0.4346000000000009
0.38 0.4085000000000011
0.040000000000000036 0.22650000000000017
0.040000000000000036 0.13599999999999987
0.040000000000000036 0.2384000000000003
0.040000000000000036 0.3740000000000005
0.040000000000000036 0.19289999999999996
0.040000000000000036 0.12050000000000001
0.040000000000000036 0.08260000000000006
0.040000000000000036 0.05310000000000002
0.040000000000000036 0.05980000000000004
0.040000000000000036 0.05130000000000003
0.040000000000000036 0.054100000000000044
0.040000000000000036 0.10340000000000008
0.040000000000000036 0.09330000000000008
0.040000000000000036 0.10370000000000007
0.040000000000000036 0.08330000000000011
0.38 0.3827000000000004
0.38 0.38020000000000026
0.040000000000000036 0.28080000000000044
0.38 0.3884000000000003
0.040000000000000036 0.28410000000000046
0.040000000000000036 0.07430000000000005
0.040000000000000036 0.04980000000000003
0.040000000000000036 0.048400000000000054
0.040000000000000036 0.04640000000000002
0.040000000000000036 0.11610000000000005
0.040000000000000036 0.051800000000000034
0.040000000000000036 0.055400000000000026
0.040000000000000036 0.04940000000000005
0.040000000000000036 0.049100000000000046
0.040000000000000036 0.04930000000000004
0.040000000000000036 0.048900000000000034
0.040000000000000036 0.05110000000000005
0.040000000000000036 0.047900000000000054
0.040000000000000036 0.04480000000000002
0.040000000000000036 0.04330000000000005
0.040000000000000036 0.04750000000000003
0.040000000000000036 0.05410000000000006
0.040000000000000036 0.10880000000000005
0.040000000000000036 0.06810000000000009
0.040000000000000036 0.0816000000000001
0.040000000000000036 0.12959999999999997
0.040000000000000036 0.12350000000000001
0.040000000000000036 0.21610000000000007
0.040000000000000036 0.10070000000000005
0.040000000000000036 0.2524000000000003
0.040000000000000036 0.12639999999999996
0.040000000000000036 0.12899999999999998
0.38 0.38910000000000033
0.38 0.3838000000000003
0.38 0.4595000000000002
0.38 0.4052000000000007
0.43999999999999995 0.3917000000000004
0.4 0.38760000000000033
0.4 0.3827000000000003
0.4 0.38550000000000023
0.040000000000000036 0.3581000000000006
0.040000000000000036 0.31560000000000005
0.040000000000000036 0.22690000000000005
0.040000000000000036 0.07660000000000004
0.07999999999999996 0.07340000000000003
0.040000000000000036 0.3618999999999998
0.040000000000000036 0.060299999999999986
0.040000000000000036 0.048
0.040000000000000036 0.06850000000000006
0.040000000000000036 0.12269999999999998
0.040000000000000036 0.16529999999999995
0.040000000000000036 0.14289999999999994
0.38 0.38550000000000034
0.040000000000000036 0.2984000000000007
0.040000000000000036 0.25850000000000056
0.040000000000000036 0.18470000000000006
0.38 0.38340000000000024
0.38 0.38190000000000024
0.38 0.3845000000000003
0.38 0.38410000000000033
0.38 0.3825000000000003
0.38 0.38300000000000023
0.38 0.38140000000000024
0.38 0.3829000000000003
0.38 0.3817000000000003
0.38 0.38130000000000025
0.38 0.38280000000000036
0.38 0.38300000000000023
0.38 0.38720000000000027
0.38 0.38370000000000054
0.38 0.38230000000000025
0.38 0.3823000000000004
0.38 0.38230000000000025
0.38 0.3808000000000002
0.38 0.38240000000000024
0.38 0.3808000000000002
0.38 0.38320000000000026
0.38 0.3817000000000002
0.38 0.38140000000000024
0.38 0.3806000000000002
0.38 0.3842000000000002
0.38 0.38300000000000034
0.38 0.3836000000000005
0.38 0.38370000000000026
0.38 0.3832000000000002
0.38 0.3841000000000004
0.33999999999999997 0.38580000000000036
0.33999999999999997 0.38490000000000035
0.33999999999999997 0.38730000000000026
0.33999999999999997 0.4005999999999987
0.33999999999999997 0.3926999999999996
0.33999999999999997 0.38050000000000034
0.30000000000000004 0.3711000000000002
0.33999999999999997 0.39259999999999884
0.30000000000000004 0.3885999999999998
0.26 0.35680000000000056
0.26 0.34480000000000016
0.06000000000000005 0.325600000000001
0.06000000000000005 0.2968000000000011
0.06000000000000005 0.2729000000000005
0.06000000000000005 0.23700000000000043
0.06000000000000005 0.2308000000000002
0.06000000000000005 0.16130000000000028
0.06000000000000005 0.13209999999999997
0.06000000000000005 0.09579999999999994
0.06000000000000005 0.08160000000000013
0.06000000000000005 0.3098999999999993
0.06000000000000005 0.07640000000000019
0.06000000000000005 0.10110000000000019
0.06000000000000005 0.30739999999999934
0.4 0.40720000000000023
0.4 0.4040000000000001
0.06000000000000005 0.36829999999999996
0.4 0.40290000000000026
0.06000000000000005 0.3584999999999997
0.06000000000000005 0.1884999999999996
0.06000000000000005 0.12289999999999995
0.06000000000000005 0.10150000000000009
0.06000000000000005 0.07620000000000023
0.06000000000000005 0.0982000000000002
0.06000000000000005 0.17170000000000002
0.06000000000000005 0.4315
0.06000000000000005 0.40150000000000025
0.06000000000000005 0.37699999999999995
0.4 0.4031000000000003
0.4 0.4024000000000003
0.4 0.4006000000000004
0.4 0.40080000000000027
0.4 0.4011000000000003
0.4 0.4017000000000003
0.4 0.40310000000000024
0.4 0.4025000000000002
0.4 0.40160000000000035
0.4 0.40120000000000033
0.4 0.40440000000000026
0.4 0.40150000000000036
0.4 0.4014000000000002
0.4 0.4013000000000003
0.4 0.40200000000000025
0.4 0.4020000000000003
0.4 0.40220000000000034
0.19999999999999996 0.3948000000000001
0.06000000000000005 0.33059999999999934
0.06000000000000005 0.2932999999999994
0.06000000000000005 0.15679999999999988
0.06000000000000005 0.12109999999999987
0.06000000000000005 0.1261999999999997
0.06000000000000005 0.15799999999999975
0.4 0.4007000000000002
0.4 0.4004000000000002
0.4 0.4001000000000003
0.4 0.40020000000000033
0.4 0.4017000000000002
0.4 0.40120000000000033
0.4 0.40040000000000037
0.06000000000000005 0.2805999999999994
0.06000000000000005 0.21249999999999958
0.06000000000000005 0.12709999999999988
0.06000000000000005 0.10379999999999986
0.06000000000000005 0.09699999999999999
0.06000000000000005 0.07490000000000013
0.06000000000000005 0.10860000000000007
0.06000000000000005 0.09250000000000018
0.06000000000000005 0.0781000000000003
0.06000000000000005 0.0879000000000003
0.06000000000000005 0.08700000000000026
0.06000000000000005 0.07940000000000029
0.06000000000000005 0.16649999999999987
0.06000000000000005 0.12220000000000011
0.06000000000000005 0.08330000000000029
0.4 0.41299999999999953
0.4 0.40530000000000027
0.4 0.40730000000000016
0.4 0.40600000000000014
0.4 0.4445000000000001
0.4 0.4107000000000001
0.4 0.40860000000000013
0.4 0.4058000000000002
0.4 0.40450000000000025
0.4 0.4427999999999994
0.4 0.4456999999999992
0.45999999999999996 0.48030000000000006
0.45999999999999996 0.4180999999999992
0.45999999999999996 0.4537000000000002
0.45999999999999996 0.4472999999999999
0.45999999999999996 0.44749999999999973
0.45999999999999996 0.44749999999999934
0.45999999999999996 0.4498999999999988
0.45999999999999996 0.4509999999999994
0.45999999999999996 0.45429999999999937
0.45999999999999996 0.4586999999999993
0.45999999999999996 0.459899999999999
0.45999999999999996 0.46189999999999887
0.45999999999999996 0.4644999999999989
0.45999999999999996 0.4627999999999987
0.45999999999999996 0.4611999999999988
0.45999999999999996 0.4605999999999987
0.45999999999999996 0.45949999999999874
0.45999999999999996 0.4600999999999987
0.45999999999999996 0.46049999999999885
0.42000000000000004 0.43649999999999933
0.42000000000000004 0.4503999999999989
0.45999999999999996 0.4602999999999987
0.45999999999999996 0.4600999999999987
0.4 0.4579999999999987
0.4 0.4542999999999988
0.4 0.45239999999999875
0.4 0.4527999999999988
0.4 0.4523999999999988
0.45999999999999996 0.46039999999999887
0.45999999999999996 0.46039999999999864
0.45999999999999996 0.4601999999999986
0.42000000000000004 0.4602999999999986
0.42000000000000004 0.45859999999999884
0.42000000000000004 0.4561999999999988
0.45999999999999996 0.4598999999999986
0.45999999999999996 0.4601999999999986
0.42000000000000004 0.45419999999999866
0.45999999999999996 0.4609999999999987
0.42000000000000004 0.44049999999999906
0.45999999999999996 0.4608999999999987
0.45999999999999996 0.46379999999999877
0.42000000000000004 0.44409999999999905
0.45999999999999996 0.4621999999999988
0.45999999999999996 0.46099999999999874
0.42000000000000004 0.45899999999999863
0.45999999999999996 0.4605999999999986
0.45999999999999996 0.4615999999999987
0.42000000000000004 0.447199999999999
0.42000000000000004 0.5096000000000004
0.42000000000000004 0.4392999999999993
0.42000000000000004 0.44099999999999945
0.42000000000000004 0.44160000000000027
0.42000000000000004 0.443399999999999
0.42000000000000004 0.45819999999999894
0.42000000000000004 0.4537999999999988
0.42000000000000004 0.4316999999999995
0.42000000000000004 0.451399999999999
0.4 0.47400000000000025
0.4 0.4426999999999998
0.42000000000000004 0.6173000000000007
0.42000000000000004 0.5584000000000007
0.42000000000000004 0.5094000000000005
0.42000000000000004 0.4513999999999995
0.42000000000000004 0.4606999999999989
0.42000000000000004 0.45129999999999876
0.42000000000000004 0.4357999999999993
0.42000000000000004 0.43129999999999946
0.42000000000000004 0.4317999999999994
0.42000000000000004 0.43029999999999957
0.42000000000000004 0.4291
0.42000000000000004 0.42680000000000023
0.42000000000000004 0.4681000000000005
0.42000000000000004 0.4271999999999999
0.42000000000000004 0.4384999999999994
0.42000000000000004 0.4342999999999995
0.42000000000000004 0.4576999999999989
0.42000000000000004 0.4492999999999988
0.45999999999999996 0.464599999999999
0.45999999999999996 0.46289999999999915
0.43999999999999995 0.45279999999999887
0.43999999999999995 0.44389999999999863
0.43999999999999995 0.4376999999999985
0.43999999999999995 0.43509999999999877
0.43999999999999995 0.43559999999999904
0.45999999999999996 0.46359999999999874
0.45999999999999996 0.46149999999999863
0.45999999999999996 0.4615999999999987
0.45999999999999996 0.4603999999999987
0.45999999999999996 0.46299999999999886
0.45999999999999996 0.46129999999999866
0.45999999999999996 0.46049999999999863
0.45999999999999996 0.4601999999999986
0.45999999999999996 0.46039999999999864
0.45999999999999996 0.46069999999999867
0.45999999999999996 0.4599999999999986
0.45999999999999996 0.4617999999999987
0.45999999999999996 0.4616999999999986
0.43999999999999995 0.44589999999999896
0.45999999999999996 0.5176
0.45999999999999996 0.4610999999999986
0.45999999999999996 0.4856999999999988
0.45999999999999996 0.4622999999999987
0.45999999999999996 0.46099999999999874
0.45999999999999996 0.4605999999999987
0.45999999999999996 0.4717999999999989
0.45999999999999996 0.4634999999999987
0.45999999999999996 0.46219999999999895
0.45999999999999996 0.4596999999999988
0.45999999999999996 0.4611999999999987
0.45999999999999996 0.4609999999999986
0.45999999999999996 0.4611999999999987
0.45999999999999996 0.4595999999999987
0.45999999999999996 0.4607999999999987
