0.7 0.3754000000000006
0.7 0.3751000000000003
0.77 0.38390000000000013
0.7 0.3899999999999999
0.73 0.3843
0.73 0.41009999999999924
0.82 0.41089999999999954
0.7 0.41024999999999906
0.7 0.42534999999999895
0.7 0.38544999999999957
0.7 0.42929999999999874
0.7 0.40814999999999935
0.72 0.4098499999999994
0.72 0.45579999999999804
0.74 0.4309499999999987
0.82 0.4772499999999977
0.82 0.4674999999999974
0.9 0.44524999999999837
0.87 0.4626999999999981
0.75 0.46089999999999803
0.7 0.4389999999999983
0.77 0.39799999999999947
0.7 0.4309499999999986
0.76 0.418199999999999
0.77 0.4188999999999989
0.7 0.4287999999999987
0.71 0.4529499999999982
0.7 0.46574999999999767
0.75 0.5047999999999977
0.78 0.49284999999999757
0.77 0.43619999999999853
0.77 0.45774999999999794
0.77 0.4597499999999978
0.77 0.4427499999999982
0.7 0.47469999999999773
0.7 0.4582499999999978
0.81 0.5005499999999976
0.72 0.4808999999999975
0.72 0.4351999999999985
0.7 0.4945499999999987
0.7 0.46039999999999787
0.7 0.4783999999999976
0.7 0.4725999999999978
0.7 0.4962499999999975
0.77 0.513949999999998
0.77 0.5583999999999986
0.7 0.5692999999999997
0.8 0.5737999999999995
0.8 0.49149999999999755
0.7 0.500249999999998
0.7 0.5477499999999984
0.79 0.5660999999999987
0.79 0.5564999999999987
0.79 0.5921999999999993
0.79 0.5639499999999986
0.79 0.5762999999999987
0.7 0.5228499999999987
0.82 0.598499999999999
0.89 0.6114499999999993
0.73 0.5479999999999988
0.89 0.6225499999999994
0.73 0.5887999999999988
0.73 0.5570999999999983
0.7 0.5475999999999992
0.7 0.5867999999999993
0.7 0.5645499999999987
0.7 0.5933999999999987
0.7 0.5090999999999983
0.7 0.4834999999999979
0.72 0.5164499999999986
0.79 0.5063499999999991
0.79 0.5293999999999986
0.79 0.5441499999999991
0.79 0.5670499999999988
0.88 0.5752999999999993
0.88 0.5953499999999999
0.88 0.6025500000000003
0.7 0.5452499999999982
0.94 0.6045000000000003
0.77 0.5785499999999998
0.85 0.625800000000001
0.94 0.6113000000000012
0.94 0.6440500000000007
0.94 0.664950000000001
0.94 0.645700000000001
0.94 0.6769000000000013
0.92 0.6722000000000017
0.93 0.6965000000000015
0.8 0.656850000000001
0.91 0.6581500000000008
0.93 0.6917000000000014
0.92 0.6479000000000005
0.88 0.6549000000000013
0.91 0.663400000000001
0.92 0.6723500000000014
0.92 0.6810000000000018
0.93 0.6736500000000012
0.93 0.6960500000000012
0.91 0.6577000000000014
0.92 0.6826500000000014
0.96 0.6982500000000019
0.93 0.6986000000000011
0.94 0.7066500000000013
0.94 0.6955000000000012
0.94 0.7054000000000018
0.96 0.7029000000000016
0.94 0.658050000000001
0.91 0.6103500000000003
0.94 0.5843999999999996
0.94 0.5339499999999984
0.94 0.5762499999999988
0.94 0.5653999999999991
0.91 0.4867499999999987
0.94 0.48244999999999855
0.94 0.5115999999999992
0.94 0.5575499999999993
0.94 0.5992999999999999
0.9 0.525249999999999
0.86 0.5561499999999985
0.94 0.5503499999999985
0.73 0.4986499999999985
0.94 0.5284499999999988
0.94 0.5608499999999987
0.95 0.5327999999999986
0.96 0.5734499999999988
0.96 0.6271
0.96 0.62595
0.96 0.6681500000000004
0.96 0.7051000000000006
0.96 0.7089500000000014
0.96 0.7087000000000018
0.96 0.7066500000000012
0.96 0.7021000000000001
0.96 0.6982
0.96 0.6937000000000001
0.96 0.7754000000000006
0.96 0.7412000000000021
0.96 0.7285500000000014
0.96 0.7353500000000014
0.96 0.7673500000000001
0.96 0.6674499999999988
0.96 0.584999999999998
0.96 0.6549499999999994
0.96 0.636799999999999
0.96 0.5817999999999988
0.96 0.6264999999999993
0.96 0.7083499999999995
0.96 0.7212500000000002
0.96 0.7563500000000011
0.96 0.7467500000000006
0.96 0.7641500000000007
0.96 0.8024499999999999
0.96 0.8159000000000001
0.96 0.7920500000000008
0.96 0.8287500000000003
0.96 0.8406999999999991
0.96 0.8587500000000005
0.96 0.8585999999999996
0.96 0.8445499999999997
0.96 0.8544999999999997
0.96 0.8203000000000001
0.96 0.8301000000000001
0.96 0.8261499999999984
0.96 0.8353
0.96 0.8345500000000001
0.96 0.8319999999999992
0.96 0.8605000000000008
0.96 0.8136000000000004
0.96 0.8224499999999995
0.96 0.8144499999999993
0.96 0.8365999999999996
0.96 0.7701000000000015
0.96 0.7352000000000022
0.96 0.765350000000001
0.96 0.7677000000000003
0.96 0.7727000000000003
0.96 0.7591000000000007
0.96 0.7583000000000003
0.96 0.7837000000000002
0.96 0.80655
0.96 0.6653000000000014
0.96 0.7233000000000012
0.96 0.7913500000000004
0.96 0.804999999999999
0.96 0.8157499999999989
0.96 0.8520000000000006
0.96 0.8731000000000003
0.96 0.8887999999999993
0.96 0.8936499999999994
0.96 0.7901000000000024
0.96 0.8083
0.96 0.8067500000000005
0.96 0.7116500000000014
0.96 0.8120499999999997
0.96 0.8226499999999988
0.96 0.8294499999999994
0.96 0.8426499999999996
0.96 0.6675000000000024
0.7 0.6579000000000024
0.7 0.6496500000000025
0.7 0.6576500000000022
0.7 0.6516500000000017
0.7 0.653700000000002
0.7 0.6681500000000012
0.7 0.644000000000001
0.7 0.6747500000000014
0.82 0.6859000000000016
0.9 0.6892500000000018
0.96 0.7154500000000006
0.96 0.6598500000000007
0.96 0.6294499999999998
0.96 0.6875500000000017
0.96 0.6966000000000018
0.96 0.7111000000000013
0.96 0.703200000000001
0.96 0.7055000000000016
0.96 0.65055
0.96 0.6935000000000002
0.96 0.6128999999999996
0.96 0.6639000000000002
0.96 0.6353999999999997
0.96 0.6568999999999997
0.96 0.7065500000000001
0.96 0.7142499999999995
0.96 0.7400500000000011
0.96 0.7602499999999999
0.96 0.7529500000000001
0.96 0.7797000000000002
0.96 0.7751999999999998
0.96 0.7983500000000002
0.96 0.7670000000000019
0.96 0.8297000000000007
0.96 0.826250000000001
0.96 0.7824500000000003
0.96 0.8146999999999998
0.96 0.7867000000000012
0.96 0.8437499999999999
0.96 0.8631999999999996
0.96 0.8545500000000003
0.96 0.8070500000000019
0.96 0.6545000000000016
0.96 0.6493000000000017
0.96 0.8162999999999997
0.96 0.819499999999999
0.96 0.7607500000000005
0.96 0.7455500000000006
0.96 0.6481000000000013
0.96 0.6754500000000025
0.96 0.7057000000000028
0.96 0.7620500000000011
0.96 0.7606000000000016
0.96 0.8064
0.96 0.7483000000000017
0.96 0.8115500000000009
0.96 0.7427000000000014
0.96 0.7321000000000016
0.96 0.7211000000000019
0.96 0.7488500000000009
0.96 0.8179499999999996
0.96 0.7193500000000022
0.96 0.7130000000000024
0.96 0.6639500000000019
0.96 0.6965000000000032
0.96 0.7265500000000015
0.96 0.7864500000000006
0.96 0.8346999999999994
0.96 0.8029500000000003
0.96 0.8528000000000001
0.96 0.8475500000000001
0.96 0.8387500000000001
0.96 0.8745000000000002
0.96 0.8779999999999994
0.96 0.8464499999999987
0.96 0.8615999999999988
0.96 0.8749999999999987
0.96 0.8579000000000001
0.96 0.8513499999999996
0.96 0.8618999999999999
0.96 0.8601999999999991
0.96 0.837599999999999
0.96 0.8432499999999993
0.96 0.8448999999999987
0.96 0.8464499999999989
0.96 0.8642000000000009
0.96 0.8896999999999998
0.96 0.8951
0.96 0.8788999999999987
0.96 0.8373000000000002
0.96 0.8832499999999986
0.96 0.8521499999999999
0.96 0.8391499999999996
0.96 0.8443499999999986
0.96 0.8493999999999994
0.96 0.8026999999999995
0.96 0.8624499999999997
0.96 0.8685500000000004
0.96 0.8728000000000001
0.96 0.8736499999999999
0.96 0.8881000000000003
0.96 0.8760500000000003
0.96 0.8627500000000003
0.96 0.87285
0.96 0.8533999999999995
0.96 0.8382999999999994
0.96 0.8642499999999995
0.96 0.8467500000000006
0.96 0.8250000000000012
0.96 0.84235
0.96 0.8458000000000006
0.96 0.8339500000000002
0.96 0.8503499999999997
0.96 0.852499999999999
0.96 0.8308500000000002
0.96 0.8270999999999996
0.96 0.8647999999999992
0.96 0.8727000000000001
0.96 0.8664999999999994
0.96 0.8932999999999983
0.96 0.9043999999999981
0.96 0.8930499999999987
0.96 0.8803999999999995
0.96 0.8761499999999988
0.96 0.8693499999999988
0.96 0.8735499999999989
0.96 0.8703999999999994
0.96 0.8847999999999979
0.96 0.8372999999999987
0.96 0.8465499999999986
0.96 0.8884999999999991
0.96 0.886249999999999
0.96 0.8809499999999987
0.96 0.8497999999999988
0.96 0.7862499999999993
0.96 0.8322999999999995
0.96 0.8086000000000011
0.96 0.8056499999999994
0.96 0.8751999999999991
0.96 0.8618499999999986
0.96 0.8711999999999985
0.96 0.8668499999999991
0.96 0.8656499999999996
0.96 0.845849999999999
0.96 0.8782999999999987
0.96 0.8763999999999987
0.96 0.8841499999999987
0.96 0.8600999999999991
0.96 0.846349999999999
0.96 0.8284000000000005
0.96 0.8729499999999988
0.96 0.8659999999999992
0.96 0.8806499999999999
0.96 0.8213000000000015
0.96 0.8247500000000013
0.96 0.8253500000000019
0.65 0.5153499999999988
0.65 0.49824999999999847
0.65 0.5201499999999989
0.65 0.56845
0.65 0.5827500000000002
0.65 0.58595
0.65 0.5779500000000002
0.65 0.5878000000000004
0.65 0.6001000000000007
0.65 0.619100000000001
0.65 0.6046500000000002
0.65 0.6214500000000013
0.66 0.6216500000000016
0.66 0.6307000000000016
0.66 0.6306000000000012
0.94 0.6203000000000006
0.93 0.6101500000000006
0.65 0.621800000000001
0.93 0.6346000000000014
0.65 0.6261000000000014
0.65 0.6427500000000016
0.65 0.6365000000000017
0.65 0.6315500000000014
0.65 0.6318000000000015
0.65 0.6299500000000016
0.65 0.6145500000000013
0.65 0.6171000000000011
0.65 0.6171500000000012
0.65 0.6285000000000014
0.93 0.6284500000000014
0.75 0.6008500000000002
0.93 0.6090500000000002
0.71 0.6212500000000012
0.94 0.6261000000000012
0.85 0.629250000000001
0.69 0.4081999999999993
0.69 0.44764999999999816
0.69 0.46164999999999773
0.69 0.4883499999999972
0.75 0.5928500000000002
0.65 0.5977500000000004
0.65 0.5818999999999996
0.65 0.6029500000000003
0.65 0.6117500000000008
0.65 0.620500000000001
0.65 0.46274999999999766
0.65 0.5026999999999979
0.7 0.5333499999999987
0.87 0.5372499999999983
0.87 0.5875999999999995
0.88 0.5839999999999995
0.96 0.6264000000000012
0.96 0.6574500000000016
0.88 0.6426500000000012
0.89 0.6518500000000018
0.72 0.5898499999999993
0.96 0.658500000000001
0.96 0.6639500000000015
0.75 0.5851999999999989
0.65 0.6104000000000002
0.8 0.6108000000000005
0.65 0.6286500000000013
0.8 0.6309500000000016
0.88 0.6546000000000021
0.65 0.6328500000000016
0.88 0.6467500000000018
0.91 0.6527000000000021
0.88 0.6409500000000017
0.65 0.6199500000000014
0.78 0.6253500000000013
0.88 0.6264000000000012
0.65 0.6204500000000013
0.96 0.5925
0.96 0.6116000000000009
0.74 0.6197500000000012
0.7 0.6235000000000016
0.65 0.6202500000000014
0.82 0.6159500000000011
0.96 0.620950000000001
0.96 0.6143500000000004
0.96 0.6574500000000021
0.96 0.6767500000000023
0.96 0.6604000000000014
0.96 0.7202000000000011
0.96 0.6603500000000018
0.86 0.6093500000000006
0.86 0.6321000000000013
0.65 0.6167500000000012
0.65 0.6275500000000016
0.65 0.6266000000000013
0.65 0.5830999999999998
0.65 0.6303500000000014
0.65 0.6166000000000011
0.65 0.6246500000000018
0.65 0.637000000000002
0.65 0.6358500000000019
0.65 0.638300000000002
0.65 0.6287000000000017
0.65 0.6252000000000014
0.65 0.6312000000000016
0.65 0.6361500000000018
0.65 0.6330500000000019
0.65 0.636850000000002
0.65 0.6273500000000017
0.65 0.6310500000000017
0.65 0.6351500000000018
0.65 0.6379500000000017
0.65 0.6309000000000017
0.65 0.6271500000000017
0.65 0.6337000000000016
0.65 0.6357000000000018
0.65 0.6344000000000021
0.65 0.6289000000000019
0.65 0.6259000000000017
0.65 0.6398500000000018
0.65 0.640200000000002
0.65 0.6448000000000023
0.65 0.641200000000002
0.65 0.6307500000000017
0.65 0.6299500000000017
0.65 0.6376000000000018
0.65 0.6419000000000019
0.65 0.6331000000000018
0.65 0.6307500000000016
0.65 0.6340500000000017
0.65 0.6369500000000018
0.65 0.6360000000000018
0.65 0.6422500000000021
0.65 0.6422000000000021
0.65 0.6217500000000015
0.65 0.6378500000000018
0.65 0.6357500000000018
0.65 0.6317500000000016
0.65 0.6383500000000019
0.65 0.6381500000000017
0.65 0.6379500000000019
0.65 0.6219000000000015
0.65 0.6230000000000016
0.65 0.635300000000002
0.65 0.637050000000002
0.65 0.6312000000000018
0.65 0.6310000000000021
0.65 0.6311000000000019
0.65 0.635250000000002
0.65 0.634650000000002
0.65 0.6340500000000019
