0.18000000000000005 0.5670400000000059
0.18000000000000005 0.542860000000006
0.18000000000000005 0.4967200000000047
0.18000000000000005 0.4746800000000023
0.12 0.44676000000000243
0.06000000000000005 0.4250600000000026
0.06000000000000005 0.39334000000000263
0.020000000000000018 0.37640000000000157
0.06000000000000005 0.3487400000000014
0.06000000000000005 0.33158000000000054
0.06000000000000005 0.3172800000000005
0.06000000000000005 0.28930000000000017
0.06000000000000005 0.28400000000000003
0.06000000000000005 0.2741400000000001
0.06000000000000005 0.26110000000000005
0.06000000000000005 0.25662000000000024
0.06000000000000005 0.25328000000000017
0.06000000000000005 0.2478000000000006
0.040000000000000036 0.2471000000000005
0.040000000000000036 0.2301600000000002
0.040000000000000036 0.22196000000000018
0.040000000000000036 0.21140000000000037
0.040000000000000036 0.21028000000000016
0.040000000000000036 0.19952000000000022
0.040000000000000036 0.20293999999999973
0.040000000000000036 0.19869999999999996
0.040000000000000036 0.1942
0.040000000000000036 0.18352000000000007
0.040000000000000036 0.18174000000000015
0.040000000000000036 0.1826399999999998
0.040000000000000036 0.17358000000000004
0.040000000000000036 0.15774000000000038
0.040000000000000036 0.1662000000000004
0.040000000000000036 0.16506000000000035
0.040000000000000036 0.16132000000000016
0.040000000000000036 0.1548000000000002
0.040000000000000036 0.16272000000000036
0.040000000000000036 0.1705600000000001
0.040000000000000036 0.15413999999999992
0.040000000000000036 0.15405999999999997
0.040000000000000036 0.14878000000000005
0.040000000000000036 0.15950000000000017
0.040000000000000036 0.16809999999999997
0.040000000000000036 0.17296
0.040000000000000036 0.17458
0.040000000000000036 0.1581600000000001
0.040000000000000036 0.15940000000000032
0.040000000000000036 0.1514600000000001
0.040000000000000036 0.1524800000000002
0.040000000000000036 0.1479800000000001
0.040000000000000036 0.14312000000000005
0.040000000000000036 0.1519799999999999
0.040000000000000036 0.1509599999999999
0.040000000000000036 0.13992000000000004
0.040000000000000036 0.15313999999999994
0.040000000000000036 0.14840000000000003
0.040000000000000036 0.14045999999999975
0.040000000000000036 0.14287999999999992
0.040000000000000036 0.14051999999999984
0.040000000000000036 0.14001999999999984
0.040000000000000036 0.1263199999999999
0.040000000000000036 0.12851999999999975
0.040000000000000036 0.13329999999999978
0.040000000000000036 0.13641999999999974
0.040000000000000036 0.13771999999999993
0.040000000000000036 0.13865999999999992
0.040000000000000036 0.14859999999999993
0.040000000000000036 0.15316000000000002
0.040000000000000036 0.14558000000000024
0.040000000000000036 0.1557400000000002
0.040000000000000036 0.14675999999999995
0.040000000000000036 0.1407400000000002
0.040000000000000036 0.14214000000000002
0.040000000000000036 0.14008
0.040000000000000036 0.13853999999999989
0.040000000000000036 0.14097999999999974
0.040000000000000036 0.1388
0.040000000000000036 0.13960000000000003
0.040000000000000036 0.14338000000000015
0.040000000000000036 0.13306
0.040000000000000036 0.1310199999999999
0.040000000000000036 0.13471999999999995
0.040000000000000036 0.12547999999999984
0.040000000000000036 0.13315999999999983
0.040000000000000036 0.1346399999999999
0.040000000000000036 0.13359999999999994
0.040000000000000036 0.12981999999999988
0.040000000000000036 0.13797999999999985
0.040000000000000036 0.13160000000000005
0.040000000000000036 0.13620000000000002
0.040000000000000036 0.13503999999999994
0.040000000000000036 0.1354799999999998
0.040000000000000036 0.13163999999999978
0.040000000000000036 0.14171999999999993
0.040000000000000036 0.13907999999999993
0.040000000000000036 0.1432399999999999
0.040000000000000036 0.14456000000000005
0.040000000000000036 0.13221999999999987
0.040000000000000036 0.13101999999999983
0.040000000000000036 0.13517999999999994
