0.89 0.4036899999999971
0.9 0.4403399999999987
0.95 0.4764399999999994
0.95 0.5090099999999982
0.97 0.5491400000000053
0.98 0.5830600000000015
0.98 0.609010000000003
0.98 0.6292800000000017
0.98 0.6517800000000025
0.98 0.666460000000002
0.98 0.6826100000000024
0.99 0.6991400000000021
0.99 0.6945800000000034
0.99 0.7049900000000016
0.99 0.7172799999999984
0.99 0.719179999999998
0.99 0.7333099999999961
0.99 0.7350999999999948
0.99 0.7420899999999936
0.99 0.7356499999999951
0.99 0.7392099999999932
0.99 0.733059999999994
0.99 0.7471799999999942
0.99 0.7503499999999936
0.99 0.7581699999999907
0.99 0.7737099999999897
0.99 0.7786799999999913
0.99 0.786809999999993
0.99 0.7781699999999936
0.99 0.7804999999999935
0.99 0.7823999999999928
0.99 0.787309999999996
0.99 0.7936899999999937
0.99 0.7907399999999937
0.99 0.806519999999994
0.99 0.8112999999999935
0.99 0.8079899999999938
0.99 0.8135699999999934
0.99 0.8038899999999929
0.99 0.8063199999999918
0.99 0.7922999999999957
0.99 0.7940099999999956
0.99 0.8140699999999929
0.99 0.805159999999993
0.99 0.7975199999999941
0.99 0.8004799999999946
0.99 0.808429999999993
0.99 0.8258699999999938
0.99 0.8137399999999927
0.99 0.8111599999999927
0.99 0.805939999999993
0.99 0.8183699999999933
0.99 0.811679999999994
0.99 0.8247899999999946
0.99 0.8283599999999954
0.99 0.827559999999995
0.99 0.8380799999999953
0.99 0.8418499999999977
0.99 0.8436399999999982
0.99 0.8463399999999989
0.99 0.8464999999999969
0.99 0.832119999999996
0.99 0.8272099999999972
0.99 0.8318899999999976
0.99 0.8318099999999979
0.99 0.8373599999999978
0.99 0.8456399999999975
0.99 0.8385899999999977
0.99 0.8394799999999952
0.99 0.8477899999999966
0.99 0.8517499999999977
0.99 0.8584799999999949
0.99 0.8485699999999977
0.99 0.8547599999999961
0.99 0.8734699999999963
0.99 0.8697199999999948
0.99 0.8674199999999979
0.99 0.862359999999996
0.99 0.8604999999999945
0.99 0.8593899999999961
0.99 0.8613199999999965
0.99 0.8685899999999982
0.99 0.8716200000000017
0.99 0.8630699999999994
0.99 0.8629000000000023
0.99 0.8683100000000015
0.99 0.8728300000000021
0.99 0.8810900000000041
0.99 0.8766900000000027
0.99 0.876540000000006
0.99 0.8823700000000047
0.99 0.8803400000000039
0.99 0.8893100000000034
0.99 0.8875500000000031
0.99 0.8958600000000057
0.99 0.8831100000000055
0.99 0.8780400000000044
0.99 0.8851500000000064
0.99 0.8878600000000034
0.99 0.8885700000000041
