0.89 0.4135299999999948
0.96 0.4501099999999956
0.97 0.49583999999999656
0.97 0.5202499999999955
0.97 0.5493700000000028
0.97 0.5727800000000026
0.97 0.6050000000000014
0.97 0.6224999999999987
0.98 0.6497000000000026
0.98 0.6779300000000051
0.98 0.6934000000000055
0.99 0.7050000000000072
0.99 0.7298000000000101
0.99 0.7428700000000094
0.99 0.7448800000000075
0.99 0.7437300000000087
0.99 0.7545100000000055
0.99 0.7541500000000061
0.99 0.765970000000005
0.99 0.7700900000000054
0.99 0.7784800000000048
0.99 0.7910200000000038
0.99 0.8003400000000013
0.99 0.8029700000000011
0.99 0.8054100000000018
0.99 0.8069200000000015
0.99 0.811540000000001
0.99 0.8084100000000011
0.99 0.8190000000000016
0.99 0.8183200000000027
0.99 0.8238800000000022
0.99 0.8302900000000037
0.99 0.8377900000000026
0.99 0.8335100000000025
0.99 0.8372800000000017
0.99 0.8409000000000028
0.99 0.840620000000004
0.99 0.8267300000000024
0.99 0.8332300000000029
0.99 0.8435900000000026
0.99 0.8425900000000017
0.99 0.8560400000000011
0.99 0.8428500000000008
0.99 0.8519599999999995
0.99 0.8429400000000011
0.99 0.8424800000000026
0.99 0.8374800000000007
0.99 0.8427699999999988
0.99 0.8566599999999976
0.99 0.8595599999999964
0.99 0.8649999999999941
0.99 0.853609999999995
0.99 0.8515999999999969
0.99 0.8504899999999976
0.99 0.8502599999999966
0.99 0.8542099999999966
0.99 0.8572699999999981
0.99 0.8586699999999977
0.99 0.863399999999996
0.99 0.8633799999999966
0.99 0.8599299999999961
0.99 0.8664399999999988
0.99 0.8618399999999997
0.99 0.8686799999999985
0.99 0.8712199999999971
0.99 0.8714399999999982
0.99 0.8685999999999973
0.99 0.8697399999999958
0.99 0.8710299999999963
0.99 0.8596099999999961
0.99 0.8656599999999984
0.99 0.8656599999999981
0.99 0.8705999999999985
0.99 0.8755199999999992
0.99 0.8829899999999998
0.99 0.8722000000000005
0.99 0.8699700000000001
0.99 0.8643299999999978
0.99 0.864909999999998
0.99 0.8684600000000002
0.99 0.8722899999999998
0.99 0.8724599999999982
0.99 0.8743799999999982
0.99 0.8574199999999955
0.99 0.8607599999999972
0.99 0.8614899999999964
0.99 0.863849999999998
0.99 0.8650000000000001
0.99 0.86871
0.99 0.863119999999999
0.99 0.8549399999999967
0.99 0.8491499999999963
0.99 0.854099999999997
0.99 0.8689799999999966
0.99 0.8725299999999946
0.99 0.881359999999998
0.99 0.872529999999997
0.99 0.8658299999999933
0.99 0.8631099999999965
0.99 0.869409999999995
