0.30000000000000004 0.6032000000000016
0.30000000000000004 0.5634000000000011
0.31999999999999995 0.5459000000000009
0.09999999999999998 0.5171000000000011
0.30000000000000004 0.5626000000000011
0.30000000000000004 0.5792000000000016
0.31999999999999995 0.565700000000001
0.30000000000000004 0.565900000000001
0.43999999999999995 0.6133000000000011
0.31999999999999995 0.5735000000000011
0.30000000000000004 0.6068000000000019
0.26 0.5270000000000009
0.33999999999999997 0.6618000000000014
0.18000000000000005 0.5838000000000015
0.07999999999999996 0.5650000000000011
0.28 0.5467000000000012
0.18000000000000005 0.49030000000000096
0.21999999999999997 0.555300000000001
0.16000000000000003 0.5036000000000006
0.18000000000000005 0.4642000000000006
0.12 0.44330000000000047
0.12 0.4015000000000007
0.12 0.38040000000000057
0.09999999999999998 0.33840000000000053
0.06000000000000005 0.3173000000000004
0.06000000000000005 0.2966000000000001
0.07999999999999996 0.2969000000000003
0.020000000000000018 0.2586000000000002
0.07999999999999996 0.2974000000000004
0.12 0.33510000000000045
0.07999999999999996 0.3118000000000005
0.07999999999999996 0.28740000000000043
0.16000000000000003 0.2821000000000004
0.06000000000000005 0.3409
0.07999999999999996 0.3040000000000004
0.07999999999999996 0.34320000000000034
0.09999999999999998 0.43580000000000024
0.06000000000000005 0.3280000000000001
0.06000000000000005 0.32360000000000033
0.040000000000000036 0.3384000000000001
0.06000000000000005 0.3688000000000002
0.09999999999999998 0.31520000000000026
0.040000000000000036 0.22610000000000013
0.040000000000000036 0.2846
0.020000000000000018 0.28040000000000004
0.020000000000000018 0.3844000000000004
0.12 0.3674000000000001
0.12 0.3965000000000001
0.12 0.4105000000000006
0.26 0.4376000000000003
0.12 0.4184000000000001
0.12 0.4188
0.06000000000000005 0.42780000000000057
0.14 0.43690000000000057
0.19999999999999996 0.4438000000000005
0.18000000000000005 0.48220000000000085
0.18000000000000005 0.4454
0.020000000000000018 0.43060000000000037
0.28 0.38720000000000027
0.09999999999999998 0.4136000000000006
0.09999999999999998 0.37810000000000055
0.09999999999999998 0.3887000000000002
0.09999999999999998 0.34470000000000023
0.09999999999999998 0.36710000000000015
0.09999999999999998 0.3780000000000003
0.09999999999999998 0.42500000000000054
0.09999999999999998 0.4380000000000008
0.14 0.42400000000000004
0.21999999999999997 0.4550000000000003
0.09999999999999998 0.46900000000000075
0.07999999999999996 0.45510000000000084
0.21999999999999997 0.42850000000000016
0.21999999999999997 0.4068000000000005
0.12 0.5135000000000013
0.12 0.4884000000000007
0.14 0.4947000000000005
0.14 0.4828000000000008
0.12 0.5077000000000007
0.12 0.4065000000000001
0.12 0.3757
0.12 0.34900000000000003
0.12 0.34460000000000024
0.06000000000000005 0.35059999999999997
0.21999999999999997 0.40000000000000036
0.19999999999999996 0.3402000000000004
0.19999999999999996 0.37520000000000026
0.19999999999999996 0.3115000000000003
0.16000000000000003 0.36590000000000034
0.14 0.37550000000000056
0.12 0.30530000000000035
0.14 0.3442000000000003
0.14 0.38110000000000027
0.09999999999999998 0.3548000000000004
0.19999999999999996 0.4257000000000005
0.09999999999999998 0.3610000000000003
0.12 0.34850000000000014
0.12 0.37650000000000033
0.12 0.35319999999999996
0.09999999999999998 0.3263000000000003
0.19999999999999996 0.39740000000000025
0.07999999999999996 0.3066000000000002
0.14 0.32250000000000006
0.06000000000000005 0.37300000000000016
0.06000000000000005 0.3402999999999999
0.040000000000000036 0.30379999999999996
0.040000000000000036 0.2824000000000001
0.16000000000000003 0.2581000000000001
0.06000000000000005 0.3237000000000002
0.040000000000000036 0.2640000000000002
0.040000000000000036 0.22639999999999996
0.040000000000000036 0.21820000000000006
0.09999999999999998 0.2319999999999996
0.09999999999999998 0.1813999999999999
0.040000000000000036 0.19070000000000006
0.07999999999999996 0.22900000000000012
0.09999999999999998 0.21929999999999994
0.040000000000000036 0.22880000000000003
0.09999999999999998 0.207
0.040000000000000036 0.21569999999999973
0.040000000000000036 0.19539999999999982
0.040000000000000036 0.16999999999999996
0.040000000000000036 0.15799999999999984
0.040000000000000036 0.15549999999999997
0.040000000000000036 0.1491
0.09999999999999998 0.19299999999999998
0.06000000000000005 0.13529999999999986
0.040000000000000036 0.1318999999999999
0.040000000000000036 0.1216999999999999
0.040000000000000036 0.1256
0.040000000000000036 0.1332
0.040000000000000036 0.13899999999999996
0.040000000000000036 0.22799999999999965
0.040000000000000036 0.18169999999999958
0.07999999999999996 0.2288999999999997
0.040000000000000036 0.18169999999999992
0.040000000000000036 0.17149999999999999
0.040000000000000036 0.1522
0.040000000000000036 0.14010000000000006
0.040000000000000036 0.13940000000000005
0.040000000000000036 0.12729999999999994
0.040000000000000036 0.11050000000000004
0.040000000000000036 0.1732
0.040000000000000036 0.23619999999999997
0.040000000000000036 0.1439
0.040000000000000036 0.12400000000000004
0.040000000000000036 0.12409999999999996
0.040000000000000036 0.11270000000000004
0.040000000000000036 0.0932
0.040000000000000036 0.062400000000000004
0.16000000000000003 0.2616999999999994
0.16000000000000003 0.23089999999999955
0.14 0.24489999999999942
0.040000000000000036 0.2156999999999994
0.14 0.27409999999999934
0.14 0.22429999999999953
0.07999999999999996 0.2323999999999997
0.14 0.22399999999999973
0.12 0.21839999999999982
0.09999999999999998 0.18899999999999983
0.040000000000000036 0.19909999999999983
0.06000000000000005 0.17399999999999982
0.040000000000000036 0.22429999999999986
0.18000000000000005 0.3346
0.040000000000000036 0.28580000000000017
0.040000000000000036 0.24560000000000012
0.040000000000000036 0.24600000000000008
0.06000000000000005 0.24080000000000026
0.040000000000000036 0.20569999999999997
0.09999999999999998 0.23229999999999992
0.06000000000000005 0.14389999999999994
0.040000000000000036 0.17569999999999986
0.06000000000000005 0.1484000000000001
0.09999999999999998 0.1277999999999999
0.09999999999999998 0.12480000000000006
0.07999999999999996 0.10999999999999996
0.07999999999999996 0.10510000000000011
0.09999999999999998 0.11000000000000001
0.09999999999999998 0.23030000000000025
0.07999999999999996 0.2142000000000002
0.14 0.4004000000000004
0.06000000000000005 0.2401
0.14 0.4377000000000008
0.06000000000000005 0.2324999999999999
0.06000000000000005 0.18679999999999994
0.07999999999999996 0.23309999999999995
0.06000000000000005 0.17199999999999985
0.06000000000000005 0.1417
0.06000000000000005 0.1978999999999999
0.06000000000000005 0.3205000000000001
0.06000000000000005 0.3625000000000004
0.06000000000000005 0.28429999999999994
0.06000000000000005 0.1920000000000001
0.06000000000000005 0.21210000000000004
0.16000000000000003 0.32000000000000023
0.12 0.1269
0.12 0.14770000000000016
0.12 0.11010000000000005
0.12 0.12570000000000012
0.12 0.14130000000000018
0.06000000000000005 0.1320000000000001
0.06000000000000005 0.2754999999999998
0.040000000000000036 0.1918999999999998
0.06000000000000005 0.14689999999999995
0.14 0.17949999999999988
0.14 0.2588999999999999
0.16000000000000003 0.46950000000000036
0.16000000000000003 0.40460000000000024
0.09999999999999998 0.25910000000000005
0.14 0.2594000000000001
0.14 0.2242000000000001
0.040000000000000036 0.18500000000000016
0.06000000000000005 0.4002000000000007
0.06000000000000005 0.33100000000000035
0.06000000000000005 0.2757000000000001
0.24 0.41930000000000034
0.14 0.28510000000000046
0.09999999999999998 0.39420000000000116
0.07999999999999996 0.49140000000000084
0.42000000000000004 0.5311999999999998
0.42000000000000004 0.5355999999999995
0.43999999999999995 0.5878000000000014
0.42000000000000004 0.6252000000000023
0.42000000000000004 0.6029000000000018
0.42000000000000004 0.5923000000000017
0.43999999999999995 0.5896000000000009
0.31999999999999995 0.5813000000000006
0.31999999999999995 0.5590000000000007
0.5 0.5406000000000003
0.43999999999999995 0.5427000000000006
0.45999999999999996 0.5281999999999998
0.42000000000000004 0.5339000000000013
0.42000000000000004 0.49410000000000054
0.14 0.49150000000000044
0.14 0.46190000000000003
0.06000000000000005 0.4016000000000002
0.06000000000000005 0.32290000000000013
0.07999999999999996 0.38559999999999994
0.07999999999999996 0.28240000000000015
0.020000000000000018 0.4130000000000012
0.040000000000000036 0.24920000000000025
0.07999999999999996 0.33549999999999974
0.09999999999999998 0.3729000000000008
0.09999999999999998 0.3770000000000009
0.040000000000000036 0.27020000000000033
0.040000000000000036 0.3221
0.07999999999999996 0.27989999999999987
0.040000000000000036 0.22009999999999993
0.040000000000000036 0.21579999999999994
0.040000000000000036 0.2383999999999999
0.040000000000000036 0.3252999999999997
0.020000000000000018 0.18219999999999995
0.040000000000000036 0.2817999999999997
0.31999999999999995 0.5479000000000009
0.12 0.4579000000000006
0.09999999999999998 0.2645000000000002
0.18000000000000005 0.5650000000000013
0.040000000000000036 0.24489999999999973
0.040000000000000036 0.2106999999999999
0.020000000000000018 0.1650999999999998
0.040000000000000036 0.2696999999999997
0.4 0.6122000000000015
0.040000000000000036 0.45800000000000035
0.12 0.41200000000000087
0.040000000000000036 0.3548000000000002
0.52 0.6439000000000011
0.6799999999999999 0.6485000000000016
0.09999999999999998 0.561700000000001
0.21999999999999997 0.5282000000000001
0.18000000000000005 0.4747000000000002
0.16000000000000003 0.3742000000000004
0.12 0.3702000000000005
0.09999999999999998 0.42510000000000026
0.14 0.41760000000000064
0.06000000000000005 0.33700000000000047
0.040000000000000036 0.36290000000000044
0.28 0.4826999999999999
0.19999999999999996 0.48699999999999977
0.26 0.46909999999999963
0.14 0.4080999999999999
0.12 0.3661000000000002
0.14 0.35150000000000015
0.14 0.4017999999999999
0.18000000000000005 0.35630000000000017
0.14 0.32690000000000086
0.14 0.3090000000000006
0.18000000000000005 0.39460000000000056
0.18000000000000005 0.33910000000000035
0.18000000000000005 0.3118000000000008
0.14 0.3632000000000004
0.040000000000000036 0.30970000000000036
0.19999999999999996 0.551300000000001
0.16000000000000003 0.4481000000000007
0.19999999999999996 0.47140000000000076
0.14 0.4190000000000007
0.19999999999999996 0.4700000000000004
0.28 0.48760000000000076
0.14 0.4483000000000009
0.21999999999999997 0.48580000000000045
0.040000000000000036 0.39330000000000026
0.33999999999999997 0.44720000000000065
0.21999999999999997 0.3697000000000002
0.16000000000000003 0.3292000000000003
0.21999999999999997 0.3007000000000007
0.21999999999999997 0.27590000000000076
0.18000000000000005 0.28540000000000054
0.14 0.3663999999999997
0.14 0.3792000000000004
0.26 0.38510000000000005
0.21999999999999997 0.3798
0.21999999999999997 0.35520000000000024
0.4 0.36720000000000036
0.4 0.3684000000000004
0.33999999999999997 0.37110000000000054
0.33999999999999997 0.4895000000000009
0.24 0.4173999999999999
0.21999999999999997 0.3864999999999995
0.21999999999999997 0.36239999999999983
0.19999999999999996 0.31150000000000033
0.14 0.27770000000000067
0.14 0.26630000000000037
0.19999999999999996 0.25730000000000003
0.19999999999999996 0.2677000000000002
0.19999999999999996 0.33870000000000033
0.19999999999999996 0.3090000000000002
0.19999999999999996 0.29670000000000046
0.18000000000000005 0.2696000000000003
0.18000000000000005 0.2964000000000004
0.14 0.2521000000000002
0.16000000000000003 0.2971000000000003
0.18000000000000005 0.24620000000000009
0.12 0.22610000000000002
0.12 0.23229999999999998
0.19999999999999996 0.29130000000000006
0.21999999999999997 0.3546
0.14 0.34590000000000004
0.26 0.34070000000000056
0.14 0.31080000000000085
0.26 0.32390000000000063
0.21999999999999997 0.3229000000000002
0.21999999999999997 0.29200000000000065
0.19999999999999996 0.27580000000000005
0.14 0.2642000000000002
0.14 0.23660000000000023
0.21999999999999997 0.2439000000000004
0.21999999999999997 0.2502000000000005
0.19999999999999996 0.27300000000000074
0.19999999999999996 0.2377000000000005
0.14 0.24850000000000033
0.16000000000000003 0.2347000000000004
0.21999999999999997 0.22779999999999984
0.21999999999999997 0.36739999999999967
0.21999999999999997 0.3590999999999994
0.21999999999999997 0.22309999999999988
0.18000000000000005 0.25269999999999976
0.21999999999999997 0.2128999999999998
0.21999999999999997 0.22499999999999967
0.21999999999999997 0.28759999999999925
0.21999999999999997 0.23339999999999986
0.21999999999999997 0.20739999999999978
0.21999999999999997 0.20309999999999978
0.21999999999999997 0.2051999999999997
0.21999999999999997 0.2056999999999996
0.16000000000000003 0.2247999999999997
0.18000000000000005 0.4357000000000009
0.16000000000000003 0.47730000000000056
0.16000000000000003 0.41090000000000065
0.21999999999999997 0.30250000000000016
0.21999999999999997 0.2906000000000001
0.21999999999999997 0.21899999999999978
0.21999999999999997 0.20819999999999972
0.21999999999999997 0.2115999999999999
0.21999999999999997 0.2298999999999999
0.21999999999999997 0.24159999999999981
0.21999999999999997 0.2907
0.21999999999999997 0.26389999999999947
0.21999999999999997 0.5956000000000015
0.21999999999999997 0.27919999999999945
0.18000000000000005 0.26790000000000014
0.18000000000000005 0.28059999999999974
0.18000000000000005 0.30420000000000014
0.18000000000000005 0.5234000000000008
0.18000000000000005 0.49020000000000086
0.18000000000000005 0.24809999999999996
0.18000000000000005 0.2251999999999998
0.18000000000000005 0.23739999999999994
0.18000000000000005 0.23689999999999992
0.18000000000000005 0.30999999999999983
0.18000000000000005 0.23339999999999975
0.18000000000000005 0.22569999999999987
0.18000000000000005 0.20079999999999992
0.18000000000000005 0.18820000000000012
0.18000000000000005 0.18159999999999996
0.16000000000000003 0.21309999999999993
0.18000000000000005 0.22419999999999987
0.16000000000000003 0.3341999999999995
0.16000000000000003 0.24549999999999986
0.18000000000000005 0.25859999999999983
0.16000000000000003 0.4476000000000004
0.18000000000000005 0.41840000000000055
0.14 0.32799999999999985
0.24 0.2004
0.24 0.1833999999999999
0.24 0.1855
0.16000000000000003 0.19330000000000006
0.16000000000000003 0.2268999999999999
0.16000000000000003 0.2091999999999999
0.16000000000000003 0.19360000000000008
0.16000000000000003 0.19669999999999985
0.14 0.16970000000000013
0.16000000000000003 0.3597000000000004
0.16000000000000003 0.20539999999999994
0.16000000000000003 0.4350000000000007
0.16000000000000003 0.359200000000001
0.30000000000000004 0.4184000000000013
0.16000000000000003 0.29810000000000036
0.12 0.21189999999999998
0.12 0.25110000000000027
0.12 0.26160000000000005
0.16000000000000003 0.3827000000000005
0.12 0.23900000000000024
0.12 0.19260000000000005
0.12 0.19139999999999996
0.12 0.17809999999999987
0.14 0.31349999999999983
0.06000000000000005 0.16630000000000003
0.16000000000000003 0.15650000000000006
0.07999999999999996 0.3420999999999995
0.14 0.38380000000000036
0.14 0.3453999999999999
0.14 0.3304000000000001
0.16000000000000003 0.32419999999999954
0.24 0.3202999999999994
0.26 0.3390999999999999
0.26 0.3238999999999996
0.19999999999999996 0.34660000000000024
0.24 0.33609999999999984
0.24 0.3368999999999997
0.24 0.3437999999999996
0.24 0.3425999999999994
0.14 0.33039999999999947
0.24 0.34719999999999956
0.09999999999999998 0.3142999999999994
0.07999999999999996 0.35680000000000023
0.07999999999999996 0.3083000000000001
0.07999999999999996 0.26470000000000016
0.040000000000000036 0.2423000000000002
0.07999999999999996 0.2292000000000003
0.040000000000000036 0.2150000000000002
0.040000000000000036 0.18460000000000015
0.040000000000000036 0.1456999999999999
0.040000000000000036 0.12119999999999997
0.040000000000000036 0.11850000000000005
0.040000000000000036 0.2116000000000003
0.040000000000000036 0.19360000000000016
0.040000000000000036 0.12049999999999997
0.040000000000000036 0.2932
0.040000000000000036 0.14340000000000003
0.040000000000000036 0.21300000000000033
0.040000000000000036 0.22720000000000026
0.040000000000000036 0.1490000000000001
0.040000000000000036 0.17910000000000012
0.040000000000000036 0.14639999999999997
0.040000000000000036 0.0895
0.040000000000000036 0.10339999999999998
0.040000000000000036 0.08689999999999999
0.040000000000000036 0.07490000000000002
0.040000000000000036 0.07010000000000001
0.040000000000000036 0.060200000000000024
0.040000000000000036 0.05400000000000004
0.040000000000000036 0.05010000000000006
0.040000000000000036 0.04620000000000005
0.040000000000000036 0.046200000000000054
0.040000000000000036 0.05070000000000004
0.040000000000000036 0.07140000000000002
0.040000000000000036 0.0646
0.040000000000000036 0.07430000000000005
0.040000000000000036 0.08480000000000003
0.040000000000000036 0.11400000000000005
0.040000000000000036 0.2338000000000003
0.040000000000000036 0.22019999999999984
0.040000000000000036 0.16839999999999997
0.040000000000000036 0.3103000000000002
0.040000000000000036 0.26030000000000025
0.06000000000000005 0.16799999999999998
0.06000000000000005 0.16560000000000008
0.06000000000000005 0.16710000000000005
0.06000000000000005 0.17379999999999998
0.040000000000000036 0.2124000000000006
0.040000000000000036 0.22619999999999998
0.040000000000000036 0.1559999999999998
0.040000000000000036 0.15379999999999994
0.040000000000000036 0.13250000000000006
0.040000000000000036 0.1351000000000001
0.040000000000000036 0.11400000000000002
0.040000000000000036 0.15229999999999996
0.040000000000000036 0.12610000000000007
0.040000000000000036 0.09660000000000002
0.040000000000000036 0.0943
0.040000000000000036 0.07850000000000006
0.040000000000000036 0.08
