0.19999999999999996 0.5975199999999993
0.19999999999999996 0.5557599999999995
0.24 0.5256800000000001
0.06000000000000005 0.4930600000000008
0.06000000000000005 0.46959999999999974
0.06000000000000005 0.45989999999999964
0.06000000000000005 0.43155999999999994
0.06000000000000005 0.4215199999999991
0.06000000000000005 0.40597999999999906
0.06000000000000005 0.40069999999999906
0.06000000000000005 0.3858799999999982
0.06000000000000005 0.3755799999999978
0.06000000000000005 0.361579999999998
0.06000000000000005 0.3579199999999974
0.06000000000000005 0.35545999999999706
0.06000000000000005 0.35211999999999716
0.06000000000000005 0.3452999999999974
0.06000000000000005 0.3365599999999973
0.06000000000000005 0.33025999999999756
0.06000000000000005 0.32111999999999785
0.06000000000000005 0.3073399999999985
0.06000000000000005 0.3079399999999989
0.06000000000000005 0.30071999999999904
0.06000000000000005 0.28577999999999887
0.06000000000000005 0.2783999999999988
0.06000000000000005 0.26375999999999905
0.06000000000000005 0.2613999999999994
0.06000000000000005 0.25055999999999945
0.06000000000000005 0.2549599999999994
0.06000000000000005 0.23479999999999907
0.06000000000000005 0.22659999999999916
0.06000000000000005 0.22143999999999955
0.06000000000000005 0.22313999999999967
0.06000000000000005 0.2210999999999993
0.06000000000000005 0.22495999999999947
0.06000000000000005 0.21319999999999964
0.06000000000000005 0.19945999999999947
0.06000000000000005 0.18623999999999946
0.06000000000000005 0.18767999999999957
0.06000000000000005 0.18817999999999943
0.06000000000000005 0.18211999999999942
0.06000000000000005 0.17723999999999954
0.06000000000000005 0.17531999999999945
0.06000000000000005 0.17087999999999956
0.06000000000000005 0.16611999999999943
0.06000000000000005 0.16779999999999917
0.06000000000000005 0.1700999999999995
0.06000000000000005 0.1757399999999995
0.06000000000000005 0.17489999999999928
0.06000000000000005 0.16219999999999946
0.06000000000000005 0.1608999999999994
0.06000000000000005 0.1588799999999993
0.06000000000000005 0.16275999999999932
0.06000000000000005 0.17123999999999953
0.06000000000000005 0.17063999999999932
0.06000000000000005 0.16195999999999944
0.06000000000000005 0.15321999999999916
0.06000000000000005 0.1535799999999993
0.06000000000000005 0.1524199999999994
0.06000000000000005 0.14469999999999938
0.06000000000000005 0.1501999999999994
0.06000000000000005 0.14701999999999937
0.06000000000000005 0.14417999999999925
0.06000000000000005 0.15037999999999935
0.06000000000000005 0.16133999999999948
0.06000000000000005 0.16009999999999946
0.06000000000000005 0.15125999999999962
0.06000000000000005 0.1445599999999995
0.06000000000000005 0.14229999999999932
0.06000000000000005 0.14597999999999947
0.06000000000000005 0.14311999999999933
0.06000000000000005 0.14589999999999934
0.06000000000000005 0.14451999999999934
0.06000000000000005 0.1490599999999993
0.06000000000000005 0.15181999999999948
0.06000000000000005 0.14337999999999942
0.06000000000000005 0.15067999999999945
0.06000000000000005 0.14521999999999932
0.06000000000000005 0.13505999999999935
0.06000000000000005 0.14093999999999934
0.06000000000000005 0.1443199999999994
0.06000000000000005 0.15243999999999933
0.06000000000000005 0.15381999999999924
0.06000000000000005 0.15227999999999958
0.06000000000000005 0.15193999999999955
0.06000000000000005 0.14863999999999963
0.06000000000000005 0.1455799999999995
0.06000000000000005 0.1448599999999995
0.06000000000000005 0.15517999999999943
0.06000000000000005 0.15149999999999966
0.06000000000000005 0.14017999999999947
0.06000000000000005 0.13507999999999942
0.06000000000000005 0.12995999999999944
0.06000000000000005 0.13127999999999956
0.06000000000000005 0.1281799999999994
0.06000000000000005 0.13465999999999959
0.06000000000000005 0.13791999999999943
0.06000000000000005 0.13023999999999947
0.06000000000000005 0.1419599999999996
0.06000000000000005 0.1506599999999996
