0.88 0.4242799999999938
0.88 0.452079999999996
0.88 0.4806699999999986
0.88 0.5074999999999986
0.92 0.5367900000000019
0.97 0.5539600000000026
0.97 0.5695800000000014
0.97 0.5892200000000017
0.97 0.6078100000000035
0.97 0.6235500000000038
0.97 0.6478700000000047
0.97 0.6485200000000063
0.97 0.6593200000000067
0.98 0.6637700000000055
0.98 0.6809600000000049
0.98 0.668940000000007
0.99 0.6821700000000045
0.99 0.6858000000000033
0.99 0.6894800000000028
0.99 0.7032999999999987
0.99 0.7022799999999982
0.99 0.7219299999999954
0.99 0.7364799999999936
0.99 0.7229499999999961
0.99 0.7269999999999948
0.99 0.7362599999999943
0.99 0.7538099999999904
0.99 0.7526199999999904
0.99 0.7561999999999887
0.99 0.7729299999999897
0.99 0.7718399999999906
0.99 0.7752699999999912
0.99 0.7792099999999922
0.99 0.7886499999999954
0.99 0.7912499999999951
0.99 0.7967499999999966
0.99 0.8067299999999934
0.99 0.822759999999995
0.99 0.8348999999999954
0.99 0.8471399999999972
0.99 0.8477199999999984
0.99 0.8555000000000001
1.0 0.8493699999999977
1.0 0.8568999999999974
1.0 0.8591699999999951
1.0 0.8483899999999948
1.0 0.8408199999999963
1.0 0.8455799999999962
1.0 0.8496699999999969
1.0 0.8392599999999975
1.0 0.8554299999999991
1.0 0.8539299999999993
1.0 0.8592899999999987
1.0 0.8514199999999977
1.0 0.860309999999998
1.0 0.8716199999999974
1.0 0.8704799999999991
1.0 0.8872100000000023
1.0 0.8801399999999987
1.0 0.8844300000000023
1.0 0.8870400000000047
1.0 0.8772300000000042
1.0 0.877250000000007
1.0 0.8839900000000065
1.0 0.8855500000000042
1.0 0.8885100000000066
1.0 0.8758500000000045
1.0 0.8716500000000045
1.0 0.8819600000000039
1.0 0.867680000000001
1.0 0.8685300000000014
1.0 0.8747500000000055
1.0 0.8819900000000034
1.0 0.877800000000002
1.0 0.878610000000001
1.0 0.8653199999999984
1.0 0.8652599999999984
1.0 0.8765500000000022
1.0 0.8797400000000011
1.0 0.874030000000002
1.0 0.8677899999999993
1.0 0.8578999999999972
1.0 0.8641999999999992
1.0 0.8625499999999977
1.0 0.8631300000000002
1.0 0.8598699999999988
1.0 0.8543999999999984
1.0 0.8643999999999988
1.0 0.8686099999999978
1.0 0.8722999999999992
1.0 0.8782900000000022
1.0 0.8798600000000054
1.0 0.8776200000000031
1.0 0.8723100000000034
1.0 0.8832600000000063
1.0 0.8812300000000066
1.0 0.8858100000000074
1.0 0.8824600000000067
1.0 0.8821500000000069
1.0 0.8691000000000038
