0.69 0.39784999999999854
0.69 0.39244999999999847
0.69 0.43640000000000023
0.69 0.42689999999999984
0.69 0.40179999999999827
0.69 0.4223999999999994
0.69 0.4265999999999994
0.69 0.4102499999999994
0.68 0.4060499999999997
0.69 0.4285500000000002
0.69 0.4181499999999996
0.71 0.38134999999999936
0.7 0.3959999999999995
0.7 0.4103999999999994
0.7 0.42304999999999987
0.69 0.44220000000000054
0.71 0.45735000000000114
0.74 0.48385000000000183
0.78 0.4629500000000008
0.69 0.46830000000000077
0.96 0.4765000000000012
0.96 0.48815000000000164
0.97 0.5356000000000015
0.97 0.5171500000000014
0.69 0.461400000000001
0.69 0.43394999999999984
0.97 0.4613000000000013
0.86 0.4572000000000007
0.69 0.44165000000000043
0.86 0.49055000000000126
0.95 0.5109000000000015
0.86 0.5141000000000012
0.69 0.5276500000000008
0.96 0.5727000000000012
0.71 0.5612
0.76 0.5329500000000009
0.76 0.5960500000000006
0.81 0.6209500000000002
0.81 0.6162500000000005
0.82 0.6611499999999993
0.9 0.6777499999999993
0.94 0.6769499999999995
0.89 0.6758999999999987
0.89 0.664049999999999
0.9 0.6681999999999989
0.93 0.6823499999999992
0.93 0.6825999999999991
0.97 0.6929499999999994
0.97 0.7057499999999993
0.95 0.7058499999999982
0.95 0.730899999999999
0.94 0.7111499999999994
0.94 0.7309499999999994
0.86 0.5990999999999981
0.94 0.6548999999999983
0.69 0.6160499999999982
0.69 0.6325499999999983
0.69 0.6637499999999986
0.69 0.47124999999999645
0.69 0.44399999999999756
0.92 0.582199999999999
0.92 0.5037999999999971
0.69 0.45609999999999745
0.69 0.4454999999999972
0.69 0.4268499999999976
0.69 0.5045999999999978
0.69 0.4250999999999976
0.69 0.451649999999997
0.74 0.5042499999999996
0.87 0.5422000000000001
0.79 0.5647500000000001
0.86 0.5920500000000007
0.94 0.6365999999999997
0.9 0.6243999999999992
0.91 0.6462499999999989
0.88 0.630349999999998
0.94 0.6533499999999993
0.94 0.5304500000000014
0.94 0.6344499999999997
0.94 0.6638499999999986
0.94 0.6662999999999988
0.94 0.6978499999999985
0.94 0.6911499999999987
0.93 0.6237499999999996
0.94 0.566650000000001
0.71 0.6045500000000003
0.86 0.6218500000000001
0.81 0.5938000000000008
0.86 0.636899999999999
0.89 0.6164999999999996
0.95 0.6312499999999993
0.95 0.6240499999999998
0.94 0.6241499999999994
0.72 0.5902499999999998
0.88 0.6391999999999998
0.9 0.6385999999999996
0.9 0.6526499999999992
0.95 0.6423999999999995
0.95 0.6381999999999998
0.95 0.6566499999999996
0.95 0.6460000000000004
0.95 0.6695000000000003
0.95 0.6958999999999999
0.95 0.6501500000000004
0.95 0.6091000000000005
0.95 0.6107000000000007
0.95 0.6395500000000006
0.95 0.6335499999999988
0.95 0.661449999999999
0.95 0.6651999999999988
0.97 0.6340499999999989
0.97 0.663999999999999
0.97 0.6822999999999992
0.95 0.6747499999999995
0.95 0.683949999999999
0.95 0.6790499999999995
0.94 0.6516499999999987
0.95 0.6711999999999994
0.95 0.6890999999999992
0.95 0.7427499999999995
0.95 0.7428999999999993
0.95 0.7571999999999989
0.95 0.6966499999999998
0.95 0.674699999999999
0.95 0.6860499999999995
0.95 0.6916500000000002
0.95 0.6713000000000002
0.95 0.7106500000000006
0.95 0.7369000000000007
0.95 0.7561499999999995
0.95 0.7734999999999992
0.95 0.7802499999999993
0.95 0.7739499999999992
0.97 0.7782499999999996
0.97 0.7601499999999989
0.97 0.7972999999999993
0.97 0.811599999999999
0.97 0.79975
0.97 0.7943999999999996
0.97 0.8472500000000004
0.97 0.843199999999999
0.98 0.8414999999999995
0.98 0.8334000000000004
0.98 0.8398000000000004
0.98 0.84435
0.98 0.8598000000000008
0.98 0.8481500000000005
0.97 0.8522000000000003
0.98 0.8391000000000004
0.98 0.8580000000000005
0.98 0.8391000000000006
0.98 0.8329500000000004
0.98 0.8217000000000009
0.98 0.841000000000002
0.98 0.8358500000000011
0.98 0.8553500000000009
0.98 0.8508500000000007
0.98 0.8698000000000008
0.98 0.8552000000000016
0.98 0.8694000000000021
0.98 0.8700500000000013
0.98 0.8564500000000008
0.98 0.8497500000000012
0.98 0.8839500000000012
0.98 0.8947000000000007
0.98 0.8830500000000004
0.98 0.8904000000000002
0.98 0.8925000000000007
0.98 0.8727500000000002
0.98 0.8720999999999995
0.98 0.8829999999999996
0.98 0.8584999999999995
0.98 0.8697500000000001
0.98 0.8730500000000001
0.98 0.8616500000000005
0.98 0.8159000000000002
0.98 0.8360500000000002
0.98 0.8551999999999998
0.98 0.8398000000000002
0.98 0.8485500000000001
0.98 0.86285
0.98 0.7193499999999996
0.98 0.7423499999999993
0.98 0.8218499999999994
0.98 0.8373500000000003
0.98 0.8450999999999995
0.98 0.8526000000000005
0.98 0.8654
0.98 0.8595999999999994
0.98 0.8456999999999991
0.98 0.8565999999999999
0.98 0.8703000000000003
0.98 0.8624499999999994
0.98 0.818049999999999
0.98 0.8163999999999999
0.98 0.830649999999999
0.98 0.8368999999999989
0.98 0.8587499999999995
0.98 0.8503499999999994
0.98 0.8446499999999995
0.98 0.833949999999999
0.98 0.8380999999999993
0.98 0.8379999999999996
0.98 0.8422999999999992
0.98 0.847099999999999
0.98 0.87115
0.98 0.8663500000000001
0.98 0.8674000000000001
0.98 0.8514999999999993
0.98 0.571099999999999
0.64 0.5261999999999991
0.61 0.539349999999999
0.98 0.7358999999999996
0.98 0.7321999999999994
0.98 0.8077500000000003
0.98 0.8387999999999997
0.98 0.8324499999999995
0.98 0.8521999999999995
0.98 0.8473999999999989
0.98 0.8591999999999991
0.98 0.8740499999999994
0.98 0.8512499999999997
0.98 0.8536999999999998
0.98 0.8752999999999987
0.98 0.8978999999999988
0.98 0.8940499999999986
0.98 0.8782499999999998
0.98 0.8282499999999995
0.98 0.8749999999999994
0.98 0.8575499999999983
0.98 0.8592999999999996
0.98 0.8618999999999994
0.98 0.8711
0.98 0.8538499999999991
0.98 0.8636499999999994
0.98 0.8658999999999996
0.98 0.8811000000000003
0.98 0.8926999999999998
0.98 0.8917499999999989
0.98 0.9048499999999984
0.98 0.8765500000000003
0.98 0.8692999999999994
0.98 0.8823499999999994
0.98 0.9045999999999992
0.98 0.8718499999999998
0.98 0.8634499999999998
0.98 0.867749999999999
0.98 0.8725999999999992
0.98 0.8465999999999992
0.98 0.861549999999999
0.98 0.8726999999999988
0.98 0.8541499999999996
0.98 0.8497499999999998
0.98 0.8482999999999994
0.98 0.8563500000000002
0.98 0.8444499999999994
0.98 0.7538499999999998
0.98 0.6995999999999988
0.98 0.690449999999999
0.98 0.7320499999999991
0.98 0.7828499999999998
0.98 0.7435999999999994
0.98 0.6905999999999984
0.98 0.7583499999999992
0.98 0.7950499999999993
0.98 0.8142499999999998
0.98 0.8307000000000001
0.98 0.8249
0.98 0.8241000000000007
0.98 0.8327500000000001
0.98 0.8287000000000007
0.98 0.8402000000000005
0.98 0.8452500000000011
0.98 0.8416000000000003
0.98 0.8542500000000017
0.98 0.8574000000000009
0.98 0.8704500000000004
0.98 0.8631000000000002
0.98 0.8645500000000012
0.98 0.8453000000000007
0.98 0.8480999999999997
0.98 0.8556000000000007
0.98 0.8724000000000001
0.98 0.8847000000000007
0.98 0.8888500000000009
0.98 0.8829500000000009
0.98 0.8975499999999996
0.98 0.8951999999999987
0.98 0.8796999999999991
0.98 0.9056999999999982
0.98 0.9209499999999982
0.98 0.8807999999999991
0.98 0.8942499999999995
0.98 0.8937999999999997
0.98 0.8685999999999997
0.98 0.8632499999999992
0.98 0.8627000000000001
0.98 0.8702999999999997
0.98 0.8779500000000001
0.98 0.8966000000000003
0.98 0.8904999999999995
0.98 0.8887500000000006
0.98 0.8861000000000001
0.98 0.8694499999999992
0.98 0.8628999999999999
0.98 0.896649999999999
0.98 0.8960499999999996
0.98 0.8819499999999998
0.98 0.885749999999999
0.98 0.880749999999999
0.98 0.8845499999999987
0.98 0.9010999999999986
0.98 0.8860999999999994
0.98 0.8993499999999989
0.98 0.8717499999999992
0.98 0.8653499999999987
0.98 0.8673999999999991
0.98 0.8864499999999994
0.98 0.8798499999999998
0.98 0.8867499999999998
0.98 0.8863499999999996
0.98 0.8791499999999991
0.98 0.8706499999999983
0.98 0.8948999999999989
0.98 0.8797999999999996
0.98 0.8558499999999996
0.98 0.8598499999999997
0.98 0.8573499999999993
0.98 0.8343499999999995
0.98 0.6920499999999997
0.98 0.6775999999999989
0.98 0.6368999999999994
0.98 0.6410499999999995
0.98 0.6605999999999987
0.98 0.6729499999999986
0.98 0.6831999999999987
0.98 0.681249999999999
0.98 0.6789999999999986
0.97 0.670649999999999
0.95 0.6702499999999987
0.95 0.6966499999999982
0.95 0.6891499999999988
0.95 0.6626499999999993
0.95 0.6786999999999992
0.95 0.696749999999999
0.97 0.7305499999999988
0.97 0.7623499999999993
0.97 0.7746499999999987
0.98 0.8017499999999994
0.98 0.703349999999999
0.98 0.7830999999999997
0.97 0.7466499999999998
0.61 0.48729999999999896
0.98 0.6797499999999992
0.68 0.5135499999999993
0.76 0.5313499999999992
0.97 0.5535499999999994
0.98 0.5768499999999995
0.97 0.5869999999999992
0.97 0.6199999999999991
0.97 0.6661999999999986
0.61 0.5423499999999987
0.98 0.6937999999999989
0.97 0.5928499999999997
0.98 0.7505999999999995
0.97 0.6734999999999987
0.61 0.5318999999999986
0.58 0.5278999999999987
0.61 0.5422499999999985
0.58 0.5427999999999984
0.95 0.5742499999999984
0.95 0.5964999999999984
0.95 0.6005999999999987
0.95 0.5855499999999983
0.95 0.7456500000000011
0.95 0.8162500000000023
0.95 0.835450000000002
0.95 0.5524499999999986
0.95 0.6706499999999989
0.95 0.6133999999999987
0.95 0.5451999999999985
0.95 0.612649999999999
0.95 0.756500000000001
0.95 0.804350000000001
0.95 0.782300000000002
0.95 0.7763500000000018
0.95 0.800400000000002
0.95 0.7516500000000009
0.95 0.5143499999999984
0.95 0.5417999999999981
0.95 0.5350999999999985
0.95 0.7041999999999993
0.95 0.7382000000000004
0.95 0.7409500000000006
0.95 0.8114000000000006
0.95 0.6249999999999989
0.95 0.5297999999999984
0.95 0.5530999999999983
0.95 0.5302999999999984
0.95 0.5593999999999985
0.97 0.760550000000002
0.97 0.6859499999999993
0.6 0.5029499999999986
0.95 0.5193499999999993
0.97 0.6549999999999995
0.6 0.5280499999999986
0.97 0.7625500000000021
0.97 0.7976000000000012
0.97 0.8017500000000014
0.97 0.8091000000000008
0.97 0.8302500000000006
0.97 0.7563000000000022
0.97 0.7613500000000012
0.97 0.5826499999999987
0.95 0.6879500000000011
0.95 0.6097499999999983
0.97 0.6894499999999995
0.95 0.6231499999999993
0.95 0.6319
0.95 0.6995500000000002
0.95 0.73385
0.95 0.5522999999999988
0.6 0.47954999999999887
0.6 0.4839499999999988
0.6 0.5127499999999995
0.6 0.5208499999999997
0.97 0.685849999999999
0.97 0.6913499999999992
0.97 0.7296999999999997
0.98 0.7697000000000006
0.98 0.8102500000000006
0.98 0.8137000000000004
0.98 0.8604000000000002
0.98 0.7230499999999993
0.98 0.7323500000000002
0.98 0.49454999999999766
0.98 0.6953499999999991
0.69 0.40334999999999843
0.61 0.40549999999999814
0.98 0.5716999999999977
0.98 0.4417999999999973
0.61 0.42954999999999754
0.97 0.6357499999999996
0.97 0.5697499999999991
0.97 0.4774499999999985
0.97 0.6411500000000001
0.97 0.7147499999999998
0.97 0.7079499999999994
0.97 0.7447000000000001
0.97 0.7601500000000003
0.97 0.7614500000000004
0.97 0.7938499999999997
0.97 0.8330500000000004
0.97 0.818750000000001
0.97 0.8423000000000006
0.97 0.7948500000000006
0.97 0.7695499999999993
0.97 0.7690999999999991
0.97 0.7733499999999986
0.97 0.7967499999999993
0.97 0.8162999999999997
0.97 0.8137999999999996
0.97 0.8341500000000007
0.97 0.8384499999999996
0.97 0.8198499999999995
0.97 0.8598000000000003
0.97 0.854500000000001
0.97 0.5902999999999988
0.97 0.7493
0.97 0.6013499999999984
0.6 0.5256499999999988
0.6 0.5326499999999988
0.6 0.5342999999999986
0.6 0.5355999999999989
0.97 0.5936499999999981
0.97 0.6139999999999978
0.6 0.5401499999999987
0.6 0.5557999999999992
0.6 0.5698999999999986
0.6 0.5387999999999986
0.6 0.5479499999999986
0.6 0.5769999999999985
0.6 0.5795499999999981
0.6 0.5633499999999988
0.6 0.5727499999999988
0.6 0.5678999999999987
0.6 0.5573999999999988
0.61 0.5290499999999987
0.6 0.5533999999999986
0.6 0.5638999999999984
0.61 0.5614499999999985
0.61 0.5643499999999982
0.61 0.5658999999999983
0.61 0.5562999999999986
0.61 0.5659499999999986
0.61 0.5284999999999985
0.61 0.5649499999999983
0.61 0.5702499999999983
0.61 0.5720499999999981
0.61 0.5475999999999981
