0.66 0.378300000000001
0.66 0.4131500000000012
0.66 0.41904999999999987
0.72 0.41254999999999986
0.66 0.4328999999999994
0.66 0.4094500000000003
0.69 0.38515000000000077
0.65 0.39460000000000006
0.66 0.4468499999999985
0.7 0.4334499999999992
0.66 0.41110000000000096
0.9 0.4091500000000007
0.72 0.39275000000000054
0.64 0.4024500000000004
0.64 0.3855500000000005
0.78 0.3967500000000001
0.64 0.38740000000000074
0.76 0.4003500000000002
0.81 0.4494499999999983
0.81 0.46544999999999837
0.72 0.4662999999999983
0.81 0.46164999999999784
0.81 0.4950999999999987
0.82 0.44549999999999806
0.7 0.3975499999999998
0.84 0.4167999999999996
0.76 0.40519999999999995
0.68 0.4132000000000006
0.67 0.4246999999999989
0.77 0.44859999999999856
0.67 0.4373499999999985
0.69 0.46179999999999866
0.65 0.4377499999999985
0.75 0.4731499999999983
0.71 0.41949999999999915
0.73 0.48089999999999916
0.92 0.5744499999999992
0.81 0.46534999999999876
0.74 0.48679999999999923
0.83 0.5237500000000002
0.88 0.6302999999999997
0.96 0.6734500000000004
0.95 0.6385499999999997
0.95 0.6892000000000001
0.95 0.7232499999999997
0.95 0.7144000000000001
0.87 0.5582
0.96 0.6636000000000005
0.88 0.5895500000000004
0.88 0.6287000000000001
0.88 0.6249499999999993
0.84 0.62295
0.93 0.7167000000000006
0.88 0.6531500000000002
0.91 0.6538999999999986
0.94 0.7065999999999992
0.88 0.7172000000000013
0.94 0.7820999999999997
0.88 0.676050000000001
0.93 0.7262500000000006
0.94 0.6400999999999997
0.92 0.6400999999999997
0.92 0.6160500000000004
0.94 0.7124999999999999
0.91 0.6262999999999992
0.92 0.6579000000000009
0.95 0.780449999999999
0.94 0.811549999999999
0.94 0.8026999999999993
0.94 0.77805
0.95 0.7185999999999989
0.95 0.6758000000000002
0.95 0.7612499999999994
0.96 0.8237999999999995
0.96 0.8292499999999998
0.97 0.8214500000000001
0.96 0.8926500000000022
0.96 0.8486000000000006
0.96 0.8764999999999996
0.97 0.83475
0.95 0.6207499999999997
0.97 0.7597999999999994
0.97 0.7212000000000011
0.96 0.7331
