0.28 0.603459999999998
0.28 0.5644799999999992
0.12 0.5268599999999992
0.06000000000000005 0.5098599999999996
0.06000000000000005 0.4795199999999997
0.06000000000000005 0.4577399999999996
0.06000000000000005 0.4254799999999996
0.06000000000000005 0.40205999999999925
0.06000000000000005 0.39013999999999904
0.06000000000000005 0.3747799999999993
0.06000000000000005 0.3575399999999993
0.06000000000000005 0.359479999999999
0.06000000000000005 0.3422799999999989
0.06000000000000005 0.3238399999999989
0.06000000000000005 0.32395999999999936
0.020000000000000018 0.30773999999999985
0.020000000000000018 0.29903999999999964
0.020000000000000018 0.2952799999999995
0.020000000000000018 0.27665999999999946
0.020000000000000018 0.27409999999999957
0.020000000000000018 0.27007999999999993
0.020000000000000018 0.26679999999999937
0.020000000000000018 0.24785999999999958
0.020000000000000018 0.2541199999999995
0.020000000000000018 0.23457999999999962
0.020000000000000018 0.22927999999999968
0.020000000000000018 0.21243999999999946
0.020000000000000018 0.19381999999999944
0.020000000000000018 0.1904399999999995
0.020000000000000018 0.1838399999999997
0.020000000000000018 0.18513999999999933
0.020000000000000018 0.18581999999999982
0.020000000000000018 0.1856799999999996
0.020000000000000018 0.18295999999999965
0.020000000000000018 0.17257999999999976
0.020000000000000018 0.16555999999999949
0.020000000000000018 0.15379999999999952
0.020000000000000018 0.14639999999999947
0.020000000000000018 0.1483399999999995
0.020000000000000018 0.15599999999999942
0.020000000000000018 0.16329999999999942
0.06000000000000005 0.15435999999999925
0.06000000000000005 0.16077999999999967
0.06000000000000005 0.1625799999999996
0.06000000000000005 0.1657399999999994
0.06000000000000005 0.15509999999999938
0.06000000000000005 0.15677999999999942
0.06000000000000005 0.1644599999999993
0.06000000000000005 0.15953999999999943
0.06000000000000005 0.14949999999999933
0.06000000000000005 0.14577999999999944
0.06000000000000005 0.14939999999999948
0.06000000000000005 0.13957999999999934
0.06000000000000005 0.1399199999999995
0.06000000000000005 0.15243999999999933
0.06000000000000005 0.14693999999999943
0.06000000000000005 0.1453799999999994
0.06000000000000005 0.14595999999999928
0.06000000000000005 0.1467599999999993
0.06000000000000005 0.15533999999999937
0.06000000000000005 0.14683999999999944
0.06000000000000005 0.14353999999999947
0.06000000000000005 0.13977999999999957
0.06000000000000005 0.1411599999999993
0.06000000000000005 0.13851999999999962
0.06000000000000005 0.13565999999999975
0.06000000000000005 0.14741999999999955
0.06000000000000005 0.14475999999999956
0.06000000000000005 0.1441199999999993
0.06000000000000005 0.14533999999999933
0.06000000000000005 0.14517999999999925
0.06000000000000005 0.13779999999999937
0.06000000000000005 0.13753999999999925
0.06000000000000005 0.14959999999999948
0.06000000000000005 0.14581999999999923
0.06000000000000005 0.14095999999999936
0.06000000000000005 0.13755999999999943
0.06000000000000005 0.12175999999999962
0.06000000000000005 0.12325999999999958
0.06000000000000005 0.1288399999999996
0.06000000000000005 0.13219999999999957
0.06000000000000005 0.12895999999999957
0.06000000000000005 0.13287999999999947
0.06000000000000005 0.13981999999999953
0.06000000000000005 0.1352199999999995
0.06000000000000005 0.1273999999999996
0.06000000000000005 0.12947999999999965
0.06000000000000005 0.1307599999999997
0.06000000000000005 0.13395999999999947
0.06000000000000005 0.1397199999999994
0.06000000000000005 0.13843999999999945
0.06000000000000005 0.1372399999999995
0.06000000000000005 0.1425799999999993
0.06000000000000005 0.14231999999999925
0.06000000000000005 0.1447599999999993
0.06000000000000005 0.14645999999999929
0.06000000000000005 0.13367999999999947
0.06000000000000005 0.1340799999999996
0.06000000000000005 0.13985999999999948
0.06000000000000005 0.13751999999999956
