0.26 0.6027999999999986
0.26 0.6052999999999993
0.33999999999999997 0.609699999999999
0.26 0.6337999999999985
0.26 0.5982999999999984
0.33999999999999997 0.6337999999999987
0.33999999999999997 0.5948999999999987
0.28 0.6003999999999985
0.19999999999999996 0.5842999999999988
0.12 0.6435999999999984
0.12 0.6440999999999985
0.12 0.6195999999999987
0.14 0.6164999999999984
0.06000000000000005 0.6343999999999983
0.28 0.6246999999999983
0.26 0.6708999999999982
0.38 0.6451999999999986
0.28 0.6257999999999982
0.36 0.6265999999999982
0.33999999999999997 0.6268999999999981
0.33999999999999997 0.5950999999999985
0.38 0.5481999999999989
0.12 0.5009999999999993
0.12 0.497199999999999
0.12 0.4740999999999994
0.28 0.4532999999999992
0.38 0.6029999999999983
0.26 0.5712999999999987
0.26 0.5699999999999988
0.33999999999999997 0.5557999999999987
0.09999999999999998 0.4716999999999997
0.09999999999999998 0.4348999999999997
0.26 0.41370000000000023
0.09999999999999998 0.4038999999999999
0.21999999999999997 0.42069999999999974
0.12 0.42059999999999964
0.26 0.3658000000000001
0.30000000000000004 0.3760999999999997
0.07999999999999996 0.2982000000000003
0.30000000000000004 0.3542999999999998
0.12 0.2785
0.040000000000000036 0.2722999999999999
0.07999999999999996 0.2768999999999999
0.07999999999999996 0.2444999999999999
0.07999999999999996 0.2132
0.06000000000000005 0.2971999999999998
0.06000000000000005 0.3374999999999994
0.06000000000000005 0.3544999999999995
0.06000000000000005 0.34989999999999954
0.06000000000000005 0.3200999999999998
0.12 0.3492000000000002
0.12 0.3826999999999995
0.12 0.31529999999999964
0.040000000000000036 0.3590999999999997
0.09999999999999998 0.2540999999999998
0.040000000000000036 0.27920000000000034
0.12 0.24979999999999974
0.040000000000000036 0.3482999999999999
0.040000000000000036 0.41519999999999946
0.040000000000000036 0.45229999999999904
0.19999999999999996 0.450599999999999
0.19999999999999996 0.4482999999999992
0.38 0.515499999999999
0.38 0.4856999999999998
0.16000000000000003 0.3732000000000002
0.12 0.32210000000000005
0.09999999999999998 0.3392999999999997
0.040000000000000036 0.21869999999999995
0.040000000000000036 0.2055000000000002
0.040000000000000036 0.3107000000000002
0.040000000000000036 0.23560000000000023
0.040000000000000036 0.2534999999999999
0.040000000000000036 0.2784999999999998
0.040000000000000036 0.3561999999999996
0.040000000000000036 0.3413999999999997
0.040000000000000036 0.3290999999999999
0.18000000000000005 0.2748000000000001
0.18000000000000005 0.34379999999999966
0.040000000000000036 0.3138000000000002
0.040000000000000036 0.36750000000000016
0.06000000000000005 0.38650000000000007
0.38 0.4152000000000002
0.38 0.4009000000000005
0.19999999999999996 0.4139000000000002
0.07999999999999996 0.4087000000000003
0.38 0.4066000000000007
0.38 0.4066000000000005
0.38 0.5680999999999982
0.38 0.575099999999998
0.38 0.5375999999999983
0.12 0.3545
0.06000000000000005 0.3416
0.07999999999999996 0.32980000000000026
0.09999999999999998 0.4871999999999994
0.07999999999999996 0.31830000000000014
0.07999999999999996 0.26599999999999996
0.040000000000000036 0.2633000000000001
0.040000000000000036 0.30150000000000005
0.38 0.44930000000000064
0.040000000000000036 0.2685
0.12 0.3082000000000002
0.040000000000000036 0.24310000000000034
0.12 0.2754000000000003
0.12 0.2403
0.12 0.2367999999999999
0.12 0.2119
0.12 0.2020000000000002
0.12 0.19280000000000008
0.09999999999999998 0.15749999999999983
0.09999999999999998 0.15179999999999988
0.09999999999999998 0.1529999999999999
0.09999999999999998 0.14419999999999994
0.24 0.2708999999999998
0.07999999999999996 0.26219999999999977
0.26 0.5166999999999987
0.09999999999999998 0.4455999999999996
0.09999999999999998 0.3498000000000001
0.09999999999999998 0.3013000000000003
0.09999999999999998 0.3275000000000003
0.24 0.3060999999999996
0.09999999999999998 0.2987
0.09999999999999998 0.29090000000000016
0.09999999999999998 0.28479999999999994
0.09999999999999998 0.2680999999999999
0.09999999999999998 0.24249999999999983
0.09999999999999998 0.23940000000000008
0.09999999999999998 0.22279999999999991
0.06000000000000005 0.30949999999999994
0.09999999999999998 0.36309999999999987
0.07999999999999996 0.3784000000000003
0.09999999999999998 0.3375000000000001
0.09999999999999998 0.4408999999999987
0.09999999999999998 0.3811
0.09999999999999998 0.3914
0.09999999999999998 0.2372
0.07999999999999996 0.21039999999999978
0.07999999999999996 0.20459999999999998
0.07999999999999996 0.18179999999999985
0.07999999999999996 0.26440000000000025
0.07999999999999996 0.17520000000000008
0.07999999999999996 0.24450000000000005
0.16000000000000003 0.2647999999999997
0.09999999999999998 0.4453999999999998
0.12 0.3856000000000001
0.07999999999999996 0.2768000000000001
0.14 0.20280000000000004
0.09999999999999998 0.24040000000000006
0.040000000000000036 0.1428999999999998
0.040000000000000036 0.1991999999999999
0.040000000000000036 0.1718
0.040000000000000036 0.1699
0.040000000000000036 0.14190000000000003
0.07999999999999996 0.25580000000000014
0.07999999999999996 0.1312
0.07999999999999996 0.0872
0.07999999999999996 0.08879999999999999
0.07999999999999996 0.09419999999999995
0.07999999999999996 0.1211
0.07999999999999996 0.34629999999999983
0.07999999999999996 0.16469999999999999
0.07999999999999996 0.15159999999999996
0.07999999999999996 0.10569999999999999
0.07999999999999996 0.09449999999999995
0.040000000000000036 0.13900000000000015
0.14 0.2761999999999999
0.19999999999999996 0.29310000000000014
0.040000000000000036 0.24059999999999934
0.14 0.3964999999999991
0.07999999999999996 0.3321999999999997
0.30000000000000004 0.4738000000000004
0.21999999999999997 0.4759000000000011
0.14 0.4179999999999999
0.14 0.3777999999999998
0.06000000000000005 0.2626999999999999
0.06000000000000005 0.2013999999999999
0.30000000000000004 0.3736999999999999
0.28 0.3975000000000002
0.07999999999999996 0.3243000000000001
0.07999999999999996 0.3337
0.09999999999999998 0.612099999999999
0.09999999999999998 0.49619999999999903
0.21999999999999997 0.5877999999999991
0.36 0.5985999999999987
0.74 0.7422999999999995
0.4 0.7195999999999991
0.38 0.43319999999999903
0.38 0.4198999999999992
0.36 0.5359000000000006
0.30000000000000004 0.5010000000000014
0.4 0.5308000000000017
0.36 0.4840000000000013
0.31999999999999995 0.4840000000000008
0.38 0.5249000000000001
0.42000000000000004 0.5406000000000015
0.38 0.4581999999999999
0.38 0.4292999999999993
0.38 0.4278999999999992
0.30000000000000004 0.7177999999999991
0.36 0.6929999999999992
0.4 0.7190999999999994
0.74 0.7411999999999999
0.36 0.6119999999999988
0.64 0.7338999999999991
0.54 0.7093999999999988
0.28 0.6477999999999987
0.31999999999999995 0.6221999999999993
0.5 0.6983999999999994
0.30000000000000004 0.6142999999999996
0.30000000000000004 0.688499999999999
0.16000000000000003 0.6215999999999987
0.14 0.5288999999999996
0.12 0.557899999999999
0.31999999999999995 0.5268999999999995
0.16000000000000003 0.4380999999999998
0.18000000000000005 0.3978
0.24 0.3936999999999997
0.24 0.42279999999999957
0.16000000000000003 0.30630000000000007
0.12 0.37109999999999976
0.21999999999999997 0.4400000000000006
0.19999999999999996 0.3918000000000002
0.07999999999999996 0.40090000000000076
0.07999999999999996 0.30840000000000006
0.18000000000000005 0.25700000000000023
0.07999999999999996 0.2593000000000003
0.07999999999999996 0.2988000000000002
0.12 0.42479999999999934
0.07999999999999996 0.3430999999999999
0.14 0.2500000000000001
0.14 0.27630000000000005
0.14 0.28400000000000025
0.16000000000000003 0.3359000000000002
0.18000000000000005 0.31019999999999986
0.18000000000000005 0.2660999999999997
0.12 0.23399999999999974
0.16000000000000003 0.24259999999999984
0.19999999999999996 0.21499999999999975
0.14 0.2193999999999996
0.12 0.21679999999999985
0.14 0.22659999999999975
0.18000000000000005 0.21439999999999956
0.14 0.19939999999999963
0.19999999999999996 0.2070999999999996
0.19999999999999996 0.20959999999999962
0.19999999999999996 0.28060000000000007
0.19999999999999996 0.23199999999999987
0.19999999999999996 0.21479999999999982
0.19999999999999996 0.19899999999999993
0.19999999999999996 0.22109999999999996
0.19999999999999996 0.34280000000000016
0.14 0.2798
0.14 0.2131999999999999
0.14 0.1944999999999997
0.14 0.1906999999999999
0.14 0.1891999999999997
0.14 0.19599999999999973
0.14 0.21430000000000005
0.14 0.20399999999999976
0.14 0.21139999999999973
0.14 0.20529999999999976
0.14 0.2115999999999997
0.18000000000000005 0.29899999999999993
0.18000000000000005 0.2565
0.19999999999999996 0.2814000000000001
0.19999999999999996 0.22009999999999977
0.18000000000000005 0.2097999999999997
0.19999999999999996 0.2374999999999998
0.18000000000000005 0.24089999999999986
0.18000000000000005 0.32899999999999985
0.19999999999999996 0.21199999999999988
0.19999999999999996 0.2083999999999998
0.18000000000000005 0.21039999999999967
0.19999999999999996 0.2380999999999998
0.19999999999999996 0.23489999999999958
0.18000000000000005 0.20619999999999986
0.19999999999999996 0.20330000000000006
0.19999999999999996 0.2019000000000001
0.19999999999999996 0.20210000000000009
0.19999999999999996 0.20990000000000003
0.18000000000000005 0.20260000000000009
0.18000000000000005 0.2016000000000001
0.18000000000000005 0.2046000000000001
0.18000000000000005 0.19790000000000008
0.19999999999999996 0.20320000000000005
0.19999999999999996 0.2028000000000001
0.19999999999999996 0.2535
0.19999999999999996 0.21180000000000004
0.19999999999999996 0.21109999999999995
0.19999999999999996 0.2132
0.19999999999999996 0.22390000000000002
0.19999999999999996 0.23900000000000013
0.19999999999999996 0.2398
0.19999999999999996 0.2981000000000004
0.19999999999999996 0.2122
0.19999999999999996 0.21250000000000002
0.19999999999999996 0.23349999999999993
0.19999999999999996 0.23309999999999984
0.19999999999999996 0.20840000000000003
0.19999999999999996 0.20570000000000005
0.19999999999999996 0.21219999999999978
0.19999999999999996 0.3924999999999996
0.19999999999999996 0.2067
0.19999999999999996 0.22810000000000002
0.19999999999999996 0.46859999999999913
0.19999999999999996 0.2061
0.19999999999999996 0.2076
0.19999999999999996 0.2836000000000002
0.19999999999999996 0.2642000000000002
0.19999999999999996 0.3601000000000003
0.18000000000000005 0.3377000000000001
0.19999999999999996 0.39149999999999957
0.18000000000000005 0.27410000000000034
0.18000000000000005 0.24419999999999994
0.18000000000000005 0.21509999999999974
0.18000000000000005 0.2823000000000004
0.18000000000000005 0.29670000000000046
0.18000000000000005 0.23690000000000008
0.18000000000000005 0.2009999999999999
0.18000000000000005 0.1954
0.18000000000000005 0.1935999999999999
0.18000000000000005 0.2066999999999998
0.18000000000000005 0.19909999999999983
0.18000000000000005 0.1901999999999999
0.18000000000000005 0.19379999999999986
0.18000000000000005 0.2083999999999998
0.18000000000000005 0.2105999999999998
0.18000000000000005 0.20399999999999982
0.18000000000000005 0.20719999999999986
0.18000000000000005 0.20799999999999982
0.19999999999999996 0.2115999999999999
0.18000000000000005 0.20949999999999996
0.19999999999999996 0.2652000000000004
0.19999999999999996 0.2854000000000005
0.19999999999999996 0.2975000000000007
0.19999999999999996 0.3650000000000005
0.18000000000000005 0.3462000000000004
0.19999999999999996 0.2225999999999997
0.19999999999999996 0.20979999999999982
0.19999999999999996 0.2033999999999999
0.19999999999999996 0.20170000000000002
0.19999999999999996 0.2623000000000005
0.19999999999999996 0.2512000000000005
0.19999999999999996 0.2403
0.14 0.2073999999999998
0.19999999999999996 0.2918000000000005
0.19999999999999996 0.3741000000000006
0.36 0.3772000000000005
0.36 0.37190000000000034
0.36 0.36510000000000004
0.19999999999999996 0.30390000000000034
0.19999999999999996 0.3456
0.19999999999999996 0.28750000000000026
0.19999999999999996 0.3193000000000005
0.16000000000000003 0.2502000000000001
0.16000000000000003 0.214
0.18000000000000005 0.21969999999999998
0.16000000000000003 0.21989999999999976
0.19999999999999996 0.21389999999999967
0.19999999999999996 0.21079999999999977
0.19999999999999996 0.2572999999999999
0.19999999999999996 0.24169999999999972
0.19999999999999996 0.21079999999999988
0.19999999999999996 0.20049999999999998
0.19999999999999996 0.20689999999999992
0.19999999999999996 0.2024999999999999
0.19999999999999996 0.20599999999999985
0.19999999999999996 0.21649999999999983
0.19999999999999996 0.2143999999999999
0.19999999999999996 0.25089999999999985
0.19999999999999996 0.3267
0.19999999999999996 0.3566
0.19999999999999996 0.5724999999999985
0.19999999999999996 0.5001999999999991
0.19999999999999996 0.5811999999999986
0.6799999999999999 0.7390999999999992
0.19999999999999996 0.5985999999999985
0.19999999999999996 0.4861999999999999
0.19999999999999996 0.3661000000000001
0.24 0.5363999999999994
0.19999999999999996 0.4741999999999995
0.19999999999999996 0.39060000000000017
0.21999999999999997 0.4407999999999999
0.21999999999999997 0.3063
0.19999999999999996 0.3751999999999998
0.19999999999999996 0.38230000000000003
0.19999999999999996 0.41700000000000015
0.19999999999999996 0.35240000000000016
0.21999999999999997 0.4733000000000002
0.19999999999999996 0.6075999999999985
0.19999999999999996 0.4963999999999992
0.19999999999999996 0.6574999999999982
0.31999999999999995 0.6355999999999988
0.31999999999999995 0.5933999999999997
0.31999999999999995 0.5064999999999996
0.36 0.4630000000000003
0.36 0.5507000000000005
0.36 0.6657000000000007
0.36 0.4404000000000001
0.33999999999999997 0.4152000000000005
0.33999999999999997 0.3865000000000007
0.33999999999999997 0.36640000000000045
0.33999999999999997 0.36120000000000013
0.33999999999999997 0.3658000000000001
0.33999999999999997 0.3560999999999999
0.33999999999999997 0.35280000000000017
0.33999999999999997 0.3515
0.24 0.3501000000000002
0.21999999999999997 0.34680000000000005
0.21999999999999997 0.33820000000000017
0.21999999999999997 0.3339000000000003
0.21999999999999997 0.31020000000000025
0.21999999999999997 0.2598999999999997
0.21999999999999997 0.2279999999999995
0.21999999999999997 0.22189999999999976
0.21999999999999997 0.2928
0.21999999999999997 0.23749999999999982
0.21999999999999997 0.23349999999999962
0.21999999999999997 0.25979999999999986
0.21999999999999997 0.23389999999999983
0.21999999999999997 0.2333
0.21999999999999997 0.24259999999999982
0.21999999999999997 0.30479999999999974
0.36 0.36619999999999947
0.36 0.36289999999999933
0.36 0.3606999999999996
0.36 0.3618999999999995
0.36 0.3619999999999996
0.36 0.36059999999999953
0.36 0.3599999999999996
0.36 0.3615999999999996
0.36 0.36309999999999953
0.36 0.36139999999999955
0.36 0.3631999999999995
0.36 0.36079999999999957
0.36 0.3598999999999996
0.36 0.36299999999999955
0.36 0.36179999999999957
0.21999999999999997 0.35139999999999944
0.18000000000000005 0.33329999999999965
0.18000000000000005 0.2870999999999998
0.18000000000000005 0.2889999999999998
0.18000000000000005 0.25779999999999975
0.18000000000000005 0.24269999999999972
0.18000000000000005 0.2514999999999998
0.18000000000000005 0.34630000000000016
0.18000000000000005 0.4422000000000005
0.18000000000000005 0.39430000000000043
0.4 0.4942999999999995
0.4 0.4935999999999995
0.4 0.5210999999999993
0.18000000000000005 0.4881999999999994
0.4 0.47680000000000006
0.4 0.4517000000000001
0.18000000000000005 0.4440000000000005
0.4 0.4537000000000001
0.4 0.42570000000000013
0.4 0.4167
0.4 0.4090999999999997
0.4 0.43169999999999903
0.4 0.4419999999999992
0.36 0.5175000000000002
0.36 0.5033000000000001
0.36 0.46970000000000134
0.36 0.47270000000000023
0.36 0.4316000000000002
0.36 0.4031000000000002
0.36 0.41479999999999945
0.36 0.36879999999999996
0.56 0.5987999999999979
0.56 0.5968999999999979
0.56 0.5983999999999979
0.56 0.5962999999999976
0.56 0.5963999999999973
0.45999999999999996 0.5994999999999976
0.33999999999999997 0.585999999999998
0.33999999999999997 0.5782999999999987
0.33999999999999997 0.5745999999999989
0.33999999999999997 0.5977999999999973
0.42000000000000004 0.5608999999999981
0.33999999999999997 0.6002999999999983
0.33999999999999997 0.5884999999999989
0.33999999999999997 0.5778000000000013
0.33999999999999997 0.5333000000000004
0.28 0.4222000000000003
0.24 0.38810000000000044
0.18000000000000005 0.3453000000000007
0.21999999999999997 0.42979999999999985
0.18000000000000005 0.37420000000000025
0.36 0.5061999999999987
0.38 0.4089999999999996
0.19999999999999996 0.3920999999999999
0.36 0.43329999999999985
0.33999999999999997 0.45379999999999876
0.33999999999999997 0.589299999999998
0.31999999999999995 0.5374999999999983
0.33999999999999997 0.5119999999999982
0.36 0.48799999999999855
0.33999999999999997 0.5372999999999981
0.54 0.591099999999998
0.42000000000000004 0.593899999999998
