0.09999999999999998 0.6283200000000083
0.09999999999999998 0.596040000000008
0.06000000000000005 0.5625800000000075
0.06000000000000005 0.532580000000005
0.06000000000000005 0.49134000000000333
0.06000000000000005 0.4710000000000037
0.06000000000000005 0.4466800000000035
0.06000000000000005 0.4368600000000032
0.06000000000000005 0.4243000000000037
0.06000000000000005 0.4014000000000029
0.06000000000000005 0.388080000000002
0.06000000000000005 0.38354000000000166
0.06000000000000005 0.3762800000000012
0.06000000000000005 0.37738000000000005
0.06000000000000005 0.3592399999999996
0.06000000000000005 0.34615999999999914
0.06000000000000005 0.3352799999999993
0.06000000000000005 0.30995999999999874
0.06000000000000005 0.30697999999999875
0.06000000000000005 0.3044599999999993
0.06000000000000005 0.28307999999999967
0.06000000000000005 0.27609999999999957
0.06000000000000005 0.27039999999999975
0.06000000000000005 0.2607599999999992
0.06000000000000005 0.24139999999999975
0.06000000000000005 0.23413999999999982
0.06000000000000005 0.2202399999999998
0.06000000000000005 0.21343999999999974
0.06000000000000005 0.20327999999999985
0.06000000000000005 0.19500000000000012
0.06000000000000005 0.18568000000000012
0.06000000000000005 0.18368000000000004
0.06000000000000005 0.18334000000000003
0.06000000000000005 0.18136000000000016
0.020000000000000018 0.17064000000000035
0.020000000000000018 0.16576000000000038
0.020000000000000018 0.1627600000000001
0.020000000000000018 0.15976000000000018
0.020000000000000018 0.1616
0.020000000000000018 0.15719999999999995
0.020000000000000018 0.15567999999999987
0.020000000000000018 0.1557399999999999
0.020000000000000018 0.1568
0.020000000000000018 0.14778000000000002
0.020000000000000018 0.15974000000000016
0.020000000000000018 0.15191999999999997
0.020000000000000018 0.14959999999999987
0.020000000000000018 0.15408000000000002
0.020000000000000018 0.14863999999999977
0.020000000000000018 0.14649999999999977
0.020000000000000018 0.1479599999999999
0.020000000000000018 0.1482999999999999
0.020000000000000018 0.1493599999999999
0.020000000000000018 0.14809999999999982
0.020000000000000018 0.15093999999999994
0.020000000000000018 0.1461200000000001
0.020000000000000018 0.14758000000000004
0.020000000000000018 0.15392
0.020000000000000018 0.15563999999999997
0.020000000000000018 0.16754000000000008
0.020000000000000018 0.16520000000000024
0.020000000000000018 0.17450000000000032
0.020000000000000018 0.17210000000000034
0.020000000000000018 0.1676400000000002
0.020000000000000018 0.15954000000000004
0.020000000000000018 0.16538000000000003
0.020000000000000018 0.15979999999999997
0.020000000000000018 0.16624000000000042
0.020000000000000018 0.16664000000000032
0.020000000000000018 0.1652800000000004
0.020000000000000018 0.16814000000000026
0.020000000000000018 0.16298000000000018
0.020000000000000018 0.15838000000000008
0.020000000000000018 0.1673000000000004
0.020000000000000018 0.1585400000000001
0.020000000000000018 0.16714000000000023
0.020000000000000018 0.15760000000000038
0.020000000000000018 0.14913999999999994
0.020000000000000018 0.1652400000000005
0.020000000000000018 0.15138000000000015
0.020000000000000018 0.1675399999999999
0.020000000000000018 0.15914
0.020000000000000018 0.1615000000000002
0.020000000000000018 0.1549399999999999
0.020000000000000018 0.15292000000000003
0.020000000000000018 0.15273999999999996
0.020000000000000018 0.15368
0.020000000000000018 0.14288000000000003
0.020000000000000018 0.13503999999999997
0.020000000000000018 0.14383999999999988
0.020000000000000018 0.15431999999999998
0.020000000000000018 0.15985999999999992
0.020000000000000018 0.15780000000000005
0.020000000000000018 0.15142000000000008
0.020000000000000018 0.15311999999999995
0.020000000000000018 0.15162
0.020000000000000018 0.1436599999999999
0.020000000000000018 0.13121999999999984
0.020000000000000018 0.14921999999999994
0.020000000000000018 0.13859999999999983
