0.7 0.37615000000000065
0.71 0.38499999999999995
0.71 0.37400000000000005
0.71 0.39624999999999955
0.71 0.41409999999999897
0.71 0.40204999999999935
0.71 0.41499999999999915
0.71 0.42994999999999856
0.71 0.397499999999999
0.85 0.41889999999999894
0.86 0.4238499999999991
0.71 0.4189999999999992
0.7 0.4170499999999997
0.7 0.38849999999999896
0.71 0.40049999999999913
0.71 0.4057999999999993
0.71 0.42399999999999927
0.71 0.4434499999999997
0.93 0.44029999999999936
0.93 0.4588499999999995
0.93 0.4469999999999992
0.8 0.4160499999999994
0.82 0.4324999999999995
0.86 0.4506499999999995
0.71 0.4509499999999997
0.71 0.4324499999999996
0.82 0.4747999999999996
0.8 0.5123499999999992
0.82 0.49004999999999943
0.71 0.44594999999999907
0.71 0.4026499999999988
0.71 0.3914999999999988
0.71 0.39549999999999924
0.71 0.3845999999999992
0.71 0.3792499999999993
0.71 0.3977999999999992
0.71 0.4106499999999996
0.73 0.4285499999999995
0.77 0.4166499999999995
0.77 0.4357499999999995
0.79 0.4434999999999993
0.76 0.42954999999999927
0.79 0.45119999999999955
0.79 0.46689999999999965
0.85 0.45599999999999935
0.92 0.49699999999999983
0.88 0.49139999999999995
0.78 0.44999999999999934
0.94 0.5138500000000001
0.94 0.5245000000000002
0.95 0.4439499999999989
0.95 0.4894999999999999
0.95 0.5441000000000006
0.95 0.5979499999999996
0.95 0.5644999999999999
0.95 0.5625000000000001
0.95 0.4722999999999991
0.95 0.48834999999999973
0.95 0.5328000000000003
0.93 0.5246000000000001
0.95 0.469299999999999
0.71 0.47114999999999896
0.71 0.4931999999999993
0.71 0.49094999999999944
0.71 0.43814999999999893
0.71 0.4721499999999992
0.71 0.46014999999999917
0.71 0.4757999999999992
0.71 0.47504999999999925
0.71 0.47784999999999944
0.71 0.47929999999999934
0.71 0.5105499999999994
0.71 0.5476999999999994
0.71 0.6075999999999994
0.71 0.5728499999999999
0.71 0.6057999999999993
0.71 0.6391499999999986
0.91 0.6569999999999995
0.71 0.4431499999999997
0.94 0.6477499999999988
0.94 0.6928999999999987
0.94 0.727799999999999
0.94 0.7524499999999977
0.94 0.7010999999999982
0.94 0.6947499999999994
0.94 0.6957500000000004
0.94 0.7123999999999993
0.95 0.7096999999999997
0.95 0.7210999999999993
0.94 0.627350000000001
0.89 0.6127000000000005
0.95 0.6829500000000008
0.95 0.6766000000000005
0.95 0.6912999999999998
0.95 0.6709499999999999
0.95 0.688399999999999
0.95 0.7197499999999988
0.95 0.6394500000000005
0.95 0.5364999999999984
0.94 0.5638499999999997
0.95 0.5171499999999989
0.95 0.5719999999999997
0.95 0.5291499999999989
0.95 0.5275499999999996
0.71 0.5501499999999993
0.94 0.6203000000000004
0.94 0.6311999999999999
0.71 0.6591499999999995
0.71 0.5887500000000001
0.71 0.49059999999999915
0.71 0.4807499999999997
0.71 0.4407499999999996
0.71 0.4255999999999996
0.71 0.40534999999999954
0.71 0.42009999999999964
0.71 0.41769999999999946
0.71 0.4079999999999994
0.71 0.40574999999999956
0.71 0.3892999999999995
0.71 0.4009499999999994
0.71 0.40314999999999956
0.71 0.3761999999999995
0.71 0.3969999999999996
0.71 0.3853499999999995
0.71 0.39534999999999976
0.71 0.3925499999999996
0.71 0.41794999999999966
0.71 0.45345000000000013
0.71 0.4571500000000002
0.71 0.4505999999999996
0.61 0.4534999999999998
0.71 0.40779999999999994
0.71 0.46675
0.71 0.39254999999999973
0.71 0.4572500000000003
0.71 0.43109999999999976
0.71 0.46189999999999976
0.71 0.44014999999999993
0.71 0.4855000000000002
0.89 0.48115
0.89 0.5169999999999999
0.64 0.43085000000000023
0.64 0.4475499999999996
0.92 0.4512
0.92 0.45329999999999887
0.92 0.45469999999999877
0.92 0.48364999999999925
0.93 0.49245000000000017
0.93 0.4982499999999998
0.93 0.45125000000000015
0.93 0.42009999999999953
0.93 0.37564999999999954
0.72 0.37794999999999956
0.82 0.4184999999999999
0.95 0.4628499999999997
0.95 0.5140499999999996
0.95 0.5182499999999994
0.95 0.4780000000000002
0.95 0.6638999999999988
0.95 0.4938999999999998
0.93 0.5808999999999993
0.95 0.6712999999999996
0.95 0.6624500000000001
0.95 0.6980499999999995
0.95 0.6479999999999997
0.95 0.5646499999999997
0.95 0.5836999999999998
0.95 0.5707999999999999
0.95 0.6026499999999995
0.95 0.5915999999999993
0.95 0.6057499999999992
0.95 0.6229500000000004
0.95 0.6858000000000001
0.95 0.6916999999999994
0.95 0.7194999999999997
0.95 0.7339999999999993
0.95 0.7408499999999996
0.95 0.7600999999999992
0.95 0.7921500000000001
0.95 0.7746999999999992
0.95 0.8131
0.95 0.7661500000000008
0.95 0.7845500000000004
0.95 0.8106500000000001
0.95 0.8545500000000004
0.95 0.8566000000000017
0.95 0.8594000000000007
0.95 0.8530000000000009
0.95 0.846000000000001
0.95 0.8325000000000002
0.95 0.8453000000000008
0.95 0.7124499999999983
0.95 0.8344
0.95 0.6477499999999998
0.95 0.74135
0.95 0.7438499999999989
0.95 0.59535
0.95 0.7136500000000006
0.95 0.6780500000000016
0.95 0.6964000000000002
0.95 0.6826500000000005
0.95 0.6644500000000009
0.95 0.6549499999999996
0.95 0.6779000000000002
0.95 0.7010500000000003
0.95 0.7220999999999991
0.95 0.7317499999999995
0.95 0.7427999999999986
0.95 0.7726499999999984
0.95 0.7861499999999992
0.95 0.7958999999999995
0.95 0.8198999999999994
0.95 0.84745
0.97 0.8625500000000008
0.97 0.8555500000000005
0.97 0.8709500000000004
0.97 0.8541999999999997
0.97 0.8528999999999999
0.97 0.8650999999999998
0.97 0.8620999999999995
0.97 0.8180999999999993
0.97 0.7856499999999993
0.97 0.7411000000000011
0.97 0.8290499999999997
0.95 0.4349999999999988
0.97 0.7274999999999986
0.97 0.7821499999999993
0.95 0.6064
0.97 0.7422999999999993
0.97 0.7902999999999979
0.97 0.7555499999999994
0.97 0.7265000000000001
0.71 0.35360000000000036
0.72 0.48009999999999947
0.71 0.4450999999999981
0.71 0.5141999999999998
0.71 0.5214999999999995
0.71 0.5947000000000002
0.71 0.5660499999999998
0.71 0.6287499999999997
0.71 0.6097999999999999
0.71 0.5452999999999983
0.71 0.6643499999999994
0.71 0.6837999999999985
0.71 0.6883499999999979
0.71 0.6816499999999983
0.71 0.6627999999999982
0.71 0.6867999999999977
0.71 0.6881499999999977
0.71 0.6804999999999981
0.71 0.6895499999999976
0.71 0.6920499999999977
0.71 0.6894999999999976
0.71 0.6991499999999978
0.71 0.6889499999999975
0.71 0.6801999999999981
0.71 0.6894999999999978
0.71 0.6777499999999987
0.71 0.6813999999999981
0.71 0.6912999999999974
0.71 0.6894999999999978
0.71 0.5904499999999989
0.71 0.6109499999999987
0.71 0.6679999999999984
0.71 0.6768999999999983
0.71 0.6872499999999978
0.71 0.679999999999998
0.71 0.6950999999999975
0.71 0.6784999999999978
0.71 0.6849499999999976
0.71 0.6950999999999974
0.71 0.6965499999999969
0.71 0.6933499999999978
0.71 0.698999999999998
0.71 0.6982999999999977
0.71 0.6941499999999973
0.71 0.7015499999999979
0.71 0.6946499999999971
0.71 0.6674499999999991
0.71 0.6618999999999993
0.71 0.664599999999999
0.71 0.7011999999999976
0.71 0.6907499999999979
0.71 0.6955999999999974
0.71 0.6976999999999982
0.71 0.6979999999999982
0.71 0.6989999999999981
0.71 0.6926499999999979
0.71 0.6983999999999979
0.71 0.6940999999999974
0.71 0.7019999999999976
0.71 0.6907999999999975
0.71 0.6986999999999977
0.71 0.6905499999999976
0.71 0.6891499999999975
0.71 0.7017499999999975
0.71 0.6980999999999975
0.71 0.7044999999999974
0.71 0.6806999999999982
0.71 0.6958499999999975
0.71 0.6986499999999972
0.71 0.6917999999999974
0.71 0.6985999999999977
0.71 0.6851999999999979
0.71 0.6959999999999974
0.71 0.7015499999999971
0.71 0.6963499999999975
0.71 0.48814999999999764
0.71 0.3773
0.71 0.4459999999999985
0.71 0.3667500000000002
0.71 0.37660000000000005
0.71 0.3836499999999999
0.71 0.4007499999999994
0.71 0.417349999999999
0.71 0.4307999999999985
0.82 0.45364999999999867
0.82 0.48154999999999915
0.82 0.53395
0.82 0.5710500000000001
0.82 0.5800000000000003
0.82 0.6184000000000007
0.82 0.6281000000000005
0.82 0.6550999999999995
0.82 0.6857499999999986
0.82 0.6830999999999983
0.82 0.6869499999999981
0.71 0.6823499999999977
0.71 0.6824999999999979
0.71 0.6909499999999973
0.71 0.6927499999999978
0.71 0.6912999999999976
0.71 0.6981999999999975
0.71 0.6967999999999975
0.71 0.6825499999999985
0.71 0.6906499999999977
0.71 0.6900499999999978
0.71 0.6816999999999983
0.71 0.6755499999999987
0.71 0.6992499999999974
0.71 0.6884499999999976
0.71 0.6940999999999975
0.71 0.6923999999999977
0.71 0.7029999999999977
0.71 0.7018999999999975
0.71 0.699649999999998
0.71 0.6966499999999979
0.71 0.6847999999999981
0.71 0.6985499999999979
0.71 0.6961999999999982
0.71 0.6977999999999979
0.71 0.6998999999999979
0.71 0.7008499999999976
0.71 0.6912999999999977
0.71 0.6984999999999973
0.71 0.7027999999999976
0.71 0.7006999999999977
0.71 0.6873499999999979
0.71 0.6910499999999979
0.71 0.7005999999999983
0.71 0.693749999999998
0.71 0.7038999999999979
0.71 0.6973999999999977
0.71 0.7024499999999978
0.71 0.6889499999999971
0.71 0.6942999999999979
0.71 0.6710999999999981
0.71 0.6593499999999979
0.71 0.6744999999999977
0.71 0.675249999999998
0.71 0.6922499999999974
0.71 0.6939499999999975
0.71 0.6870999999999977
0.71 0.6941999999999977
0.71 0.598199999999999
0.71 0.6743499999999986
0.71 0.681199999999998
0.71 0.6870499999999982
0.71 0.6943499999999975
0.71 0.5955999999999992
0.71 0.3803999999999995
0.49 0.36939999999999956
0.71 0.39054999999999973
0.71 0.3869499999999996
0.71 0.39569999999999966
0.63 0.41449999999999976
0.63 0.4362499999999998
0.71 0.4656500000000002
0.71 0.5105500000000006
0.71 0.5439499999999999
0.71 0.5776999999999997
0.71 0.5024999999999998
0.71 0.5362499999999994
0.71 0.5657499999999995
0.71 0.49354999999999954
0.71 0.511249999999999
0.71 0.5347499999999995
0.71 0.5584500000000002
0.71 0.5698000000000003
0.71 0.5382000000000002
0.63 0.5468000000000006
0.63 0.5609500000000005
0.63 0.5603000000000005
0.63 0.5743499999999997
0.7 0.5844999999999995
0.71 0.5867499999999989
0.71 0.5993999999999987
0.63 0.5830499999999988
0.63 0.594099999999999
0.63 0.6033499999999988
0.7 0.6040499999999992
0.71 0.6025999999999988
0.71 0.6154999999999978
0.71 0.6279999999999981
0.71 0.637999999999999
0.66 0.5263500000000004
0.63 0.5555000000000001
0.71 0.6027499999999992
0.71 0.5789999999999983
0.71 0.6038999999999987
0.71 0.6060999999999985
0.71 0.5661999999999996
0.71 0.5766499999999998
0.71 0.6077499999999985
0.71 0.631499999999999
0.71 0.6593000000000002
0.71 0.5905999999999998
0.71 0.5871999999999991
0.71 0.5265499999999999
0.71 0.5652499999999989
0.71 0.5929499999999998
0.71 0.5873999999999995
0.71 0.6191000000000004
0.71 0.6181000000000002
0.71 0.6582000000000002
0.71 0.671999999999999
0.71 0.5115000000000001
0.71 0.4962999999999998
0.71 0.5189999999999997
0.71 0.5046999999999999
0.71 0.5007499999999997
0.71 0.5105499999999998
0.71 0.5334000000000001
0.71 0.5350500000000001
0.71 0.5492500000000006
0.71 0.5621500000000004
0.71 0.5711999999999999
0.71 0.5823499999999995
0.71 0.5944499999999995
0.71 0.6012999999999992
0.71 0.606649999999999
0.71 0.6125499999999985
0.71 0.6054499999999987
0.71 0.5921999999999986
0.71 0.5935499999999991
0.71 0.5862499999999994
0.71 0.5959499999999991
0.71 0.587899999999999
0.71 0.5985499999999988
0.71 0.6092999999999985
0.71 0.6096499999999986
0.71 0.6122499999999986
0.71 0.6062499999999985
0.71 0.6039999999999988
0.71 0.6021499999999991
0.71 0.5945499999999992
0.71 0.593749999999999
0.71 0.5978999999999989
0.71 0.596649999999999
0.71 0.6037999999999988
0.71 0.603999999999999
0.71 0.6012999999999988
0.71 0.5899499999999989
0.71 0.6099999999999988
0.63 0.6031999999999987
0.63 0.6026499999999989
0.63 0.6107999999999987
0.63 0.6111999999999987
0.63 0.6087499999999987
0.63 0.6164499999999986
0.63 0.6107999999999985
0.63 0.6078999999999986
0.63 0.6093999999999987
0.63 0.6123499999999987
0.63 0.5992999999999987
0.66 0.598999999999999
0.66 0.6076499999999988
0.66 0.6025999999999986
0.71 0.5895499999999991
0.71 0.5933999999999992
0.71 0.5767499999999992
0.71 0.5972499999999991
0.71 0.5918999999999986
0.71 0.5463999999999993
0.71 0.5692499999999993
0.71 0.6356499999999999
0.71 0.6525499999999991
0.71 0.6716499999999985
0.71 0.6625499999999986
0.71 0.6222000000000001
