0.71 0.3849000000000003
0.7 0.40805
0.7 0.42669999999999997
0.7 0.3897499999999997
0.7 0.38974999999999993
0.7 0.4054999999999998
0.69 0.38574999999999954
0.7 0.3974499999999997
0.68 0.3824999999999998
0.69 0.37299999999999955
0.81 0.38289999999999963
0.7 0.3688499999999996
0.7 0.36919999999999964
0.67 0.3722499999999995
0.7 0.37139999999999956
0.7 0.3795999999999996
0.7 0.3779499999999995
0.7 0.38974999999999954
0.7 0.3855999999999996
0.7 0.3676499999999994
0.7 0.3718499999999995
0.7 0.3654499999999995
0.7 0.3737499999999995
0.61 0.36594999999999955
0.7 0.37399999999999956
0.7 0.3712499999999995
0.7 0.3680499999999995
0.7 0.3846999999999995
0.7 0.37999999999999956
0.64 0.37099999999999944
0.7 0.3715499999999996
0.7 0.38674999999999954
0.7 0.3691499999999996
0.68 0.3909999999999995
0.68 0.37859999999999966
0.7 0.39159999999999956
0.7 0.38839999999999963
0.7 0.38414999999999955
0.7 0.38804999999999956
0.7 0.40184999999999965
0.7 0.3903499999999996
0.7 0.38249999999999956
0.68 0.3907499999999996
0.7 0.39584999999999954
0.7 0.40199999999999975
0.7 0.39914999999999956
0.7 0.39209999999999967
0.7 0.38239999999999974
0.7 0.39219999999999955
0.7 0.40234999999999976
0.7 0.39259999999999967
0.7 0.4017999999999997
0.7 0.40619999999999984
0.7 0.4099499999999995
0.81 0.4325499999999998
0.84 0.4275499999999998
0.84 0.45209999999999956
0.84 0.42229999999999973
0.81 0.4236999999999997
0.7 0.4167999999999998
0.7 0.39929999999999966
0.7 0.4214999999999997
0.7 0.37729999999999947
0.7 0.42639999999999967
0.7 0.43364999999999976
0.7 0.43194999999999956
0.7 0.4032499999999997
0.7 0.38829999999999965
0.7 0.39464999999999956
0.7 0.40299999999999975
0.7 0.39314999999999967
0.7 0.39689999999999964
0.7 0.4068499999999998
0.69 0.3794999999999996
0.7 0.38369999999999954
0.7 0.3721999999999996
0.7 0.3921499999999996
0.7 0.4067499999999995
0.7 0.4202999999999997
0.7 0.4471499999999998
0.7 0.45834999999999954
0.7 0.45934999999999987
0.7 0.4476999999999998
0.7 0.4635999999999998
0.7 0.4751499999999995
0.7 0.4728499999999999
0.7 0.49544999999999967
0.7 0.4778499999999998
0.7 0.50245
0.7 0.5113999999999996
0.7 0.5211499999999999
0.7 0.52275
0.7 0.54165
0.7 0.5690499999999996
0.7 0.5853500000000006
0.7 0.604000000000001
0.7 0.47790000000000066
0.7 0.5450000000000003
0.7 0.5697500000000005
0.7 0.45970000000000055
0.7 0.5115999999999999
0.7 0.5822500000000003
0.7 0.6102500000000004
0.7 0.6034500000000009
0.7 0.6425500000000014
0.7 0.6065000000000013
0.7 0.39385000000000153
0.7 0.5346000000000007
0.7 0.5203000000000013
0.7 0.5758500000000002
0.7 0.6162000000000006
0.7 0.5712000000000005
0.7 0.6040000000000008
0.7 0.6054500000000008
0.7 0.431950000000001
0.7 0.443950000000001
0.7 0.4335500000000006
0.7 0.43335
0.7 0.3977999999999997
0.7 0.48279999999999995
0.7 0.5377999999999998
0.7 0.5588
0.7 0.5971500000000001
0.7 0.6201000000000001
0.7 0.6349000000000009
0.7 0.6645500000000014
0.7 0.5832000000000006
0.7 0.5051499999999998
0.7 0.37659999999999955
0.7 0.5848500000000005
0.38 0.3602999999999995
0.7 0.4992499999999995
0.7 0.5978000000000001
0.7 0.6191000000000006
0.7 0.4028999999999996
0.7 0.6144000000000005
0.7 0.6561000000000015
0.7 0.4593999999999995
0.7 0.5632000000000003
0.7 0.42919999999999947
0.7 0.5986000000000006
0.7 0.42589999999999956
0.7 0.46809999999999957
0.7 0.5813500000000001
0.7 0.6082000000000006
0.7 0.52435
0.7 0.46249999999999963
0.7 0.47104999999999975
0.7 0.5286500000000004
0.7 0.546
0.7 0.5800499999999997
0.7 0.6004999999999998
0.7 0.5398499999999998
0.7 0.5141999999999998
0.66 0.36449999999999955
0.7 0.3676999999999995
0.7 0.5020499999999999
0.7 0.4937999999999997
0.7 0.5116999999999997
0.7 0.5438999999999994
0.7 0.5795999999999998
0.7 0.6111500000000004
0.7 0.5419499999999998
0.7 0.6169500000000009
0.7 0.6266000000000013
0.7 0.6070000000000014
0.7 0.634050000000001
0.7 0.6613500000000018
0.7 0.6469500000000017
0.7 0.662800000000002
0.7 0.6616500000000021
0.7 0.6422000000000014
0.7 0.3702499999999996
0.7 0.5641500000000005
0.7 0.36174999999999957
0.64 0.3613999999999995
0.7 0.36189999999999956
0.42 0.36034999999999956
0.36 0.3599999999999996
0.7 0.4188499999999998
0.36 0.35959999999999964
0.36 0.3566000000000002
0.36 0.3599999999999996
0.36 0.3599999999999996
0.34 0.3400000000000017
0.36 0.3491000000000017
0.36 0.3598999999999996
0.7 0.38565000000000177
0.7 0.36200000000000043
0.36 0.35929999999999973
0.36 0.3597999999999996
0.36 0.3597999999999996
0.36 0.3599999999999996
0.36 0.3598999999999996
0.36 0.3599999999999996
0.36 0.3599999999999996
0.36 0.3599999999999996
0.36 0.3599999999999996
0.36 0.3599999999999996
0.36 0.3599999999999996
0.7 0.3713999999999997
0.7 0.37499999999999956
0.7 0.36959999999999965
0.7 0.3667999999999995
0.7 0.3631999999999996
0.7 0.36339999999999956
0.7 0.37914999999999965
0.7 0.3687999999999995
0.7 0.3721999999999995
0.36 0.3599999999999996
0.36 0.3599999999999996
0.36 0.3599999999999996
0.36 0.3599999999999996
0.36 0.3599999999999996
0.36 0.3599999999999996
0.36 0.3599999999999996
0.36 0.3599999999999996
0.36 0.3599999999999996
0.36 0.3599999999999996
0.4 0.36099999999999954
0.4 0.36179999999999957
0.61 0.36784999999999957
0.61 0.37064999999999954
0.61 0.3862499999999995
0.66 0.40124999999999944
0.66 0.4358499999999995
0.66 0.44244999999999934
0.67 0.5068500000000007
0.67 0.42084999999999956
0.67 0.5049999999999999
0.67 0.53295
0.67 0.5594499999999999
0.67 0.5913499999999994
0.67 0.6133499999999996
0.68 0.6295499999999994
0.68 0.6359999999999991
0.68 0.6298999999999989
0.68 0.631449999999999
0.67 0.6470499999999992
0.68 0.6349999999999998
0.68 0.6510000000000002
0.68 0.6299000000000006
0.68 0.6445000000000012
0.68 0.632400000000001
0.68 0.6433000000000009
0.68 0.6537500000000009
0.68 0.6322000000000009
0.68 0.6460500000000013
0.68 0.6233500000000014
0.68 0.639850000000001
0.68 0.6408000000000009
0.68 0.6411000000000007
0.68 0.6469000000000013
0.68 0.6378500000000014
0.68 0.6287000000000011
0.68 0.6292000000000013
0.68 0.6115000000000008
0.68 0.6277500000000008
0.68 0.5662000000000004
0.68 0.6180000000000007
0.68 0.6277000000000008
0.69 0.6477000000000007
0.68 0.6400000000000005
0.68 0.6356500000000003
0.68 0.6343000000000003
0.68 0.6503000000000008
0.68 0.6277000000000005
0.68 0.6239000000000003
0.68 0.6436000000000003
0.68 0.6523500000000011
0.68 0.6468500000000009
0.68 0.6494000000000011
0.69 0.6407500000000007
0.69 0.6453000000000009
0.69 0.6469499999999999
0.69 0.6429999999999998
0.69 0.6391999999999995
0.68 0.6267500000000005
0.68 0.6173500000000003
0.68 0.61375
0.68 0.6231500000000006
0.68 0.6195000000000005
0.69 0.6347500000000003
0.69 0.6296999999999993
0.69 0.6441500000000002
0.68 0.6311499999999999
0.69 0.6397500000000003
0.7 0.6429500000000001
0.69 0.6342499999999989
0.7 0.6073500000000002
0.68 0.6169499999999997
0.68 0.6292499999999998
0.69 0.6305999999999996
0.69 0.6377499999999996
0.68 0.6325999999999994
0.68 0.6296499999999996
0.69 0.6433999999999997
0.68 0.6344500000000001
0.68 0.6391000000000001
0.68 0.6270500000000002
0.69 0.6291000000000007
0.69 0.6410000000000011
0.69 0.6380000000000007
0.69 0.56635
0.69 0.5598999999999998
0.69 0.6136500000000001
0.69 0.6034500000000003
0.7 0.6098500000000002
0.7 0.6299500000000009
0.7 0.6430000000000011
0.7 0.6488000000000014
0.7 0.6424500000000007
0.7 0.6619000000000013
0.7 0.653450000000001
0.7 0.6609500000000011
0.7 0.6516000000000013
0.7 0.6481500000000007
0.7 0.6572500000000016
0.7 0.6728500000000014
0.7 0.6714500000000018
0.7 0.6828000000000013
0.7 0.5764000000000007
0.7 0.6212500000000011
0.7 0.6587500000000018
0.7 0.677150000000002
0.7 0.6652000000000022
0.7 0.5594000000000009
0.7 0.6452000000000013
0.7 0.6162000000000006
0.7 0.6605000000000019
0.7 0.6652500000000017
0.7 0.6707000000000021
0.7 0.674650000000002
0.7 0.677450000000002
0.7 0.6725000000000021
0.7 0.6725000000000021
0.7 0.6691000000000021
0.7 0.663200000000002
0.7 0.6741500000000024
0.7 0.6811500000000018
0.7 0.6859500000000018
0.7 0.6785000000000022
0.7 0.671050000000002
0.7 0.6736500000000025
0.7 0.6726000000000021
0.7 0.6662000000000018
0.7 0.6732000000000019
0.7 0.6668500000000022
0.7 0.6703500000000022
0.7 0.6732500000000025
0.7 0.6816500000000022
0.7 0.653250000000002
0.7 0.6515000000000015
0.7 0.6604000000000021
0.7 0.6155000000000009
0.7 0.6463000000000015
0.7 0.6594500000000019
0.7 0.674700000000002
0.7 0.6811500000000023
0.7 0.6731500000000022
0.7 0.6715500000000023
0.7 0.6704500000000023
0.7 0.6410000000000015
0.7 0.5908500000000014
0.7 0.6602500000000019
0.7 0.6535500000000017
0.7 0.6720500000000023
0.7 0.6710500000000026
0.7 0.5937000000000016
0.7 0.666850000000002
0.7 0.5920500000000017
0.7 0.6792000000000019
0.7 0.5948000000000013
0.7 0.6449500000000014
0.7 0.6679000000000017
0.7 0.6922500000000018
0.7 0.6780500000000019
0.7 0.4821000000000016
0.7 0.523350000000001
0.7 0.5691500000000008
0.7 0.6214000000000005
0.7 0.6452500000000009
0.7 0.6681000000000019
0.7 0.6745500000000022
0.7 0.6829000000000022
0.7 0.682700000000002
0.7 0.6762500000000022
0.7 0.6639000000000022
0.7 0.6604500000000018
0.7 0.5908500000000015
0.7 0.6025500000000015
0.7 0.6609500000000019
0.7 0.675450000000002
0.7 0.6658500000000022
0.7 0.6742000000000019
0.7 0.6722000000000021
0.7 0.666050000000002
0.7 0.6558500000000016
0.7 0.6698000000000021
0.7 0.6672500000000023
0.7 0.6783500000000019
0.7 0.6805000000000018
0.7 0.6775000000000021
0.7 0.6648500000000023
0.7 0.6657500000000022
0.7 0.6600500000000019
0.7 0.6631500000000021
0.7 0.6709500000000023
0.7 0.6718000000000022
0.7 0.686700000000002
0.7 0.6786500000000018
0.7 0.6650000000000021
0.7 0.6695500000000025
0.7 0.6566500000000015
0.7 0.6585500000000017
0.7 0.6740000000000019
0.7 0.683300000000002
0.7 0.6818500000000021
0.7 0.6732000000000024
0.7 0.6678500000000024
0.7 0.6559000000000017
0.7 0.6644500000000022
0.7 0.6708000000000024
0.7 0.6817000000000023
0.7 0.6735000000000023
0.7 0.6817000000000022
0.7 0.6661500000000024
0.7 0.6812500000000021
0.7 0.6747500000000025
0.7 0.6819000000000023
0.7 0.6826000000000021
0.7 0.6820500000000023
0.7 0.6873500000000021
0.7 0.6711500000000018
0.7 0.6854500000000017
0.7 0.6795500000000024
0.7 0.6593000000000018
0.7 0.6723000000000021
0.7 0.6652000000000021
0.7 0.6616500000000021
0.7 0.6777500000000026
0.7 0.6751000000000021
0.7 0.6739000000000023
0.7 0.6855000000000017
0.7 0.6848000000000017
0.7 0.6759000000000026
0.7 0.6810500000000022
0.7 0.6822500000000022
0.7 0.6826500000000023
0.7 0.6721000000000024
0.7 0.6700000000000021
0.7 0.6720500000000023
0.7 0.6835000000000019
0.7 0.686850000000002
0.7 0.686400000000002
0.7 0.6888000000000019
0.7 0.682550000000002
0.7 0.6751500000000022
0.7 0.686000000000002
0.7 0.6932000000000015
0.7 0.6812500000000021
0.7 0.6819000000000021
0.7 0.6816000000000024
0.7 0.6767000000000023
0.7 0.6778500000000024
0.7 0.682250000000002
0.7 0.6722500000000023
0.7 0.6644500000000022
0.7 0.6638000000000023
0.7 0.6558000000000018
0.7 0.6726000000000023
0.7 0.6805500000000021
0.7 0.6788500000000021
0.7 0.6826000000000024
0.7 0.6782000000000022
0.7 0.6804500000000021
0.7 0.6871000000000016
0.7 0.6831500000000018
0.7 0.684950000000002
0.7 0.6845000000000021
0.7 0.6745500000000021
0.7 0.6721500000000017
0.7 0.6715500000000019
0.7 0.6830000000000019
0.7 0.6779500000000017
0.7 0.6749000000000018
0.7 0.6864500000000017
0.7 0.6740000000000022
0.7 0.6756000000000023
0.7 0.6687500000000018
0.7 0.6787000000000021
0.7 0.6765500000000024
0.7 0.6721000000000025
0.7 0.6667000000000026
0.7 0.6692000000000025
0.7 0.6757000000000025
0.7 0.6807500000000023
0.7 0.6754000000000023
0.7 0.6701500000000021
0.7 0.6602000000000017
