0.67 0.36655000000000015
0.67 0.3919000000000005
0.67 0.4030500000000006
0.67 0.4267000000000011
0.67 0.4259000000000011
0.67 0.42440000000000083
0.69 0.4004000000000007
0.67 0.3787500000000007
0.67 0.38240000000000135
0.76 0.39835000000000087
0.66 0.3941000000000007
0.86 0.4088000000000005
0.67 0.39345000000000113
0.72 0.3991500000000011
0.81 0.3944500000000013
0.73 0.4198000000000014
0.82 0.4299500000000013
0.67 0.4178000000000018
0.66 0.4145500000000017
0.67 0.42950000000000166
0.67 0.4369500000000012
0.71 0.41860000000000097
0.67 0.42045000000000093
0.71 0.48955000000000043
0.92 0.44330000000000136
0.9 0.4694500000000014
0.85 0.44135000000000174
0.7 0.4539500000000013
0.85 0.4489000000000013
0.67 0.47450000000000153
0.87 0.4832500000000008
0.67 0.5305000000000005
0.67 0.4228500000000007
0.67 0.5000000000000004
0.67 0.4680000000000012
0.73 0.5235000000000002
0.74 0.5480999999999997
0.75 0.5359499999999998
0.75 0.5463999999999996
0.78 0.56185
0.78 0.5655499999999999
0.78 0.5299999999999997
0.84 0.5350000000000005
0.82 0.5636999999999994
0.67 0.5569499999999997
0.67 0.52555
0.67 0.5399999999999993
0.67 0.5150500000000002
0.67 0.4739499999999995
0.67 0.5530499999999999
0.67 0.5571000000000003
0.75 0.5813
0.75 0.6239500000000008
0.79 0.6264000000000007
0.7 0.6364500000000008
0.75 0.6092500000000007
0.75 0.6117000000000009
0.8 0.6166499999999999
0.8 0.6135999999999998
0.8 0.6308000000000005
0.8 0.6408000000000007
0.8 0.6249500000000009
0.86 0.6055000000000005
0.67 0.58875
0.86 0.6413500000000009
0.78 0.5993500000000007
0.67 0.6346000000000007
0.67 0.655700000000001
0.67 0.647350000000001
0.67 0.653350000000001
0.67 0.6246500000000013
0.67 0.6549000000000015
0.67 0.6656000000000013
0.67 0.6631000000000011
0.67 0.6140500000000013
0.67 0.654450000000001
0.67 0.6370000000000007
0.67 0.6398499999999997
0.67 0.6607500000000006
0.96 0.6740500000000003
0.94 0.6716500000000003
0.94 0.6807500000000003
0.84 0.687900000000001
0.83 0.6649500000000017
0.9 0.6736500000000015
0.94 0.6906500000000012
0.94 0.6965500000000003
0.92 0.6977500000000006
0.92 0.7660999999999987
0.96 0.798499999999998
0.97 0.8400499999999991
0.97 0.880850000000001
0.97 0.8987000000000009
0.97 0.9206000000000003
0.97 0.9099499999999991
0.97 0.8658499999999982
0.97 0.890200000000001
0.97 0.8890499999999996
0.97 0.8808999999999998
0.97 0.8919999999999988
0.98 0.81635
0.97 0.8850999999999998
0.97 0.8863499999999999
0.97 0.821350000000001
0.98 0.8487499999999989
0.98 0.8732999999999989
0.97 0.9286499999999974
0.97 0.8271499999999982
0.97 0.882249999999998
0.97 0.9334999999999987
0.97 0.9566499999999998
0.97 0.8952999999999995
0.97 0.7173500000000033
0.86 0.6618000000000026
0.86 0.651700000000003
0.97 0.6884000000000021
0.97 0.7997499999999998
0.97 0.6961000000000018
0.97 0.7053500000000023
0.97 0.7458500000000001
0.97 0.794199999999998
0.97 0.8259999999999973
0.98 0.8324999999999996
0.92 0.7192999999999994
0.81 0.6677500000000013
0.9 0.6756500000000011
0.95 0.7042499999999999
0.97 0.8049999999999993
0.98 0.8753500000000003
0.98 0.9103999999999999
0.98 0.9285999999999972
0.98 0.945599999999996
0.98 0.9592499999999992
0.98 0.9592000000000003
0.98 0.94895
0.99 0.9650000000000002
0.99 0.9732000000000004
0.99 0.9754000000000005
0.99 0.9454499999999999
0.99 0.8979000000000013
0.99 0.9337000000000006
0.99 0.952799999999999
0.99 0.953049999999999
0.99 0.9536499999999993
0.99 0.9621499999999993
0.91 0.6779500000000003
0.97 0.6854500000000009
0.99 0.9433499999999987
0.99 0.9557499999999977
0.99 0.9733999999999966
0.99 0.9602499999999986
0.99 0.9026999999999993
0.99 0.9463499999999995
0.99 0.9540999999999967
0.99 0.917649999999997
0.99 0.9702499999999976
0.99 0.9817999999999991
0.99 0.6712500000000019
0.67 0.6665500000000018
0.99 0.9550999999999996
0.67 0.6650500000000015
0.97 0.9332499999999996
0.99 0.9327000000000001
0.99 0.9293499999999999
0.99 0.9384999999999998
0.86 0.6718500000000023
0.86 0.677650000000001
0.67 0.6590500000000021
0.67 0.6603500000000015
0.67 0.6662000000000015
0.99 0.6434000000000011
0.99 0.7189000000000008
0.99 0.7274500000000009
0.67 0.655600000000003
0.97 0.7030500000000014
0.97 0.6411000000000007
0.97 0.7099000000000001
0.99 0.8186500000000007
0.99 0.8526500000000007
0.96 0.8540000000000018
0.96 0.8729500000000006
0.96 0.8950500000000011
0.96 0.8873000000000003
0.96 0.8830500000000011
0.96 0.8998000000000006
0.97 0.9177000000000005
0.97 0.9198500000000004
0.97 0.9410999999999994
0.97 0.9376499999999984
0.97 0.9393999999999988
0.97 0.9460999999999996
0.97 0.9483499999999995
0.98 0.9347999999999982
0.98 0.9475999999999982
0.98 0.9523499999999995
0.98 0.9342499999999984
0.97 0.9162999999999951
0.98 0.7125500000000003
0.97 0.7834999999999984
0.98 0.8807499999999965
0.98 0.9187499999999973
0.98 0.8183999999999974
0.98 0.9272499999999979
0.98 0.8858499999999992
0.98 0.9338999999999988
0.98 0.894049999999998
0.98 0.9489999999999992
0.99 0.886899999999997
0.99 0.9286999999999987
0.99 0.9525499999999991
0.99 0.9249999999999978
0.99 0.8831999999999964
0.99 0.9406999999999995
0.99 0.9362000000000005
0.99 0.7838000000000014
0.99 0.7597000000000014
0.99 0.8388500000000004
0.99 0.9044000000000006
0.97 0.9283500000000003
0.97 0.9486500000000001
0.97 0.9587499999999999
0.97 0.9589499999999993
0.98 0.9600499999999994
0.98 0.963399999999999
0.97 0.9248999999999985
0.97 0.962199999999999
0.97 0.9454499999999989
0.98 0.9400999999999982
0.98 0.9404999999999982
0.98 0.9641499999999987
0.99 0.9631499999999985
0.99 0.9533499999999987
0.99 0.9455999999999984
0.99 0.9646499999999992
0.99 0.9656499999999992
0.99 0.962299999999999
0.99 0.9486999999999999
0.99 0.9644999999999995
0.99 0.965649999999999
0.99 0.9568499999999989
0.99 0.8395999999999961
0.99 0.7427999999999995
0.98 0.7957999999999983
0.99 0.8383499999999965
0.98 0.8825499999999977
0.99 0.9181999999999992
0.98 0.9293499999999993
0.98 0.8790499999999978
0.98 0.9238999999999978
0.98 0.9381499999999994
0.99 0.9135999999999992
0.99 0.912399999999999
0.99 0.8004499999999973
0.97 0.754399999999998
0.97 0.717950000000001
0.93 0.5143500000000012
0.9 0.5583000000000008
0.97 0.7297500000000001
0.97 0.779449999999999
0.97 0.8076999999999983
0.97 0.7352500000000002
0.97 0.7930499999999989
0.97 0.7047000000000005
0.97 0.7292000000000002
0.97 0.7813999999999979
0.97 0.7349500000000003
0.97 0.792499999999999
0.97 0.8436999999999979
0.97 0.7734999999999992
0.97 0.7772499999999992
0.97 0.809849999999999
0.97 0.7366499999999999
0.97 0.7211000000000014
0.97 0.8296000000000002
0.97 0.9031500000000001
0.97 0.8956999999999983
0.97 0.9468999999999994
0.97 0.9547500000000002
0.97 0.9606500000000006
0.97 0.96
0.97 0.9611999999999994
0.97 0.9646999999999992
0.97 0.9484999999999987
0.97 0.9477999999999993
0.97 0.959499999999999
0.97 0.9650499999999991
0.97 0.967499999999999
0.98 0.9204499999999974
0.97 0.9667999999999991
0.97 0.966499999999999
0.97 0.9656499999999992
0.97 0.9624999999999992
0.97 0.9643999999999991
0.97 0.9585999999999991
0.97 0.9608999999999992
0.98 0.9503499999999989
0.97 0.9649499999999989
0.97 0.9613499999999994
0.97 0.952899999999999
0.99 0.9580999999999993
0.97 0.9594499999999994
0.99 0.9632499999999987
0.98 0.9520499999999994
0.97 0.7048500000000004
0.97 0.7126500000000001
0.98 0.6816000000000009
0.92 0.6631000000000006
0.76 0.6678000000000012
0.67 0.669500000000001
0.67 0.6651500000000011
0.97 0.7463500000000003
0.76 0.6686500000000012
0.76 0.6733500000000009
0.76 0.6719000000000009
0.93 0.679600000000001
0.97 0.7592500000000001
0.97 0.7996499999999983
0.97 0.8569499999999987
0.97 0.8936500000000004
0.97 0.9222999999999993
0.97 0.9194999999999989
0.97 0.760899999999999
0.97 0.6445500000000011
0.97 0.789899999999999
0.97 0.812299999999997
0.97 0.8252499999999994
0.97 0.8161499999999975
0.97 0.7555499999999998
0.97 0.9217999999999992
0.97 0.9212499999999991
0.97 0.7309500000000004
0.97 0.7303500000000008
0.97 0.7842499999999991
0.97 0.8666999999999981
0.97 0.906849999999999
0.97 0.9375499999999997
0.97 0.9236499999999986
0.97 0.9313499999999987
0.97 0.8017499999999995
0.97 0.8537499999999965
0.97 0.7890499999999977
0.97 0.69985
0.97 0.743499999999999
0.97 0.8149999999999968
0.97 0.8377499999999959
0.97 0.8876999999999983
0.97 0.9095999999999989
0.97 0.9013499999999978
0.97 0.9039999999999979
0.97 0.8886499999999965
0.97 0.9149999999999983
0.97 0.8168999999999969
0.84 0.6717000000000009
0.97 0.677750000000001
0.97 0.6952000000000004
0.97 0.7053
0.97 0.7257499999999996
0.97 0.7456499999999994
0.97 0.8191999999999986
0.97 0.8614999999999999
0.97 0.8413499999999975
0.97 0.8212999999999984
0.97 0.8212999999999981
0.98 0.8201999999999992
0.97 0.7741499999999988
0.97 0.7951999999999987
0.98 0.8419999999999971
0.98 0.8827999999999989
0.98 0.8988500000000005
0.98 0.9184499999999991
0.94 0.7862499999999977
0.98 0.8719999999999986
0.98 0.9412499999999986
0.98 0.9395999999999983
0.98 0.9450999999999994
0.98 0.9589999999999997
0.98 0.9562000000000004
0.98 0.9610999999999996
0.98 0.964449999999999
0.98 0.9640999999999987
0.98 0.9612499999999996
0.99 0.9684499999999993
0.99 0.9734999999999999
0.98 0.9600999999999992
0.99 0.9508500000000013
0.99 0.9683500000000005
0.99 0.9685500000000001
0.99 0.9640500000000006
0.98 0.9594500000000004
0.99 0.9268499999999988
0.98 0.9490500000000003
0.99 0.9071999999999987
0.99 0.8986999999999992
0.99 0.8964499999999999
0.99 0.9359999999999994
0.99 0.8774999999999973
0.99 0.9615499999999996
0.99 0.9559499999999992
0.99 0.9532499999999995
0.99 0.9504499999999995
0.99 0.9399999999999984
0.99 0.9003999999999971
0.98 0.9355999999999992
0.98 0.8426999999999996
0.98 0.9549999999999993
0.98 0.9567999999999997
0.98 0.9018999999999977
0.98 0.9563499999999991
0.98 0.9339999999999972
0.98 0.9322499999999976
0.98 0.9591999999999998
0.98 0.9599500000000001
0.98 0.9642999999999994
0.98 0.9623999999999988
0.98 0.9673999999999987
0.98 0.9728999999999982
0.98 0.9767999999999978
0.98 0.9721999999999982
0.98 0.9723499999999983
0.98 0.8949999999999985
0.98 0.9356499999999983
0.98 0.7873499999999979
0.98 0.9081499999999981
0.98 0.849899999999996
0.98 0.9387499999999995
0.98 0.9639500000000001
0.98 0.9492499999999998
0.98 0.9649000000000001
0.98 0.9708499999999988
0.98 0.9728999999999981
0.98 0.9376999999999989
0.98 0.9639499999999992
0.98 0.9735999999999987
0.98 0.9571999999999988
0.98 0.9389499999999981
0.98 0.9492499999999994
0.98 0.9618499999999994
0.98 0.9674499999999985
0.98 0.9677499999999992
0.98 0.9785499999999976
0.98 0.9769999999999978
0.98 0.9745999999999978
0.98 0.9749999999999975
0.99 0.9764999999999978
0.99 0.9798499999999974
0.99 0.9738999999999975
0.99 0.9356000000000014
0.98 0.9575999999999988
0.98 0.9646999999999987
0.98 0.9695999999999984
0.98 0.958349999999999
0.98 0.9767499999999976
0.99 0.9736499999999976
0.99 0.9731499999999977
0.99 0.9709999999999979
0.99 0.9756999999999973
0.98 0.9711499999999981
0.99 0.973049999999998
0.99 0.9739499999999974
0.98 0.8946500000000022
0.99 0.9206000000000006
0.98 0.8972500000000007
0.98 0.9123000000000022
0.98 0.9400000000000002
0.99 0.9571499999999993
0.99 0.9671499999999983
0.99 0.973449999999998
0.99 0.9771999999999976
0.99 0.9772499999999975
0.99 0.9721499999999982
0.99 0.9749999999999985
0.99 0.9547499999999984
0.99 0.9307000000000001
0.99 0.9540500000000007
0.99 0.9680999999999992
0.99 0.9667499999999998
0.99 0.9795999999999964
0.99 0.9819999999999962
0.99 0.9790999999999983
0.99 0.9793999999999993
0.99 0.9816500000000002
0.99 0.9805500000000003
0.99 0.9361499999999969
0.99 0.9633499999999994
0.99 0.9553499999999987
0.99 0.9858000000000007
0.99 0.9774000000000005
0.99 0.9748500000000005
0.99 0.9825500000000013
0.99 0.8363500000000001
0.99 0.8992499999999961
0.99 0.8375000000000005
0.99 0.8163500000000009
0.99 0.8710999999999989
0.99 0.8837999999999981
0.99 0.8927499999999994
0.99 0.9142999999999983
0.99 0.9540499999999973
0.99 0.9685999999999975
0.99 0.7775500000000006
