0.5 0.6362000000000009
0.5 0.618800000000001
0.4 0.6239000000000011
0.4 0.6119000000000012
0.4 0.6298000000000011
0.16000000000000003 0.6170000000000008
0.16000000000000003 0.622300000000001
0.16000000000000003 0.6275000000000012
0.16000000000000003 0.6401000000000017
0.14 0.6201000000000013
0.14 0.5165000000000008
0.19999999999999996 0.5282000000000008
0.4 0.6363000000000013
0.4 0.6277000000000014
0.42000000000000004 0.596800000000001
0.4 0.6354000000000014
0.4 0.6396000000000016
0.42000000000000004 0.6563000000000013
0.4 0.6387000000000014
0.4 0.6387000000000014
0.38 0.6400000000000011
0.38 0.6336000000000012
0.4 0.6163000000000005
0.4 0.645200000000001
0.4 0.6142000000000007
0.33999999999999997 0.6022000000000011
0.4 0.5998000000000007
0.4 0.6049000000000009
0.4 0.5896000000000008
0.4 0.598700000000001
0.4 0.6026000000000007
0.30000000000000004 0.5973000000000005
0.43999999999999995 0.5755000000000006
0.4 0.5173000000000006
0.26 0.5000000000000008
0.26 0.4871000000000008
0.4 0.48730000000000034
0.4 0.5228999999999996
0.4 0.5958000000000019
0.4 0.5945000000000014
0.4 0.47449999999999937
0.4 0.5000000000000004
0.42000000000000004 0.6667000000000014
0.30000000000000004 0.6821000000000013
0.4 0.6457000000000015
0.4 0.5260000000000001
0.28 0.49480000000000063
0.28 0.45719999999999983
0.4 0.4691999999999996
0.42000000000000004 0.5461000000000009
0.42000000000000004 0.4813999999999994
0.4 0.5294000000000003
0.4 0.4862999999999999
0.4 0.4227999999999992
0.4 0.4360999999999995
0.4 0.4087999999999999
0.4 0.4083999999999999
0.4 0.4123999999999997
0.4 0.41399999999999976
0.4 0.4016000000000001
0.4 0.42319999999999985
0.4 0.4183
0.4 0.4180000000000001
0.38 0.4175000000000001
0.4 0.40590000000000015
0.42000000000000004 0.41740000000000016
0.4 0.6633000000000016
0.4 0.4890000000000003
0.4 0.4054999999999999
0.4 0.40210000000000007
0.4 0.4226999999999997
0.4 0.6660000000000015
0.38 0.4279999999999998
0.38 0.49669999999999914
0.4 0.5296
0.43999999999999995 0.5312000000000003
0.4 0.5349000000000005
0.4 0.4115999999999995
0.4 0.40590000000000004
0.4 0.4054000000000002
0.4 0.40490000000000015
0.4 0.4064000000000001
0.4 0.41090000000000004
0.4 0.41160000000000013
0.4 0.4110000000000001
0.4 0.5726000000000012
0.4 0.44599999999999956
0.5 0.4290999999999995
0.4 0.4215999999999993
0.4 0.4174999999999996
0.4 0.4043999999999998
0.4 0.4168999999999998
0.5 0.4178999999999997
0.5 0.42399999999999993
0.30000000000000004 0.43670000000000014
0.4 0.4242999999999996
0.28 0.5563000000000007
0.42000000000000004 0.4868000000000004
0.4 0.45440000000000075
0.26 0.43000000000000077
0.24 0.42210000000000036
0.19999999999999996 0.4214000000000003
0.19999999999999996 0.3935000000000011
0.06000000000000005 0.3806000000000002
0.06000000000000005 0.3630000000000001
0.06000000000000005 0.34709999999999985
0.18000000000000005 0.45900000000000063
0.14 0.4325000000000002
0.4 0.4888000000000002
0.4 0.4122999999999996
0.4 0.40709999999999946
0.16000000000000003 0.45349999999999996
0.4 0.4093999999999998
0.4 0.4879000000000005
0.4 0.4981000000000004
0.4 0.5217000000000003
0.4 0.4476999999999999
0.4 0.42469999999999963
0.4 0.4152999999999999
0.4 0.4908000000000004
0.4 0.5339000000000008
0.4 0.5696000000000012
0.4 0.4589999999999997
0.4 0.41949999999999954
0.4 0.49060000000000026
0.4 0.5015000000000005
0.4 0.44319999999999937
0.4 0.4660999999999999
0.4 0.5135000000000006
0.4 0.4319999999999996
0.4 0.548300000000001
0.4 0.5989000000000018
0.4 0.642400000000002
0.4 0.5354000000000005
0.4 0.6812000000000011
0.7 0.7000000000000008
0.4 0.4311999999999998
0.4 0.4251999999999997
0.4 0.4359999999999997
0.4 0.4313999999999997
0.4 0.4449999999999996
0.4 0.5215000000000007
0.4 0.5215000000000007
0.4 0.4747999999999999
0.4 0.4077
0.4 0.413
0.4 0.40640000000000015
0.4 0.43769999999999976
0.4 0.4232999999999999
0.4 0.4297999999999999
0.4 0.4173999999999998
0.4 0.46399999999999986
0.4 0.41400000000000003
0.4 0.41190000000000004
0.4 0.4001000000000003
0.4 0.4027000000000002
0.4 0.4002000000000002
0.4 0.4626999999999997
0.4 0.4017000000000002
0.4 0.4032000000000002
0.4 0.5395000000000009
0.4 0.4262999999999998
0.4 0.41120000000000007
0.4 0.40340000000000026
0.4 0.40080000000000027
0.4 0.4021000000000001
0.4 0.4183
0.4 0.5224000000000006
0.4 0.43649999999999983
0.4 0.5439000000000009
0.4 0.6452000000000021
0.4 0.5794000000000016
0.4 0.6649000000000016
0.4 0.5245000000000006
0.4 0.4574999999999994
0.4 0.47369999999999984
0.4 0.6054000000000016
0.4 0.6317000000000018
0.4 0.6135000000000016
0.4 0.5792000000000014
0.4 0.5444000000000007
0.4 0.4458999999999998
0.4 0.4461999999999995
0.4 0.42569999999999963
0.4 0.41529999999999995
0.4 0.4129
0.4 0.42
0.4 0.41540000000000005
0.4 0.4263
0.4 0.6018000000000017
0.4 0.5868000000000015
0.4 0.44449999999999984
0.4 0.45859999999999973
0.4 0.4477999999999998
0.4 0.42849999999999994
0.4 0.4156000000000001
0.4 0.40710000000000013
0.4 0.4253
0.4 0.4171
0.4 0.5153000000000005
0.4 0.4791
0.4 0.44089999999999974
0.4 0.41680000000000006
0.4 0.4492999999999998
0.4 0.41400000000000015
0.4 0.40660000000000013
0.4 0.4065999999999999
0.4 0.4099000000000001
0.4 0.4011000000000001
0.4 0.4026000000000002
0.4 0.4026000000000002
0.4 0.4013000000000002
0.4 0.40280000000000016
0.4 0.4014000000000003
0.4 0.4000000000000003
0.4 0.40150000000000025
0.4 0.4003000000000002
0.4 0.4001000000000003
0.4 0.4000000000000003
0.4 0.40080000000000027
0.4 0.40510000000000024
0.4 0.4021000000000001
0.4 0.4031000000000002
0.4 0.4008000000000002
0.4 0.4000000000000003
0.4 0.4000000000000003
0.4 0.4009000000000002
0.4 0.4007000000000002
0.4 0.4000000000000003
0.4 0.4000000000000003
0.4 0.4000000000000003
0.4 0.4000000000000003
0.4 0.4044000000000002
0.4 0.40590000000000015
0.4 0.4001000000000003
0.4 0.4000000000000003
0.4 0.40150000000000025
0.4 0.4000000000000003
0.4 0.40150000000000025
0.4 0.40330000000000027
0.4 0.44579999999999975
0.4 0.41680000000000006
0.4 0.4157
0.4 0.40440000000000026
0.4 0.41250000000000014
0.4 0.43339999999999973
0.4 0.4134
0.4 0.4050000000000001
0.4 0.4029000000000002
0.4 0.4062000000000001
0.4 0.4133
0.4 0.4621999999999998
0.4 0.44909999999999967
0.4 0.4475999999999998
0.4 0.4500999999999998
0.4 0.49690000000000006
0.4 0.4360999999999994
0.4 0.42339999999999967
0.4 0.5255000000000006
0.4 0.5051000000000004
0.4 0.5060000000000003
0.4 0.49170000000000014
0.4 0.5283000000000007
0.4 0.43569999999999987
0.4 0.4058000000000002
0.4 0.4037000000000003
0.4 0.4044000000000002
0.4 0.40200000000000025
0.4 0.4001000000000003
0.4 0.40300000000000025
0.4 0.4025000000000002
0.4 0.4199999999999999
0.4 0.41359999999999997
0.4 0.4030000000000002
0.4 0.4033000000000001
0.4 0.40060000000000023
0.4 0.4063000000000001
0.4 0.40230000000000027
0.4 0.4067
0.4 0.4789000000000001
0.4 0.4003000000000002
0.4 0.4002000000000002
0.4 0.40230000000000016
0.4 0.40040000000000026
0.4 0.41200000000000014
0.4 0.4055000000000002
0.4 0.40300000000000025
0.4 0.4090000000000002
0.4 0.4979000000000003
0.4 0.49000000000000005
0.4 0.5816000000000014
0.4 0.6463000000000018
0.4 0.5583000000000011
0.4 0.5177000000000006
0.4 0.5311000000000007
0.4 0.45129999999999976
0.4 0.47669999999999996
0.4 0.42529999999999984
0.4 0.4781000000000002
0.4 0.4051999999999999
0.4 0.4015000000000002
0.4 0.4001000000000003
0.4 0.4001000000000003
0.4 0.4031000000000002
0.4 0.4151
0.4 0.4001000000000003
0.4 0.4000000000000003
0.4 0.4022000000000003
0.4 0.4107000000000001
0.4 0.5431000000000009
0.4 0.42210000000000003
0.4 0.49060000000000026
0.4 0.551000000000001
0.4 0.42399999999999993
0.4 0.4064000000000002
0.4 0.4040000000000002
0.4 0.4005000000000002
0.4 0.40150000000000025
0.4 0.4017000000000002
0.4 0.4025000000000002
0.4 0.4001000000000003
0.4 0.4007000000000002
0.4 0.4020000000000002
0.4 0.4079999999999998
0.4 0.4101999999999996
0.4 0.40600000000000025
0.4 0.40450000000000025
0.4 0.44849999999999973
0.4 0.5047000000000001
0.4 0.4386999999999999
0.4 0.4509999999999998
0.4 0.4137000000000001
0.4 0.41730000000000006
0.4 0.5018000000000002
0.4 0.5088000000000004
0.4 0.4540999999999996
0.4 0.4280999999999999
0.4 0.4280999999999999
0.4 0.4666999999999999
0.4 0.4231999999999993
0.4 0.46089999999999975
0.4 0.42459999999999987
0.4 0.4248000000000001
0.4 0.4277999999999998
0.4 0.4215
0.4 0.40800000000000014
0.4 0.4081000000000001
0.4 0.418
0.4 0.4385999999999999
0.4 0.4399999999999998
0.4 0.41690000000000005
0.4 0.4922000000000002
0.7 0.7000000000000008
0.7 0.7000000000000008
0.4 0.6760000000000013
0.4 0.5870000000000015
0.4 0.689900000000001
0.4 0.6835000000000011
0.4 0.478
0.4 0.4049000000000001
0.4 0.4213
0.4 0.4540999999999997
0.4 0.5037000000000004
0.4 0.6790000000000012
0.4 0.5620000000000012
0.4 0.6231000000000018
0.4 0.4061000000000001
0.4 0.4001000000000003
0.4 0.4044000000000002
0.4 0.40730000000000016
0.4 0.40310000000000024
0.4 0.40450000000000025
0.4 0.4033000000000002
0.4 0.4069000000000002
0.4 0.4044000000000002
0.4 0.40050000000000024
0.4 0.4001000000000003
0.4 0.40240000000000026
0.4 0.40050000000000024
0.4 0.4000000000000003
0.4 0.40490000000000026
0.4 0.40590000000000026
0.4 0.4000000000000003
0.4 0.40150000000000025
0.4 0.4003000000000002
0.4 0.4000000000000003
0.4 0.4000000000000003
0.4 0.4000000000000003
0.4 0.40270000000000017
0.4 0.4097
0.4 0.40919999999999995
0.4 0.41479999999999995
0.4 0.4031000000000002
0.4 0.40290000000000026
0.4 0.40150000000000025
0.4 0.42179999999999995
0.4 0.40300000000000025
0.4 0.44139999999999996
0.4 0.4674999999999998
0.4 0.5387000000000007
0.4 0.4380999999999997
0.4 0.5934000000000015
0.4 0.4816000000000003
0.4 0.45409999999999995
0.4 0.40240000000000015
0.4 0.41099999999999964
0.4 0.40850000000000003
0.4 0.4154
0.4 0.4019000000000002
0.4 0.4076000000000001
0.4 0.40820000000000006
0.4 0.4647
0.4 0.4305999999999998
0.4 0.5489000000000009
0.4 0.4810000000000001
0.4 0.4757
0.4 0.41290000000000016
0.4 0.42679999999999985
0.4 0.40489999999999987
0.4 0.4039000000000001
0.4 0.4009000000000002
0.4 0.41430000000000006
0.4 0.4225999999999999
0.4 0.43689999999999984
0.4 0.42339999999999994
0.4 0.4279
0.4 0.44899999999999984
0.4 0.43429999999999963
0.4 0.41159999999999997
0.4 0.42209999999999986
0.4 0.4308999999999999
0.4 0.4361999999999999
0.4 0.4137000000000001
0.4 0.5076000000000002
0.4 0.4122000000000001
0.4 0.6675000000000014
0.4 0.6683000000000014
0.4 0.5747000000000013
0.4 0.5267000000000006
0.4 0.5085999999999999
0.4 0.41929999999999973
0.4 0.4815999999999996
0.4 0.41009999999999996
0.4 0.4125000000000001
0.4 0.4085000000000001
0.4 0.46959999999999985
0.4 0.4087000000000002
0.4 0.4038999999999999
0.4 0.45069999999999977
0.4 0.6145000000000017
0.4 0.4031000000000002
0.4 0.40310000000000024
0.4 0.4005000000000003
0.4 0.45629999999999976
0.4 0.4013000000000003
0.4 0.40440000000000026
0.4 0.4034000000000002
0.4 0.4017000000000002
0.4 0.40319999999999995
0.4 0.40539999999999976
0.4 0.4046
0.4 0.4045000000000002
0.4 0.40310000000000024
0.4 0.4107000000000001
0.4 0.4841000000000001
0.4 0.40460000000000024
0.4 0.4000000000000003
0.4 0.40450000000000025
0.4 0.4012000000000003
0.4 0.4029000000000002
0.4 0.4014000000000003
0.4 0.40020000000000033
0.4 0.4137000000000002
0.4 0.4070000000000002
0.4 0.4046000000000003
0.4 0.4054000000000002
0.4 0.4187000000000001
0.4 0.42840000000000006
0.4 0.43799999999999983
0.4 0.5207000000000006
0.4 0.5920000000000015
0.4 0.45049999999999985
0.4 0.4163000000000001
0.4 0.44869999999999977
0.4 0.5621000000000012
0.4 0.6293000000000019
0.4 0.41930000000000006
0.4 0.403
0.4 0.4005000000000002
0.4 0.4000000000000003
0.4 0.4014000000000003
0.4 0.4000000000000003
0.4 0.4026000000000003
0.4 0.4408999999999999
0.4 0.40680000000000005
0.4 0.4028999999999999
0.4 0.40670000000000023
0.4 0.47239999999999993
0.4 0.6610000000000015
0.4 0.6161000000000016
