0.89 0.4169199999999934
0.97 0.46986999999999624
0.97 0.4999899999999964
0.97 0.5348000000000004
0.97 0.5624800000000041
0.99 0.5802400000000009
0.99 0.5979900000000019
0.99 0.6201900000000026
0.99 0.6324000000000056
0.99 0.6534200000000067
0.99 0.6626800000000072
0.99 0.6773200000000053
0.99 0.695750000000003
0.99 0.7038300000000025
1.0 0.7161699999999998
1.0 0.7283199999999953
1.0 0.726759999999997
1.0 0.7402299999999928
1.0 0.736439999999992
1.0 0.7445599999999902
1.0 0.7390099999999914
1.0 0.7444799999999919
1.0 0.7546199999999892
1.0 0.7578499999999895
1.0 0.7634699999999885
1.0 0.7630399999999908
1.0 0.7614199999999909
1.0 0.7749699999999916
1.0 0.7849199999999923
1.0 0.7969299999999937
1.0 0.7938199999999951
1.0 0.7953099999999952
1.0 0.8038599999999951
1.0 0.8090799999999947
1.0 0.8104899999999955
1.0 0.8171499999999974
1.0 0.8219899999999973
1.0 0.8329199999999968
1.0 0.8409099999999974
1.0 0.8419399999999982
1.0 0.8409799999999981
1.0 0.8518199999999969
1.0 0.8561299999999953
1.0 0.8530299999999925
1.0 0.8538199999999958
1.0 0.8569699999999962
1.0 0.8611099999999939
1.0 0.8583699999999943
1.0 0.8560699999999943
1.0 0.8488799999999947
1.0 0.8591099999999936
1.0 0.8590399999999926
1.0 0.8683899999999944
1.0 0.8597799999999944
1.0 0.8613499999999944
1.0 0.8623299999999956
1.0 0.864579999999995
1.0 0.8780599999999966
1.0 0.867509999999994
1.0 0.8654399999999943
1.0 0.8799199999999981
1.0 0.8767799999999983
1.0 0.8854500000000022
1.0 0.8694099999999987
1.0 0.8650599999999977
1.0 0.8830200000000015
1.0 0.8721400000000028
1.0 0.8816200000000063
1.0 0.8818100000000055
1.0 0.8747300000000027
1.0 0.8778800000000011
1.0 0.8805600000000042
1.0 0.8775600000000041
1.0 0.8776700000000018
1.0 0.8871700000000071
1.0 0.883810000000005
1.0 0.8799000000000016
1.0 0.8800300000000032
1.0 0.886080000000006
1.0 0.8863300000000067
1.0 0.8894300000000064
1.0 0.8861100000000064
1.0 0.8965000000000077
1.0 0.9045100000000087
1.0 0.8928300000000057
1.0 0.9019200000000073
1.0 0.897570000000008
1.0 0.9098200000000084
1.0 0.9046400000000094
1.0 0.8954500000000085
1.0 0.8957500000000092
1.0 0.893880000000009
1.0 0.8935100000000077
1.0 0.8958200000000087
1.0 0.8963700000000087
1.0 0.8947100000000078
1.0 0.891320000000007
1.0 0.8884100000000067
1.0 0.8791000000000052
1.0 0.8867900000000071
