0.89 0.4090999999999971
0.89 0.4504799999999983
0.89 0.48358999999999847
0.89 0.5211099999999975
0.94 0.5471800000000022
0.94 0.5711499999999995
0.94 0.5866099999999994
0.94 0.5946499999999993
0.98 0.6114199999999976
0.98 0.6320899999999998
0.98 0.6462999999999997
0.98 0.6471199999999979
0.98 0.6595799999999995
0.98 0.6575699999999999
0.98 0.666919999999999
0.98 0.6767399999999951
0.98 0.6810399999999952
0.98 0.6926799999999924
0.98 0.7036099999999952
0.98 0.7143399999999983
0.98 0.71526
0.98 0.7153899999999984
0.98 0.7192499999999996
0.98 0.7255299999999989
0.98 0.7234699999999995
0.98 0.7149999999999972
0.98 0.7372000000000023
0.98 0.7338700000000014
0.98 0.7295000000000004
0.98 0.7362800000000006
0.98 0.7421400000000032
0.98 0.7428300000000024
0.98 0.7470900000000037
0.98 0.7458900000000048
0.98 0.7446400000000007
0.98 0.7416700000000024
0.98 0.7399200000000015
0.98 0.7393000000000011
0.98 0.7379400000000016
0.98 0.748990000000003
0.98 0.7640500000000061
0.99 0.7654000000000059
0.99 0.7825500000000061
0.99 0.7751100000000065
0.99 0.7862400000000066
0.99 0.7967900000000063
0.99 0.799540000000007
0.99 0.8085400000000029
0.99 0.7976700000000048
0.99 0.8079100000000039
0.99 0.8038700000000036
0.99 0.8139400000000029
0.99 0.8167800000000042
0.99 0.8250100000000044
0.99 0.8339900000000052
0.99 0.8331800000000036
0.99 0.8345000000000011
0.99 0.8323500000000016
0.99 0.8383000000000024
0.99 0.8330400000000013
0.99 0.8365800000000008
0.99 0.8431100000000005
0.99 0.84986
0.99 0.8450000000000037
0.99 0.8511100000000024
0.99 0.8437500000000038
0.99 0.8450600000000003
0.99 0.843689999999999
0.99 0.8491899999999986
0.99 0.853849999999998
0.99 0.8376400000000017
0.99 0.8419999999999991
0.99 0.8430499999999996
0.99 0.8551200000000002
0.99 0.8631599999999985
0.99 0.859319999999997
0.99 0.8580499999999995
0.99 0.8528600000000001
0.99 0.8643600000000001
0.99 0.8650299999999993
0.99 0.8717200000000028
0.99 0.8726900000000021
0.99 0.8647299999999988
0.99 0.8634800000000002
0.99 0.85945
0.99 0.8679800000000014
0.99 0.8711300000000052
0.99 0.8841500000000055
0.99 0.8760400000000048
0.99 0.8666300000000061
0.99 0.876890000000004
0.99 0.8774100000000077
0.99 0.8721700000000051
0.99 0.861090000000005
0.99 0.8650600000000019
0.99 0.8743700000000039
0.99 0.8791500000000079
0.99 0.8704800000000054
0.99 0.8663700000000031
0.99 0.8772100000000057
