0.95 0.41872999999999977
0.95 0.4605700000000013
0.95 0.4940900000000008
0.95 0.5277499999999974
0.96 0.5476299999999991
0.96 0.5802299999999981
0.96 0.59531
0.96 0.6188899999999993
0.98 0.636990000000002
0.98 0.643450000000002
0.98 0.6628000000000038
0.98 0.6733300000000024
0.98 0.68343
0.98 0.6972599999999974
0.98 0.7001299999999971
0.98 0.7062899999999966
0.98 0.7107199999999957
0.98 0.7036099999999956
0.98 0.7156299999999943
0.98 0.724209999999993
0.98 0.716489999999994
0.98 0.7156799999999948
0.98 0.728199999999993
0.98 0.7454599999999895
0.98 0.7505399999999885
0.98 0.7594599999999867
0.98 0.7697599999999877
0.98 0.7728099999999899
0.98 0.7883599999999922
0.98 0.789269999999992
0.98 0.7816599999999928
0.98 0.7839199999999933
0.98 0.7944099999999935
0.98 0.8020499999999943
0.98 0.807039999999993
0.98 0.8101599999999956
0.98 0.819229999999996
0.98 0.8103199999999953
0.98 0.8234500000000003
0.98 0.8253399999999983
0.98 0.8239999999999993
0.98 0.8175299999999972
0.98 0.814639999999995
0.98 0.8294599999999965
0.98 0.8244599999999965
0.98 0.8352999999999969
0.98 0.8255599999999969
0.98 0.8287999999999986
0.98 0.8372499999999964
0.98 0.8349699999999955
0.98 0.8257999999999952
0.98 0.8355799999999947
0.98 0.8332299999999941
0.98 0.8190899999999938
0.98 0.8318599999999938
0.98 0.829389999999993
0.98 0.8379999999999918
0.98 0.8454199999999944
0.98 0.8547999999999915
0.98 0.849979999999993
0.98 0.842259999999993
0.98 0.843839999999996
0.98 0.8451799999999944
0.98 0.8506599999999945
0.98 0.8565999999999923
0.98 0.8606899999999923
0.98 0.866329999999992
0.98 0.8610099999999923
0.98 0.8549699999999916
0.98 0.852189999999991
0.98 0.8389999999999924
0.98 0.8482499999999925
0.98 0.8467399999999933
0.98 0.8493999999999914
0.98 0.8615099999999913
0.98 0.8532199999999905
0.98 0.8544199999999913
0.98 0.8526699999999909
0.98 0.8450899999999893
0.98 0.8491099999999905
0.98 0.8597599999999891
0.98 0.8548299999999872
0.98 0.85971999999999
0.99 0.8555299999999909
0.99 0.8541299999999897
0.99 0.8594099999999921
0.99 0.8671799999999951
0.99 0.8682299999999943
0.99 0.8505299999999912
0.99 0.8558199999999928
0.99 0.8697299999999943
0.99 0.8730999999999937
0.99 0.8740499999999952
0.99 0.8715599999999925
0.99 0.8631599999999922
0.99 0.8688899999999914
0.99 0.8617499999999926
0.99 0.8625199999999951
0.99 0.8642499999999955
0.99 0.8663999999999942
