0.7 0.3952999999999983
0.68 0.41374999999999906
0.68 0.43049999999999966
0.68 0.41699999999999976
0.61 0.39894999999999853
0.69 0.4198999999999997
0.68 0.4185499999999996
0.78 0.4696000000000015
0.77 0.46065000000000117
0.85 0.466900000000001
0.93 0.4326000000000001
0.8 0.46015000000000134
0.8 0.46410000000000146
0.69 0.49115000000000136
0.94 0.4887000000000012
0.72 0.48135000000000133
0.74 0.5198500000000007
0.77 0.49870000000000125
0.75 0.44445000000000123
0.74 0.44415000000000104
0.76 0.49635000000000107
0.72 0.46815000000000073
0.7 0.43525000000000064
0.69 0.43064999999999953
0.72 0.4769000000000004
0.72 0.5209000000000006
0.74 0.5726000000000004
0.81 0.5379500000000003
0.72 0.5849500000000001
0.78 0.47510000000000135
0.72 0.4908500000000011
0.81 0.5737999999999999
0.75 0.5798499999999999
0.78 0.5652999999999999
0.73 0.5096000000000003
0.72 0.4624000000000001
0.81 0.43839999999999935
0.79 0.42544999999999983
0.79 0.4360500000000003
0.72 0.46280000000000143
0.78 0.4890500000000009
0.81 0.5632
0.72 0.5701500000000002
0.74 0.44945000000000035
0.77 0.4487500000000005
0.77 0.5237000000000017
0.83 0.5292000000000016
0.83 0.5763000000000005
0.83 0.5872499999999983
0.79 0.6392499999999993
0.83 0.6580499999999988
0.74 0.5773499999999985
0.84 0.6602499999999988
0.72 0.46654999999999974
0.74 0.5448
0.94 0.6140999999999989
0.79 0.6327000000000003
0.86 0.6632499999999996
0.86 0.6637499999999996
0.9 0.6968499999999992
0.86 0.6799999999999988
0.86 0.5370000000000017
0.86 0.5511500000000013
0.75 0.5940500000000003
0.89 0.6393499999999996
0.93 0.6667999999999995
0.88 0.6709999999999999
0.95 0.6751999999999994
0.94 0.6724999999999999
0.95 0.7153999999999999
0.93 0.539999999999999
0.95 0.7372
0.95 0.7833500000000001
0.95 0.6242499999999995
0.95 0.7092499999999998
0.93 0.5949499999999999
0.93 0.6365499999999994
0.91 0.7079499999999999
0.89 0.5818499999999984
0.93 0.7645500000000002
0.89 0.7129499999999999
0.93 0.6895499999999992
0.89 0.7377999999999987
0.78 0.6832999999999981
0.88 0.7040499999999986
0.84 0.6151499999999985
0.89 0.6715999999999989
0.89 0.7144500000000003
0.89 0.7316500000000005
0.89 0.7888000000000004
0.92 0.82805
0.95 0.8391
0.95 0.855399999999999
0.95 0.8572999999999991
0.95 0.8607999999999992
0.86 0.558249999999999
0.9 0.6566499999999987
0.95 0.6920499999999999
0.95 0.7585500000000007
0.9 0.5360999999999984
0.93 0.7067499999999999
0.95 0.7448000000000005
0.88 0.4590000000000012
0.85 0.47665000000000185
0.65 0.4221000000000007
0.87 0.44245000000000095
0.87 0.49830000000000174
0.93 0.5324500000000012
0.93 0.5353000000000006
0.89 0.5698000000000004
0.93 0.6283000000000001
0.89 0.5582000000000004
0.89 0.6247000000000006
0.89 0.6203
0.89 0.6793500000000001
0.93 0.7055499999999998
0.89 0.4926000000000025
0.9 0.6865499999999995
0.91 0.49035000000000134
0.9 0.4523500000000009
0.9 0.4615500000000013
0.9 0.5516000000000011
0.9 0.6330000000000003
0.94 0.6578500000000005
0.95 0.723850000000001
0.94 0.7714999999999992
0.95 0.7541500000000001
0.95 0.6831500000000001
0.95 0.777199999999999
0.95 0.7582500000000009
0.95 0.8094499999999999
0.95 0.8407500000000004
0.95 0.8705500000000016
0.95 0.8724500000000003
0.95 0.790199999999999
0.95 0.8576500000000018
0.95 0.8235000000000007
0.95 0.7978000000000012
0.95 0.7871500000000018
0.95 0.5761500000000012
0.95 0.6997999999999998
0.95 0.6961499999999999
0.95 0.6873999999999998
0.95 0.7176499999999989
0.95 0.674549999999998
0.95 0.7952000000000001
0.95 0.8453000000000004
0.86 0.4987000000000019
0.87 0.5612000000000016
0.92 0.6549999999999998
0.95 0.5147500000000023
0.94 0.5784000000000006
0.94 0.5774000000000005
0.94 0.4309000000000011
0.52 0.3769499999999998
0.94 0.500200000000001
0.94 0.6467999999999995
0.95 0.6851999999999993
0.95 0.7373000000000001
0.95 0.7785499999999997
0.93 0.7280999999999987
0.95 0.8346999999999993
0.95 0.8372999999999989
0.95 0.8273499999999993
0.95 0.7581000000000008
0.95 0.6414500000000003
0.95 0.7749000000000001
0.95 0.80645
0.95 0.8005500000000005
0.95 0.8380999999999987
0.95 0.8441000000000008
0.95 0.8586499999999998
0.95 0.8936500000000008
0.95 0.8804000000000012
0.95 0.9016500000000007
0.95 0.8988500000000004
0.95 0.8905500000000007
0.95 0.7893000000000017
0.95 0.8123000000000016
0.95 0.8430000000000024
0.95 0.8690500000000035
0.72 0.7131499999999995
0.72 0.7101499999999994
0.95 0.6995
0.95 0.7366499999999994
0.95 0.7503499999999994
0.72 0.7127999999999994
0.94 0.7514499999999997
0.72 0.7081499999999995
0.95 0.7119999999999991
0.95 0.7160499999999993
0.72 0.5611499999999999
0.94 0.6245499999999998
0.72 0.6489499999999997
0.72 0.6553499999999994
0.72 0.6939499999999991
0.72 0.6917999999999993
0.72 0.6997499999999991
0.72 0.7066999999999993
0.72 0.6984999999999997
0.72 0.6966999999999995
0.72 0.7073499999999996
0.72 0.7024999999999991
0.72 0.7022499999999993
0.72 0.7095999999999993
0.72 0.699899999999999
0.72 0.6891499999999993
0.72 0.7050499999999993
0.72 0.6895499999999992
0.72 0.6997999999999993
0.72 0.7028499999999993
0.72 0.7030499999999992
0.72 0.6980499999999988
0.72 0.7028999999999993
0.72 0.6974499999999992
0.72 0.690049999999999
0.94 0.7090499999999991
0.94 0.7064999999999988
0.94 0.7105499999999989
0.94 0.724999999999999
0.94 0.7232499999999992
0.94 0.731899999999999
0.94 0.6447000000000009
0.94 0.764399999999999
0.95 0.8109499999999998
0.94 0.85205
0.95 0.8860000000000007
0.95 0.8895000000000008
0.95 0.9126999999999991
0.95 0.9214499999999992
0.95 0.9306999999999988
0.95 0.9361499999999985
0.95 0.9382499999999986
0.95 0.9375499999999994
0.95 0.93885
0.95 0.9329000000000007
0.95 0.9392500000000008
0.95 0.9438499999999992
0.95 0.940299999999999
0.95 0.9233500000000003
0.95 0.9326499999999992
0.95 0.9425999999999982
0.95 0.933599999999999
0.95 0.9248499999999994
0.95 0.9379499999999985
0.95 0.9357999999999993
0.95 0.9016500000000011
0.95 0.9387499999999985
0.95 0.9355999999999987
0.95 0.9446999999999984
0.95 0.9452999999999981
0.95 0.9417999999999984
0.95 0.9452499999999983
0.95 0.9421499999999977
0.95 0.9385499999999982
0.95 0.9339499999999988
0.95 0.9348999999999985
0.95 0.9472999999999978
0.95 0.9484999999999978
0.95 0.9465499999999979
0.95 0.9465999999999979
0.95 0.9432499999999984
0.95 0.9464999999999979
0.95 0.8608000000000015
0.95 0.867000000000002
0.95 0.8851000000000014
0.95 0.8399500000000016
0.95 0.8239500000000008
0.95 0.9140000000000006
0.95 0.9410999999999987
0.95 0.9448499999999983
0.95 0.9460499999999981
0.95 0.9451499999999982
0.95 0.9404499999999988
0.95 0.9409999999999985
0.95 0.9403999999999987
0.95 0.9420999999999985
0.95 0.9437999999999982
0.95 0.8278000000000013
0.95 0.9241000000000006
0.95 0.9220000000000013
0.95 0.9309499999999997
0.95 0.9304000000000001
0.95 0.92605
0.95 0.9409999999999991
0.95 0.9259999999999989
0.95 0.9415999999999984
0.95 0.940499999999998
0.95 0.9414999999999984
0.95 0.9380499999999983
0.95 0.9475499999999978
0.95 0.9492499999999977
0.95 0.9430999999999983
0.95 0.8822499999999996
0.95 0.8478000000000001
0.95 0.8963500000000001
0.95 0.8639500000000008
0.95 0.8831000000000004
0.95 0.9302999999999991
0.95 0.9396999999999985
0.95 0.9426499999999984
0.95 0.9181999999999995
0.95 0.9425499999999987
0.95 0.9473999999999979
0.95 0.9478999999999977
0.95 0.9424999999999985
0.95 0.9346999999999981
0.95 0.9273499999999985
0.95 0.792650000000002
0.95 0.9181500000000022
0.95 0.9328000000000002
0.95 0.766650000000002
0.95 0.5637000000000016
0.95 0.7246500000000009
0.95 0.7594000000000019
0.95 0.4872000000000017
0.95 0.5137000000000009
0.95 0.5975999999999988
0.95 0.6285999999999987
0.95 0.7017500000000002
0.95 0.7507500000000007
0.95 0.7123500000000006
0.95 0.6710000000000003
0.95 0.6782000000000014
0.95 0.8360999999999998
0.95 0.8900500000000003
0.95 0.876050000000001
0.95 0.8989000000000005
0.95 0.9060000000000007
0.95 0.8735000000000016
0.95 0.9257999999999998
0.95 0.8899500000000014
0.95 0.7835000000000021
0.95 0.8354000000000013
0.95 0.8210000000000021
0.67 0.5028000000000018
0.95 0.6712500000000025
0.95 0.8216000000000016
0.95 0.8583500000000011
0.95 0.8848500000000007
0.95 0.8878000000000006
0.95 0.5362000000000023
0.95 0.4234500000000002
0.95 0.6974500000000006
0.95 0.7928500000000004
0.95 0.7806999999999998
0.95 0.7907000000000004
0.95 0.8366000000000006
0.95 0.8742000000000012
0.95 0.8757000000000018
0.95 0.9013000000000011
0.95 0.7256000000000006
0.95 0.6571000000000023
0.95 0.7370000000000019
0.95 0.8305499999999999
0.95 0.7946500000000011
0.76 0.655650000000001
0.76 0.6753500000000013
0.95 0.8113500000000009
0.95 0.850600000000001
0.95 0.8681000000000002
0.95 0.8982500000000012
0.95 0.7333000000000021
0.95 0.7686000000000012
0.95 0.8147000000000023
0.76 0.7034999999999991
0.76 0.7195500000000001
0.76 0.7370499999999999
0.76 0.7470499999999999
0.76 0.753700000000001
0.76 0.756100000000001
0.76 0.757000000000001
0.76 0.7579500000000006
0.76 0.7590000000000007
0.76 0.7592000000000008
0.76 0.7591000000000008
0.76 0.7575500000000008
0.76 0.7576000000000007
0.76 0.7592500000000006
0.76 0.7591500000000007
0.76 0.7585500000000006
0.76 0.7593500000000006
0.76 0.7538000000000008
0.76 0.7573500000000007
0.76 0.753950000000001
0.76 0.6583000000000021
0.76 0.7106000000000019
0.76 0.7418500000000023
0.76 0.7373000000000018
0.77 0.7566000000000009
0.77 0.7581500000000009
0.78 0.7581500000000009
0.77 0.7577000000000008
0.77 0.7579500000000017
0.77 0.7567000000000015
0.76 0.7567000000000013
0.76 0.7584000000000007
0.76 0.7224000000000019
0.81 0.752800000000001
0.84 0.757500000000001
0.84 0.7630500000000009
0.84 0.764950000000001
0.84 0.7663000000000006
0.84 0.7689500000000009
0.76 0.7545500000000012
0.76 0.7579000000000012
0.76 0.7586000000000007
0.76 0.7554000000000007
0.76 0.7557500000000006
0.76 0.7568500000000011
0.76 0.7576500000000008
0.76 0.7596500000000005
0.76 0.7583500000000007
0.76 0.7586000000000008
0.76 0.7591000000000007
0.76 0.7591500000000008
0.76 0.7592000000000004
0.76 0.7583500000000007
0.76 0.7594000000000007
0.76 0.7595500000000008
0.76 0.7589500000000007
0.76 0.758350000000001
0.76 0.7588000000000011
0.76 0.7590000000000009
0.76 0.7573000000000011
0.76 0.7579500000000009
0.76 0.7583000000000006
0.77 0.7573000000000012
0.8 0.7591500000000008
0.89 0.7619500000000007
0.89 0.764250000000001
0.94 0.7679000000000014
0.94 0.7893500000000013
0.94 0.7581500000000004
0.89 0.75245
0.89 0.7563500000000006
0.89 0.7674500000000013
0.89 0.7617500000000015
0.89 0.7559000000000011
0.76 0.7550000000000011
0.76 0.7523500000000012
0.76 0.7573000000000013
0.76 0.758850000000001
0.76 0.758900000000001
0.76 0.7593500000000004
0.76 0.7584000000000011
0.76 0.7589500000000008
0.76 0.7587500000000007
0.76 0.758250000000001
0.76 0.7068000000000005
0.76 0.7333000000000013
0.76 0.7495500000000015
0.76 0.7563000000000011
0.76 0.756250000000001
0.76 0.7572000000000011
0.76 0.7548500000000015
0.76 0.7567500000000014
0.76 0.7571000000000011
0.76 0.755550000000001
0.76 0.7525500000000016
0.76 0.7542000000000015
0.76 0.7537000000000016
0.76 0.7522000000000013
0.76 0.7534000000000021
0.76 0.7521000000000012
0.76 0.755850000000001
0.76 0.7560500000000014
0.76 0.7550500000000013
0.76 0.7557500000000011
0.76 0.7537500000000013
0.76 0.7555000000000013
0.76 0.7540500000000014
0.76 0.7533500000000014
0.76 0.7565500000000017
0.76 0.7574000000000011
0.76 0.7584000000000007
0.76 0.7589500000000008
0.83 0.7590000000000009
0.81 0.757800000000001
0.81 0.7545000000000017
0.84 0.7571000000000012
0.76 0.749050000000001
0.76 0.7488000000000008
0.76 0.7520000000000016
0.76 0.7425000000000002
0.78 0.7441000000000004
0.78 0.750150000000001
0.78 0.751300000000001
0.93 0.7576500000000012
0.93 0.7602500000000009
0.93 0.7617000000000012
0.93 0.7714000000000014
0.93 0.787500000000001
0.93 0.8105499999999997
0.93 0.8339000000000003
0.93 0.8268499999999992
0.93 0.8380999999999998
0.93 0.8722000000000004
0.93 0.8995000000000019
0.94 0.9116500000000016
