0.28 0.6592999999999989
0.28 0.6537999999999987
0.28 0.6393999999999987
0.4 0.6314999999999987
0.19999999999999996 0.636899999999999
0.18000000000000005 0.6398999999999985
0.18000000000000005 0.6385999999999986
0.4 0.6468999999999983
0.4 0.6764999999999978
0.4 0.6566999999999985
0.42000000000000004 0.6498999999999983
0.4 0.6392999999999982
0.21999999999999997 0.6368999999999985
0.36 0.6835999999999983
0.33999999999999997 0.6752999999999985
0.4 0.6630999999999979
0.33999999999999997 0.6640999999999978
0.4 0.6463999999999982
0.4 0.6267999999999981
0.33999999999999997 0.6698999999999983
0.4 0.688099999999998
0.33999999999999997 0.7060999999999988
0.42000000000000004 0.6830999999999983
0.31999999999999995 0.6707999999999985
0.33999999999999997 0.641599999999998
0.24 0.641799999999998
0.31999999999999995 0.623099999999998
0.09999999999999998 0.596399999999998
0.16000000000000003 0.5779999999999991
0.09999999999999998 0.540199999999999
0.09999999999999998 0.5341999999999991
0.18000000000000005 0.537499999999999
0.14 0.5485999999999988
0.07999999999999996 0.5274999999999994
0.16000000000000003 0.5537999999999987
0.07999999999999996 0.5102999999999993
0.09999999999999998 0.4816999999999991
0.12 0.44069999999999965
0.12 0.4352999999999998
0.07999999999999996 0.4058999999999996
0.16000000000000003 0.40649999999999925
0.12 0.43740000000000007
0.020000000000000018 0.40649999999999936
0.020000000000000018 0.4173999999999993
0.020000000000000018 0.4111999999999997
0.06000000000000005 0.4023999999999994
0.24 0.427399999999999
0.09999999999999998 0.39389999999999903
0.07999999999999996 0.42039999999999933
0.16000000000000003 0.4369999999999997
0.07999999999999996 0.38949999999999946
0.33999999999999997 0.4430999999999992
0.4 0.48479999999999884
0.4 0.4570999999999993
0.4 0.450699999999999
0.16000000000000003 0.42009999999999903
0.16000000000000003 0.4201999999999989
0.4 0.4739999999999991
0.4 0.5080999999999992
0.4 0.5411999999999988
0.4 0.47039999999999926
0.4 0.43819999999999915
0.4 0.4705999999999994
0.4 0.6266999999999983
0.4 0.6587999999999984
0.4 0.5699999999999992
0.4 0.5718999999999991
0.4 0.5850999999999992
0.4 0.4687999999999992
0.4 0.4882
0.4 0.4883000000000001
0.4 0.42589999999999945
0.4 0.4247999999999996
0.4 0.42019999999999963
0.4 0.4092999999999997
0.4 0.4104999999999999
0.4 0.45549999999999874
0.4 0.4174999999999994
0.4 0.42139999999999955
0.4 0.46599999999999997
0.4 0.4506999999999999
0.4 0.4543000000000002
0.4 0.44809999999999994
0.4 0.5439999999999993
0.4 0.4433999999999997
0.4 0.4302999999999993
0.4 0.4114000000000002
0.4 0.4066999999999999
0.4 0.40739999999999943
0.4 0.4269999999999991
0.4 0.4116999999999997
0.4 0.40600000000000014
0.4 0.4085999999999997
0.4 0.41499999999999865
0.4 0.40559999999999996
0.4 0.40290000000000026
0.4 0.4019000000000002
0.4 0.40100000000000013
0.4 0.4003000000000004
0.4 0.4005000000000004
0.4 0.40310000000000007
0.4 0.4124999999999997
0.4 0.4040000000000001
0.4 0.40759999999999985
0.4 0.40629999999999966
0.4 0.4352999999999988
0.4 0.4021
0.4 0.4052000000000001
0.4 0.40190000000000015
0.4 0.40330000000000005
0.4 0.40400000000000014
0.4 0.4829
0.4 0.43299999999999933
0.42000000000000004 0.45149999999999907
0.42000000000000004 0.44939999999999936
0.42000000000000004 0.48919999999999897
0.42000000000000004 0.442499999999999
0.42000000000000004 0.5253999999999996
0.42000000000000004 0.5157999999999997
0.4 0.5962999999999978
0.4 0.5821999999999986
0.42000000000000004 0.5552999999999993
0.42000000000000004 0.5645999999999998
0.43999999999999995 0.5441999999999996
0.43999999999999995 0.4924999999999995
0.4 0.47959999999999964
0.42000000000000004 0.4540999999999996
0.4 0.44169999999999965
0.42000000000000004 0.43689999999999984
0.42000000000000004 0.42870000000000075
0.42000000000000004 0.4288000000000005
0.42000000000000004 0.42630000000000057
0.43999999999999995 0.42860000000000065
0.42000000000000004 0.44390000000000057
0.42000000000000004 0.42880000000000046
0.4 0.4265000000000006
0.42000000000000004 0.4662000000000003
0.42000000000000004 0.48890000000000017
0.42000000000000004 0.4459000000000005
0.4 0.4319000000000007
0.42000000000000004 0.4301000000000006
0.42000000000000004 0.43930000000000047
0.42000000000000004 0.4635000000000003
0.42000000000000004 0.4293000000000004
0.42000000000000004 0.4259000000000006
0.42000000000000004 0.42470000000000063
0.42000000000000004 0.4279000000000007
0.43999999999999995 0.43610000000000054
0.42000000000000004 0.42720000000000063
0.43999999999999995 0.42570000000000063
0.43999999999999995 0.4623000000000003
0.42000000000000004 0.4630000000000002
0.42000000000000004 0.4525000000000004
0.42000000000000004 0.4498000000000005
0.42000000000000004 0.4273000000000009
0.4 0.4354000000000006
0.42000000000000004 0.4969000000000002
0.42000000000000004 0.5724000000000001
0.42000000000000004 0.4449000000000003
0.42000000000000004 0.445800000000001
0.42000000000000004 0.4763000000000007
0.42000000000000004 0.5150000000000001
0.43999999999999995 0.4650000000000007
0.42000000000000004 0.4924000000000009
0.42000000000000004 0.4548000000000007
0.42000000000000004 0.45730000000000076
0.42000000000000004 0.45030000000000053
0.42000000000000004 0.43570000000000086
0.42000000000000004 0.424900000000001
0.42000000000000004 0.42140000000000116
0.42000000000000004 0.4432000000000009
0.42000000000000004 0.4190000000000013
0.42000000000000004 0.4180000000000012
0.42000000000000004 0.416600000000001
0.4 0.417600000000001
0.4 0.4183000000000008
0.42000000000000004 0.41810000000000097
0.42000000000000004 0.415500000000001
0.42000000000000004 0.4220000000000006
0.42000000000000004 0.4239000000000004
0.42000000000000004 0.4404999999999999
0.4 0.5503999999999984
0.4 0.44290000000000007
0.42000000000000004 0.4237000000000007
0.42000000000000004 0.421800000000001
0.42000000000000004 0.4222000000000009
0.42000000000000004 0.41730000000000134
0.42000000000000004 0.43950000000000067
0.42000000000000004 0.4185000000000012
0.42000000000000004 0.42000000000000104
0.42000000000000004 0.42690000000000067
0.42000000000000004 0.44000000000000006
0.42000000000000004 0.41750000000000065
0.42000000000000004 0.42650000000000043
0.42000000000000004 0.416800000000001
0.42000000000000004 0.41700000000000104
0.42000000000000004 0.41780000000000084
0.4 0.4184000000000011
0.4 0.4209000000000009
0.4 0.421500000000001
0.4 0.4181000000000013
0.4 0.4188000000000012
0.4 0.41850000000000187
0.4 0.4167000000000013
0.42000000000000004 0.4170000000000009
0.42000000000000004 0.41840000000000066
0.42000000000000004 0.4140000000000007
0.42000000000000004 0.41380000000000083
0.42000000000000004 0.41570000000000074
0.42000000000000004 0.4159000000000009
0.42000000000000004 0.41850000000000054
0.4 0.4128000000000003
0.4 0.4158000000000015
0.4 0.423200000000001
0.4 0.4732999999999996
0.4 0.43689999999999984
0.4 0.4389999999999988
0.4 0.5539999999999984
0.42000000000000004 0.46439999999999904
0.4 0.5429999999999987
0.4 0.4469000000000004
0.42000000000000004 0.4304000000000005
0.42000000000000004 0.4178000000000007
0.42000000000000004 0.4173000000000006
0.42000000000000004 0.4140000000000002
0.42000000000000004 0.42570000000000086
0.42000000000000004 0.41990000000000116
0.42000000000000004 0.42470000000000085
0.42000000000000004 0.4199000000000011
0.42000000000000004 0.417800000000001
0.42000000000000004 0.41820000000000085
0.42000000000000004 0.420300000000001
0.4 0.4208000000000012
0.4 0.4189000000000012
0.4 0.42420000000000085
0.4 0.42520000000000047
0.42000000000000004 0.4337999999999999
0.4 0.4313000000000002
0.4 0.4774999999999993
0.42000000000000004 0.5619999999999987
0.42000000000000004 0.445
0.42000000000000004 0.4273000000000001
0.42000000000000004 0.4437
0.4 0.4382000000000002
0.4 0.4401999999999998
0.4 0.4772999999999994
0.4 0.4245000000000009
0.4 0.4217000000000008
0.4 0.41980000000000095
0.42000000000000004 0.42200000000000104
0.42000000000000004 0.42470000000000113
0.4 0.41860000000000114
0.4 0.4170000000000009
0.4 0.421100000000001
0.42000000000000004 0.4287000000000008
0.42000000000000004 0.43770000000000064
0.42000000000000004 0.4164000000000012
0.42000000000000004 0.4194000000000009
0.4 0.41590000000000077
0.4 0.4157000000000008
0.4 0.4131000000000006
0.4 0.4219000000000006
0.4 0.4180000000000002
0.4 0.4144000000000005
0.4 0.4400000000000003
0.4 0.4175000000000002
0.4 0.40819999999999984
0.4 0.40560000000000007
0.4 0.4032000000000002
0.4 0.40480000000000005
0.4 0.407
0.4 0.4036
0.4 0.40130000000000005
0.4 0.4045
0.4 0.40499999999999986
0.4 0.4043
0.4 0.40259999999999996
0.4 0.4040999999999999
0.4 0.40180000000000016
0.4 0.40110000000000007
0.4 0.40140000000000015
0.4 0.4014000000000001
0.4 0.40240000000000004
0.4 0.4020000000000001
0.4 0.4019000000000002
0.4 0.40140000000000015
0.4 0.40379999999999994
0.4 0.4046
0.4 0.40409999999999996
0.4 0.40729999999999983
0.4 0.4291999999999998
0.4 0.4932000000000005
0.4 0.41349999999999976
0.4 0.4093999999999998
0.4 0.4318999999999997
0.4 0.41229999999999994
0.4 0.42619999999999997
0.4 0.4145
0.4 0.40619999999999995
0.4 0.41090000000000004
0.4 0.4060999999999999
0.4 0.4058999999999998
0.4 0.4036999999999999
0.4 0.40569999999999995
0.4 0.4008000000000001
0.4 0.4233999999999999
0.4 0.41429999999999984
0.4 0.40280000000000016
0.4 0.4013000000000002
0.4 0.40170000000000017
0.4 0.4028000000000001
0.4 0.4050999999999999
0.4 0.41369999999999996
0.4 0.4021000000000001
0.4 0.40150000000000013
0.4 0.40209999999999996
0.4 0.40330000000000005
0.4 0.4182999999999999
0.4 0.40540000000000015
0.4 0.40570000000000006
0.4 0.4007000000000002
0.4 0.4025000000000002
0.4 0.41989999999999983
0.4 0.47040000000000043
0.4 0.47480000000000055
0.4 0.41039999999999993
0.4 0.4360999999999994
0.4 0.42049999999999954
0.4 0.4710000000000003
0.4 0.5266000000000008
0.4 0.6091000000000015
0.43999999999999995 0.6093000000000015
0.4 0.5339000000000018
0.4 0.5021000000000012
0.4 0.41659999999999947
0.4 0.410699999999999
0.4 0.4043999999999999
0.4 0.409
0.4 0.4036000000000001
0.4 0.4008000000000001
0.4 0.40120000000000033
0.4 0.4122
0.4 0.4167999999999998
0.4 0.4061999999999999
0.4 0.40489999999999987
0.4 0.46250000000000036
0.4 0.4054999999999997
0.4 0.4605000000000004
0.4 0.5793000000000009
0.4 0.572300000000001
0.4 0.5838000000000013
0.45999999999999996 0.5754000000000012
0.4 0.5512000000000006
0.4 0.5253000000000008
0.4 0.4829000000000005
0.4 0.4541999999999999
0.4 0.4763000000000001
0.4 0.4444000000000001
0.4 0.4462999999999996
0.4 0.4612999999999998
0.4 0.42709999999999915
0.4 0.4074999999999996
0.4 0.4344999999999997
0.4 0.4210999999999994
0.4 0.40290000000000015
0.4 0.4105999999999991
0.4 0.4038999999999999
0.4 0.40739999999999976
0.4 0.4052999999999999
0.4 0.4090999999999994
0.4 0.422699999999999
0.4 0.4114999999999997
0.4 0.40709999999999963
0.4 0.4047999999999999
0.4 0.4012000000000003
0.4 0.40260000000000007
0.4 0.4031000000000002
0.4 0.4038999999999999
0.4 0.4048999999999998
0.4 0.46449999999999847
0.4 0.43569999999999887
0.4 0.49939999999999884
0.4 0.4080999999999997
0.4 0.40570000000000017
0.4 0.4050000000000001
0.4 0.4040000000000002
0.4 0.40679999999999983
0.4 0.4211999999999996
0.4 0.4220999999999994
0.4 0.4019000000000002
0.4 0.42839999999999934
0.4 0.4231999999999995
0.4 0.40979999999999983
0.4 0.4047
0.4 0.41349999999999976
0.4 0.40380000000000016
0.4 0.4063000000000001
0.4 0.40430000000000005
0.4 0.40789999999999993
0.4 0.48049999999999976
0.4 0.41819999999999985
0.4 0.46129999999999904
0.4 0.46809999999999957
0.4 0.46739999999999915
0.4 0.4255999999999995
0.4 0.41719999999999935
0.4 0.4104999999999998
0.4 0.4035
0.4 0.40280000000000016
0.4 0.40919999999999973
0.4 0.4061999999999999
0.4 0.4063000000000001
0.4 0.40749999999999986
0.4 0.46379999999999877
0.4 0.47769999999999874
0.4 0.5352999999999986
0.4 0.4985999999999986
0.4 0.44689999999999935
0.4 0.5192999999999985
0.4 0.5259999999999987
0.4 0.5783999999999984
0.4 0.4841999999999988
0.4 0.6435999999999983
0.4 0.6111999999999981
0.4 0.5908999999999981
0.4 0.562299999999998
0.4 0.5252999999999992
0.4 0.5691999999999997
0.4 0.5276999999999995
0.4 0.4932999999999998
0.4 0.4836999999999999
0.4 0.46719999999999984
0.4 0.46259999999999984
0.42000000000000004 0.625899999999998
0.42000000000000004 0.5857999999999987
0.42000000000000004 0.557599999999999
0.42000000000000004 0.5421999999999997
0.4 0.4505000000000001
0.4 0.4537000000000002
0.4 0.44000000000000045
0.4 0.4350000000000005
0.4 0.4327000000000007
0.4 0.42910000000000054
0.4 0.4509000000000012
0.4 0.5268000000000006
0.4 0.5113000000000006
0.4 0.5168000000000009
0.4 0.45410000000000095
0.4 0.4555000000000009
0.4 0.44220000000000076
0.4 0.5243999999999992
0.42000000000000004 0.5945999999999987
0.4 0.5968999999999985
0.4 0.551699999999999
0.4 0.47340000000000065
0.4 0.6282999999999984
0.4 0.5332999999999999
0.4 0.4554000000000004
0.42000000000000004 0.609999999999998
0.42000000000000004 0.602699999999998
0.42000000000000004 0.5349000000000003
0.42000000000000004 0.5059
0.42000000000000004 0.4827999999999995
0.42000000000000004 0.48319999999999985
0.42000000000000004 0.4578999999999994
0.42000000000000004 0.43739999999999957
0.42000000000000004 0.43109999999999965
0.42000000000000004 0.4289000000000002
0.42000000000000004 0.41940000000000116
0.42000000000000004 0.42830000000000085
0.42000000000000004 0.4229000000000013
0.42000000000000004 0.4261000000000009
0.42000000000000004 0.43780000000000135
0.42000000000000004 0.4284000000000012
0.42000000000000004 0.42390000000000166
0.42000000000000004 0.4208000000000014
0.42000000000000004 0.43330000000000135
0.42000000000000004 0.4701000000000001
0.42000000000000004 0.4619000000000004
0.42000000000000004 0.45870000000000055
0.42000000000000004 0.4354000000000011
0.42000000000000004 0.4251000000000012
0.42000000000000004 0.4315000000000011
0.42000000000000004 0.42200000000000126
0.42000000000000004 0.42800000000000116
0.42000000000000004 0.44200000000000084
0.42000000000000004 0.4328000000000011
0.42000000000000004 0.43500000000000105
0.42000000000000004 0.4416000000000009
0.42000000000000004 0.434500000000001
0.42000000000000004 0.4245000000000014
0.42000000000000004 0.43050000000000116
0.42000000000000004 0.4249000000000013
0.42000000000000004 0.42910000000000126
0.42000000000000004 0.42970000000000125
0.42000000000000004 0.44240000000000085
0.42000000000000004 0.4282000000000012
0.42000000000000004 0.42000000000000137
0.42000000000000004 0.4226000000000014
0.42000000000000004 0.42090000000000133
