0.93 0.43213999999999864
0.93 0.46944999999999926
0.93 0.49410999999999944
0.93 0.5362299999999983
0.93 0.5741599999999978
0.94 0.6107499999999975
0.96 0.6366199999999951
0.96 0.6505699999999985
0.96 0.6624700000000004
0.96 0.6832900000000014
0.96 0.697140000000005
0.96 0.7007100000000073
0.96 0.7006400000000068
0.96 0.716420000000008
0.96 0.7291700000000101
0.97 0.7350800000000114
0.97 0.7350200000000111
0.97 0.7418000000000103
0.97 0.7422100000000104
0.97 0.7499400000000095
0.97 0.7651700000000081
0.97 0.7691100000000081
0.97 0.772720000000007
0.97 0.7841500000000061
0.97 0.7929800000000048
0.97 0.7972000000000042
0.97 0.807640000000002
0.97 0.816660000000001
0.97 0.8256300000000036
0.97 0.836010000000006
0.97 0.8364400000000048
0.97 0.8420300000000067
0.97 0.8377000000000071
0.97 0.8372100000000054
0.97 0.8348500000000064
0.98 0.8506700000000056
0.98 0.8575100000000062
0.98 0.8620500000000052
0.98 0.858910000000004
0.98 0.8603000000000057
0.98 0.8637200000000053
0.98 0.8565000000000055
0.98 0.8543800000000052
0.98 0.8589500000000054
0.98 0.864720000000005
0.98 0.8703300000000019
0.98 0.87036
0.98 0.8656400000000016
0.98 0.8660600000000025
0.98 0.8764599999999995
0.98 0.8718399999999958
0.98 0.8777199999999965
0.98 0.8783999999999964
0.98 0.8802599999999969
0.98 0.881949999999996
0.98 0.8831399999999952
0.98 0.8841799999999956
0.98 0.8769199999999977
0.98 0.8695900000000012
0.98 0.875959999999999
0.98 0.8707399999999961
0.98 0.8772999999999956
0.98 0.8665299999999999
0.98 0.8737499999999963
0.98 0.8779799999999954
0.98 0.8753399999999956
0.98 0.8750399999999955
0.98 0.870279999999997
0.98 0.8753499999999964
0.98 0.8772499999999969
0.98 0.8723999999999985
0.98 0.8728399999999982
0.98 0.8767099999999977
0.98 0.8840299999999974
0.98 0.8721099999999984
0.98 0.8772399999999974
0.98 0.8706199999999981
0.98 0.8688899999999996
0.98 0.866199999999999
0.98 0.872479999999997
0.98 0.8733999999999957
0.98 0.8796899999999956
0.98 0.8801999999999962
0.98 0.8907299999999989
0.98 0.8827499999999973
0.98 0.8902799999999972
0.98 0.8898399999999985
0.98 0.8806499999999965
0.98 0.8875899999999979
0.98 0.8918099999999984
0.98 0.8880499999999981
0.98 0.8856299999999993
0.98 0.882219999999997
0.98 0.8886899999999988
0.98 0.897630000000001
0.98 0.8932900000000003
0.98 0.8952200000000006
0.98 0.8927300000000004
0.98 0.8922799999999986
0.98 0.887869999999999
