0.4 0.6406999999999996
0.4 0.6171000000000001
0.4 0.6053999999999999
0.4 0.6366
0.4 0.6204999999999997
0.4 0.6327999999999997
0.24 0.6166999999999999
0.12 0.6007999999999997
0.4 0.6296999999999996
0.4 0.6120999999999998
0.21999999999999997 0.6092999999999996
0.36 0.6063999999999998
0.28 0.5374999999999998
0.4 0.5474
0.09999999999999998 0.5346999999999997
0.14 0.5284
0.09999999999999998 0.5118999999999999
0.45999999999999996 0.5688999999999999
0.30000000000000004 0.5993999999999996
0.30000000000000004 0.5615999999999997
0.30000000000000004 0.5185999999999996
0.4 0.5823999999999995
0.4 0.5968999999999998
0.4 0.5703999999999996
0.24 0.5394999999999994
0.4 0.5768000000000001
0.31999999999999995 0.5786999999999997
0.28 0.5018999999999996
0.31999999999999995 0.45549999999999985
0.4 0.5222999999999998
0.4 0.4396000000000002
0.4 0.4286999999999997
0.24 0.44369999999999993
0.24 0.4273000000000002
0.18000000000000005 0.43320000000000014
0.28 0.42610000000000037
0.18000000000000005 0.4196000000000001
0.18000000000000005 0.39630000000000043
0.18000000000000005 0.5632999999999996
0.30000000000000004 0.5894999999999996
0.18000000000000005 0.5389
0.4 0.5670999999999998
0.36 0.46569999999999995
0.30000000000000004 0.44000000000000017
0.28 0.4226000000000002
0.28 0.3965000000000001
0.28 0.4038000000000002
0.28 0.4117000000000002
0.21999999999999997 0.44010000000000027
0.020000000000000018 0.3927000000000001
0.020000000000000018 0.3611000000000004
0.020000000000000018 0.44849999999999995
0.24 0.40590000000000026
0.38 0.4336000000000002
0.4 0.49530000000000046
0.5 0.5398999999999998
0.42000000000000004 0.5353000000000001
0.26 0.4731
0.4 0.46120000000000033
0.4 0.4561000000000003
0.4 0.4654000000000007
0.4 0.48970000000000014
0.36 0.4921999999999999
0.28 0.5331000000000008
0.28 0.5252000000000007
0.36 0.5257000000000005
0.42000000000000004 0.4688999999999997
0.36 0.4374999999999997
0.36 0.41759999999999947
0.4 0.4290999999999996
0.4 0.44389999999999913
0.28 0.4754999999999994
0.06000000000000005 0.4475999999999993
0.4 0.4528000000000001
0.4 0.5307
0.4 0.46559999999999996
0.4 0.5070000000000008
0.4 0.44219999999999915
0.4 0.539700000000001
0.4 0.5201000000000012
0.4 0.44989999999999986
0.4 0.4968000000000005
0.4 0.41099999999999987
0.24 0.4082999999999999
0.06000000000000005 0.42519999999999947
0.06000000000000005 0.3822999999999995
0.07999999999999996 0.4315999999999997
0.4 0.45579999999999954
0.4 0.42669999999999947
0.4 0.4145999999999996
0.30000000000000004 0.40959999999999963
0.4 0.4613000000000003
0.4 0.4007000000000002
0.4 0.4025000000000003
0.4 0.4143000000000001
0.4 0.4077000000000002
0.36 0.40990000000000015
0.4 0.4059999999999999
0.36 0.4155
0.28 0.3996000000000002
0.4 0.4014000000000003
0.4 0.40170000000000017
0.4 0.4411999999999997
0.4 0.4353
0.26 0.4236999999999999
0.30000000000000004 0.4271999999999999
0.07999999999999996 0.3954000000000001
0.4 0.40519999999999995
0.4 0.40240000000000015
0.4 0.4042
0.4 0.4098000000000001
0.4 0.4022000000000001
0.4 0.4023000000000001
0.4 0.4036000000000002
0.4 0.4038999999999999
0.4 0.4046000000000001
0.4 0.40280000000000016
0.26 0.4183
0.26 0.41049999999999975
0.26 0.41859999999999986
0.26 0.3975
0.19999999999999996 0.39059999999999984
0.28 0.4200999999999997
0.19999999999999996 0.4231999999999993
0.26 0.4047999999999995
0.19999999999999996 0.4300999999999995
0.14 0.4002999999999995
0.33999999999999997 0.49990000000000023
0.4 0.5427999999999997
0.31999999999999995 0.44869999999999904
0.33999999999999997 0.4261999999999994
0.4 0.41459999999999936
0.4 0.40950000000000003
0.4 0.4027000000000001
0.4 0.4076000000000001
0.4 0.4001000000000003
0.18000000000000005 0.4092999999999995
0.18000000000000005 0.4167999999999992
0.18000000000000005 0.43559999999999927
0.26 0.46259999999999996
0.24 0.5315000000000009
0.24 0.4589000000000003
0.30000000000000004 0.47699999999999937
0.12 0.41339999999999916
0.12 0.4720999999999996
0.09999999999999998 0.5183999999999994
0.06000000000000005 0.44409999999999966
0.06000000000000005 0.39799999999999947
0.06000000000000005 0.37209999999999943
0.06000000000000005 0.3959
0.06000000000000005 0.3719000000000001
0.06000000000000005 0.29369999999999963
0.06000000000000005 0.2638999999999995
0.06000000000000005 0.23689999999999972
0.06000000000000005 0.19329999999999978
0.06000000000000005 0.30729999999999974
0.06000000000000005 0.23319999999999996
0.06000000000000005 0.19069999999999998
0.06000000000000005 0.1577999999999999
0.06000000000000005 0.28609999999999985
0.07999999999999996 0.2525000000000002
0.07999999999999996 0.2305999999999998
0.07999999999999996 0.20159999999999967
0.07999999999999996 0.14339999999999997
0.07999999999999996 0.10270000000000001
0.07999999999999996 0.08760000000000016
0.07999999999999996 0.23169999999999993
0.07999999999999996 0.3445
0.07999999999999996 0.3007
0.06000000000000005 0.35700000000000015
0.06000000000000005 0.31909999999999994
0.06000000000000005 0.20199999999999993
0.06000000000000005 0.2865999999999999
0.06000000000000005 0.171
0.06000000000000005 0.19310000000000005
0.06000000000000005 0.3790999999999999
0.06000000000000005 0.19959999999999975
0.06000000000000005 0.15800000000000008
0.07999999999999996 0.2619999999999994
0.07999999999999996 0.20999999999999971
0.07999999999999996 0.1882999999999998
0.06000000000000005 0.3059999999999996
0.06000000000000005 0.39399999999999946
0.06000000000000005 0.3396999999999998
0.06000000000000005 0.5253999999999995
0.06000000000000005 0.34539999999999965
0.06000000000000005 0.2204999999999998
0.06000000000000005 0.17179999999999992
0.06000000000000005 0.11480000000000005
0.06000000000000005 0.09440000000000022
0.06000000000000005 0.0946000000000002
0.06000000000000005 0.2857999999999995
0.06000000000000005 0.1686999999999998
0.07999999999999996 0.22419999999999965
0.07999999999999996 0.15869999999999998
0.07999999999999996 0.13340000000000007
0.07999999999999996 0.11590000000000021
0.07999999999999996 0.0794000000000003
0.07999999999999996 0.08740000000000026
0.07999999999999996 0.07310000000000029
0.07999999999999996 0.07360000000000029
0.06000000000000005 0.15390000000000018
0.06000000000000005 0.12960000000000016
0.06000000000000005 0.10550000000000023
0.06000000000000005 0.08950000000000025
0.06000000000000005 0.1761000000000001
0.06000000000000005 0.08680000000000028
0.06000000000000005 0.09950000000000025
0.06000000000000005 0.08210000000000027
0.06000000000000005 0.10000000000000021
0.06000000000000005 0.07850000000000028
0.06000000000000005 0.07590000000000031
0.06000000000000005 0.06690000000000029
0.06000000000000005 0.06810000000000031
0.06000000000000005 0.07060000000000032
0.06000000000000005 0.07460000000000033
0.06000000000000005 0.07290000000000031
0.06000000000000005 0.0646000000000003
0.06000000000000005 0.06370000000000031
0.06000000000000005 0.07230000000000032
0.06000000000000005 0.0675000000000003
0.06000000000000005 0.06880000000000033
0.06000000000000005 0.06930000000000032
0.06000000000000005 0.06330000000000031
0.06000000000000005 0.06480000000000033
0.06000000000000005 0.06640000000000032
0.06000000000000005 0.07380000000000027
0.06000000000000005 0.08000000000000024
0.06000000000000005 0.07460000000000022
0.06000000000000005 0.07430000000000021
0.06000000000000005 0.08490000000000021
0.06000000000000005 0.09040000000000024
0.06000000000000005 0.07470000000000027
0.06000000000000005 0.07640000000000026
0.06000000000000005 0.08630000000000025
0.07999999999999996 0.09600000000000025
0.07999999999999996 0.07830000000000027
0.06000000000000005 0.09360000000000024
0.06000000000000005 0.07880000000000027
0.06000000000000005 0.06400000000000029
0.06000000000000005 0.07070000000000032
0.06000000000000005 0.08540000000000028
0.06000000000000005 0.07500000000000026
0.06000000000000005 0.07560000000000028
0.06000000000000005 0.07070000000000029
0.06000000000000005 0.07570000000000025
0.06000000000000005 0.07570000000000025
0.06000000000000005 0.08050000000000022
0.06000000000000005 0.07760000000000018
0.06000000000000005 0.07460000000000024
0.06000000000000005 0.07680000000000023
0.06000000000000005 0.07140000000000025
0.06000000000000005 0.07510000000000022
0.06000000000000005 0.0828000000000002
0.06000000000000005 0.08580000000000021
0.06000000000000005 0.07420000000000025
0.06000000000000005 0.06920000000000026
0.06000000000000005 0.07260000000000028
0.06000000000000005 0.06900000000000028
0.06000000000000005 0.07250000000000029
0.06000000000000005 0.0794000000000003
0.06000000000000005 0.07770000000000028
0.06000000000000005 0.08190000000000029
0.06000000000000005 0.06930000000000029
0.06000000000000005 0.07720000000000031
0.06000000000000005 0.07610000000000029
0.06000000000000005 0.08520000000000028
0.06000000000000005 0.10300000000000019
0.06000000000000005 0.07240000000000031
0.06000000000000005 0.0724000000000003
0.06000000000000005 0.08110000000000024
0.06000000000000005 0.06450000000000031
0.06000000000000005 0.07740000000000025
0.06000000000000005 0.08290000000000025
0.06000000000000005 0.07770000000000028
0.06000000000000005 0.07110000000000027
0.06000000000000005 0.06800000000000028
0.06000000000000005 0.07510000000000028
0.06000000000000005 0.0736000000000003
0.06000000000000005 0.07560000000000028
0.06000000000000005 0.0733000000000003
0.06000000000000005 0.08160000000000028
0.06000000000000005 0.13290000000000013
0.06000000000000005 0.2288999999999996
0.06000000000000005 0.14030000000000012
0.06000000000000005 0.08180000000000026
0.06000000000000005 0.07290000000000033
0.06000000000000005 0.07010000000000031
0.06000000000000005 0.0863000000000003
0.06000000000000005 0.0673000000000003
0.06000000000000005 0.07800000000000028
0.06000000000000005 0.06860000000000031
0.06000000000000005 0.0678000000000003
0.06000000000000005 0.07320000000000029
0.06000000000000005 0.0734000000000003
0.06000000000000005 0.0729000000000003
0.06000000000000005 0.08320000000000029
0.06000000000000005 0.06930000000000032
0.06000000000000005 0.06650000000000031
0.06000000000000005 0.0714000000000003
0.07999999999999996 0.0805000000000003
0.07999999999999996 0.06390000000000029
0.06000000000000005 0.07600000000000028
0.06000000000000005 0.08010000000000023
0.06000000000000005 0.07700000000000028
0.06000000000000005 0.0753000000000003
0.06000000000000005 0.07410000000000026
0.06000000000000005 0.11960000000000016
0.06000000000000005 0.09000000000000029
0.06000000000000005 0.13670000000000002
0.06000000000000005 0.0994000000000002
0.06000000000000005 0.09670000000000022
0.06000000000000005 0.2308000000000001
0.06000000000000005 0.11770000000000014
0.06000000000000005 0.1456000000000002
0.06000000000000005 0.10510000000000021
0.07999999999999996 0.21859999999999993
0.06000000000000005 0.2788999999999997
0.06000000000000005 0.21059999999999982
0.06000000000000005 0.2890999999999995
0.06000000000000005 0.2269
0.06000000000000005 0.2864999999999999
0.06000000000000005 0.2326000000000001
0.06000000000000005 0.15960000000000021
0.06000000000000005 0.13450000000000015
0.06000000000000005 0.09040000000000024
0.06000000000000005 0.07830000000000024
0.06000000000000005 0.09120000000000018
0.06000000000000005 0.07750000000000026
0.06000000000000005 0.16140000000000002
0.07999999999999996 0.3397999999999992
0.07999999999999996 0.20599999999999968
0.07999999999999996 0.13710000000000003
0.07999999999999996 0.12180000000000007
0.07999999999999996 0.0782000000000002
0.07999999999999996 0.07750000000000021
0.07999999999999996 0.06640000000000028
0.07999999999999996 0.07080000000000025
0.07999999999999996 0.0799000000000002
0.07999999999999996 0.08500000000000017
0.07999999999999996 0.10630000000000012
0.12 0.19180000000000008
0.07999999999999996 0.17349999999999993
0.06000000000000005 0.1982000000000001
0.06000000000000005 0.13129999999999986
0.06000000000000005 0.10009999999999994
0.06000000000000005 0.07760000000000017
0.06000000000000005 0.10210000000000025
0.06000000000000005 0.07220000000000028
0.06000000000000005 0.06870000000000026
0.06000000000000005 0.06640000000000029
0.06000000000000005 0.059500000000000296
0.06000000000000005 0.0669000000000003
0.06000000000000005 0.07120000000000029
0.06000000000000005 0.08690000000000003
0.06000000000000005 0.07650000000000017
0.06000000000000005 0.1462000000000003
0.06000000000000005 0.07990000000000025
0.06000000000000005 0.10669999999999988
0.06000000000000005 0.09639999999999996
0.06000000000000005 0.09100000000000003
0.06000000000000005 0.08440000000000009
0.06000000000000005 0.08340000000000013
0.06000000000000005 0.07770000000000019
0.06000000000000005 0.07660000000000021
0.06000000000000005 0.07400000000000023
0.06000000000000005 0.06930000000000021
0.06000000000000005 0.06780000000000018
0.06000000000000005 0.07580000000000023
0.06000000000000005 0.07010000000000023
0.06000000000000005 0.10670000000000025
0.06000000000000005 0.09040000000000024
0.06000000000000005 0.07520000000000024
0.06000000000000005 0.08070000000000026
0.06000000000000005 0.07270000000000026
0.06000000000000005 0.07630000000000027
0.06000000000000005 0.07220000000000026
0.06000000000000005 0.07930000000000026
0.06000000000000005 0.07060000000000026
0.06000000000000005 0.0723000000000003
0.06000000000000005 0.1303000000000003
0.06000000000000005 0.07140000000000025
0.06000000000000005 0.07300000000000026
0.06000000000000005 0.07000000000000027
0.06000000000000005 0.06600000000000027
0.06000000000000005 0.07510000000000026
0.06000000000000005 0.07060000000000026
0.06000000000000005 0.07210000000000026
0.06000000000000005 0.07760000000000025
0.06000000000000005 0.09350000000000026
0.06000000000000005 0.09340000000000026
0.06000000000000005 0.08700000000000024
0.06000000000000005 0.07680000000000024
0.06000000000000005 0.07530000000000026
0.06000000000000005 0.07540000000000026
0.06000000000000005 0.07170000000000026
0.06000000000000005 0.07530000000000027
0.06000000000000005 0.08380000000000024
0.06000000000000005 0.06440000000000029
0.06000000000000005 0.07310000000000029
0.06000000000000005 0.07070000000000029
0.06000000000000005 0.06490000000000032
0.06000000000000005 0.06430000000000033
0.06000000000000005 0.06410000000000032
0.06000000000000005 0.06700000000000034
0.06000000000000005 0.0702000000000003
0.06000000000000005 0.06390000000000032
0.06000000000000005 0.06770000000000029
0.06000000000000005 0.0676000000000003
0.06000000000000005 0.09210000000000024
0.06000000000000005 0.08050000000000025
0.06000000000000005 0.0688000000000003
0.06000000000000005 0.06650000000000032
0.06000000000000005 0.06920000000000032
0.06000000000000005 0.07520000000000032
0.06000000000000005 0.06660000000000033
0.06000000000000005 0.06410000000000034
0.06000000000000005 0.06340000000000033
0.06000000000000005 0.06220000000000034
0.06000000000000005 0.06370000000000033
0.06000000000000005 0.06070000000000033
0.06000000000000005 0.06680000000000033
0.06000000000000005 0.06650000000000032
0.06000000000000005 0.06460000000000031
0.06000000000000005 0.06360000000000034
0.06000000000000005 0.06290000000000034
0.06000000000000005 0.06650000000000032
0.06000000000000005 0.06700000000000032
0.06000000000000005 0.07720000000000031
0.06000000000000005 0.06780000000000032
0.06000000000000005 0.07320000000000029
0.06000000000000005 0.06470000000000031
0.06000000000000005 0.061000000000000346
0.06000000000000005 0.0630000000000003
0.06000000000000005 0.06000000000000033
0.06000000000000005 0.059400000000000314
0.06000000000000005 0.06520000000000031
0.06000000000000005 0.07890000000000029
0.06000000000000005 0.07900000000000029
0.06000000000000005 0.07190000000000031
0.06000000000000005 0.07130000000000032
0.06000000000000005 0.06880000000000033
0.06000000000000005 0.06870000000000032
0.06000000000000005 0.06780000000000032
0.06000000000000005 0.07040000000000031
0.06000000000000005 0.06920000000000033
0.06000000000000005 0.06890000000000034
0.06000000000000005 0.06320000000000033
0.06000000000000005 0.06730000000000032
0.06000000000000005 0.06860000000000033
0.06000000000000005 0.06550000000000034
0.06000000000000005 0.08050000000000031
0.06000000000000005 0.06790000000000034
0.06000000000000005 0.07290000000000033
0.06000000000000005 0.06440000000000035
0.06000000000000005 0.06540000000000033
0.06000000000000005 0.06610000000000034
0.06000000000000005 0.06330000000000034
0.06000000000000005 0.06300000000000035
0.06000000000000005 0.060000000000000345
0.06000000000000005 0.08910000000000029
0.06000000000000005 0.08810000000000029
0.06000000000000005 0.07390000000000034
0.06000000000000005 0.06730000000000035
0.06000000000000005 0.06610000000000033
0.06000000000000005 0.06270000000000034
0.06000000000000005 0.0634000000000003
0.06000000000000005 0.062200000000000324
0.06000000000000005 0.07740000000000032
0.06000000000000005 0.06140000000000034
0.06000000000000005 0.061400000000000336
0.06000000000000005 0.06540000000000033
0.06000000000000005 0.06550000000000034
0.06000000000000005 0.08000000000000032
0.06000000000000005 0.06970000000000033
0.06000000000000005 0.06620000000000034
0.06000000000000005 0.0707000000000003
0.06000000000000005 0.06310000000000034
0.06000000000000005 0.07140000000000032
0.06000000000000005 0.3361000000000004
0.06000000000000005 0.3281000000000005
0.06000000000000005 0.4027999999999999
0.06000000000000005 0.1779000000000004
0.06000000000000005 0.07440000000000027
0.06000000000000005 0.0663000000000003
0.06000000000000005 0.08840000000000031
0.06000000000000005 0.06200000000000034
0.06000000000000005 0.06180000000000034
0.06000000000000005 0.06530000000000034
0.06000000000000005 0.07910000000000031
0.06000000000000005 0.06460000000000034
0.06000000000000005 0.06460000000000034
0.06000000000000005 0.06740000000000032
0.06000000000000005 0.06660000000000033
0.06000000000000005 0.06510000000000032
0.06000000000000005 0.06360000000000034
0.06000000000000005 0.06630000000000033
0.06000000000000005 0.1142000000000003
0.06000000000000005 0.08980000000000031
0.06000000000000005 0.07640000000000031
