0.07999999999999996 0.6071000000000008
0.07999999999999996 0.5920000000000014
0.07999999999999996 0.5625000000000013
0.07999999999999996 0.5880000000000013
0.09999999999999998 0.5858000000000017
0.09999999999999998 0.5572000000000008
0.09999999999999998 0.5760000000000008
0.09999999999999998 0.5938000000000015
0.12 0.5865000000000002
0.42000000000000004 0.5909
0.21999999999999997 0.5531000000000003
0.26 0.5614
0.12 0.5739999999999998
0.21999999999999997 0.5580000000000004
0.4 0.6007000000000001
0.24 0.5418000000000004
0.30000000000000004 0.5482000000000002
0.14 0.5343000000000003
0.42000000000000004 0.5327000000000003
0.36 0.5035000000000007
0.33999999999999997 0.5306000000000006
0.14 0.5063000000000004
0.14 0.5221999999999997
0.21999999999999997 0.5359000000000003
0.16000000000000003 0.5447000000000002
0.14 0.4997000000000005
0.18000000000000005 0.49660000000000026
0.28 0.5428000000000002
0.19999999999999996 0.5610000000000014
0.19999999999999996 0.5411000000000008
0.14 0.5133000000000004
0.16000000000000003 0.4723000000000004
0.16000000000000003 0.4986000000000002
0.06000000000000005 0.45850000000000013
0.06000000000000005 0.4250999999999997
0.06000000000000005 0.4088999999999997
0.06000000000000005 0.4645000000000003
0.06000000000000005 0.4817000000000008
0.06000000000000005 0.4234000000000002
0.24 0.509800000000001
0.16000000000000003 0.46050000000000063
0.28 0.47300000000000003
0.24 0.4349999999999998
0.24 0.43929999999999986
0.24 0.4436999999999996
0.24 0.4309999999999995
0.24 0.5174000000000006
0.24 0.4521000000000003
0.28 0.4585999999999999
0.21999999999999997 0.4241999999999995
0.30000000000000004 0.4580999999999997
0.21999999999999997 0.42059999999999964
0.040000000000000036 0.4041999999999995
0.4 0.43939999999999946
0.26 0.4228999999999997
0.12 0.4155999999999995
0.09999999999999998 0.39689999999999953
0.09999999999999998 0.44979999999999976
0.26 0.42929999999999985
0.18000000000000005 0.4439000000000001
0.09999999999999998 0.4470999999999996
0.28 0.4243
0.24 0.40369999999999917
0.18000000000000005 0.40189999999999965
0.18000000000000005 0.37059999999999993
0.24 0.3353999999999999
0.16000000000000003 0.3111999999999999
0.12 0.3176000000000001
0.12 0.24110000000000004
0.19999999999999996 0.32400000000000057
0.19999999999999996 0.3643000000000009
0.12 0.4728000000000019
0.09999999999999998 0.3773999999999997
0.14 0.4071
0.09999999999999998 0.4082999999999998
0.14 0.46349999999999936
0.14 0.4262999999999997
0.14 0.38940000000000013
0.21999999999999997 0.40519999999999995
0.14 0.39229999999999976
0.14 0.36919999999999975
0.19999999999999996 0.37099999999999994
0.19999999999999996 0.3819000000000001
0.19999999999999996 0.3286000000000002
0.19999999999999996 0.3340000000000004
0.12 0.4454000000000008
0.26 0.48950000000000093
0.19999999999999996 0.35390000000000027
0.26 0.36939999999999995
0.16000000000000003 0.3634000000000006
0.16000000000000003 0.33260000000000034
0.18000000000000005 0.3040000000000005
0.26 0.29410000000000047
0.16000000000000003 0.2623000000000005
0.16000000000000003 0.2623000000000003
0.26 0.2627999999999997
0.16000000000000003 0.4353999999999999
0.26 0.5993999999999993
0.19999999999999996 0.5910999999999991
0.09999999999999998 0.5735999999999994
0.19999999999999996 0.4995999999999997
0.14 0.4064999999999997
0.16000000000000003 0.3580999999999998
0.16000000000000003 0.2914000000000001
0.09999999999999998 0.3053999999999997
0.12 0.3943999999999997
0.4 0.621700000000003
0.30000000000000004 0.5128000000000009
0.09999999999999998 0.3763000000000001
0.06000000000000005 0.4234000000000004
0.06000000000000005 0.2699999999999999
0.09999999999999998 0.2840999999999998
0.07999999999999996 0.19010000000000005
0.06000000000000005 0.18740000000000026
0.06000000000000005 0.1962000000000003
0.06000000000000005 0.18910000000000005
0.06000000000000005 0.20180000000000015
0.07999999999999996 0.4077000000000002
0.040000000000000036 0.24350000000000044
0.14 0.2353000000000005
0.06000000000000005 0.2016000000000004
0.06000000000000005 0.20270000000000024
0.06000000000000005 0.1704
0.06000000000000005 0.5784999999999993
0.06000000000000005 0.5434999999999997
0.06000000000000005 0.3298
0.07999999999999996 0.4702000000000005
0.06000000000000005 0.5120999999999998
0.06000000000000005 0.5212999999999998
0.06000000000000005 0.4758000000000006
0.42000000000000004 0.5711000000000008
0.42000000000000004 0.5047000000000006
0.4 0.5426000000000001
0.4 0.4993000000000006
0.4 0.47820000000000024
0.4 0.4632000000000007
0.4 0.44540000000000063
0.42000000000000004 0.4804000000000003
0.42000000000000004 0.43130000000000046
0.42000000000000004 0.44990000000000047
0.42000000000000004 0.5383000000000007
0.4 0.5379000000000008
0.4 0.47370000000000057
0.16000000000000003 0.5757999999999996
0.42000000000000004 0.5917999999999995
0.42000000000000004 0.5864999999999998
0.43999999999999995 0.5905000000000006
0.43999999999999995 0.42690000000000017
0.42000000000000004 0.4379000000000003
0.42000000000000004 0.42510000000000064
0.42000000000000004 0.5048999999999997
0.42000000000000004 0.5260999999999999
0.4 0.6143000000000022
0.5 0.6682000000000033
0.4 0.5669000000000004
0.4 0.619700000000003
0.52 0.6653000000000031
0.52 0.6294000000000028
0.4 0.5816000000000003
0.4 0.5362000000000011
0.4 0.5218000000000022
0.4 0.5198000000000013
0.4 0.5636000000000013
0.4 0.5108000000000005
0.43999999999999995 0.5113000000000002
0.43999999999999995 0.7589999999999999
0.4 0.6837000000000006
0.30000000000000004 0.7010000000000011
0.4 0.6202
0.33999999999999997 0.5824999999999994
0.33999999999999997 0.5450999999999998
0.28 0.48389999999999944
0.4 0.4659999999999996
0.33999999999999997 0.4704
0.24 0.48650000000000027
0.31999999999999995 0.5817
0.31999999999999995 0.46429999999999977
0.18000000000000005 0.4493000000000001
0.36 0.4702999999999998
0.28 0.4195999999999991
0.16000000000000003 0.4086999999999992
0.28 0.3892999999999993
0.09999999999999998 0.3612999999999991
0.24 0.3878999999999988
0.30000000000000004 0.39739999999999925
0.19999999999999996 0.4056000000000007
0.28 0.4048
0.33999999999999997 0.4856999999999998
0.06000000000000005 0.48899999999999944
0.09999999999999998 0.40949999999999953
0.33999999999999997 0.3850999999999993
0.33999999999999997 0.3924999999999993
0.38 0.3536000000000004
0.24 0.39499999999999974
0.24 0.3520000000000005
0.24 0.4065999999999997
0.16000000000000003 0.32330000000000003
0.09999999999999998 0.33880000000000005
0.09999999999999998 0.3195000000000002
0.09999999999999998 0.36230000000000007
0.09999999999999998 0.29640000000000016
0.09999999999999998 0.2938000000000001
0.09999999999999998 0.2919999999999999
0.09999999999999998 0.2866
0.09999999999999998 0.24460000000000023
0.09999999999999998 0.29150000000000015
0.16000000000000003 0.34940000000000004
0.12 0.3473000000000001
0.09999999999999998 0.3227000000000004
0.06000000000000005 0.29380000000000034
0.020000000000000018 0.2707000000000003
0.020000000000000018 0.21530000000000032
0.09999999999999998 0.3718999999999994
0.09999999999999998 0.35759999999999925
0.19999999999999996 0.39279999999999965
0.21999999999999997 0.3942000000000001
0.12 0.3447999999999994
0.12 0.37059999999999954
0.12 0.30119999999999986
0.12 0.26220000000000016
0.12 0.22570000000000012
0.12 0.20820000000000005
0.040000000000000036 0.30520000000000025
0.06000000000000005 0.39240000000000025
0.020000000000000018 0.3201999999999999
0.06000000000000005 0.23840000000000036
0.06000000000000005 0.27839999999999987
0.020000000000000018 0.2896999999999997
0.12 0.21630000000000002
0.12 0.19639999999999985
0.12 0.18970000000000006
0.12 0.22659999999999958
0.07999999999999996 0.3778999999999995
0.07999999999999996 0.2266999999999996
0.07999999999999996 0.1639999999999998
0.07999999999999996 0.34539999999999926
0.07999999999999996 0.16269999999999993
0.07999999999999996 0.2628999999999995
0.07999999999999996 0.24499999999999947
0.040000000000000036 0.22579999999999956
0.040000000000000036 0.17169999999999974
0.040000000000000036 0.10430000000000002
0.040000000000000036 0.09299999999999997
0.040000000000000036 0.0644
0.040000000000000036 0.07720000000000002
0.040000000000000036 0.054099999999999974
0.040000000000000036 0.07169999999999997
0.040000000000000036 0.06659999999999999
0.040000000000000036 0.0761
0.040000000000000036 0.43859999999999993
0.040000000000000036 0.17610000000000003
0.040000000000000036 0.35730000000000045
0.040000000000000036 0.20189999999999997
0.06000000000000005 0.30689999999999973
0.06000000000000005 0.3077999999999999
0.14 0.42249999999999915
0.36 0.42889999999999917
0.31999999999999995 0.4952999999999992
0.19999999999999996 0.4049999999999998
0.18000000000000005 0.4984999999999994
0.26 0.45609999999999923
0.28 0.44769999999999927
0.38 0.42329999999999957
0.26 0.4405999999999997
0.09999999999999998 0.39610000000000034
0.28 0.4054000000000002
0.26 0.39920000000000017
0.26 0.39800000000000024
0.09999999999999998 0.3906
0.09999999999999998 0.37680000000000036
0.09999999999999998 0.39070000000000005
0.09999999999999998 0.3882000000000002
0.19999999999999996 0.39630000000000026
0.19999999999999996 0.39850000000000024
0.4 0.4047000000000001
0.38 0.4029000000000002
0.38 0.4013000000000002
0.21999999999999997 0.39800000000000024
0.21999999999999997 0.40110000000000007
0.09999999999999998 0.39570000000000005
0.09999999999999998 0.39610000000000006
0.09999999999999998 0.39769999999999983
0.09999999999999998 0.3970999999999998
0.09999999999999998 0.4048999999999999
0.09999999999999998 0.40320000000000006
0.06000000000000005 0.39320000000000005
0.06000000000000005 0.3913
0.06000000000000005 0.3755999999999999
0.06000000000000005 0.36819999999999964
0.06000000000000005 0.35679999999999945
0.06000000000000005 0.40509999999999996
0.06000000000000005 0.381
0.06000000000000005 0.37619999999999965
0.14 0.3839999999999993
0.06000000000000005 0.36349999999999943
0.06000000000000005 0.3507999999999992
0.06000000000000005 0.3255999999999994
0.06000000000000005 0.29279999999999956
0.06000000000000005 0.28599999999999975
0.06000000000000005 0.23599999999999963
0.06000000000000005 0.39699999999999974
0.19999999999999996 0.41579999999999906
0.06000000000000005 0.37049999999999905
0.06000000000000005 0.3560999999999996
0.06000000000000005 0.3550999999999995
0.06000000000000005 0.35759999999999964
0.31999999999999995 0.40689999999999926
0.28 0.40419999999999995
0.12 0.3899999999999999
0.28 0.39940000000000003
0.26 0.39600000000000024
0.12 0.37219999999999986
0.06000000000000005 0.36549999999999955
0.06000000000000005 0.32299999999999984
0.06000000000000005 0.2937999999999997
0.06000000000000005 0.2736999999999996
0.06000000000000005 0.2741999999999998
0.06000000000000005 0.23579999999999976
0.06000000000000005 0.20120000000000005
0.06000000000000005 0.17120000000000005
0.06000000000000005 0.4043000000000008
0.06000000000000005 0.35110000000000063
0.06000000000000005 0.41330000000000083
0.4 0.42880000000000096
0.4 0.4151000000000009
0.4 0.420500000000001
0.4 0.4299000000000013
0.4 0.4373000000000012
0.06000000000000005 0.47350000000000164
0.06000000000000005 0.3422000000000005
0.06000000000000005 0.3116000000000001
0.42000000000000004 0.5425000000000025
0.040000000000000036 0.4321000000000011
0.040000000000000036 0.49940000000000184
0.42000000000000004 0.5898000000000025
0.06000000000000005 0.4794000000000015
0.040000000000000036 0.38220000000000065
0.06000000000000005 0.46500000000000113
0.12 0.42460000000000114
0.4 0.5849000000000024
0.040000000000000036 0.3980000000000005
0.06000000000000005 0.29000000000000015
0.06000000000000005 0.21840000000000004
0.040000000000000036 0.1672000000000002
0.06000000000000005 0.2546
0.06000000000000005 0.15949999999999992
0.06000000000000005 0.11199999999999999
0.06000000000000005 0.11799999999999995
0.06000000000000005 0.14700000000000002
0.07999999999999996 0.10720000000000002
0.06000000000000005 0.11020000000000006
0.06000000000000005 0.08440000000000007
0.06000000000000005 0.12180000000000005
0.040000000000000036 0.2071000000000001
0.06000000000000005 0.1056
0.06000000000000005 0.09180000000000003
0.06000000000000005 0.06990000000000002
0.06000000000000005 0.09280000000000001
0.040000000000000036 0.15089999999999995
0.06000000000000005 0.21460000000000004
0.040000000000000036 0.6015000000000028
0.06000000000000005 0.4459000000000011
0.040000000000000036 0.3700000000000005
0.040000000000000036 0.19700000000000023
0.040000000000000036 0.2838000000000002
0.06000000000000005 0.2092000000000002
0.040000000000000036 0.16830000000000025
0.06000000000000005 0.20890000000000034
0.040000000000000036 0.30220000000000036
0.040000000000000036 0.3206000000000002
0.06000000000000005 0.17890000000000003
0.06000000000000005 0.15680000000000022
0.06000000000000005 0.20660000000000037
0.06000000000000005 0.21020000000000016
0.06000000000000005 0.11410000000000015
0.06000000000000005 0.21700000000000028
0.06000000000000005 0.2599000000000005
0.06000000000000005 0.07750000000000017
0.06000000000000005 0.07410000000000024
0.06000000000000005 0.12340000000000022
0.06000000000000005 0.17370000000000022
0.06000000000000005 0.2070000000000004
0.06000000000000005 0.2091000000000002
0.18000000000000005 0.6042000000000027
0.42000000000000004 0.43680000000000097
0.06000000000000005 0.4276000000000012
0.18000000000000005 0.5271000000000017
0.06000000000000005 0.34549999999999975
0.06000000000000005 0.2745000000000002
0.06000000000000005 0.3241999999999999
0.040000000000000036 0.3353000000000002
0.06000000000000005 0.4728999999999995
0.12 0.41480000000000017
0.30000000000000004 0.41010000000000024
0.12 0.3783000000000001
0.12 0.35200000000000026
0.21999999999999997 0.36540000000000006
0.21999999999999997 0.39320000000000005
0.21999999999999997 0.31410000000000027
0.09999999999999998 0.3236000000000001
0.040000000000000036 0.2965
0.09999999999999998 0.30479999999999985
0.040000000000000036 0.2553
0.21999999999999997 0.36399999999999927
0.21999999999999997 0.3621999999999991
0.21999999999999997 0.3303999999999996
0.21999999999999997 0.3518999999999992
0.07999999999999996 0.2891
0.21999999999999997 0.28879999999999995
0.06000000000000005 0.2576
0.06000000000000005 0.23499999999999993
0.07999999999999996 0.3370000000000007
0.21999999999999997 0.33549999999999985
0.09999999999999998 0.2714
0.06000000000000005 0.23830000000000007
0.06000000000000005 0.21989999999999985
0.06000000000000005 0.2151
0.06000000000000005 0.3094000000000007
0.09999999999999998 0.2753000000000001
0.07999999999999996 0.3312000000000003
0.09999999999999998 0.3050000000000004
0.09999999999999998 0.3105000000000001
0.09999999999999998 0.22609999999999983
0.06000000000000005 0.31830000000000014
0.06000000000000005 0.28420000000000006
0.06000000000000005 0.27379999999999993
0.06000000000000005 0.18960000000000005
0.06000000000000005 0.1747000000000001
0.06000000000000005 0.1421999999999998
0.06000000000000005 0.14209999999999973
0.06000000000000005 0.14719999999999975
0.06000000000000005 0.13059999999999986
0.06000000000000005 0.12069999999999977
0.06000000000000005 0.10139999999999988
0.06000000000000005 0.1294
0.06000000000000005 0.14010000000000009
0.06000000000000005 0.0981
0.06000000000000005 0.07620000000000013
0.06000000000000005 0.07480000000000016
0.06000000000000005 0.07010000000000026
0.06000000000000005 0.08800000000000022
0.06000000000000005 0.28900000000000065
0.06000000000000005 0.2607000000000006
0.06000000000000005 0.16950000000000007
0.06000000000000005 0.08970000000000022
0.06000000000000005 0.10500000000000016
0.06000000000000005 0.09080000000000023
0.06000000000000005 0.13410000000000008
0.06000000000000005 0.10010000000000013
0.06000000000000005 0.1460999999999998
0.06000000000000005 0.0920000000000002
0.06000000000000005 0.07940000000000026
0.06000000000000005 0.07790000000000026
0.06000000000000005 0.08700000000000026
0.06000000000000005 0.07600000000000023
0.06000000000000005 0.07740000000000026
0.06000000000000005 0.09170000000000021
0.06000000000000005 0.09810000000000026
0.06000000000000005 0.1472
0.06000000000000005 0.1971000000000002
0.06000000000000005 0.16449999999999995
0.06000000000000005 0.16479999999999986
0.06000000000000005 0.21119999999999992
0.06000000000000005 0.14480000000000004
0.06000000000000005 0.11540000000000017
0.06000000000000005 0.13640000000000035
0.06000000000000005 0.12240000000000024
0.06000000000000005 0.09670000000000023
0.06000000000000005 0.07770000000000027
0.06000000000000005 0.28439999999999993
0.06000000000000005 0.3111999999999999
0.06000000000000005 0.18830000000000013
0.06000000000000005 0.21010000000000006
0.06000000000000005 0.17010000000000017
0.06000000000000005 0.11700000000000013
0.06000000000000005 0.10530000000000021
0.06000000000000005 0.1000000000000002
0.06000000000000005 0.10840000000000025
0.06000000000000005 0.2250000000000004
0.06000000000000005 0.1796000000000001
0.06000000000000005 0.30960000000000065
0.06000000000000005 0.25920000000000054
0.06000000000000005 0.22210000000000027
0.06000000000000005 0.1849000000000002
0.06000000000000005 0.1492000000000002
0.06000000000000005 0.1113000000000002
0.06000000000000005 0.0836000000000002
0.06000000000000005 0.07770000000000021
0.06000000000000005 0.08760000000000019
0.06000000000000005 0.08540000000000023
0.06000000000000005 0.08440000000000021
0.06000000000000005 0.09590000000000015
0.06000000000000005 0.10710000000000011
0.040000000000000036 0.24139999999999995
0.06000000000000005 0.35640000000000016
0.06000000000000005 0.15189999999999998
0.06000000000000005 0.1065000000000002
0.06000000000000005 0.0889000000000002
0.06000000000000005 0.08740000000000023
0.06000000000000005 0.12380000000000017
