0.06000000000000005 0.5863199999999985
0.06000000000000005 0.5612399999999997
0.06000000000000005 0.5285800000000007
0.06000000000000005 0.5121400000000006
0.06000000000000005 0.48350000000000065
0.06000000000000005 0.4534800000000003
0.06000000000000005 0.42632
0.06000000000000005 0.3962000000000006
0.06000000000000005 0.37843999999999917
0.06000000000000005 0.3536799999999991
0.06000000000000005 0.3406399999999986
0.06000000000000005 0.33055999999999874
0.06000000000000005 0.31995999999999813
0.06000000000000005 0.3094199999999982
0.06000000000000005 0.3048999999999988
0.06000000000000005 0.28835999999999823
0.06000000000000005 0.2845799999999984
0.06000000000000005 0.278379999999998
0.06000000000000005 0.27259999999999784
0.06000000000000005 0.2713599999999982
0.06000000000000005 0.2508599999999982
0.06000000000000005 0.2618999999999981
0.06000000000000005 0.25357999999999814
0.06000000000000005 0.2583799999999981
0.06000000000000005 0.26289999999999775
0.06000000000000005 0.2559799999999979
0.06000000000000005 0.2601999999999982
0.06000000000000005 0.26077999999999785
0.06000000000000005 0.24803999999999776
0.06000000000000005 0.2391999999999985
0.06000000000000005 0.2328399999999984
0.06000000000000005 0.21859999999999866
0.06000000000000005 0.22705999999999843
0.06000000000000005 0.22407999999999847
0.06000000000000005 0.22187999999999863
0.06000000000000005 0.2208799999999987
0.06000000000000005 0.22097999999999873
0.06000000000000005 0.1950999999999986
0.06000000000000005 0.1926199999999989
0.06000000000000005 0.18483999999999898
0.06000000000000005 0.18689999999999896
0.06000000000000005 0.18741999999999903
0.06000000000000005 0.1875199999999989
0.06000000000000005 0.1761399999999989
0.06000000000000005 0.1783799999999992
0.06000000000000005 0.17899999999999913
0.06000000000000005 0.17519999999999916
0.06000000000000005 0.19035999999999914
0.06000000000000005 0.18425999999999879
0.06000000000000005 0.17493999999999882
0.06000000000000005 0.18217999999999893
0.06000000000000005 0.17545999999999887
0.06000000000000005 0.17215999999999906
0.06000000000000005 0.17463999999999896
0.06000000000000005 0.17443999999999918
0.06000000000000005 0.18237999999999907
0.06000000000000005 0.17687999999999934
0.06000000000000005 0.18363999999999925
0.06000000000000005 0.17131999999999925
0.06000000000000005 0.15825999999999915
0.06000000000000005 0.1584399999999991
0.06000000000000005 0.15879999999999903
0.06000000000000005 0.16077999999999906
0.06000000000000005 0.17175999999999914
0.06000000000000005 0.17729999999999907
0.06000000000000005 0.17501999999999895
0.06000000000000005 0.1852999999999993
0.06000000000000005 0.17659999999999917
0.06000000000000005 0.18149999999999925
0.06000000000000005 0.16837999999999884
0.06000000000000005 0.1727999999999989
0.06000000000000005 0.16873999999999914
0.06000000000000005 0.17425999999999908
0.06000000000000005 0.1675399999999989
0.06000000000000005 0.16113999999999912
0.06000000000000005 0.15919999999999923
0.06000000000000005 0.1559199999999992
0.06000000000000005 0.1470999999999994
0.06000000000000005 0.1534399999999993
0.06000000000000005 0.14829999999999932
0.06000000000000005 0.15523999999999927
0.06000000000000005 0.1533799999999993
0.06000000000000005 0.1604799999999994
0.06000000000000005 0.16737999999999942
0.06000000000000005 0.1642399999999994
0.06000000000000005 0.16567999999999916
0.06000000000000005 0.16637999999999895
0.06000000000000005 0.1638199999999992
0.06000000000000005 0.16211999999999915
0.06000000000000005 0.15509999999999924
0.06000000000000005 0.14791999999999936
0.06000000000000005 0.1546799999999992
0.06000000000000005 0.1469399999999991
0.06000000000000005 0.14483999999999922
0.06000000000000005 0.1500999999999993
0.06000000000000005 0.1564799999999995
0.06000000000000005 0.15739999999999937
0.06000000000000005 0.14685999999999932
0.06000000000000005 0.14809999999999918
0.06000000000000005 0.15603999999999915
