0.7 0.3839000000000006
0.7 0.39945000000000036
0.67 0.37885000000000074
0.67 0.37880000000000075
0.89 0.39245000000000047
0.71 0.4162000000000004
0.68 0.37305000000000116
0.68 0.4246000000000007
0.81 0.40735000000000066
0.7 0.40550000000000097
0.7 0.43195000000000083
0.68 0.4175500000000008
0.72 0.4564500000000006
0.74 0.44225000000000053
0.68 0.45205000000000006
0.79 0.45050000000000096
0.8 0.45550000000000146
0.8 0.4995000000000006
0.72 0.46495000000000064
0.67 0.39350000000000146
0.73 0.45745000000000113
0.72 0.4178500000000011
0.69 0.46410000000000085
0.81 0.4982500000000011
0.94 0.479100000000001
0.94 0.49305000000000127
0.94 0.5332500000000008
0.94 0.5555499999999999
0.94 0.5800500000000008
0.96 0.5640000000000005
0.71 0.5403500000000009
0.83 0.5123000000000006
0.81 0.5033500000000004
0.79 0.5135000000000008
0.89 0.5773500000000005
0.8 0.6021500000000009
0.94 0.6503500000000002
0.96 0.6876000000000009
0.81 0.6452499999999991
0.82 0.6802500000000012
0.96 0.7139000000000003
0.96 0.6980500000000014
0.87 0.6969000000000013
0.96 0.7166500000000003
0.96 0.58695
0.79 0.5789000000000002
0.96 0.6174500000000003
0.96 0.6689
0.89 0.6646000000000001
0.96 0.7234500000000017
0.96 0.7638500000000001
0.96 0.7252500000000001
0.96 0.6720500000000004
0.96 0.6984500000000005
0.96 0.6403500000000004
0.95 0.6316500000000002
0.83 0.6140500000000008
0.93 0.6746500000000006
0.96 0.61125
0.93 0.6436499999999994
0.96 0.6743999999999997
0.93 0.6375999999999992
0.92 0.6324000000000004
0.81 0.6489000000000013
0.8 0.6425500000000005
0.95 0.6466500000000011
0.85 0.6327000000000009
0.68 0.6373500000000005
0.96 0.6069999999999994
0.94 0.5431499999999995
0.96 0.6644
0.86 0.5382500000000001
0.95 0.5650499999999998
0.96 0.5376500000000005
0.94 0.5369999999999999
0.96 0.5830000000000005
0.84 0.5700999999999997
0.96 0.6320999999999996
0.63 0.35870000000000013
0.75 0.4026499999999995
0.79 0.4285499999999999
0.79 0.4497499999999996
0.79 0.48055
0.81 0.5242000000000007
0.94 0.6057999999999991
0.96 0.5252500000000009
0.9 0.5734499999999995
0.95 0.5316500000000002
0.85 0.5578999999999992
0.95 0.6737499999999998
0.97 0.5736999999999997
0.81 0.4415000000000004
0.97 0.5980000000000001
0.95 0.6006000000000007
0.95 0.6122500000000008
0.95 0.7021500000000007
0.64 0.5022000000000001
0.93 0.5443999999999997
0.93 0.5471499999999989
0.96 0.5819999999999994
0.67 0.45495000000000096
0.67 0.5175500000000008
0.67 0.4089999999999997
0.67 0.4442499999999994
0.67 0.5601500000000006
0.66 0.5011500000000001
0.67 0.5894999999999994
0.79 0.5942999999999989
0.67 0.5442000000000004
0.77 0.5816999999999992
0.78 0.45970000000000083
0.83 0.6098500000000001
0.97 0.6122
0.97 0.5362000000000002
0.84 0.46624999999999944
0.64 0.46294999999999953
0.64 0.42164999999999986
0.64 0.38089999999999974
0.64 0.32014999999999894
0.64 0.3412999999999993
0.67 0.3640000000000005
0.86 0.390450000000001
0.9 0.45545000000000097
0.96 0.5025000000000002
0.95 0.5655999999999994
0.91 0.5716499999999999
0.96 0.5873000000000005
0.95 0.5301500000000007
0.96 0.5480500000000005
0.67 0.5000999999999997
0.93 0.5482500000000011
0.9 0.5730500000000006
0.94 0.6098500000000002
0.96 0.5367999999999993
0.95 0.666700000000001
0.95 0.74515
0.95 0.7064000000000015
0.96 0.6675500000000014
0.95 0.5735500000000007
0.94 0.5707000000000003
0.81 0.574450000000001
0.7 0.620050000000001
0.67 0.3779000000000021
0.67 0.3793500000000013
0.67 0.36520000000000147
0.66 0.365150000000002
0.67 0.42915000000000214
0.67 0.5074000000000012
0.67 0.6392000000000005
0.67 0.6566500000000011
0.67 0.6525000000000013
0.67 0.5451000000000001
0.67 0.6034000000000007
0.67 0.6504500000000012
0.67 0.6658500000000015
0.67 0.6692000000000015
0.67 0.6653500000000014
0.67 0.6604000000000013
0.67 0.6616500000000015
0.67 0.6633000000000012
0.67 0.6630000000000014
0.75 0.6619500000000013
0.75 0.6542500000000011
0.67 0.6562000000000013
0.67 0.6519000000000014
0.74 0.6234000000000013
0.74 0.5500000000000016
0.67 0.5716000000000018
0.67 0.6078500000000016
0.67 0.6258500000000012
0.67 0.6367500000000014
0.67 0.6428500000000015
0.67 0.6340500000000017
0.67 0.6436500000000015
0.67 0.6521500000000015
0.67 0.6437000000000015
0.67 0.6414500000000015
0.67 0.6532000000000012
0.67 0.6389500000000017
0.67 0.6621000000000014
0.67 0.6118000000000013
0.67 0.6626000000000012
0.67 0.6635000000000015
0.67 0.6337000000000017
0.67 0.6567000000000016
0.67 0.6601500000000011
0.67 0.6653500000000016
0.67 0.6633000000000012
0.67 0.6691000000000009
0.67 0.6521000000000015
0.85 0.6394500000000014
0.67 0.6390000000000012
0.97 0.6657000000000015
0.97 0.6691000000000016
0.97 0.6653500000000016
0.97 0.6808500000000011
0.97 0.697300000000001
0.96 0.677850000000001
0.97 0.7111000000000003
0.97 0.7330500000000009
0.93 0.7158500000000002
0.93 0.7269500000000005
0.97 0.7231000000000003
0.97 0.7304500000000002
0.97 0.7572499999999988
0.91 0.661800000000001
0.79 0.6253500000000013
0.67 0.6481000000000013
0.67 0.6436500000000014
0.67 0.6389500000000014
0.67 0.6379500000000016
0.67 0.6520500000000014
0.67 0.6474500000000014
0.67 0.6508500000000014
0.67 0.6485500000000016
0.67 0.6542000000000014
0.67 0.6458000000000016
0.67 0.6475500000000015
0.67 0.6445500000000015
0.67 0.6529000000000011
0.67 0.6409000000000016
0.67 0.6449500000000016
0.67 0.6487000000000015
0.67 0.6605500000000015
0.67 0.6499500000000016
0.67 0.6565000000000015
0.67 0.6640000000000011
0.67 0.6556500000000015
0.67 0.6501000000000015
0.67 0.6607000000000015
0.67 0.6532500000000014
0.67 0.6520500000000014
0.67 0.6589000000000016
0.67 0.6524500000000014
0.67 0.6488500000000015
0.67 0.6447000000000013
0.67 0.6411000000000016
0.67 0.6542500000000014
0.67 0.6611500000000011
0.67 0.6529500000000013
0.67 0.6620500000000014
0.67 0.6521000000000015
0.67 0.6650500000000013
0.67 0.6623500000000013
0.67 0.6672000000000015
0.67 0.6689000000000013
0.67 0.6687500000000012
0.67 0.667400000000001
0.67 0.663800000000001
0.67 0.6663000000000013
0.67 0.6648500000000014
0.67 0.6658500000000012
0.67 0.6671500000000016
0.67 0.6490000000000016
0.67 0.6407500000000015
0.67 0.6455500000000012
0.67 0.6668000000000012
0.67 0.6140500000000015
0.67 0.6644500000000012
0.67 0.6643000000000014
0.67 0.6658000000000013
0.67 0.6662500000000016
0.67 0.6184000000000016
0.67 0.656750000000001
0.67 0.6611000000000015
0.67 0.6595000000000014
0.67 0.6616000000000014
0.67 0.6670500000000013
0.73 0.6592500000000016
0.86 0.6627500000000016
0.67 0.6487500000000017
0.67 0.6631500000000016
0.67 0.6658000000000015
0.67 0.6671000000000017
0.67 0.6678000000000012
0.71 0.6552000000000012
0.67 0.5974000000000017
0.67 0.6626000000000015
0.89 0.6378000000000017
0.73 0.5874000000000017
0.67 0.6155500000000016
0.73 0.6447500000000014
0.67 0.6539500000000014
0.67 0.6412500000000015
0.88 0.6686000000000011
0.67 0.6666500000000011
0.67 0.6630000000000013
0.67 0.6656500000000013
0.72 0.6689500000000008
0.67 0.6636000000000013
0.9 0.6842500000000007
0.67 0.6676000000000013
0.67 0.669600000000001
0.67 0.669550000000001
0.67 0.668100000000001
0.67 0.6674000000000012
0.67 0.6693000000000012
0.67 0.6679500000000012
0.67 0.6648000000000012
0.67 0.667700000000001
0.67 0.6691000000000011
0.67 0.669850000000001
0.96 0.7233999999999995
0.96 0.7119499999999997
0.67 0.6688500000000012
0.67 0.6682500000000015
0.67 0.6681500000000012
0.67 0.6640000000000011
0.67 0.6683500000000009
0.67 0.6700000000000008
0.67 0.6657000000000011
0.67 0.669750000000001
0.67 0.669700000000001
0.67 0.6672000000000012
0.67 0.668950000000001
0.67 0.6668000000000012
0.67 0.6689500000000009
0.67 0.6698500000000008
0.67 0.6683500000000009
0.67 0.6682000000000009
0.67 0.668250000000001
0.67 0.6676500000000012
0.67 0.668250000000001
0.67 0.6700000000000008
0.67 0.669150000000001
0.67 0.6698000000000008
0.67 0.6694500000000011
0.67 0.6664500000000014
0.67 0.6676500000000012
0.67 0.668200000000001
0.67 0.668100000000001
0.67 0.6668500000000012
0.67 0.6696500000000011
0.67 0.6700000000000008
0.67 0.6647500000000011
0.67 0.667450000000001
0.67 0.666350000000001
0.67 0.6668000000000011
0.67 0.6698500000000008
0.67 0.6649000000000013
0.67 0.6645500000000013
0.67 0.666000000000001
0.67 0.6669500000000013
0.67 0.6698000000000011
0.67 0.668500000000001
0.67 0.6700000000000008
0.67 0.6696500000000009
0.67 0.667750000000001
0.67 0.669600000000001
0.67 0.6700000000000008
0.67 0.6699500000000009
0.67 0.6638500000000015
0.67 0.669850000000001
0.67 0.6693500000000009
0.67 0.6609000000000017
0.67 0.6685500000000013
0.67 0.6631000000000015
0.67 0.6695500000000011
0.67 0.6658500000000012
0.67 0.667500000000001
0.67 0.665900000000001
0.67 0.6700000000000008
0.67 0.6684500000000011
0.67 0.6683000000000011
0.67 0.669850000000001
0.67 0.6699000000000009
0.67 0.666050000000001
0.67 0.669200000000001
0.67 0.6696500000000009
0.67 0.669350000000001
0.67 0.6685500000000011
0.67 0.6675000000000011
0.67 0.6688500000000009
0.67 0.6663000000000011
0.67 0.6508500000000013
0.67 0.6382000000000013
0.97 0.6708500000000015
0.97 0.6545000000000014
0.97 0.6904000000000009
0.97 0.6643000000000014
0.97 0.6762500000000017
0.97 0.7093000000000006
0.97 0.7065500000000007
0.97 0.7154500000000003
0.67 0.6500500000000013
0.67 0.6572000000000014
0.67 0.6434000000000016
0.67 0.6378000000000016
0.67 0.6398500000000016
0.67 0.6487000000000016
0.67 0.6392500000000015
0.67 0.6432500000000015
0.67 0.6532500000000016
0.67 0.6543500000000015
0.67 0.6619000000000014
0.67 0.6662500000000012
0.67 0.6516000000000016
0.67 0.6443500000000014
0.67 0.5830500000000013
0.67 0.6475000000000015
0.67 0.6303500000000016
0.67 0.6501000000000016
0.67 0.6605500000000015
0.67 0.6583500000000015
0.67 0.6638500000000012
0.67 0.669550000000001
0.67 0.6668500000000012
0.67 0.6612000000000013
0.67 0.6662500000000011
0.67 0.6683500000000009
0.67 0.6613500000000013
0.67 0.6630000000000014
0.67 0.6527500000000014
0.67 0.6453500000000012
0.67 0.6436000000000015
0.67 0.6564000000000014
0.67 0.6681500000000011
0.67 0.6676000000000011
0.67 0.6665000000000011
0.67 0.6662000000000012
0.67 0.6643000000000012
0.67 0.6674000000000011
0.67 0.6699000000000009
0.67 0.6636500000000012
0.67 0.6645500000000014
0.67 0.6682500000000015
0.67 0.668950000000001
0.67 0.669350000000001
0.67 0.6661500000000011
0.67 0.6694500000000009
0.67 0.6685000000000012
0.67 0.6673500000000011
0.67 0.669850000000001
0.67 0.6698000000000011
0.67 0.6692500000000012
0.67 0.6659500000000012
0.67 0.6675500000000012
0.67 0.6673500000000012
0.67 0.6619000000000009
0.67 0.6653000000000014
0.67 0.6592500000000012
0.67 0.6600500000000014
0.67 0.6652500000000013
0.67 0.6669000000000013
0.67 0.6651000000000014
0.76 0.6572000000000012
0.76 0.6247000000000015
0.76 0.6395000000000013
0.91 0.6632000000000013
0.67 0.6603500000000012
0.67 0.6599000000000014
0.67 0.6675500000000015
0.67 0.6595500000000015
0.67 0.6351000000000014
0.67 0.6486000000000015
0.67 0.5724500000000019
0.67 0.6666500000000013
0.67 0.6626000000000015
0.67 0.6552000000000016
0.67 0.6528500000000015
0.73 0.6616000000000013
0.67 0.6642500000000016
0.67 0.6617000000000016
0.67 0.6647500000000014
0.73 0.6472500000000013
0.67 0.6615000000000015
0.67 0.6678000000000013
0.67 0.6676500000000012
0.67 0.667850000000001
0.67 0.668650000000001
0.67 0.6677500000000012
0.67 0.6615500000000014
0.67 0.6563000000000012
0.67 0.6464000000000013
0.67 0.6555000000000014
0.68 0.6508000000000016
0.73 0.665250000000001
0.73 0.6590000000000015
0.73 0.6548000000000013
0.73 0.6686000000000011
0.86 0.669200000000001
0.86 0.6651500000000012
0.91 0.6702500000000012
0.91 0.6741500000000009
0.67 0.6598500000000014
0.87 0.6675000000000011
0.87 0.6675000000000011
0.87 0.6768500000000008
0.97 0.679400000000001
0.67 0.6610000000000015
0.67 0.6641500000000016
0.67 0.6678500000000014
0.73 0.6662500000000011
0.73 0.6561500000000013
0.69 0.5803000000000018
0.71 0.6481500000000016
0.89 0.6293500000000015
0.67 0.5872500000000016
0.67 0.6518000000000012
0.89 0.6683000000000012
