0.7 0.3767999999999991
0.7 0.3967499999999992
0.7 0.379999999999999
0.7 0.4131499999999991
0.78 0.4318999999999988
0.82 0.3963999999999986
0.84 0.41309999999999897
0.77 0.43564999999999965
0.84 0.41794999999999954
0.83 0.42309999999999953
0.84 0.4195499999999997
0.84 0.3922499999999992
0.84 0.42300000000000004
0.84 0.4182999999999998
0.7 0.42815
0.82 0.46945000000000126
0.7 0.44360000000000077
0.77 0.4595500000000008
0.88 0.46435000000000104
0.7 0.4333500000000001
0.7 0.4336500000000003
0.84 0.44890000000000074
0.84 0.4557000000000007
0.84 0.45240000000000125
0.84 0.44690000000000074
0.7 0.4153999999999992
0.74 0.45720000000000055
0.84 0.4414000000000005
0.84 0.44365000000000065
0.84 0.47215000000000096
0.84 0.500150000000001
0.84 0.45245000000000096
0.77 0.4279500000000002
0.79 0.47465000000000146
0.84 0.47690000000000204
0.77 0.43220000000000064
0.77 0.4429000000000008
0.79 0.4676000000000017
0.83 0.4809000000000012
0.69 0.4417000000000008
0.73 0.4359000000000009
0.7 0.4600500000000014
0.7 0.41150000000000003
0.7 0.40145
0.7 0.39354999999999996
0.7 0.4064499999999998
0.7 0.42035000000000045
0.7 0.4099999999999995
0.64 0.3881499999999992
0.7 0.4126999999999997
0.7 0.4056
0.7 0.4155499999999999
0.7 0.4131499999999999
0.7 0.3959499999999993
0.7 0.40374999999999966
0.7 0.3946499999999997
0.7 0.3950499999999999
0.7 0.40525000000000005
0.7 0.4151500000000003
0.7 0.42695000000000066
0.73 0.4348500000000005
0.7 0.4135500000000001
0.87 0.44230000000000097
0.87 0.46430000000000166
0.87 0.4623500000000017
0.7 0.41864999999999997
0.97 0.45665000000000083
0.7 0.4570000000000009
0.7 0.40689999999999926
0.7 0.43810000000000016
0.7 0.4074499999999985
0.71 0.37639999999999924
0.81 0.42425
0.7 0.43844999999999934
0.96 0.46040000000000086
0.96 0.44739999999999996
0.84 0.4185499999999985
0.73 0.40039999999999876
0.7 0.37969999999999887
0.51 0.3668999999999989
0.69 0.40124999999999866
0.7 0.4165999999999987
0.7 0.44864999999999994
0.7 0.411549999999999
0.7 0.4613500000000011
0.7 0.4750000000000009
0.7 0.4979500000000014
0.7 0.5200000000000015
0.7 0.5130000000000016
0.7 0.5436500000000017
0.7 0.43510000000000054
0.7 0.4690500000000015
0.7 0.48955000000000193
0.7 0.5659000000000024
0.7 0.5893000000000024
0.7 0.5442500000000013
0.7 0.5553500000000012
0.72 0.5885500000000023
0.7 0.6230000000000022
0.7 0.6344500000000021
0.7 0.6356500000000018
0.7 0.6259500000000018
0.7 0.6432500000000015
0.7 0.6264500000000013
0.71 0.6444000000000014
0.7 0.6171000000000015
0.7 0.648300000000002
0.7 0.634500000000002
0.7 0.642250000000002
0.7 0.6395000000000016
0.7 0.6593000000000022
0.7 0.6582500000000024
0.7 0.6604000000000027
0.7 0.6585000000000025
0.7 0.6666000000000022
0.7 0.6517000000000023
0.7 0.6417500000000022
0.7 0.6422000000000019
0.7 0.6560000000000024
0.7 0.6792000000000021
0.7 0.6709000000000023
0.7 0.6675500000000024
0.7 0.6651500000000022
0.7 0.6783000000000021
0.7 0.6554500000000024
0.7 0.6736000000000021
0.7 0.6647000000000021
0.7 0.6626000000000025
0.7 0.6556500000000021
0.7 0.6669000000000023
0.7 0.6261500000000016
0.7 0.6528000000000023
0.7 0.643900000000002
0.7 0.6556500000000021
0.7 0.6418500000000017
0.7 0.6336000000000017
0.7 0.6601500000000026
0.7 0.648850000000002
0.7 0.50775
0.7 0.44194999999999895
0.7 0.5943500000000015
0.7 0.6310000000000016
0.7 0.6526500000000022
0.7 0.6369500000000016
0.7 0.6447500000000019
0.7 0.6580000000000024
0.7 0.6566500000000025
0.7 0.6671500000000021
0.7 0.6578500000000023
0.7 0.6635500000000024
0.7 0.6546000000000024
0.7 0.6579000000000025
0.7 0.6775000000000017
0.7 0.6834000000000015
0.7 0.6740500000000021
0.7 0.6724000000000023
0.7 0.6617000000000024
0.7 0.6679500000000025
0.7 0.641550000000002
0.7 0.6629000000000024
0.7 0.6506500000000024
0.7 0.5832500000000024
0.7 0.6699000000000019
0.7 0.657100000000002
0.7 0.6605000000000022
0.7 0.6778500000000021
0.7 0.6738000000000022
0.7 0.678900000000002
0.7 0.6733500000000023
0.7 0.648100000000002
0.7 0.6705000000000026
0.7 0.6754500000000024
0.7 0.6757000000000023
0.7 0.6564500000000024
0.7 0.6633500000000023
0.7 0.6352000000000013
0.7 0.6388000000000018
0.7 0.6415500000000017
0.7 0.5048000000000025
0.7 0.6098000000000018
0.7 0.6493000000000024
0.7 0.6376000000000022
0.7 0.6279000000000022
0.7 0.6724500000000022
0.7 0.6694500000000025
0.7 0.6729500000000024
0.7 0.6796500000000022
0.7 0.6725500000000022
0.7 0.6702000000000026
0.7 0.6644500000000025
0.7 0.6723000000000023
0.7 0.6738500000000022
0.7 0.6760500000000021
0.7 0.5476000000000028
0.7 0.4324500000000003
0.7 0.4193500000000001
0.7 0.4192500000000002
0.7 0.4074500000000002
0.7 0.4182000000000003
0.7 0.4582500000000012
0.7 0.500700000000002
0.7 0.5312000000000016
0.7 0.5686500000000017
0.7 0.6095000000000022
0.7 0.6274500000000021
0.7 0.644150000000002
0.7 0.6489500000000024
0.7 0.656550000000002
0.7 0.660900000000002
0.7 0.6544500000000022
0.7 0.6678500000000018
0.7 0.6694500000000022
0.7 0.6736500000000021
0.7 0.6835500000000019
0.7 0.6541000000000026
0.7 0.6714500000000021
0.7 0.6723500000000022
0.7 0.6670000000000023
0.7 0.6654000000000024
0.7 0.6606000000000024
0.7 0.6714000000000023
0.7 0.6560500000000025
0.7 0.6483500000000023
0.7 0.6692000000000021
0.7 0.6793000000000022
0.7 0.6684500000000021
0.7 0.6483500000000023
0.7 0.6715500000000023
0.7 0.5763000000000026
0.7 0.6687500000000022
0.7 0.6791000000000021
0.7 0.6546000000000022
0.7 0.6614500000000022
0.7 0.6616000000000022
0.7 0.6744000000000022
0.7 0.6623500000000022
0.7 0.6720500000000023
0.7 0.6835500000000019
0.7 0.6796000000000021
0.7 0.6753000000000021
0.7 0.6623500000000024
0.7 0.6684000000000023
0.7 0.6513000000000022
0.7 0.6700000000000018
0.7 0.673850000000002
0.7 0.6627500000000022
0.7 0.6314500000000016
0.7 0.6521500000000023
0.7 0.6668000000000022
0.7 0.6623500000000021
0.7 0.6772000000000022
0.7 0.6590000000000024
0.7 0.6621500000000025
0.7 0.6598500000000023
0.7 0.6538500000000022
0.7 0.6652000000000022
0.7 0.6298000000000014
0.7 0.6734000000000019
0.7 0.6699500000000017
0.7 0.6584000000000025
0.7 0.6679000000000025
0.7 0.669900000000002
0.7 0.6811500000000019
0.7 0.6861000000000019
0.7 0.6885500000000022
0.7 0.675500000000002
0.7 0.6715000000000021
0.7 0.6631500000000022
0.7 0.677550000000002
0.7 0.6698500000000022
0.7 0.6722500000000022
0.7 0.6721500000000021
0.7 0.6528500000000023
0.7 0.6395500000000015
0.7 0.6696500000000024
0.7 0.6716000000000022
0.7 0.6838500000000018
0.7 0.6873500000000018
0.7 0.681000000000002
0.7 0.6746000000000021
0.7 0.6365000000000017
0.7 0.6522500000000021
0.7 0.6706500000000021
0.7 0.6768500000000021
0.7 0.6463500000000023
0.7 0.6499500000000021
0.7 0.6534500000000023
0.7 0.6550000000000021
0.7 0.6589500000000024
0.7 0.6627500000000025
0.7 0.6453500000000022
0.7 0.6550500000000025
0.7 0.6541500000000025
0.7 0.6621500000000025
0.7 0.6452000000000023
0.7 0.6519000000000021
0.7 0.6472000000000024
0.7 0.6685000000000023
0.7 0.6770000000000023
0.7 0.6644500000000022
0.7 0.6562500000000021
0.7 0.6628000000000023
0.7 0.6585500000000023
0.7 0.662550000000002
0.7 0.6381500000000022
0.7 0.6585500000000021
0.7 0.671000000000002
0.7 0.673550000000002
0.7 0.6638000000000025
0.7 0.6630500000000024
0.7 0.673950000000002
0.7 0.6687000000000017
0.7 0.6815000000000018
0.84 0.677900000000002
0.84 0.6660000000000019
0.84 0.6780000000000019
0.84 0.674500000000002
0.84 0.6748500000000023
0.84 0.6823000000000019
0.84 0.6798000000000018
0.84 0.6754000000000022
0.84 0.6701500000000022
0.84 0.6637500000000023
0.84 0.6669000000000023
0.84 0.6659000000000023
0.84 0.6635000000000022
0.84 0.6823000000000028
0.84 0.6691000000000022
0.84 0.684750000000002
0.84 0.6804000000000019
0.84 0.687200000000002
0.84 0.6744000000000018
0.84 0.6857000000000022
0.84 0.6992500000000019
0.84 0.7143500000000016
0.84 0.6954500000000017
0.84 0.6902500000000009
0.84 0.6635000000000001
0.84 0.6968500000000013
0.84 0.7069500000000012
0.84 0.6864500000000018
0.84 0.7009500000000018
0.84 0.7053000000000018
0.84 0.7062000000000017
0.84 0.737550000000001
0.84 0.6620000000000019
0.84 0.6779000000000026
0.84 0.7082000000000016
0.84 0.726650000000001
0.85 0.74495
0.85 0.7590999999999988
0.85 0.7586999999999989
0.87 0.7586999999999997
0.87 0.7610999999999993
0.9 0.768249999999999
0.91 0.7653999999999997
0.91 0.7725499999999994
0.91 0.77055
0.92 0.7814499999999992
0.92 0.7769500000000005
0.94 0.7672500000000012
0.95 0.7886499999999994
0.95 0.7680499999999997
0.95 0.7906999999999997
0.95 0.7900499999999997
0.95 0.7930999999999999
0.95 0.77125
0.95 0.77695
0.95 0.7911499999999992
0.95 0.7983499999999993
0.95 0.7767499999999995
0.95 0.7899499999999997
0.97 0.7660499999999993
0.97 0.7803999999999996
0.97 0.7484000000000001
0.97 0.77655
0.97 0.8067999999999995
0.97 0.8149499999999996
0.97 0.7612999999999995
0.98 0.7904000000000003
0.98 0.8086499999999996
0.98 0.8644499999999998
0.98 0.8375000000000002
0.98 0.8773499999999993
0.98 0.8789999999999989
0.98 0.8392499999999994
0.98 0.8766499999999989
0.98 0.888999999999998
0.98 0.8748999999999989
0.98 0.867599999999999
0.98 0.8423499999999983
0.98 0.8663499999999987
0.98 0.8409999999999982
0.98 0.8749499999999989
0.98 0.8885999999999988
0.98 0.8680499999999987
0.98 0.88295
0.98 0.8825499999999995
0.98 0.9274000000000002
0.98 0.9228500000000007
0.98 0.7463999999999976
0.98 0.7669500000000019
0.98 0.8753500000000004
0.98 0.8072000000000017
0.98 0.8941500000000004
0.98 0.9106500000000008
0.98 0.9277500000000003
0.98 0.9278
0.98 0.9266499999999998
0.98 0.93965
0.98 0.9053500000000002
0.98 0.88975
0.98 0.9186
0.98 0.9035499999999995
0.98 0.8941000000000002
0.98 0.8882000000000001
0.98 0.8973500000000009
0.98 0.8753000000000006
0.98 0.8793500000000009
0.98 0.8863500000000009
0.98 0.8902500000000007
0.98 0.9176499999999997
0.98 0.8988000000000007
0.98 0.90825
0.98 0.9259500000000003
0.98 0.9328499999999994
0.98 0.9070999999999999
0.98 0.908400000000001
0.98 0.9071000000000011
0.98 0.890500000000001
0.98 0.9019000000000001
0.98 0.8964499999999999
0.98 0.8846000000000003
0.98 0.9229999999999996
0.98 0.9192500000000001
0.98 0.9364999999999997
0.98 0.9172000000000008
0.98 0.9294499999999993
0.98 0.9418499999999996
0.98 0.9354499999999989
0.98 0.9360999999999994
0.98 0.93035
0.98 0.9320499999999989
0.98 0.9359999999999993
0.98 0.948599999999999
0.98 0.9486999999999992
0.98 0.9209499999999999
0.98 0.9140000000000004
0.98 0.9158
0.98 0.9098500000000002
0.98 0.9059500000000004
0.98 0.9248000000000003
0.98 0.898350000000001
0.98 0.892600000000001
0.98 0.8773000000000013
0.98 0.8829000000000008
0.98 0.9076000000000006
0.98 0.9035000000000011
0.98 0.8982500000000008
0.98 0.9437499999999995
0.98 0.9333499999999998
0.98 0.9278999999999997
0.98 0.9048000000000007
0.98 0.8791500000000013
0.98 0.9051500000000011
0.98 0.9207499999999998
0.98 0.9231499999999998
0.98 0.9120499999999998
0.98 0.9095
0.98 0.8982999999999997
0.98 0.882600000000001
0.98 0.906400000000001
0.98 0.6868999999999987
0.98 0.8115999999999991
0.98 0.8781000000000002
0.98 0.8810000000000009
0.98 0.9194499999999999
0.98 0.8775000000000004
0.98 0.6343499999999986
0.98 0.8674999999999994
0.98 0.9041500000000003
0.98 0.90425
0.98 0.9099499999999996
0.98 0.7003499999999978
0.63 0.6184499999999986
0.98 0.7643999999999979
0.98 0.8558500000000002
0.98 0.680949999999999
0.98 0.8448499999999999
0.98 0.8917500000000003
0.98 0.8743999999999998
0.98 0.8502499999999995
0.98 0.8930000000000003
0.98 0.8965000000000013
0.98 0.7761999999999987
0.63 0.38104999999999817
0.63 0.6114499999999989
0.63 0.6228999999999987
0.63 0.6218499999999986
0.63 0.6216999999999986
