0.26 0.6292000000000068
0.26 0.5905600000000063
0.040000000000000036 0.5544400000000062
0.040000000000000036 0.5197400000000053
0.040000000000000036 0.49638000000000426
0.040000000000000036 0.46926000000000423
0.040000000000000036 0.44550000000000295
0.040000000000000036 0.4373000000000031
0.040000000000000036 0.4081600000000017
0.040000000000000036 0.4020200000000006
0.040000000000000036 0.39376000000000067
0.040000000000000036 0.3768199999999997
0.040000000000000036 0.3656599999999981
0.040000000000000036 0.36841999999999914
0.040000000000000036 0.3563599999999981
0.040000000000000036 0.3491599999999993
0.040000000000000036 0.3478799999999993
0.040000000000000036 0.3425199999999985
0.040000000000000036 0.3465999999999991
0.040000000000000036 0.3379999999999986
0.040000000000000036 0.3309399999999991
0.040000000000000036 0.3283199999999985
0.040000000000000036 0.3205799999999996
0.040000000000000036 0.30635999999999963
0.040000000000000036 0.3048399999999994
0.040000000000000036 0.29072000000000003
0.040000000000000036 0.28748000000000024
0.040000000000000036 0.28062000000000004
0.040000000000000036 0.2775000000000001
0.040000000000000036 0.27278
0.040000000000000036 0.27584000000000003
0.040000000000000036 0.27135999999999993
0.040000000000000036 0.2719000000000003
0.040000000000000036 0.2684200000000001
0.020000000000000018 0.25929999999999953
0.020000000000000018 0.2508399999999998
0.020000000000000018 0.2510399999999999
0.020000000000000018 0.2532600000000001
0.020000000000000018 0.24463999999999994
0.020000000000000018 0.23457999999999976
0.020000000000000018 0.24039999999999984
0.020000000000000018 0.2528799999999999
0.020000000000000018 0.24145999999999987
0.020000000000000018 0.2542799999999996
0.020000000000000018 0.2353800000000001
0.020000000000000018 0.23855999999999974
0.020000000000000018 0.22811999999999993
0.020000000000000018 0.2208399999999999
0.020000000000000018 0.2088199999999997
0.020000000000000018 0.20183999999999988
0.020000000000000018 0.21909999999999985
0.020000000000000018 0.21277999999999997
0.020000000000000018 0.22082000000000002
0.020000000000000018 0.21207999999999985
0.020000000000000018 0.20917999999999992
0.020000000000000018 0.19549999999999987
0.020000000000000018 0.19337999999999977
0.020000000000000018 0.1944199999999999
0.020000000000000018 0.18865999999999977
0.020000000000000018 0.2018
0.020000000000000018 0.2023200000000001
0.020000000000000018 0.20007999999999998
0.020000000000000018 0.1918199999999999
0.020000000000000018 0.1946799999999999
0.020000000000000018 0.18569999999999995
0.020000000000000018 0.18328000000000005
0.020000000000000018 0.1836400000000001
0.020000000000000018 0.1730999999999999
0.020000000000000018 0.17459999999999976
0.020000000000000018 0.16855999999999985
0.020000000000000018 0.17111999999999983
0.020000000000000018 0.16697999999999988
0.020000000000000018 0.15791999999999984
0.020000000000000018 0.15925999999999982
0.020000000000000018 0.17403999999999994
0.020000000000000018 0.1692399999999996
0.020000000000000018 0.16477999999999982
0.020000000000000018 0.16639999999999974
0.020000000000000018 0.17209999999999992
0.020000000000000018 0.17033999999999969
0.020000000000000018 0.17027999999999976
0.020000000000000018 0.16647999999999957
0.020000000000000018 0.1668399999999999
0.020000000000000018 0.17161999999999988
0.020000000000000018 0.1612999999999997
0.020000000000000018 0.16489999999999966
0.020000000000000018 0.15213999999999955
0.020000000000000018 0.16123999999999958
0.020000000000000018 0.15683999999999965
0.020000000000000018 0.15925999999999968
0.020000000000000018 0.15353999999999976
0.020000000000000018 0.14773999999999954
0.020000000000000018 0.14077999999999974
0.020000000000000018 0.1450399999999996
0.020000000000000018 0.13913999999999974
0.020000000000000018 0.13021999999999975
0.020000000000000018 0.13963999999999954
0.020000000000000018 0.13773999999999972
0.020000000000000018 0.14267999999999958
0.020000000000000018 0.14057999999999965
