0.74 0.3698000000000009
0.74 0.3972000000000006
0.76 0.4156500000000004
0.76 0.44110000000000066
0.67 0.4320500000000005
0.69 0.42675000000000035
0.68 0.43020000000000036
0.68 0.42254999999999965
0.68 0.41720000000000007
0.7 0.43670000000000075
0.79 0.45335000000000114
0.75 0.4279000000000007
0.83 0.43005000000000027
0.86 0.4060499999999999
0.7 0.40324999999999983
0.68 0.41045000000000004
0.79 0.41139999999999993
0.75 0.45275000000000093
0.85 0.4531000000000011
0.85 0.4845000000000017
0.9 0.49185000000000195
0.92 0.4907500000000016
0.96 0.5261000000000015
0.96 0.5250500000000011
0.92 0.4962500000000011
0.91 0.5209000000000007
0.69 0.47845000000000115
0.84 0.5324500000000004
0.92 0.5312500000000011
0.96 0.562300000000001
0.96 0.5727500000000003
0.9 0.4814500000000016
0.72 0.5031000000000014
0.9 0.5184000000000016
0.98 0.5009500000000016
0.88 0.5117500000000015
0.98 0.5228500000000015
0.98 0.4906000000000011
0.98 0.5476000000000001
0.98 0.5037500000000013
0.98 0.5061500000000007
0.98 0.5938500000000001
0.98 0.6122500000000005
0.98 0.6007500000000007
0.72 0.4794000000000004
0.85 0.5002000000000004
0.93 0.6135000000000003
0.78 0.45845000000000113
0.9 0.5155500000000018
0.89 0.5647500000000002
0.96 0.5773500000000006
0.97 0.6044000000000002
0.97 0.6521499999999999
0.97 0.6206
0.98 0.6708999999999997
0.98 0.5774500000000002
0.79 0.5822999999999995
0.97 0.5438500000000008
0.83 0.5996499999999996
0.85 0.5725499999999997
0.84 0.5400999999999997
0.79 0.5365000000000003
0.66 0.4931000000000018
0.77 0.5917500000000004
0.85 0.5868499999999998
0.84 0.6202000000000003
0.89 0.6294499999999998
0.97 0.6561499999999998
0.97 0.6597500000000003
0.97 0.6501500000000006
0.97 0.6300999999999993
0.97 0.6715499999999994
0.97 0.7146000000000001
0.97 0.7424499999999995
0.97 0.7637000000000002
0.97 0.7508500000000009
0.97 0.7971999999999992
0.97 0.7695500000000002
0.97 0.815
0.97 0.8454000000000002
0.97 0.8604500000000008
0.97 0.8442500000000004
0.97 0.7151000000000018
0.97 0.768100000000002
0.97 0.8038000000000021
0.58 0.4776000000000004
0.69 0.5050000000000001
0.69 0.5332499999999997
0.69 0.5351999999999997
0.68 0.556499999999999
0.58 0.3837999999999998
0.69 0.5584000000000002
0.66 0.39094999999999996
0.68 0.43845000000000106
0.38 0.37059999999999965
0.62 0.38404999999999956
0.51 0.38494999999999957
0.69 0.425200000000001
0.4 0.3725999999999997
0.58 0.38675
0.58 0.3825499999999996
0.62 0.38719999999999966
0.42 0.3752499999999996
0.61 0.3862500000000011
0.61 0.3944500000000012
0.41 0.3703999999999996
0.43 0.3806000000000004
0.45 0.38415000000000094
0.69 0.4032500000000011
0.71 0.42229999999999995
0.71 0.44119999999999904
0.71 0.4615999999999997
0.64 0.41040000000000015
0.64 0.42055000000000087
0.67 0.4232500000000007
0.64 0.43245000000000006
0.67 0.4328000000000003
0.63 0.4418499999999996
0.67 0.4597500000000006
0.67 0.4812500000000009
0.67 0.5275499999999994
0.75 0.4745000000000006
0.68 0.49175000000000013
0.67 0.4910000000000003
0.68 0.5413500000000004
0.78 0.5607
0.69 0.5403500000000006
0.76 0.6059999999999995
0.97 0.5915500000000002
0.97 0.5895000000000005
0.72 0.6234499999999996
0.69 0.6285500000000002
0.69 0.6335000000000003
0.69 0.6427500000000004
0.69 0.6537500000000002
0.69 0.6491000000000007
0.69 0.6584500000000006
0.69 0.6586500000000011
0.69 0.6611500000000013
0.69 0.6711500000000004
0.69 0.6731500000000006
0.82 0.6633500000000003
0.7 0.6673000000000009
0.69 0.6665000000000019
0.7 0.6715000000000021
0.7 0.675150000000002
0.7 0.668450000000002
0.69 0.6618000000000009
0.69 0.6667500000000015
0.69 0.6568000000000012
0.79 0.6486000000000004
0.69 0.6524500000000008
0.8 0.6457000000000005
0.77 0.5978500000000004
0.82 0.6559500000000006
0.77 0.5861500000000004
0.97 0.636
0.97 0.6162500000000002
0.98 0.6560500000000001
0.98 0.6699500000000002
0.97 0.7026500000000007
0.97 0.6831500000000008
0.97 0.6526000000000001
0.97 0.6846500000000003
0.98 0.7295000000000015
0.98 0.6973000000000015
0.98 0.7107500000000013
0.84 0.6364500000000004
0.96 0.6874500000000013
0.97 0.6948000000000012
0.97 0.7031000000000021
0.94 0.6339000000000006
0.92 0.6543000000000012
0.91 0.6269499999999999
0.73 0.6081
0.75 0.6210000000000004
0.75 0.6381000000000008
0.69 0.5847499999999998
0.86 0.6123000000000005
0.7 0.5484500000000004
0.91 0.6268500000000004
0.87 0.6400000000000006
0.91 0.6743000000000007
0.71 0.5343500000000001
0.71 0.5454500000000002
0.92 0.6221500000000003
0.71 0.5958500000000004
0.71 0.5789499999999999
0.71 0.6245499999999995
0.7 0.6419
0.7 0.6554999999999999
0.71 0.6771000000000005
0.84 0.6658000000000008
0.84 0.6802500000000002
0.7 0.6015999999999994
0.7 0.6139499999999994
0.8 0.6025999999999992
0.89 0.6350499999999994
0.9 0.65105
0.9 0.6603499999999995
0.71 0.6463500000000002
0.71 0.6505500000000004
0.79 0.6376500000000008
0.7 0.6841999999999997
0.73 0.6764000000000003
0.7 0.6813500000000003
0.7 0.6751500000000008
0.7 0.6645000000000003
0.7 0.6724499999999998
0.7 0.6809499999999992
0.7 0.683149999999999
0.7 0.6827999999999993
0.7 0.6899499999999992
0.7 0.6904499999999999
0.7 0.6682999999999995
0.7 0.6549000000000003
0.7 0.5828000000000003
0.7 0.5808000000000002
0.7 0.6454500000000013
0.7 0.6499000000000013
0.7 0.6584000000000017
0.7 0.6802000000000027
0.7 0.6772500000000025
0.7 0.6689000000000022
0.7 0.6851
0.7 0.6713500000000032
0.7 0.6845500000000004
0.7 0.6689999999999999
0.7 0.6718500000000005
0.7 0.6622999999999994
0.7 0.6742499999999992
0.7 0.6850500000000004
0.7 0.6881999999999995
0.7 0.6873999999999986
0.7 0.693050000000001
0.7 0.6966500000000013
0.7 0.6987000000000017
0.7 0.6993000000000015
0.7 0.6982000000000013
0.7 0.6967500000000014
0.7 0.692450000000001
0.7 0.686150000000001
0.7 0.6782499999999999
0.7 0.6533499999999992
0.7 0.6872500000000009
0.7 0.6955500000000014
0.7 0.695800000000001
0.7 0.6878000000000007
0.7 0.6924000000000008
0.7 0.6914500000000013
0.7 0.6978500000000014
0.7 0.6854499999999989
0.7 0.6823500000000002
0.7 0.6854000000000007
0.7 0.6847500000000006
0.7 0.6897000000000005
0.7 0.6940000000000012
0.7 0.6982500000000013
0.7 0.6956500000000017
0.7 0.6969000000000019
0.7 0.6923000000000015
0.7 0.6965000000000012
0.7 0.6909500000000004
0.7 0.6931500000000014
0.7 0.674850000000001
0.7 0.6895500000000014
0.7 0.6989500000000014
0.7 0.667500000000001
0.7 0.6905000000000017
0.7 0.6962500000000018
0.7 0.699450000000001
0.7 0.683200000000002
0.7 0.6827500000000012
0.7 0.6731000000000011
0.7 0.6762500000000015
0.7 0.6848000000000019
0.7 0.6699500000000009
0.7 0.6546500000000007
0.7 0.6834500000000019
0.7 0.6830500000000018
0.7 0.6803000000000017
0.7 0.6847500000000015
0.7 0.6962000000000017
0.7 0.6943500000000015
0.7 0.6935500000000014
0.7 0.6923000000000016
0.7 0.6931000000000016
0.7 0.6846000000000011
0.7 0.6920500000000014
0.7 0.6842500000000017
0.7 0.6828000000000017
0.7 0.6733500000000011
0.7 0.6812500000000016
0.7 0.6839000000000017
0.7 0.6290500000000011
0.7 0.6711000000000007
0.7 0.6896000000000019
0.7 0.6945000000000011
0.7 0.6937500000000018
0.7 0.6886499999999988
0.7 0.6903000000000011
0.7 0.6948500000000007
0.7 0.68875
0.7 0.6900500000000007
0.7 0.6913500000000005
0.7 0.6956000000000013
0.7 0.6857500000000019
0.7 0.6914500000000016
0.7 0.6955500000000017
0.7 0.6979500000000017
0.7 0.6960500000000017
0.7 0.6932500000000015
0.7 0.694550000000001
0.7 0.6899500000000012
0.7 0.6904500000000015
0.7 0.6971500000000015
0.7 0.6885000000000013
0.7 0.6950500000000014
0.7 0.6955500000000014
0.7 0.6947500000000015
0.7 0.6952500000000018
0.7 0.6909000000000017
0.7 0.6947000000000015
0.7 0.6944500000000017
0.7 0.6982500000000015
0.7 0.6881500000000016
0.7 0.6926500000000018
0.7 0.6941500000000018
0.7 0.6912000000000017
0.7 0.6956000000000016
0.7 0.6930000000000017
0.7 0.6937500000000014
0.7 0.6953500000000014
0.7 0.6946500000000014
0.7 0.6973000000000014
0.7 0.6894
0.7 0.6936000000000013
0.7 0.6935500000000008
0.7 0.6972500000000013
0.7 0.6968000000000016
0.7 0.6948000000000013
0.7 0.6966500000000014
0.7 0.6976000000000017
0.7 0.6924500000000018
0.7 0.6868500000000017
0.7 0.6952500000000014
0.7 0.6939000000000014
0.7 0.6922500000000015
0.7 0.6934500000000016
0.7 0.6952000000000008
0.7 0.695600000000001
0.7 0.6946000000000013
0.7 0.6925500000000018
0.7 0.697100000000001
0.7 0.6950000000000016
0.7 0.6950000000000014
0.7 0.6897000000000005
0.7 0.6831999999999987
0.7 0.6884000000000013
0.7 0.6942000000000017
0.7 0.6915000000000019
0.7 0.6973000000000015
0.7 0.6961000000000014
0.7 0.6950000000000013
0.7 0.6728499999999994
0.7 0.6838499999999985
0.7 0.6869999999999985
0.7 0.6890999999999994
0.7 0.6909000000000007
0.7 0.6929500000000008
0.7 0.6204000000000004
0.7 0.6129499999999999
0.7 0.6723500000000014
0.7 0.6899000000000005
0.7 0.6853500000000002
0.7 0.6956
0.7 0.6955500000000012
0.7 0.6960500000000016
0.7 0.6934000000000015
0.7 0.6966000000000011
0.7 0.6990000000000012
0.7 0.6936500000000018
0.7 0.6949500000000015
0.7 0.6838000000000015
0.7 0.6938000000000016
0.7 0.6940000000000021
0.7 0.6985000000000011
0.7 0.6786500000000014
0.7 0.667650000000001
0.7 0.6684500000000004
0.7 0.6944500000000017
0.7 0.6960000000000018
0.7 0.6959500000000013
0.7 0.6955500000000017
0.7 0.6911500000000015
0.7 0.6724000000000002
0.7 0.6827500000000012
0.7 0.6905500000000017
0.7 0.6910000000000014
0.7 0.6910500000000015
0.7 0.6985500000000013
0.7 0.6974000000000015
0.7 0.6954500000000017
0.7 0.6907999999999991
0.7 0.6911999999999996
0.7 0.6885999999999991
0.7 0.6949000000000004
0.7 0.6900499999999994
0.7 0.6944000000000016
0.7 0.6978000000000015
0.7 0.6927500000000013
0.7 0.6933000000000017
0.7 0.6968500000000013
0.7 0.6985000000000009
0.7 0.6971000000000014
0.7 0.6980500000000014
0.7 0.6950500000000014
0.7 0.6974500000000012
0.7 0.6926000000000017
0.7 0.6952000000000018
0.7 0.6966500000000013
0.7 0.6912500000000018
0.7 0.6917500000000016
0.7 0.6974000000000012
0.7 0.6969000000000015
0.7 0.6979500000000013
0.7 0.6937000000000006
0.7 0.6946500000000015
0.7 0.6986000000000011
0.7 0.6981000000000015
0.7 0.6968000000000015
0.7 0.6975000000000011
0.7 0.6905999999999989
0.7 0.6851499999999987
0.7 0.6892499999999996
0.7 0.6914500000000001
0.7 0.6973500000000017
0.7 0.6967000000000014
0.7 0.6962000000000015
0.7 0.6916000000000018
0.7 0.6996500000000012
0.7 0.6849000000000018
0.7 0.6958000000000016
0.7 0.6966000000000016
0.7 0.6951500000000014
0.7 0.6980500000000015
0.7 0.6985500000000013
0.7 0.6984000000000011
0.7 0.6947000000000016
0.7 0.6557000000000005
0.7 0.6924000000000019
0.7 0.6538000000000007
0.7 0.5990499999999986
0.7 0.6096499999999986
0.7 0.6389499999999999
0.7 0.6465000000000005
0.7 0.6730000000000012
0.7 0.6833500000000013
0.7 0.6918500000000004
0.7 0.6557500000000005
0.7 0.6619500000000008
0.69 0.6409499999999996
0.7 0.6446499999999996
0.7 0.6783000000000007
0.7 0.6366499999999993
0.7 0.6430999999999991
0.69 0.6440499999999995
0.68 0.6417999999999999
0.69 0.5864500000000016
0.69 0.5547000000000012
0.69 0.585400000000001
0.68 0.5949500000000001
0.68 0.5809000000000003
0.6 0.37594999999999973
0.68 0.6017500000000005
0.7 0.6271500000000008
0.7 0.6189000000000011
0.69 0.6241500000000008
0.69 0.6469000000000006
0.73 0.6248000000000002
0.97 0.6445500000000005
0.97 0.6355000000000006
0.7 0.6297000000000013
0.7 0.6518500000000012
0.71 0.6504500000000007
0.97 0.6804500000000016
0.97 0.6995500000000008
0.97 0.703000000000001
0.97 0.6830000000000017
0.97 0.6570500000000018
0.75 0.6546500000000012
0.97 0.7268000000000009
0.8 0.6732500000000001
0.97 0.7761000000000006
0.97 0.7935000000000002
0.97 0.8261999999999987
0.7 0.6737500000000008
0.97 0.6993000000000004
0.97 0.7213500000000007
0.97 0.8020000000000002
