0.12 0.6009399999999986
0.12 0.5695799999999984
0.12 0.5473799999999993
0.06000000000000005 0.5286399999999994
0.07999999999999996 0.4957399999999992
0.07999999999999996 0.4673199999999993
0.07999999999999996 0.4541399999999992
0.07999999999999996 0.4197599999999996
0.07999999999999996 0.4098999999999991
0.040000000000000036 0.40401999999999844
0.040000000000000036 0.38981999999999845
0.040000000000000036 0.37165999999999766
0.040000000000000036 0.36693999999999866
0.040000000000000036 0.3701799999999978
0.040000000000000036 0.3705799999999981
0.040000000000000036 0.358019999999998
0.040000000000000036 0.35485999999999784
0.040000000000000036 0.36239999999999795
0.040000000000000036 0.3661599999999972
0.040000000000000036 0.3568599999999972
0.040000000000000036 0.3532399999999964
0.040000000000000036 0.34779999999999667
0.040000000000000036 0.34443999999999725
0.040000000000000036 0.34345999999999755
0.040000000000000036 0.33817999999999776
0.040000000000000036 0.32905999999999824
0.040000000000000036 0.33485999999999866
0.040000000000000036 0.3333399999999989
0.040000000000000036 0.32803999999999855
0.040000000000000036 0.3119399999999988
0.040000000000000036 0.3008999999999985
0.040000000000000036 0.30443999999999877
0.0 0.2898399999999988
