0.78 0.3972
0.78 0.4072500000000002
0.78 0.4126499999999996
0.66 0.3811999999999998
0.6 0.36959999999999993
0.79 0.3900499999999996
0.64 0.37559999999999993
0.66 0.4001499999999995
0.67 0.4193499999999996
0.66 0.3913499999999997
0.66 0.4143499999999994
0.74 0.4185999999999998
0.73 0.4260499999999997
0.76 0.4530499999999998
0.78 0.43095
0.78 0.42825
0.79 0.46659999999999985
0.79 0.45014999999999994
0.67 0.41554999999999986
0.67 0.44999999999999973
0.73 0.48100000000000015
0.67 0.4793000000000002
0.76 0.5251999999999998
0.73 0.5257000000000005
0.74 0.5278500000000004
0.73 0.5450500000000007
0.82 0.5199000000000003
0.87 0.43194999999999983
0.68 0.41189999999999977
0.71 0.44579999999999975
0.67 0.4646499999999997
0.67 0.4663499999999995
0.73 0.45924999999999977
0.73 0.5042500000000003
0.73 0.4847999999999997
0.71 0.5188499999999998
0.67 0.4601999999999996
0.67 0.519
0.67 0.4703000000000003
0.67 0.4881999999999999
0.68 0.5323999999999997
0.7 0.42854999999999976
0.7 0.5058500000000002
0.7 0.5550500000000005
0.7 0.5274000000000006
0.76 0.5863000000000007
0.76 0.5745500000000006
0.71 0.5601499999999996
0.67 0.46009999999999995
0.67 0.4434999999999998
0.67 0.5084500000000003
0.67 0.41060000000000035
0.71 0.4781000000000001
0.8 0.5447500000000006
0.71 0.5216999999999992
0.88 0.5497500000000005
0.8 0.5727500000000001
0.8 0.5804999999999995
0.81 0.5899499999999995
0.83 0.5329500000000007
0.79 0.5710499999999987
0.79 0.5719499999999997
0.77 0.5765999999999994
0.89 0.6159000000000008
0.81 0.6242499999999995
0.82 0.6124999999999999
0.82 0.6273500000000005
0.74 0.6055500000000005
0.78 0.5343499999999999
0.68 0.5239
0.79 0.5574999999999998
0.77 0.5469999999999996
0.77 0.5506499999999995
0.77 0.5467499999999998
0.79 0.59315
0.85 0.618350000000001
0.85 0.6256500000000002
0.77 0.6097500000000005
0.67 0.5994000000000006
0.67 0.6291500000000001
0.67 0.5690000000000003
0.71 0.6350500000000006
0.71 0.654850000000001
0.77 0.659550000000001
0.67 0.6522000000000014
0.67 0.6596000000000011
0.67 0.6643500000000011
0.67 0.6650000000000014
0.67 0.6619500000000014
0.67 0.6498000000000016
0.67 0.6560500000000016
0.67 0.6120000000000009
0.67 0.6408500000000013
0.67 0.6319000000000007
0.67 0.6398000000000007
0.67 0.5780499999999992
0.67 0.5703999999999999
0.67 0.6016500000000001
0.67 0.5810999999999997
0.67 0.5987500000000006
0.67 0.5917000000000001
0.67 0.5818500000000004
0.67 0.6055
0.74 0.6160000000000004
0.74 0.5980000000000002
0.75 0.6105000000000002
0.73 0.6184000000000006
0.81 0.6374500000000008
0.81 0.6501500000000007
0.76 0.6495500000000013
0.76 0.6509000000000009
0.89 0.6652000000000008
0.79 0.6422500000000005
0.77 0.6214999999999999
0.89 0.6740500000000005
0.94 0.7001500000000004
0.94 0.5935499999999997
0.92 0.6932500000000009
0.94 0.6811500000000009
0.96 0.6821000000000009
0.96 0.7347500000000003
0.96 0.6862000000000001
0.96 0.6891000000000014
0.96 0.6944499999999998
0.96 0.748600000000001
0.96 0.7358500000000003
0.94 0.5605999999999998
0.93 0.5467999999999992
0.67 0.6185500000000005
0.87 0.6266500000000002
0.67 0.6363500000000005
0.67 0.6432000000000001
0.67 0.6420500000000008
0.75 0.6329500000000007
0.67 0.6483000000000019
0.68 0.6547500000000015
0.74 0.6580500000000008
0.67 0.661800000000001
0.67 0.6607500000000011
0.67 0.6676500000000004
0.67 0.6691500000000012
0.67 0.6671500000000015
0.67 0.6658000000000015
0.67 0.6661500000000012
0.67 0.6619000000000013
0.72 0.6584500000000011
0.72 0.6329500000000008
0.89 0.666000000000001
0.9 0.6567500000000014
0.9 0.6123999999999998
0.82 0.6212500000000003
0.82 0.6436999999999999
0.9 0.632
0.67 0.6215999999999998
0.67 0.6336999999999998
0.67 0.6419500000000007
0.81 0.6563000000000003
0.81 0.6572499999999997
0.81 0.6647999999999985
0.85 0.6664
0.85 0.6632999999999999
0.85 0.6736999999999995
0.85 0.6801000000000001
0.85 0.6920499999999998
0.9 0.6702500000000012
0.92 0.666600000000001
