0.64 0.38474999999999915
0.7 0.39799999999999935
0.71 0.4221999999999994
0.7 0.41574999999999895
0.84 0.4382500000000001
0.77 0.44415000000000054
0.78 0.43450000000000055
0.78 0.4106499999999989
0.76 0.4090999999999994
0.7 0.42460000000000014
0.69 0.4525500000000011
0.69 0.4286500000000001
0.94 0.44515000000000093
0.67 0.4086499999999998
0.67 0.4366500000000007
0.67 0.4163499999999997
0.67 0.41505000000000025
0.67 0.42340000000000044
0.76 0.4191500000000006
0.66 0.4208500000000002
0.65 0.41655000000000053
0.67 0.4257500000000008
0.69 0.4220500000000007
0.71 0.4278500000000006
0.78 0.4694500000000016
0.67 0.47025000000000117
0.69 0.47640000000000143
0.69 0.4400000000000011
0.76 0.45730000000000165
0.68 0.44430000000000086
0.79 0.48250000000000176
0.72 0.46540000000000126
0.76 0.46860000000000185
0.75 0.4635500000000015
0.83 0.49030000000000135
0.69 0.49900000000000155
0.85 0.5080500000000012
0.83 0.5386000000000013
0.82 0.5308500000000016
0.77 0.540550000000001
0.8 0.504500000000001
0.79 0.523600000000001
0.91 0.5555500000000007
0.78 0.5188499999999996
0.87 0.5223999999999996
0.87 0.6031999999999997
0.87 0.6157000000000007
0.83 0.592550000000001
0.83 0.6313500000000006
0.83 0.6564500000000006
0.83 0.6382500000000008
0.78 0.5800000000000004
0.85 0.6213000000000004
0.82 0.6386500000000006
0.69 0.6469000000000006
0.78 0.5852000000000007
0.79 0.6200500000000005
0.75 0.6007499999999998
0.75 0.6050000000000009
0.75 0.6559000000000005
0.8 0.6724000000000012
0.74 0.6270000000000008
0.76 0.6545500000000014
0.79 0.6552000000000012
0.67 0.6243000000000007
0.67 0.6412000000000004
0.67 0.6367000000000007
0.67 0.5972000000000008
0.67 0.5233000000000024
0.67 0.5251000000000018
0.67 0.6181000000000005
0.67 0.6385999999999998
0.67 0.6224999999999996
0.67 0.5730500000000002
0.67 0.6437499999999997
0.67 0.6166499999999996
0.67 0.5616
0.67 0.4918500000000003
0.67 0.49840000000000023
0.67 0.5208500000000003
0.67 0.48065000000000035
0.67 0.5223000000000004
0.67 0.5451000000000006
0.67 0.6164500000000005
0.67 0.4812999999999995
0.67 0.5479000000000009
0.67 0.5062000000000006
0.67 0.5580499999999994
0.67 0.5883999999999994
0.67 0.43354999999999955
0.67 0.5984000000000003
0.67 0.5996999999999993
0.67 0.6074499999999998
0.67 0.5409500000000005
0.67 0.5941499999999997
0.67 0.6095500000000004
0.67 0.6337000000000006
0.67 0.6393000000000001
0.67 0.6226000000000009
0.67 0.6488500000000006
0.67 0.4573499999999992
0.67 0.5356000000000001
0.67 0.633350000000001
0.67 0.5195500000000003
0.67 0.5873500000000006
0.67 0.5955000000000004
0.67 0.62325
0.67 0.6304500000000001
0.67 0.6495000000000011
0.67 0.6527000000000014
0.67 0.6509000000000019
0.67 0.5508000000000003
0.67 0.5989500000000008
0.67 0.6555000000000013
0.67 0.6615500000000015
0.67 0.6663500000000013
0.67 0.6667500000000015
0.67 0.6640500000000011
0.67 0.668650000000001
0.67 0.6646500000000012
0.67 0.6661500000000012
0.67 0.6648500000000013
0.67 0.6678500000000013
0.67 0.6688500000000009
0.67 0.6623000000000013
0.67 0.6597500000000012
0.67 0.6601000000000015
0.67 0.6313500000000009
0.67 0.6468500000000013
0.67 0.6388500000000017
0.67 0.6575000000000011
0.67 0.6685500000000009
0.67 0.6375000000000018
0.67 0.6536500000000015
0.67 0.5609500000000026
0.67 0.6236500000000019
0.67 0.6470000000000016
0.67 0.6435000000000017
0.67 0.6332500000000015
0.67 0.6205500000000019
0.67 0.4480500000000013
0.67 0.47940000000000205
0.67 0.42680000000000085
0.67 0.5131000000000029
0.67 0.4185000000000006
0.5 0.41230000000000067
0.67 0.4186500000000008
0.51 0.4239000000000007
0.67 0.4602500000000008
0.53 0.446
0.53 0.46114999999999995
0.67 0.5806000000000012
0.67 0.6213000000000011
0.67 0.6361000000000007
0.67 0.6469000000000003
0.67 0.6633500000000011
0.67 0.6641500000000014
0.67 0.6664500000000012
0.67 0.5694500000000022
0.67 0.6402000000000015
0.67 0.6518000000000009
0.67 0.5198000000000024
0.67 0.5608500000000017
0.67 0.6620000000000011
0.67 0.6618000000000014
0.67 0.6664500000000012
0.67 0.6298500000000012
0.67 0.6568000000000015
0.67 0.6684000000000014
0.67 0.6675000000000011
0.67 0.6689500000000013
0.67 0.6691500000000012
0.67 0.6666000000000014
0.67 0.668300000000001
0.67 0.6700000000000008
0.67 0.6699000000000009
0.67 0.6690000000000009
0.67 0.6700000000000008
0.67 0.669850000000001
0.67 0.6688000000000014
0.67 0.6692000000000013
0.67 0.6387500000000013
0.67 0.6686500000000011
0.67 0.669750000000001
0.67 0.6699500000000009
0.67 0.639500000000002
0.67 0.6634000000000014
0.67 0.6699500000000009
0.67 0.668750000000001
0.67 0.667300000000001
0.67 0.6700000000000008
0.67 0.6700000000000008
0.67 0.668650000000001
0.67 0.668650000000001
0.67 0.667900000000001
0.67 0.6368500000000019
0.67 0.6647500000000014
0.67 0.6284500000000021
0.67 0.634750000000001
0.67 0.6271000000000009
0.67 0.6575500000000015
0.67 0.6641000000000012
0.67 0.6699500000000009
0.67 0.6631500000000013
0.67 0.6328500000000018
0.67 0.6676000000000013
0.67 0.6687000000000008
0.67 0.667900000000001
0.67 0.639350000000001
0.67 0.5964000000000005
0.67 0.6578500000000013
0.67 0.6604000000000011
0.67 0.6671500000000015
0.67 0.6561000000000016
0.67 0.6604500000000014
0.67 0.6651000000000011
0.67 0.6652000000000012
0.67 0.6007000000000025
0.67 0.6514000000000018
0.67 0.6675000000000015
0.67 0.5233000000000003
0.67 0.5534499999999999
0.67 0.5908500000000008
0.67 0.6516000000000015
0.67 0.666950000000001
0.67 0.6700000000000008
0.67 0.6687500000000008
0.67 0.6699000000000009
0.67 0.6508500000000018
0.67 0.667900000000001
0.67 0.6577500000000016
0.67 0.6277000000000021
0.67 0.6638000000000014
0.67 0.6700000000000008
0.67 0.6690500000000008
0.67 0.669700000000001
0.67 0.6700000000000008
0.67 0.6700000000000008
0.67 0.6687000000000012
0.67 0.6687000000000012
0.67 0.6684500000000013
0.67 0.6646000000000012
0.67 0.668500000000001
0.67 0.6700000000000008
0.67 0.6700000000000008
0.67 0.6659000000000012
0.67 0.669850000000001
0.67 0.6692000000000013
0.67 0.6676000000000012
0.67 0.6595000000000014
0.67 0.6692000000000011
0.67 0.6694500000000011
0.67 0.6700000000000008
0.67 0.6700000000000008
0.67 0.6600500000000012
0.67 0.6696500000000011
0.67 0.6675000000000013
0.67 0.6646500000000012
0.67 0.667500000000001
0.67 0.666000000000001
0.67 0.669700000000001
0.67 0.6658000000000012
0.67 0.666750000000001
0.67 0.6617500000000014
0.67 0.6698000000000011
0.67 0.6623500000000015
0.67 0.5660499999999999
0.67 0.5296000000000002
0.67 0.399249999999999
0.67 0.49499999999999955
0.67 0.4643999999999993
0.67 0.5318000000000003
0.67 0.5684999999999998
0.67 0.6218000000000001
0.67 0.5512000000000001
0.67 0.541200000000001
0.67 0.6227500000000002
0.67 0.6334000000000009
0.67 0.529350000000002
0.67 0.511700000000002
0.67 0.542150000000002
0.67 0.5791500000000006
0.67 0.5910500000000003
0.67 0.5975499999999992
0.67 0.6053499999999995
0.67 0.6049999999999995
0.67 0.6154999999999992
0.67 0.6080999999999998
0.67 0.6140500000000002
0.67 0.6129000000000009
0.67 0.5225500000000026
0.67 0.5440500000000018
0.67 0.5815500000000003
0.67 0.6061500000000004
0.67 0.6215999999999989
0.67 0.6089499999999994
0.67 0.6245999999999995
0.67 0.5971500000000003
0.67 0.6367500000000001
0.67 0.6418500000000006
0.67 0.6503000000000009
0.67 0.6504500000000009
0.67 0.6462000000000013
0.67 0.6438000000000014
0.67 0.6400500000000016
0.67 0.6423500000000014
0.67 0.6557500000000015
0.67 0.6516500000000016
0.67 0.6467000000000016
0.67 0.6487000000000016
0.67 0.6465000000000017
0.67 0.6357500000000019
0.67 0.6121000000000015
0.67 0.6252500000000016
0.67 0.6304500000000018
0.67 0.620100000000002
0.67 0.6362500000000018
0.64 0.4301000000000012
0.67 0.4504000000000009
0.67 0.4815500000000007
0.67 0.6222000000000009
0.67 0.6288000000000017
0.67 0.6452000000000016
0.67 0.6435500000000016
0.67 0.6481000000000015
0.67 0.6484000000000016
0.67 0.5698000000000013
0.67 0.6035000000000015
0.67 0.6629000000000015
0.67 0.6610000000000015
0.67 0.6507500000000017
0.67 0.6586000000000017
0.67 0.6634000000000015
0.67 0.6524500000000014
0.67 0.6557500000000016
0.67 0.6435000000000017
0.67 0.6563500000000017
0.67 0.6524500000000016
0.67 0.6591000000000017
0.67 0.6468500000000017
0.67 0.6380000000000018
0.67 0.6305000000000021
0.67 0.6356500000000019
0.67 0.6434000000000014
0.67 0.6570500000000016
0.67 0.6629000000000015
0.67 0.6590000000000016
0.67 0.6627500000000015
0.67 0.6592000000000016
0.67 0.6396500000000018
0.67 0.6330500000000019
0.67 0.6502500000000014
0.67 0.6507500000000016
0.67 0.6611500000000013
0.67 0.6582000000000013
0.67 0.6616500000000013
0.67 0.6574500000000014
0.67 0.6589500000000014
0.67 0.6553000000000015
0.67 0.6314000000000021
0.67 0.6420500000000018
0.67 0.6509000000000017
0.67 0.5827000000000025
0.67 0.5779000000000019
0.67 0.4403000000000006
0.67 0.47325000000000195
0.67 0.5135500000000031
0.67 0.329250000000001
0.67 0.3050500000000014
0.67 0.42524999999999885
0.67 0.49865000000000137
0.67 0.5695000000000024
0.67 0.6110500000000015
0.67 0.6378500000000014
0.67 0.6560000000000014
0.67 0.6491000000000016
0.67 0.5284000000000026
0.67 0.6424500000000017
0.67 0.5162500000000004
0.67 0.6237000000000018
0.67 0.6563000000000015
0.67 0.6403500000000019
0.67 0.6523500000000017
0.67 0.6651500000000016
0.67 0.6615500000000015
0.67 0.6505500000000016
0.67 0.5945500000000021
0.67 0.6146000000000023
0.67 0.6630000000000014
0.67 0.6688500000000012
0.67 0.6699000000000009
0.67 0.6491000000000017
0.67 0.667850000000001
0.67 0.6656000000000012
0.67 0.6640000000000014
0.67 0.6672000000000012
0.67 0.6579000000000016
0.67 0.5861500000000026
0.67 0.6655000000000014
0.67 0.6626500000000014
0.67 0.6628000000000014
0.67 0.668600000000001
0.67 0.6633000000000016
0.67 0.6621000000000014
0.67 0.668200000000001
0.67 0.6655000000000014
0.67 0.6684500000000011
0.67 0.6564000000000015
0.67 0.6404500000000017
0.67 0.6165000000000022
0.67 0.6607000000000014
0.67 0.6699500000000009
0.67 0.6694000000000011
0.67 0.6605500000000015
0.67 0.6684500000000011
0.67 0.6528000000000017
0.67 0.668600000000001
0.67 0.6628000000000014
0.67 0.6683500000000011
0.67 0.668650000000001
0.67 0.6589500000000014
0.67 0.6671000000000014
0.67 0.6592000000000016
0.67 0.6629500000000016
0.67 0.6609500000000017
0.67 0.5825000000000027
0.67 0.6266000000000019
0.67 0.6567000000000014
0.67 0.5289500000000035
0.67 0.6574500000000013
0.67 0.5832000000000025
0.67 0.4276500000000009
0.67 0.46775000000000105
0.67 0.5057000000000005
0.67 0.5665000000000009
0.67 0.6035000000000011
0.67 0.4454500000000012
0.67 0.6419000000000007
0.67 0.6497000000000013
0.67 0.6578500000000013
0.67 0.6488500000000014
0.67 0.6526000000000013
0.67 0.6548000000000012
0.67 0.6604500000000014
0.67 0.6535500000000014
0.67 0.6545500000000014
0.67 0.6479500000000011
0.67 0.6482500000000012
0.67 0.6551000000000012
0.67 0.6614500000000014
0.67 0.6604000000000013
0.67 0.6596500000000013
0.67 0.6505000000000015
0.67 0.6583000000000014
0.67 0.6595500000000014
0.67 0.6588500000000015
0.67 0.6598500000000016
0.67 0.6602500000000014
0.67 0.6577000000000015
0.67 0.6594000000000015
0.67 0.6595500000000015
0.67 0.6622500000000013
0.67 0.6647000000000014
0.67 0.6586500000000016
0.67 0.6495500000000014
0.67 0.6627500000000013
0.67 0.6592500000000014
0.67 0.6593500000000014
0.67 0.6585000000000014
0.67 0.6551000000000015
0.67 0.6544500000000015
0.67 0.6639000000000014
0.67 0.6627000000000015
0.67 0.6606500000000014
0.67 0.6633500000000012
0.67 0.6608500000000014
0.67 0.6620500000000014
0.67 0.6650500000000013
0.67 0.6590000000000015
0.67 0.6499500000000014
0.67 0.6632500000000013
0.67 0.3668000000000005
0.48 0.3393000000000005
0.67 0.4024999999999984
0.67 0.44205000000000033
0.67 0.530750000000001
0.67 0.4751500000000016
0.67 0.5344000000000015
0.67 0.5937500000000017
0.67 0.6438500000000011
0.67 0.6120500000000014
0.67 0.6469500000000015
0.67 0.6516000000000015
0.67 0.6536000000000017
0.67 0.6572000000000017
0.67 0.6570500000000017
0.67 0.6544000000000015
0.67 0.6572500000000017
0.67 0.6437500000000018
0.4 0.4000000000000003
