0.67 0.37424999999999903
0.68 0.3983999999999986
0.71 0.42429999999999873
0.71 0.45134999999999886
0.68 0.44719999999999904
0.68 0.43839999999999896
0.82 0.4761499999999993
0.82 0.4775999999999996
0.73 0.44614999999999866
0.68 0.422049999999999
0.68 0.4328499999999995
0.68 0.42434999999999923
0.68 0.43479999999999897
0.68 0.4266999999999992
0.68 0.3900999999999991
0.72 0.40959999999999924
0.72 0.42554999999999926
0.72 0.4458499999999995
0.68 0.4233999999999996
0.68 0.40324999999999905
0.69 0.47539999999999966
0.8 0.48929999999999974
0.8 0.4348999999999995
0.8 0.44069999999999965
0.71 0.48054999999999987
0.86 0.4825999999999997
0.68 0.5378999999999996
0.68 0.5317000000000001
0.7 0.52715
0.72 0.5219499999999998
0.68 0.5221000000000001
0.68 0.5181499999999994
0.68 0.5184999999999998
0.72 0.5178
0.68 0.4977999999999998
0.72 0.4910499999999997
0.73 0.5201500000000002
0.68 0.50715
0.73 0.5198999999999996
0.67 0.5445500000000002
0.68 0.5924499999999995
0.68 0.5769999999999997
0.68 0.5931499999999996
0.68 0.5486999999999993
0.68 0.5509999999999998
0.68 0.5204000000000003
0.68 0.5961000000000001
0.68 0.5827999999999997
0.68 0.6401
0.68 0.6514000000000014
0.68 0.654250000000001
0.68 0.6505000000000013
0.71 0.639050000000001
0.71 0.5331999999999991
0.72 0.6204000000000013
0.68 0.6572500000000019
0.68 0.6591500000000018
0.68 0.6628500000000017
0.68 0.501749999999999
0.68 0.48614999999999886
0.68 0.5695999999999998
0.68 0.6020999999999999
0.68 0.6646000000000017
0.68 0.6732000000000029
0.68 0.6389500000000006
0.68 0.6455500000000015
0.68 0.6691500000000022
0.68 0.6784500000000027
0.68 0.662850000000003
0.68 0.6700000000000026
0.68 0.6786000000000031
0.68 0.6719000000000028
0.68 0.6765000000000029
0.68 0.6423500000000004
0.68 0.65705
0.68 0.6646500000000009
0.68 0.670800000000002
0.68 0.6786500000000025
0.68 0.6794000000000031
0.68 0.6732500000000029
0.68 0.6692500000000023
0.68 0.6716000000000022
0.68 0.6722500000000025
0.68 0.6702000000000028
0.68 0.6706500000000029
0.68 0.6736500000000026
0.68 0.6744000000000027
0.68 0.6602500000000029
0.68 0.6583000000000025
0.68 0.6701000000000024
0.68 0.6434500000000015
0.68 0.6602500000000024
0.68 0.6527000000000021
0.68 0.6202000000000014
0.68 0.6285500000000015
0.68 0.6065500000000008
0.68 0.6343000000000016
0.68 0.6352000000000014
0.68 0.6557000000000014
0.68 0.6335500000000011
0.68 0.6506000000000016
0.68 0.6646500000000022
0.68 0.6661500000000024
0.68 0.6510000000000018
0.68 0.5866000000000008
0.68 0.6180500000000013
0.68 0.5758500000000004
0.68 0.6194500000000008
0.68 0.6609000000000009
0.68 0.6725500000000024
0.68 0.6776500000000029
0.68 0.671250000000003
0.68 0.6299500000000018
0.68 0.6385500000000018
0.68 0.6651500000000022
0.68 0.6755500000000028
0.68 0.6793000000000025
0.68 0.6781500000000029
0.68 0.6706000000000027
0.68 0.6252500000000015
0.68 0.6632500000000026
0.68 0.6515000000000026
0.68 0.6175500000000017
0.68 0.6742500000000032
0.68 0.6768500000000032
0.68 0.6773000000000035
0.68 0.6717000000000033
0.68 0.6736000000000031
0.68 0.52085
0.68 0.5784000000000008
0.68 0.40959999999999974
0.68 0.3666999999999995
0.42 0.36719999999999964
0.6 0.3748499999999997
0.68 0.3963499999999999
0.68 0.4384000000000009
0.68 0.5448499999999998
0.68 0.5679999999999997
0.68 0.6485500000000011
0.68 0.660100000000002
0.68 0.6719000000000025
0.68 0.6762000000000028
0.68 0.679050000000003
0.68 0.677850000000003
0.68 0.6765000000000029
0.68 0.6785500000000032
0.68 0.6788500000000031
0.68 0.638650000000002
0.68 0.6195500000000019
0.68 0.6679500000000025
0.68 0.6660000000000026
0.68 0.6768500000000032
0.68 0.6792000000000032
0.68 0.6767000000000033
0.68 0.6598000000000033
0.68 0.5554500000000003
0.68 0.5911500000000011
0.68 0.4350499999999996
0.68 0.5915500000000005
0.68 0.6212500000000015
0.68 0.6613500000000024
0.68 0.6483000000000004
0.68 0.6605000000000026
0.68 0.6754500000000023
0.68 0.6605000000000024
0.68 0.6607000000000027
0.68 0.673300000000003
0.68 0.6662000000000013
0.68 0.6760000000000028
0.68 0.6754000000000023
0.68 0.6765500000000029
0.68 0.6722500000000031
0.68 0.666950000000002
0.68 0.5952000000000004
0.68 0.666750000000003
0.68 0.6497000000000019
0.68 0.675700000000003
0.68 0.6749000000000029
0.68 0.6577000000000025
0.68 0.6456500000000015
0.68 0.6553000000000014
0.68 0.6584500000000014
0.68 0.6590000000000016
0.68 0.6768500000000026
0.68 0.6790000000000026
0.68 0.665500000000002
0.68 0.6740500000000026
0.68 0.6784000000000028
0.68 0.6797500000000032
0.68 0.6789500000000033
0.68 0.679750000000003
0.68 0.6771500000000029
0.68 0.6748500000000028
0.68 0.673800000000003
0.68 0.6767500000000028
0.68 0.6790000000000032
0.68 0.6722000000000027
0.68 0.6741000000000029
0.68 0.6708500000000028
0.68 0.6367499999999996
0.68 0.6652500000000009
0.68 0.6734000000000023
0.68 0.6748000000000027
0.68 0.6648000000000023
0.68 0.6666000000000021
0.68 0.6663500000000017
0.68 0.668500000000002
0.68 0.6667000000000016
0.68 0.6660000000000014
0.68 0.6769000000000024
0.68 0.6760500000000029
0.68 0.6785500000000027
0.68 0.6778000000000032
0.68 0.656950000000001
0.68 0.6638000000000013
0.68 0.6716500000000021
0.68 0.6741000000000027
0.68 0.675850000000003
0.68 0.6730500000000028
0.68 0.673550000000003
0.68 0.6744500000000029
0.68 0.6720500000000031
0.68 0.6787500000000031
0.68 0.6785500000000032
0.68 0.6721500000000031
0.68 0.6747500000000034
0.68 0.6746000000000028
0.68 0.678400000000003
0.68 0.6762000000000028
0.68 0.6769500000000028
0.68 0.678100000000003
0.68 0.6768500000000032
0.68 0.6785000000000028
0.68 0.6783000000000031
0.68 0.6784000000000033
0.68 0.6784500000000032
0.68 0.6774500000000033
0.68 0.6786000000000033
0.68 0.6772000000000032
0.68 0.6782500000000031
0.68 0.6763000000000028
0.68 0.678300000000003
0.68 0.6788000000000032
0.68 0.6779500000000034
0.68 0.6790000000000034
0.68 0.6797000000000031
0.68 0.6796000000000032
0.68 0.6748000000000033
0.68 0.6769000000000029
0.68 0.6792000000000031
0.68 0.6785000000000027
0.68 0.6782500000000027
0.68 0.674850000000003
0.68 0.6761500000000029
0.68 0.679400000000003
0.68 0.6789500000000033
0.68 0.6789500000000033
0.68 0.6772000000000031
0.68 0.676400000000003
0.68 0.6780500000000028
0.68 0.6756000000000032
0.68 0.6788500000000031
0.68 0.6794500000000032
0.68 0.6773500000000028
0.68 0.6786500000000031
0.68 0.6798500000000033
0.68 0.6787500000000033
0.68 0.6791500000000034
0.68 0.6654500000000038
0.68 0.6680500000000031
0.68 0.676250000000003
0.68 0.6776500000000029
0.68 0.6757500000000032
0.68 0.6794000000000032
0.68 0.6763500000000029
0.68 0.6793500000000033
0.68 0.6765000000000033
0.68 0.6752000000000031
0.68 0.6772000000000032
0.68 0.6793000000000032
0.68 0.6792500000000031
0.68 0.6796000000000032
0.68 0.6778500000000031
0.68 0.669750000000003
0.68 0.6535000000000027
0.68 0.6356500000000025
0.68 0.6585000000000027
0.68 0.6584500000000026
0.68 0.6780500000000029
0.68 0.6796000000000033
0.68 0.6798000000000033
0.68 0.6797000000000034
0.68 0.6750500000000033
0.68 0.6743000000000029
0.68 0.6631000000000017
0.68 0.6662000000000033
0.68 0.6417000000000018
0.68 0.6684000000000028
0.68 0.6741000000000031
0.68 0.675100000000003
0.68 0.6651000000000029
0.68 0.6735500000000029
0.68 0.6766000000000028
0.68 0.6777500000000032
0.68 0.6764000000000031
0.68 0.6786500000000032
0.68 0.6795500000000032
0.68 0.6788500000000028
0.68 0.6778500000000034
0.68 0.678000000000003
0.68 0.677550000000003
0.68 0.6794000000000032
0.68 0.6796500000000033
0.68 0.676500000000003
0.68 0.6800000000000034
0.68 0.6781500000000034
0.68 0.676150000000003
0.68 0.6782000000000032
0.68 0.6764500000000031
0.68 0.6764000000000032
0.68 0.6791000000000034
0.68 0.6786000000000034
0.68 0.6776500000000033
0.68 0.6756500000000032
0.68 0.6794000000000033
0.68 0.674200000000003
0.68 0.6758000000000031
0.68 0.6762000000000034
0.68 0.6732500000000035
0.68 0.6747000000000034
0.68 0.6778000000000033
0.68 0.6788500000000027
0.68 0.6775500000000032
0.68 0.6792000000000032
0.68 0.6742000000000027
0.68 0.6752500000000029
0.68 0.6788500000000028
0.68 0.6796000000000031
0.68 0.6797500000000031
0.68 0.6791500000000029
0.68 0.6785000000000028
0.68 0.6792500000000032
0.68 0.6684500000000025
0.68 0.674950000000003
0.68 0.6791500000000031
0.68 0.678000000000003
0.68 0.6762500000000031
0.68 0.6798500000000033
0.68 0.678450000000003
0.68 0.6774000000000032
0.68 0.676050000000003
0.68 0.6785000000000029
0.68 0.6782000000000028
0.68 0.678600000000003
0.68 0.6763500000000029
0.68 0.6759000000000032
0.68 0.6762500000000027
0.68 0.6779000000000026
0.68 0.6731500000000032
0.68 0.6778000000000034
0.68 0.6758500000000034
0.68 0.675500000000003
0.68 0.6795500000000031
0.68 0.677350000000003
0.68 0.6800000000000034
0.68 0.6641000000000032
0.68 0.677300000000003
0.68 0.6795000000000031
0.68 0.6770500000000028
0.68 0.6792500000000031
0.68 0.6757500000000032
0.68 0.6796000000000032
0.68 0.6799000000000032
0.68 0.6800000000000034
0.68 0.6769500000000032
0.68 0.6793000000000033
0.68 0.6798000000000032
0.68 0.6776000000000029
0.68 0.6787500000000031
0.68 0.6775000000000033
0.68 0.6792000000000031
0.68 0.6774000000000033
0.68 0.6783500000000033
0.68 0.6777000000000031
0.68 0.6763500000000032
0.68 0.6792000000000029
0.68 0.6697500000000032
0.68 0.679700000000003
0.68 0.6798000000000033
0.68 0.6764500000000031
0.68 0.677200000000003
0.68 0.6797000000000031
0.68 0.6789500000000034
0.68 0.6785500000000033
0.68 0.6792500000000032
0.68 0.678050000000003
0.68 0.6740500000000031
0.68 0.6774000000000029
0.68 0.6748000000000028
0.68 0.6765500000000029
0.68 0.5396500000000001
0.68 0.6561500000000032
0.68 0.6766000000000026
0.68 0.672700000000003
0.68 0.6751500000000028
0.68 0.679700000000003
0.68 0.6795000000000031
0.68 0.6796500000000032
0.68 0.6733500000000032
0.68 0.6795500000000032
0.68 0.6797500000000031
0.68 0.6799500000000033
0.68 0.6782000000000032
0.68 0.6713000000000032
0.68 0.675750000000003
0.68 0.677300000000003
0.68 0.6773500000000032
0.68 0.6783000000000028
0.68 0.6782000000000032
0.68 0.6787000000000027
0.68 0.655850000000003
0.68 0.6774000000000028
0.68 0.678100000000003
0.68 0.6784000000000034
0.68 0.6794000000000032
0.68 0.6783500000000032
0.68 0.6788500000000031
0.68 0.6792500000000032
0.68 0.6795500000000032
0.68 0.6799000000000034
0.68 0.6776500000000033
0.68 0.6774000000000032
0.68 0.6777000000000032
0.68 0.6776500000000029
0.68 0.6777500000000029
0.68 0.6797000000000033
0.68 0.6793000000000032
0.68 0.6795500000000031
0.68 0.6774000000000032
0.68 0.6763000000000031
0.68 0.6799000000000034
0.68 0.6797000000000031
0.68 0.6794000000000032
0.68 0.6795000000000031
0.68 0.6791000000000028
0.68 0.6768500000000032
0.68 0.6787500000000031
0.68 0.6783500000000033
0.68 0.6755000000000034
0.68 0.6792500000000032
0.68 0.6772500000000029
0.68 0.6790000000000025
0.68 0.6794500000000032
0.68 0.6799500000000033
0.68 0.6791000000000034
0.68 0.6800000000000034
0.68 0.6800000000000034
0.68 0.6796000000000032
0.68 0.6797500000000031
0.68 0.6796500000000033
0.68 0.6794500000000033
0.68 0.6789000000000032
0.68 0.6794000000000031
0.68 0.6768000000000033
0.68 0.6741500000000029
0.68 0.6775000000000033
0.68 0.6797500000000032
0.68 0.6800000000000034
0.68 0.6795000000000033
0.68 0.6796000000000033
0.68 0.6798500000000033
0.68 0.6696000000000032
0.68 0.6767000000000033
0.68 0.6680000000000034
0.68 0.6799000000000034
0.68 0.6776500000000033
0.68 0.677500000000003
0.68 0.6799000000000032
0.68 0.6776000000000029
0.68 0.6765500000000031
0.68 0.6166000000000018
0.68 0.6784500000000032
0.68 0.6767500000000034
0.68 0.675700000000003
0.68 0.6742000000000031
0.68 0.6669000000000032
0.68 0.672650000000003
0.68 0.6650000000000034
0.68 0.656000000000003
0.68 0.6582500000000036
0.68 0.6676000000000033
0.68 0.651350000000003
0.68 0.648450000000003
0.68 0.6686000000000034
0.68 0.6579500000000036
0.68 0.6601500000000036
0.68 0.6542500000000033
0.68 0.6632000000000033
0.68 0.6660000000000033
0.68 0.6518500000000028
