0.26 0.5907000000000068
0.26 0.5575600000000068
0.26 0.530500000000006
0.07999999999999996 0.5041400000000046
0.12 0.4807600000000046
0.12 0.44734000000000407
0.12 0.43170000000000336
0.12 0.40978000000000253
0.06000000000000005 0.37878000000000184
0.06000000000000005 0.358060000000001
0.06000000000000005 0.3441799999999999
0.06000000000000005 0.33982000000000046
0.06000000000000005 0.33179999999999993
0.06000000000000005 0.33105999999999985
0.06000000000000005 0.32285999999999915
0.06000000000000005 0.3183399999999997
0.06000000000000005 0.31365999999999966
0.06000000000000005 0.3038799999999998
0.06000000000000005 0.2967399999999998
0.06000000000000005 0.27967999999999954
0.06000000000000005 0.27235999999999955
0.06000000000000005 0.2717999999999994
0.06000000000000005 0.25763999999999915
0.07999999999999996 0.24203999999999895
0.07999999999999996 0.2431799999999995
0.07999999999999996 0.23699999999999916
0.07999999999999996 0.23319999999999927
0.07999999999999996 0.22817999999999944
0.07999999999999996 0.2265199999999999
0.07999999999999996 0.2246999999999996
0.07999999999999996 0.22533999999999949
0.07999999999999996 0.2144799999999996
0.07999999999999996 0.20893999999999946
0.07999999999999996 0.20221999999999965
0.07999999999999996 0.20267999999999958
0.07999999999999996 0.2105199999999997
0.07999999999999996 0.2014199999999996
0.07999999999999996 0.19285999999999956
0.07999999999999996 0.19287999999999966
0.07999999999999996 0.1967799999999996
0.07999999999999996 0.20215999999999976
0.07999999999999996 0.18603999999999984
0.07999999999999996 0.18844
0.07999999999999996 0.20231999999999994
0.07999999999999996 0.20269999999999974
0.07999999999999996 0.20127999999999963
0.07999999999999996 0.20653999999999936
0.07999999999999996 0.2189599999999995
0.07999999999999996 0.2017399999999996
0.07999999999999996 0.20161999999999947
0.07999999999999996 0.19133999999999976
0.07999999999999996 0.1885599999999997
0.07999999999999996 0.1895999999999997
0.07999999999999996 0.17873999999999965
0.07999999999999996 0.17721999999999957
0.07999999999999996 0.17149999999999996
0.07999999999999996 0.18563999999999978
0.07999999999999996 0.1783799999999997
0.07999999999999996 0.1932999999999997
0.07999999999999996 0.18865999999999936
0.07999999999999996 0.19087999999999944
0.07999999999999996 0.1942199999999997
0.07999999999999996 0.18487999999999968
0.07999999999999996 0.1810399999999999
0.07999999999999996 0.18270000000000006
0.07999999999999996 0.18797999999999984
0.07999999999999996 0.17978000000000005
0.07999999999999996 0.18152000000000007
0.07999999999999996 0.17504000000000006
0.07999999999999996 0.18191999999999992
0.07999999999999996 0.17476000000000005
0.07999999999999996 0.19902000000000003
0.07999999999999996 0.19455999999999987
0.07999999999999996 0.18147999999999984
0.07999999999999996 0.1808800000000001
0.07999999999999996 0.18849999999999986
0.07999999999999996 0.19139999999999996
0.07999999999999996 0.17552000000000006
0.07999999999999996 0.1678799999999998
0.07999999999999996 0.17975999999999998
0.07999999999999996 0.18467999999999984
0.07999999999999996 0.1941799999999996
0.07999999999999996 0.1978799999999999
0.07999999999999996 0.19015999999999977
0.07999999999999996 0.19272000000000006
0.07999999999999996 0.1892799999999998
0.07999999999999996 0.18903999999999976
0.07999999999999996 0.18963999999999986
0.07999999999999996 0.1849199999999999
0.07999999999999996 0.18965999999999977
0.07999999999999996 0.18659999999999968
0.07999999999999996 0.19227999999999953
0.07999999999999996 0.18941999999999956
0.07999999999999996 0.18845999999999952
0.07999999999999996 0.17925999999999986
0.07999999999999996 0.18121999999999983
0.07999999999999996 0.17546000000000003
0.07999999999999996 0.17930000000000007
0.07999999999999996 0.19391999999999981
0.07999999999999996 0.1913199999999999
