0.89 0.4314900000000035
0.89 0.4717900000000051
0.89 0.4980100000000045
0.93 0.5217000000000034
0.93 0.542570000000004
0.93 0.5677200000000027
0.93 0.5921100000000039
0.95 0.6126300000000051
0.95 0.6241100000000045
0.95 0.6449500000000056
0.95 0.6618700000000051
0.95 0.6722000000000021
0.95 0.68251
0.95 0.6847399999999989
0.95 0.6918399999999971
0.95 0.6980099999999958
0.95 0.7141399999999949
0.97 0.7183499999999939
0.97 0.7220299999999927
0.97 0.7253399999999919
0.97 0.7414899999999883
0.97 0.7557699999999866
0.97 0.7583899999999895
0.97 0.7771899999999919
0.97 0.7846899999999914
0.97 0.785399999999992
0.97 0.7988599999999922
0.97 0.8113699999999933
0.97 0.8238699999999958
0.97 0.8275299999999963
0.97 0.8357899999999968
0.97 0.8340499999999972
0.97 0.8389099999999982
0.97 0.8344399999999981
0.97 0.8450599999999991
0.97 0.8443299999999968
0.97 0.8386899999999948
0.97 0.8454799999999957
0.97 0.8508199999999974
0.97 0.8474099999999966
0.97 0.8401499999999962
0.97 0.8430499999999962
0.97 0.845939999999996
0.97 0.8465599999999956
0.97 0.8381699999999962
0.97 0.8422699999999962
0.97 0.8539999999999933
0.97 0.8575099999999921
0.97 0.8510999999999947
0.97 0.8493899999999943
0.97 0.8490899999999914
0.97 0.8487399999999922
0.97 0.844539999999993
0.97 0.8415499999999948
0.97 0.8557099999999922
0.97 0.8593499999999915
0.97 0.8575099999999896
0.97 0.8628799999999884
0.97 0.8672699999999889
0.97 0.8655299999999914
0.97 0.8723699999999899
0.97 0.8615799999999897
0.97 0.8544299999999931
0.97 0.848739999999993
0.97 0.8573799999999954
0.97 0.845019999999998
0.97 0.8483599999999962
0.97 0.857169999999995
0.97 0.854099999999993
0.97 0.8664399999999925
0.97 0.8605499999999927
0.97 0.8548999999999921
0.97 0.8442599999999948
0.97 0.8521499999999935
0.97 0.8511599999999933
0.97 0.858199999999991
0.97 0.8492599999999945
0.97 0.8494199999999913
0.97 0.8514199999999911
0.97 0.8617699999999907
0.97 0.8542099999999896
0.97 0.8617199999999919
0.98 0.8640299999999914
0.98 0.8600299999999884
0.98 0.8638599999999894
0.98 0.862389999999991
0.98 0.8573899999999902
0.98 0.8728099999999925
0.98 0.8770399999999939
0.98 0.8687799999999913
0.98 0.8662399999999907
0.98 0.8709799999999936
0.98 0.8705599999999915
0.98 0.860889999999993
0.98 0.8589099999999894
0.98 0.8621399999999902
0.98 0.8613199999999912
0.98 0.854459999999991
0.98 0.8604199999999881
0.98 0.873749999999992
