0.21999999999999997 0.5719600000000051
0.07999999999999996 0.5309600000000049
0.07999999999999996 0.4923200000000034
0.07999999999999996 0.4607600000000032
0.07999999999999996 0.4306600000000029
0.07999999999999996 0.4164400000000027
0.06000000000000005 0.3937600000000022
0.040000000000000036 0.3678200000000012
0.040000000000000036 0.3525200000000001
0.040000000000000036 0.3352600000000002
0.040000000000000036 0.32923999999999976
0.040000000000000036 0.32363999999999954
0.040000000000000036 0.3191199999999995
0.040000000000000036 0.31413999999999914
0.040000000000000036 0.3031199999999992
0.040000000000000036 0.2948799999999993
0.040000000000000036 0.29695999999999956
0.040000000000000036 0.28747999999999896
0.040000000000000036 0.30179999999999974
0.040000000000000036 0.28879999999999934
0.040000000000000036 0.2810399999999986
0.040000000000000036 0.27733999999999837
0.040000000000000036 0.27699999999999886
0.040000000000000036 0.28087999999999935
0.040000000000000036 0.2694599999999993
0.040000000000000036 0.252579999999999
0.040000000000000036 0.2609799999999986
0.040000000000000036 0.2556799999999989
0.040000000000000036 0.24793999999999872
0.040000000000000036 0.2329799999999993
0.040000000000000036 0.23219999999999952
0.040000000000000036 0.21557999999999922
0.040000000000000036 0.22351999999999927
0.040000000000000036 0.2274199999999991
0.040000000000000036 0.21687999999999938
0.040000000000000036 0.20149999999999924
0.040000000000000036 0.2095599999999994
0.040000000000000036 0.18703999999999948
0.040000000000000036 0.19249999999999956
0.040000000000000036 0.1869999999999998
0.040000000000000036 0.17637999999999945
0.040000000000000036 0.16603999999999966
0.040000000000000036 0.17599999999999955
0.040000000000000036 0.16677999999999962
0.040000000000000036 0.16603999999999952
0.040000000000000036 0.15501999999999935
0.040000000000000036 0.1560999999999996
0.040000000000000036 0.15321999999999955
0.040000000000000036 0.16523999999999955
0.040000000000000036 0.1616199999999995
0.040000000000000036 0.1467599999999995
0.040000000000000036 0.1415399999999993
0.040000000000000036 0.1366399999999995
0.040000000000000036 0.14575999999999945
0.040000000000000036 0.13853999999999944
0.040000000000000036 0.14019999999999946
0.040000000000000036 0.14357999999999935
0.040000000000000036 0.14057999999999932
0.040000000000000036 0.14443999999999943
0.040000000000000036 0.14593999999999932
0.040000000000000036 0.14609999999999929
0.040000000000000036 0.14313999999999957
0.040000000000000036 0.14527999999999938
0.040000000000000036 0.14323999999999923
0.040000000000000036 0.14483999999999933
0.040000000000000036 0.14411999999999944
0.040000000000000036 0.13695999999999928
0.040000000000000036 0.15249999999999922
0.040000000000000036 0.14265999999999943
0.040000000000000036 0.13969999999999935
0.040000000000000036 0.13141999999999937
0.040000000000000036 0.13751999999999936
0.040000000000000036 0.13259999999999925
0.040000000000000036 0.12493999999999936
0.040000000000000036 0.1339799999999995
0.040000000000000036 0.1388599999999994
0.040000000000000036 0.12995999999999935
0.040000000000000036 0.12573999999999955
0.040000000000000036 0.12635999999999925
0.040000000000000036 0.12861999999999923
0.040000000000000036 0.1273599999999993
0.040000000000000036 0.1248599999999994
0.040000000000000036 0.1247199999999994
0.040000000000000036 0.1324399999999993
0.040000000000000036 0.13309999999999936
0.040000000000000036 0.13517999999999933
0.040000000000000036 0.13563999999999926
0.040000000000000036 0.12607999999999933
0.040000000000000036 0.1259199999999993
0.040000000000000036 0.12237999999999934
0.040000000000000036 0.13203999999999919
0.040000000000000036 0.13297999999999924
0.040000000000000036 0.1363599999999995
0.040000000000000036 0.14355999999999947
0.040000000000000036 0.13951999999999923
0.040000000000000036 0.13183999999999924
0.040000000000000036 0.13345999999999938
0.040000000000000036 0.1278799999999993
0.040000000000000036 0.12173999999999917
0.040000000000000036 0.12285999999999936
