0.4 0.6287999999999989
0.4 0.6009999999999991
0.4 0.5893999999999996
0.36 0.5922999999999995
0.4 0.5826999999999989
0.4 0.5618999999999985
0.21999999999999997 0.6032999999999987
0.42000000000000004 0.634899999999999
0.4 0.5986999999999986
0.12 0.567399999999999
0.26 0.569199999999999
0.24 0.5926999999999985
0.24 0.6022999999999985
0.18000000000000005 0.5618999999999985
0.19999999999999996 0.5484999999999989
0.4 0.5578999999999992
0.19999999999999996 0.5760999999999983
0.07999999999999996 0.5735999999999986
0.07999999999999996 0.5429999999999988
0.14 0.49509999999999893
0.06000000000000005 0.47839999999999977
0.06000000000000005 0.4668999999999992
0.14 0.48869999999999936
0.14 0.4256999999999998
0.4 0.4997000000000002
0.28 0.5151999999999994
0.30000000000000004 0.46549999999999914
0.06000000000000005 0.4468999999999997
0.12 0.4561999999999995
0.12 0.44069999999999915
0.12 0.4794999999999991
0.12 0.44999999999999923
0.07999999999999996 0.5964999999999997
0.24 0.5359000000000003
0.18000000000000005 0.5320999999999991
0.14 0.48189999999999955
0.06000000000000005 0.43809999999999993
0.06000000000000005 0.4085999999999994
0.19999999999999996 0.4392999999999997
0.4 0.45509999999999934
0.4 0.43759999999999954
0.43999999999999995 0.437799999999999
0.43999999999999995 0.42969999999999914
0.4 0.4353999999999993
0.4 0.4645999999999988
0.4 0.4318999999999995
0.4 0.42819999999999964
0.28 0.40529999999999994
0.28 0.41099999999999975
0.06000000000000005 0.4174999999999992
0.06000000000000005 0.4015999999999997
0.07999999999999996 0.3882
0.18000000000000005 0.3917999999999997
0.28 0.4036999999999995
0.06000000000000005 0.39189999999999936
0.040000000000000036 0.3907999999999999
0.06000000000000005 0.3857999999999994
0.28 0.4097999999999993
0.30000000000000004 0.42509999999999976
0.28 0.42799999999999977
0.28 0.3960999999999998
0.040000000000000036 0.32959999999999995
0.040000000000000036 0.3173999999999998
0.06000000000000005 0.30299999999999977
0.040000000000000036 0.27569999999999995
0.06000000000000005 0.27290000000000014
0.06000000000000005 0.21080000000000002
0.040000000000000036 0.17590000000000006
0.040000000000000036 0.4004999999999994
0.07999999999999996 0.2613
0.07999999999999996 0.2859999999999999
0.07999999999999996 0.14100000000000015
0.07999999999999996 0.1555
0.07999999999999996 0.09690000000000004
0.07999999999999996 0.21680000000000008
0.07999999999999996 0.08460000000000001
0.07999999999999996 0.11350000000000005
0.040000000000000036 0.11530000000000004
0.040000000000000036 0.08280000000000008
0.040000000000000036 0.1378000000000001
0.040000000000000036 0.10910000000000003
0.040000000000000036 0.13460000000000005
0.040000000000000036 0.25999999999999995
0.12 0.2608999999999998
0.12 0.21389999999999992
0.12 0.17889999999999995
0.040000000000000036 0.5557999999999987
0.040000000000000036 0.2195
0.040000000000000036 0.13340000000000007
0.040000000000000036 0.10290000000000003
0.040000000000000036 0.21160000000000007
0.040000000000000036 0.12210000000000004
0.040000000000000036 0.2995999999999999
0.040000000000000036 0.15270000000000025
0.040000000000000036 0.2038999999999998
0.040000000000000036 0.16729999999999992
0.040000000000000036 0.13320000000000007
0.040000000000000036 0.11060000000000011
0.040000000000000036 0.10780000000000023
0.040000000000000036 0.08560000000000008
0.040000000000000036 0.18499999999999983
0.040000000000000036 0.1330999999999999
0.040000000000000036 0.34579999999999933
0.06000000000000005 0.3351999999999997
0.26 0.5129999999999996
0.07999999999999996 0.4523999999999998
0.16000000000000003 0.4303999999999995
0.06000000000000005 0.3706999999999997
0.18000000000000005 0.3511999999999999
0.18000000000000005 0.28200000000000025
0.07999999999999996 0.16950000000000004
0.07999999999999996 0.18210000000000015
0.06000000000000005 0.13199999999999992
0.06000000000000005 0.1348999999999999
0.06000000000000005 0.10919999999999984
0.06000000000000005 0.12019999999999995
0.06000000000000005 0.11469999999999997
0.06000000000000005 0.11410000000000003
0.06000000000000005 0.13180000000000006
0.06000000000000005 0.1128
0.12 0.37629999999999975
0.18000000000000005 0.4157999999999994
0.12 0.34709999999999963
0.12 0.2831
0.12 0.2488999999999998
0.12 0.21409999999999993
0.12 0.26269999999999993
0.12 0.16319999999999982
0.12 0.14049999999999976
0.12 0.13569999999999985
0.12 0.38460000000000094
0.12 0.4191000000000011
0.12 0.37190000000000084
0.12 0.30420000000000075
0.33999999999999997 0.42180000000000106
0.12 0.3163000000000007
0.12 0.2768000000000004
0.09999999999999998 0.4104000000000008
0.09999999999999998 0.3038000000000005
0.38 0.4125000000000009
0.09999999999999998 0.3797000000000008
0.38 0.40350000000000075
0.12 0.37910000000000066
0.16000000000000003 0.39080000000000076
0.16000000000000003 0.3272000000000006
0.16000000000000003 0.2964000000000005
0.12 0.265
0.12 0.2320999999999998
0.16000000000000003 0.21290000000000006
0.16000000000000003 0.18419999999999973
0.16000000000000003 0.17209999999999998
0.16000000000000003 0.17129999999999998
0.16000000000000003 0.17609999999999992
0.16000000000000003 0.16670000000000001
0.16000000000000003 0.15850000000000006
0.06000000000000005 0.1662
0.06000000000000005 0.1668
0.09999999999999998 0.4354999999999993
0.09999999999999998 0.4118999999999991
0.09999999999999998 0.4260999999999989
0.09999999999999998 0.3707999999999989
0.09999999999999998 0.31869999999999954
0.09999999999999998 0.2603999999999997
0.09999999999999998 0.2786999999999994
0.12 0.27999999999999936
0.12 0.24469999999999964
0.12 0.2380999999999997
0.12 0.19090000000000004
0.12 0.17530000000000015
0.12 0.16129999999999986
0.12 0.12829999999999994
0.12 0.11719999999999993
0.12 0.11869999999999999
0.12 0.12629999999999988
0.12 0.14149999999999976
0.12 0.3148999999999995
0.12 0.2984999999999995
0.12 0.3122999999999995
0.12 0.2726999999999996
0.12 0.21929999999999952
0.12 0.20509999999999987
0.12 0.19799999999999968
0.12 0.14629999999999976
0.12 0.18729999999999966
0.12 0.1908999999999999
0.12 0.1868999999999999
0.12 0.19559999999999994
0.12 0.15119999999999983
0.12 0.14929999999999988
0.12 0.13070000000000004
0.12 0.12420000000000007
0.12 0.12010000000000011
0.12 0.12100000000000011
0.12 0.12430000000000004
0.12 0.12150000000000005
0.12 0.12550000000000003
0.12 0.12800000000000006
0.12 0.1216000000000001
0.12 0.12900000000000006
0.12 0.1503
0.12 0.12570000000000003
0.12 0.16329999999999967
0.12 0.19829999999999987
0.12 0.14069999999999974
0.12 0.16209999999999958
0.12 0.20379999999999965
0.12 0.40779999999999944
0.12 0.2413999999999995
0.12 0.2577999999999996
0.12 0.2278999999999996
0.12 0.21059999999999973
0.12 0.17629999999999973
0.12 0.14289999999999983
0.12 0.13269999999999987
0.12 0.2707999999999994
0.12 0.16379999999999975
0.040000000000000036 0.12859999999999985
0.040000000000000036 0.11409999999999981
0.040000000000000036 0.0963999999999999
0.09999999999999998 0.3290999999999993
0.06000000000000005 0.24499999999999938
0.06000000000000005 0.10919999999999985
0.06000000000000005 0.11239999999999986
0.06000000000000005 0.0985999999999998
0.06000000000000005 0.0991999999999998
0.06000000000000005 0.12809999999999977
0.06000000000000005 0.24699999999999947
0.06000000000000005 0.22209999999999952
0.06000000000000005 0.1170999999999998
0.06000000000000005 0.1434999999999997
0.06000000000000005 0.13939999999999972
0.06000000000000005 0.10649999999999979
0.06000000000000005 0.0932999999999999
0.06000000000000005 0.10429999999999992
0.06000000000000005 0.0703
0.06000000000000005 0.07280000000000003
0.06000000000000005 0.062300000000000015
0.06000000000000005 0.3992000000000002
0.040000000000000036 0.10819999999999999
0.040000000000000036 0.07410000000000004
0.040000000000000036 0.09550000000000003
0.040000000000000036 0.0911
0.06000000000000005 0.20129999999999965
0.06000000000000005 0.2109999999999997
0.06000000000000005 0.1810999999999998
0.06000000000000005 0.19379999999999978
0.06000000000000005 0.1530999999999999
0.06000000000000005 0.11699999999999992
0.06000000000000005 0.11419999999999991
0.06000000000000005 0.11599999999999998
0.06000000000000005 0.09700000000000009
0.06000000000000005 0.21659999999999976
0.06000000000000005 0.22089999999999996
0.06000000000000005 0.28559999999999985
0.06000000000000005 0.24259999999999998
0.07999999999999996 0.3368
0.06000000000000005 0.2260999999999999
0.07999999999999996 0.28739999999999966
0.06000000000000005 0.2084999999999999
0.06000000000000005 0.19949999999999996
0.06000000000000005 0.1977
0.06000000000000005 0.17459999999999998
0.06000000000000005 0.1510999999999999
0.06000000000000005 0.16289999999999996
0.06000000000000005 0.13789999999999997
0.06000000000000005 0.13720000000000002
0.06000000000000005 0.17929999999999993
0.4 0.48839999999999884
0.4 0.4483999999999997
0.4 0.43089999999999934
0.4 0.42429999999999896
0.4 0.4324999999999989
0.31999999999999995 0.4221999999999996
0.07999999999999996 0.4116999999999995
0.07999999999999996 0.5913999999999985
0.07999999999999996 0.40569999999999934
0.07999999999999996 0.5635999999999988
0.07999999999999996 0.5165999999999986
0.07999999999999996 0.49989999999999923
0.21999999999999997 0.48289999999999966
0.24 0.43889999999999996
0.12 0.43979999999999964
0.09999999999999998 0.36980000000000013
0.09999999999999998 0.3634000000000001
0.07999999999999996 0.3244999999999999
0.07999999999999996 0.3074
0.07999999999999996 0.25409999999999994
0.18000000000000005 0.40940000000000004
0.06000000000000005 0.20799999999999996
0.06000000000000005 0.19449999999999984
0.12 0.3971999999999998
0.12 0.4371999999999992
0.12 0.37329999999999963
0.12 0.4144999999999995
0.12 0.34159999999999924
0.4 0.5349999999999991
0.4 0.46869999999999934
0.4 0.4057
0.4 0.48559999999999937
0.040000000000000036 0.43359999999999926
0.12 0.4135999999999994
0.12 0.39359999999999984
0.4 0.4168999999999997
0.07999999999999996 0.3816999999999997
0.4 0.42289999999999955
0.4 0.4035000000000003
0.4 0.41680000000000006
0.4 0.41040000000000015
0.4 0.4056000000000002
0.4 0.41950000000000004
0.4 0.41100000000000014
0.4 0.41400000000000003
0.4 0.4160000000000001
0.4 0.4113
0.4 0.40670000000000006
0.4 0.4047000000000001
0.4 0.4027000000000002
0.4 0.4036000000000001
0.4 0.40160000000000023
0.4 0.42399999999999954
0.4 0.4127999999999998
0.4 0.40270000000000017
0.4 0.4031000000000003
0.4 0.4015000000000002
0.4 0.40450000000000025
0.4 0.40040000000000037
0.4 0.40070000000000033
0.4 0.4019000000000004
0.4 0.4037000000000004
0.4 0.4050000000000002
0.4 0.40490000000000037
0.4 0.40260000000000035
0.4 0.4034000000000005
0.4 0.40410000000000024
0.4 0.40250000000000036
0.4 0.4027000000000002
0.4 0.40070000000000044
0.4 0.4027000000000005
0.4 0.40510000000000046
0.4 0.4075000000000005
0.4 0.4060000000000004
0.4 0.41070000000000056
0.4 0.4108000000000006
0.4 0.40900000000000036
0.4 0.4094000000000003
0.4 0.4079000000000004
0.4 0.40700000000000053
0.4 0.4177000000000001
0.4 0.4583999999999994
0.4 0.545099999999999
0.4 0.4237999999999999
0.4 0.41430000000000045
0.4 0.4075000000000006
0.4 0.4152000000000004
0.4 0.41650000000000026
0.4 0.4110000000000003
0.4 0.4139000000000004
0.4 0.41150000000000037
0.42000000000000004 0.4146000000000003
0.42000000000000004 0.41140000000000043
0.42000000000000004 0.4141000000000006
0.42000000000000004 0.41480000000000034
0.42000000000000004 0.4247000000000002
0.42000000000000004 0.4265000000000002
0.42000000000000004 0.4346
0.42000000000000004 0.42869999999999997
0.42000000000000004 0.4255000000000001
0.42000000000000004 0.4280000000000001
0.42000000000000004 0.4303000000000001
0.42000000000000004 0.44
0.42000000000000004 0.43160000000000004
0.42000000000000004 0.43919999999999987
0.42000000000000004 0.4387999999999998
0.42000000000000004 0.42510000000000014
0.42000000000000004 0.4207000000000003
0.42000000000000004 0.41890000000000055
0.42000000000000004 0.4217000000000003
0.42000000000000004 0.42500000000000054
0.42000000000000004 0.4280000000000005
0.42000000000000004 0.42880000000000057
0.42000000000000004 0.43950000000000017
0.42000000000000004 0.42770000000000047
0.42000000000000004 0.4309000000000005
0.42000000000000004 0.4646000000000003
0.42000000000000004 0.4527000000000001
0.42000000000000004 0.46669999999999995
0.42000000000000004 0.44350000000000017
0.4 0.5689999999999995
0.4 0.5546
0.4 0.49760000000000043
0.4 0.5161000000000001
0.4 0.4647000000000001
0.4 0.45059999999999995
0.4 0.4267000000000003
0.4 0.5385999999999989
0.4 0.44359999999999933
0.4 0.43129999999999996
0.4 0.4683999999999995
0.4 0.4703999999999994
0.48 0.48749999999999966
0.48 0.43890000000000007
0.48 0.4317999999999999
0.48 0.4228000000000003
0.48 0.41530000000000067
0.48 0.4257000000000001
0.48 0.4223000000000001
0.48 0.4611999999999995
0.48 0.46859999999999963
0.48 0.4758999999999996
0.43999999999999995 0.4592999999999996
0.43999999999999995 0.4488999999999999
0.43999999999999995 0.4479000000000004
0.43999999999999995 0.46050000000000024
0.43999999999999995 0.4501000000000005
0.43999999999999995 0.4477000000000006
0.43999999999999995 0.4482000000000002
0.43999999999999995 0.4374000000000004
0.43999999999999995 0.4308000000000006
0.43999999999999995 0.4304000000000004
0.43999999999999995 0.42310000000000025
0.43999999999999995 0.42750000000000044
0.43999999999999995 0.42640000000000033
0.43999999999999995 0.44549999999999995
0.4 0.48349999999999893
0.4 0.5020999999999992
0.4 0.4687999999999997
0.4 0.4440000000000001
0.24 0.4368000000000002
0.45999999999999996 0.5390999999999986
0.45999999999999996 0.4882999999999996
0.28 0.4469000000000001
0.12 0.4309999999999997
0.45999999999999996 0.45299999999999935
0.4 0.4489999999999998
0.45999999999999996 0.4551
0.45999999999999996 0.4448
0.45999999999999996 0.4383999999999996
0.45999999999999996 0.4405999999999998
0.45999999999999996 0.4420999999999997
0.45999999999999996 0.4420999999999996
0.45999999999999996 0.44669999999999965
0.45999999999999996 0.4465999999999999
0.45999999999999996 0.4417000000000001
0.45999999999999996 0.44380000000000003
0.45999999999999996 0.44569999999999943
0.45999999999999996 0.4445000000000001
0.45999999999999996 0.43980000000000014
0.45999999999999996 0.4405999999999998
0.45999999999999996 0.4400999999999997
0.45999999999999996 0.4482000000000001
0.45999999999999996 0.4618999999999997
0.45999999999999996 0.45999999999999963
0.45999999999999996 0.46219999999999983
0.45999999999999996 0.4428999999999999
0.45999999999999996 0.43120000000000014
0.45999999999999996 0.42879999999999996
0.45999999999999996 0.4316000000000003
0.45999999999999996 0.4306999999999997
0.45999999999999996 0.4459999999999998
0.45999999999999996 0.43739999999999996
0.45999999999999996 0.4382000000000003
0.45999999999999996 0.4290000000000003
0.45999999999999996 0.4326000000000005
0.45999999999999996 0.43640000000000023
0.45999999999999996 0.43430000000000035
0.45999999999999996 0.43010000000000004
0.45999999999999996 0.4294000000000006
0.45999999999999996 0.4310000000000004
0.45999999999999996 0.43050000000000055
0.4 0.43579999999999985
0.4 0.4229000000000002
0.4 0.42390000000000055
0.4 0.42420000000000013
0.4 0.4315000000000001
0.4 0.43700000000000033
0.4 0.42590000000000006
0.4 0.42590000000000017
0.4 0.4247000000000004
0.4 0.45030000000000003
0.4 0.45330000000000004
0.4 0.4330000000000001
0.4 0.4282000000000007
0.4 0.4269000000000003
0.4 0.42879999999999974
0.4 0.42879999999999996
0.4 0.4294000000000001
0.4 0.42600000000000016
0.4 0.43509999999999993
0.4 0.43250000000000016
0.4 0.4258000000000002
0.4 0.42810000000000037
0.4 0.4258000000000003
0.4 0.4266000000000001
0.4 0.42860000000000037
0.4 0.4296999999999999
0.4 0.4290000000000002
0.4 0.43330000000000063
0.4 0.44930000000000014
0.4 0.45969999999999983
0.4 0.43670000000000025
