0.84 0.42320000000000424
0.87 0.4726100000000051
0.87 0.4985500000000033
0.87 0.5198700000000037
0.9 0.5535000000000018
0.9 0.5753199999999999
0.91 0.5976200000000021
0.94 0.6134200000000039
0.96 0.6260300000000036
0.96 0.637880000000006
0.96 0.658190000000006
0.96 0.6671800000000035
0.96 0.6807800000000022
0.97 0.6917099999999986
0.97 0.7001599999999962
0.97 0.7099499999999962
0.97 0.7110399999999942
0.97 0.7237299999999925
0.97 0.7190499999999915
0.98 0.7303799999999911
0.98 0.7403799999999896
0.98 0.7434999999999904
0.98 0.7555099999999905
0.98 0.7674099999999939
0.98 0.7723399999999916
0.98 0.7673599999999908
0.98 0.7701199999999925
0.98 0.7738499999999914
0.98 0.784169999999992
0.98 0.7858999999999929
0.98 0.7876099999999959
0.98 0.7931399999999956
0.98 0.7980399999999942
0.98 0.7999999999999954
0.98 0.8222699999999965
0.98 0.8168599999999944
0.98 0.8073199999999928
0.98 0.8083699999999928
0.98 0.8103799999999954
0.98 0.8186699999999959
0.98 0.8189699999999949
0.98 0.8221499999999974
0.98 0.8328099999999982
0.98 0.8448499999999991
0.98 0.8507999999999977
0.98 0.8442999999999987
0.98 0.8367599999999971
0.98 0.8416899999999974
0.98 0.8399099999999959
0.98 0.8484699999999961
0.98 0.8536499999999974
0.98 0.8558299999999961
0.98 0.8510899999999991
0.98 0.8580099999999984
0.98 0.8709399999999943
0.98 0.8652899999999929
0.98 0.865349999999993
0.98 0.8627699999999934
0.98 0.8608899999999907
0.98 0.8716299999999937
0.98 0.8668099999999946
0.98 0.8697599999999945
0.98 0.875179999999995
0.98 0.8611499999999923
0.98 0.874039999999994
0.98 0.8639699999999954
0.98 0.8682099999999932
0.98 0.8664699999999929
0.98 0.8538699999999939
0.98 0.8573899999999932
0.98 0.8678799999999933
0.98 0.8713999999999954
0.98 0.8649699999999948
0.98 0.8705599999999944
0.98 0.8683499999999951
0.98 0.8641199999999934
0.98 0.8697299999999943
0.98 0.876009999999994
0.98 0.8751999999999954
0.98 0.8778299999999979
0.98 0.8778799999999956
0.98 0.8725199999999946
0.98 0.873159999999995
0.98 0.873599999999995
0.98 0.8697299999999962
0.98 0.8780599999999955
0.98 0.8798300000000004
0.98 0.880659999999999
0.98 0.8715999999999966
0.98 0.8703499999999935
0.98 0.8653499999999921
0.98 0.8691399999999946
0.98 0.8674499999999956
0.98 0.8610699999999922
0.98 0.8640999999999935
0.98 0.8806699999999943
0.98 0.8753599999999944
0.98 0.8689099999999946
0.98 0.866389999999993
0.98 0.8640499999999942
