0.81 0.4132499999999943
0.86 0.4530899999999961
0.93 0.4917299999999962
0.93 0.5252399999999973
0.94 0.5532000000000037
0.94 0.5859200000000011
0.96 0.619720000000001
0.96 0.6422900000000036
0.97 0.6633100000000053
0.97 0.6607400000000061
0.97 0.6667400000000053
0.97 0.6786000000000036
0.97 0.686470000000003
0.97 0.6933000000000011
0.97 0.6980700000000001
0.97 0.7077299999999992
0.97 0.7133599999999978
0.97 0.7285899999999943
0.97 0.7419599999999918
0.98 0.7469199999999904
0.98 0.7552299999999893
0.98 0.7681299999999918
0.98 0.7637799999999905
0.98 0.7815899999999939
0.98 0.8071799999999942
0.98 0.8158699999999953
0.98 0.8057299999999926
0.98 0.8128399999999961
0.98 0.8195199999999971
0.98 0.822219999999999
0.98 0.8208199999999983
0.98 0.8227999999999982
0.98 0.8375399999999986
0.98 0.8323999999999979
0.98 0.8369999999999975
0.98 0.8414699999999995
0.98 0.849089999999999
0.98 0.8474499999999976
0.98 0.8445199999999977
0.98 0.8385299999999971
0.98 0.8441799999999975
0.98 0.8381399999999987
0.98 0.8452099999999978
0.98 0.8450199999999969
0.98 0.8493799999999955
0.98 0.854619999999997
0.98 0.8581299999999945
0.98 0.8549999999999972
0.98 0.8433599999999967
0.98 0.8435999999999959
0.98 0.832319999999998
0.98 0.8366599999999962
0.98 0.832129999999997
0.98 0.8435399999999976
0.98 0.8569699999999926
0.98 0.8528999999999943
0.98 0.8544799999999956
0.98 0.8523299999999987
0.98 0.856189999999995
0.98 0.8590899999999959
0.98 0.8436999999999978
0.98 0.8391399999999952
0.98 0.841789999999994
0.98 0.852309999999995
0.98 0.8508799999999952
0.98 0.8474799999999939
0.98 0.838899999999996
0.98 0.839119999999996
0.98 0.8304099999999972
0.98 0.838089999999995
0.98 0.8375399999999957
0.98 0.8372499999999959
0.98 0.8419799999999962
0.98 0.8429499999999973
0.98 0.8514399999999976
0.98 0.8430999999999979
0.98 0.8353999999999991
0.98 0.8356399999999987
0.98 0.836899999999998
0.98 0.8347799999999984
0.98 0.8409599999999987
0.98 0.8400399999999989
0.98 0.8415599999999962
0.98 0.834589999999998
0.98 0.8429499999999974
0.98 0.836259999999996
0.98 0.8460699999999967
0.98 0.8390599999999969
0.98 0.838029999999997
0.98 0.8419899999999974
0.98 0.8442299999999979
0.98 0.8400499999999982
0.98 0.8437999999999979
0.98 0.8378499999999967
0.98 0.8381299999999956
0.98 0.8440899999999949
0.98 0.8471999999999951
0.98 0.8497899999999968
0.98 0.8435399999999987
0.98 0.8503799999999975
