0.09999999999999998 0.6094199999999992
0.09999999999999998 0.5669200000000001
0.09999999999999998 0.5324000000000029
0.09999999999999998 0.4969000000000016
0.09999999999999998 0.4833800000000024
0.07999999999999996 0.4662600000000016
0.07999999999999996 0.44066000000000083
0.07999999999999996 0.41941999999999985
0.07999999999999996 0.40150000000000063
0.07999999999999996 0.3969000000000012
0.07999999999999996 0.3796600000000011
0.07999999999999996 0.3759400000000022
0.07999999999999996 0.3617800000000019
0.07999999999999996 0.3539800000000026
0.07999999999999996 0.3472600000000024
0.07999999999999996 0.34806000000000276
0.07999999999999996 0.3417800000000028
0.07999999999999996 0.3377600000000023
0.07999999999999996 0.331000000000003
0.07999999999999996 0.325720000000003
0.07999999999999996 0.31374000000000324
0.07999999999999996 0.3207800000000028
0.07999999999999996 0.3140800000000035
0.07999999999999996 0.3006400000000031
0.07999999999999996 0.29918000000000294
0.07999999999999996 0.3128000000000033
0.07999999999999996 0.3122600000000035
0.07999999999999996 0.2976200000000028
0.07999999999999996 0.29056000000000287
0.07999999999999996 0.287640000000003
0.07999999999999996 0.29020000000000334
0.07999999999999996 0.269640000000002
0.07999999999999996 0.26676000000000155
0.07999999999999996 0.2741000000000017
0.07999999999999996 0.2575400000000015
0.07999999999999996 0.2546800000000016
0.07999999999999996 0.24908000000000136
0.07999999999999996 0.23566000000000104
0.07999999999999996 0.22076000000000084
0.07999999999999996 0.22102000000000102
0.07999999999999996 0.22862000000000085
0.07999999999999996 0.2281600000000009
0.07999999999999996 0.22468000000000063
0.07999999999999996 0.20568000000000033
0.07999999999999996 0.19840000000000033
0.07999999999999996 0.20139999999999983
0.07999999999999996 0.19301999999999986
0.07999999999999996 0.19040000000000007
0.07999999999999996 0.19426000000000007
0.07999999999999996 0.19658000000000012
0.07999999999999996 0.19064000000000023
0.07999999999999996 0.18659999999999985
0.07999999999999996 0.18583999999999978
0.07999999999999996 0.1933599999999998
0.07999999999999996 0.1742599999999995
0.07999999999999996 0.17343999999999976
0.07999999999999996 0.17909999999999954
0.07999999999999996 0.1751199999999995
0.07999999999999996 0.17773999999999981
0.07999999999999996 0.1727999999999997
0.07999999999999996 0.1710799999999995
0.07999999999999996 0.17087999999999953
0.07999999999999996 0.17249999999999993
0.07999999999999996 0.17607999999999965
0.07999999999999996 0.1797799999999995
0.07999999999999996 0.1809999999999996
0.07999999999999996 0.1786999999999994
0.07999999999999996 0.17229999999999954
0.07999999999999996 0.1712199999999994
0.07999999999999996 0.1719599999999996
0.07999999999999996 0.17271999999999943
0.07999999999999996 0.16145999999999927
0.07999999999999996 0.17019999999999963
0.07999999999999996 0.1544599999999995
0.07999999999999996 0.15837999999999947
0.07999999999999996 0.17313999999999968
0.07999999999999996 0.16583999999999957
0.07999999999999996 0.16427999999999965
0.07999999999999996 0.15577999999999959
0.07999999999999996 0.15621999999999947
0.07999999999999996 0.1552799999999996
0.07999999999999996 0.15367999999999982
0.07999999999999996 0.15719999999999973
0.07999999999999996 0.16153999999999963
0.07999999999999996 0.17125999999999977
0.07999999999999996 0.16839999999999988
0.07999999999999996 0.17131999999999972
0.07999999999999996 0.17831999999999948
0.07999999999999996 0.16381999999999966
0.07999999999999996 0.16335999999999964
0.07999999999999996 0.15909999999999958
0.07999999999999996 0.15357999999999986
0.07999999999999996 0.16191999999999973
0.07999999999999996 0.16317999999999966
0.07999999999999996 0.17125999999999952
0.07999999999999996 0.16577999999999987
0.07999999999999996 0.15441999999999975
0.07999999999999996 0.15189999999999979
0.07999999999999996 0.15047999999999964
0.07999999999999996 0.1563399999999997
