0.64 0.3628500000000007
0.67 0.3654500000000006
0.68 0.38105000000000094
0.63 0.36510000000000076
0.64 0.38025000000000037
0.7 0.3871500000000001
0.7 0.40790000000000015
0.8 0.41105000000000025
0.76 0.40015000000000034
0.76 0.40445
0.76 0.41904999999999987
0.91 0.43134999999999996
0.89 0.4399
0.8 0.43944999999999995
0.89 0.4575499999999997
0.7 0.4286
0.7 0.42974999999999963
0.83 0.4668999999999995
0.79 0.4894999999999998
0.79 0.49509999999999943
0.96 0.48589999999999983
0.77 0.4868499999999997
0.95 0.48390000000000016
0.7 0.5058499999999995
0.7 0.4858
0.87 0.5298499999999999
0.77 0.5067499999999996
0.77 0.4897499999999998
0.77 0.5228999999999996
0.93 0.5227000000000005
0.7 0.4950999999999998
0.7 0.5041000000000002
0.82 0.48929999999999974
0.82 0.5303499999999999
0.87 0.5469999999999999
0.87 0.5107999999999998
0.83 0.5263999999999989
0.72 0.5207999999999998
0.92 0.5461999999999998
0.7 0.5401499999999999
0.7 0.5400999999999996
0.7 0.54345
0.7 0.5655500000000007
0.7 0.5802000000000005
0.7 0.4150499999999996
0.7 0.4476500000000004
0.7 0.40270000000000045
0.81 0.4610500000000004
0.83 0.5450500000000003
0.83 0.5662000000000001
0.7 0.5657500000000002
0.7 0.5835500000000002
0.7 0.46400000000000047
0.69 0.4795500000000005
0.7 0.47130000000000033
0.7 0.5025499999999995
0.7 0.5358499999999994
0.7 0.5563999999999991
0.7 0.5791499999999992
0.7 0.5071500000000005
0.7 0.4974000000000003
0.7 0.40685000000000165
0.69 0.4053500000000016
0.7 0.47360000000000047
0.7 0.4730500000000008
0.7 0.5492999999999995
0.7 0.5484499999999998
0.7 0.5450499999999991
0.7 0.45325000000000165
0.7 0.562900000000001
0.7 0.5713000000000001
0.7 0.5986500000000009
0.7 0.5653000000000004
0.7 0.5824500000000008
0.7 0.5968000000000007
0.7 0.6169500000000003
0.7 0.5909000000000006
0.7 0.6026500000000002
0.7 0.6149500000000002
0.7 0.6273000000000004
0.7 0.6168500000000006
0.7 0.6573500000000019
0.7 0.6405500000000014
0.7 0.6364000000000017
0.7 0.48595000000000144
0.7 0.4787500000000011
0.7 0.4289000000000017
0.7 0.4796500000000008
0.7 0.5168500000000004
0.7 0.5310499999999997
0.7 0.5768500000000006
0.7 0.6093000000000012
0.7 0.6288000000000011
0.7 0.6433500000000015
0.7 0.6493500000000015
0.7 0.6436000000000017
0.7 0.6487500000000012
0.7 0.6486000000000018
0.7 0.6429000000000016
0.7 0.6574000000000022
0.7 0.6130500000000012
0.7 0.618450000000001
0.7 0.6293500000000014
0.7 0.6284500000000012
0.7 0.6374500000000012
0.7 0.622000000000001
0.7 0.6366500000000012
0.7 0.6470500000000012
0.7 0.6412000000000014
0.7 0.6473000000000018
0.7 0.6165500000000009
0.7 0.6349000000000018
0.7 0.585550000000001
0.7 0.6562000000000019
0.7 0.586950000000001
0.7 0.6554000000000022
0.7 0.6580000000000018
0.7 0.49065000000000153
0.7 0.6135000000000014
0.7 0.42255000000000176
0.7 0.47085000000000043
0.7 0.5479500000000006
0.7 0.5930000000000014
0.7 0.6350500000000013
0.7 0.6451000000000015
0.7 0.659150000000002
0.7 0.6459500000000016
0.7 0.6513500000000014
0.7 0.6459500000000011
0.7 0.6661500000000018
0.7 0.6651500000000019
0.7 0.6726000000000024
0.7 0.6789000000000022
0.7 0.6856500000000016
0.7 0.6806500000000016
0.7 0.6671500000000026
0.7 0.6822000000000024
0.7 0.6758000000000017
0.7 0.681500000000002
0.7 0.6863000000000022
0.7 0.6865000000000022
0.7 0.6556000000000017
0.7 0.5436500000000017
0.7 0.5855000000000015
0.7 0.6342000000000017
0.7 0.6187500000000014
0.7 0.6576000000000017
0.7 0.6730500000000018
0.7 0.6775000000000021
0.7 0.6842500000000019
0.7 0.6850500000000019
0.7 0.6504500000000014
0.7 0.6597000000000022
0.7 0.6823500000000017
0.7 0.6746000000000022
0.7 0.6513500000000021
0.7 0.6405500000000014
0.7 0.6532500000000019
0.7 0.6644000000000022
0.7 0.6392000000000019
0.7 0.4809000000000016
0.7 0.5006000000000019
0.7 0.3845500000000021
0.7 0.41145000000000237
0.7 0.4738500000000018
0.7 0.5134500000000015
0.7 0.5506000000000013
0.7 0.5886500000000019
0.7 0.6316000000000019
0.7 0.6604500000000019
0.7 0.6826000000000019
0.7 0.6828000000000022
0.7 0.6848500000000022
0.7 0.681150000000002
0.7 0.6810000000000019
0.7 0.6818000000000021
0.7 0.6730500000000021
0.7 0.6576500000000024
0.7 0.677950000000002
0.7 0.685850000000002
0.7 0.6804000000000022
0.7 0.673200000000002
0.7 0.6924500000000019
0.7 0.6833500000000021
0.7 0.689350000000002
0.7 0.6818000000000017
0.7 0.6742500000000021
0.7 0.6691500000000019
0.7 0.6773500000000022
0.7 0.6894500000000021
0.7 0.6844000000000018
0.7 0.6966500000000017
0.7 0.6745500000000024
0.7 0.6740000000000022
0.7 0.684300000000002
0.7 0.687650000000002
0.7 0.6928000000000022
0.7 0.6879500000000023
0.7 0.6944500000000019
0.7 0.6880500000000019
0.7 0.6755500000000019
0.7 0.678400000000002
0.7 0.6893500000000019
0.7 0.6867500000000021
0.7 0.6849500000000022
0.7 0.6866500000000021
0.7 0.6831000000000017
0.7 0.6854500000000017
0.7 0.6920000000000016
0.7 0.6804500000000019
0.7 0.6826000000000018
0.7 0.6741000000000018
0.7 0.6757000000000022
0.7 0.687000000000002
0.7 0.6870500000000018
0.7 0.6714500000000023
0.7 0.689850000000002
0.7 0.6875500000000022
0.7 0.6864500000000018
0.7 0.6898500000000019
0.7 0.6709000000000023
0.7 0.6494000000000015
0.7 0.6875000000000019
0.7 0.6708000000000017
0.7 0.6750500000000019
0.7 0.6644500000000021
0.7 0.6605500000000022
0.7 0.6735500000000014
0.7 0.6835000000000019
0.7 0.6869000000000017
0.7 0.6847000000000015
0.7 0.679350000000002
0.7 0.6743000000000019
0.7 0.678750000000002
0.7 0.6769500000000019
0.7 0.6621000000000022
0.7 0.6486000000000023
0.7 0.6726000000000022
0.7 0.6713000000000023
0.7 0.6809000000000021
0.7 0.6734500000000021
0.7 0.6718000000000022
0.7 0.6801500000000018
0.7 0.682950000000002
0.7 0.668550000000002
0.7 0.6648000000000023
0.7 0.681200000000002
0.7 0.6741500000000024
0.7 0.6695500000000024
0.7 0.678050000000002
0.7 0.6749000000000024
0.7 0.6767000000000024
0.7 0.678900000000002
0.7 0.6816500000000021
0.7 0.6849000000000018
0.7 0.687250000000002
0.7 0.6863000000000018
0.7 0.687150000000002
0.7 0.6730000000000023
0.7 0.6803500000000026
0.7 0.6837500000000021
0.7 0.6804000000000022
0.7 0.6857000000000021
0.7 0.6780500000000019
0.7 0.52045
0.7 0.6582500000000019
0.7 0.6657000000000021
0.7 0.6612000000000023
0.7 0.6567500000000023
0.7 0.6831000000000021
0.7 0.6797500000000025
0.7 0.6767500000000025
0.7 0.6818000000000021
0.7 0.6844000000000017
0.7 0.678550000000002
0.7 0.6866500000000015
0.7 0.6861000000000017
0.7 0.6842500000000019
0.7 0.6941000000000014
0.7 0.6949000000000014
0.7 0.6974000000000014
0.7 0.6802500000000025
0.7 0.6842500000000022
0.7 0.6731000000000023
0.7 0.6392500000000017
0.7 0.6557500000000022
0.7 0.6736000000000023
0.7 0.6836000000000017
0.7 0.5102000000000002
0.7 0.5614500000000008
0.7 0.6033000000000008
0.7 0.6265500000000016
0.7 0.6505500000000021
0.7 0.6564000000000023
0.7 0.6728000000000023
0.7 0.6800500000000025
0.7 0.6728500000000021
0.7 0.5982000000000007
0.7 0.6761000000000018
0.7 0.662800000000002
0.7 0.6700000000000026
0.7 0.6826000000000014
0.7 0.6875000000000016
0.7 0.6584500000000023
0.7 0.680250000000002
0.7 0.6834500000000019
0.7 0.688450000000002
0.7 0.663900000000002
0.7 0.4433999999999995
0.7 0.6483500000000018
0.7 0.5333
0.7 0.4744499999999994
0.7 0.42484999999999956
0.7 0.39659999999999956
0.7 0.3794999999999995
0.7 0.3787999999999995
0.7 0.39409999999999956
0.7 0.40109999999999957
0.7 0.43269999999999953
0.7 0.4653999999999994
0.7 0.5149999999999999
0.7 0.5762500000000002
0.7 0.5930000000000006
0.7 0.6310000000000012
0.7 0.6620500000000021
0.7 0.6681000000000022
0.7 0.6674000000000025
0.7 0.6557000000000024
0.7 0.6701500000000021
0.7 0.6865500000000018
0.7 0.6821500000000023
0.7 0.6669000000000025
0.7 0.6722500000000025
0.7 0.6783500000000022
0.7 0.6769000000000023
0.7 0.6845000000000018
0.7 0.6909500000000017
0.7 0.687450000000002
0.7 0.679050000000002
0.7 0.6722000000000022
0.7 0.6812500000000021
0.7 0.6800000000000023
0.7 0.6844000000000021
0.7 0.6694000000000022
0.7 0.6759000000000022
0.7 0.6767000000000024
0.7 0.678750000000002
0.7 0.674850000000002
0.7 0.6757500000000023
0.7 0.6794000000000018
0.7 0.6764500000000023
0.7 0.687650000000002
0.7 0.6782500000000025
0.7 0.6831000000000023
0.7 0.6741000000000025
0.7 0.6759500000000024
0.7 0.6840000000000022
0.7 0.6843000000000018
0.7 0.6326500000000014
0.7 0.6910500000000017
0.7 0.6748500000000027
0.7 0.6732500000000026
0.7 0.6671500000000026
0.7 0.6854500000000019
0.7 0.6596500000000026
0.7 0.6778500000000023
0.7 0.6424000000000015
0.7 0.672900000000002
0.7 0.6894000000000021
0.7 0.6775500000000022
0.7 0.685600000000002
0.7 0.6828000000000018
0.7 0.6840500000000017
0.7 0.6924000000000015
0.7 0.6846500000000013
0.7 0.6775500000000015
0.7 0.6869500000000022
0.7 0.6803000000000022
0.7 0.6763000000000019
0.7 0.6325000000000018
0.7 0.6765500000000019
0.7 0.686700000000002
0.7 0.6790500000000022
0.7 0.6733500000000022
0.7 0.5617500000000006
0.7 0.4033499999999995
0.7 0.40074999999999944
0.7 0.3651999999999995
0.7 0.42284999999999945
0.7 0.4529499999999997
0.7 0.5025
0.7 0.3727999999999995
0.36 0.3599999999999996
0.36 0.3599999999999996
0.36 0.3599999999999996
0.36 0.3599999999999996
0.36 0.3599999999999996
0.36 0.3599999999999996
0.36 0.3599999999999996
0.36 0.3599999999999996
0.36 0.3599999999999996
0.36 0.3599999999999996
0.36 0.3599999999999996
0.36 0.3599999999999996
0.36 0.3599999999999996
0.36 0.3599999999999996
0.36 0.3599999999999996
0.7 0.36339999999999956
0.7 0.36509999999999954
0.36 0.3599999999999996
0.7 0.3684999999999995
0.7 0.3667999999999995
0.7 0.3666999999999995
0.7 0.3667999999999995
0.7 0.3667999999999995
0.36 0.3599999999999996
0.36 0.3599999999999996
0.7 0.36339999999999956
0.7 0.36509999999999954
0.7 0.3956499999999995
0.7 0.3652499999999996
0.7 0.37419999999999953
0.7 0.36854999999999954
0.7 0.3652999999999995
0.7 0.3888999999999995
0.7 0.45304999999999973
0.7 0.3884499999999996
0.69 0.36494999999999955
0.69 0.38309999999999944
0.36 0.3599999999999996
0.36 0.3599999999999996
0.36 0.3599999999999996
0.36 0.35929999999999956
0.36 0.3599999999999996
0.36 0.3599999999999996
0.36 0.3599999999999996
0.36 0.3599999999999996
0.36 0.3599999999999996
0.36 0.3599999999999996
0.6 0.3635999999999996
0.36 0.3599999999999996
0.36 0.3599999999999996
0.36 0.3599999999999996
0.36 0.3599999999999996
0.36 0.3599999999999996
0.36 0.3599999999999996
0.36 0.3599999999999996
0.36 0.3599999999999996
0.36 0.3599999999999996
0.36 0.3599999999999996
0.36 0.3599999999999996
0.36 0.3599999999999996
0.36 0.3599999999999996
0.36 0.3599999999999996
0.36 0.3599999999999996
0.36 0.3599999999999996
0.6 0.3611999999999995
0.36 0.3599999999999996
0.6 0.3611999999999995
0.36 0.3599999999999996
0.36 0.3599999999999996
0.36 0.3599999999999996
0.36 0.3599999999999996
0.36 0.3599999999999996
0.36 0.3599999999999996
0.36 0.3599999999999996
0.36 0.3599999999999996
0.36 0.3599999999999996
0.36 0.3599999999999996
0.36 0.3599999999999996
0.36 0.3599999999999996
0.36 0.3599999999999996
0.36 0.3599999999999996
0.36 0.3599999999999996
0.36 0.3599999999999996
0.36 0.3599999999999996
0.36 0.3599999999999996
0.36 0.3599999999999996
0.36 0.3599999999999996
0.36 0.3599999999999996
0.36 0.3599999999999996
0.36 0.3599999999999996
0.36 0.3599999999999996
0.36 0.3599999999999996
0.36 0.3599999999999996
0.36 0.3599999999999996
0.36 0.3599999999999996
0.38 0.3601999999999995
0.38 0.3602999999999995
0.38 0.36079999999999957
0.38 0.36049999999999954
0.38 0.36049999999999954
0.38 0.36049999999999954
0.38 0.36079999999999957
0.38 0.3606999999999995
0.38 0.36009999999999953
0.36 0.3599999999999996
0.36 0.3599999999999996
0.36 0.3599999999999996
0.36 0.3599999999999996
