0.18000000000000005 0.5627599999999997
0.09999999999999998 0.5334999999999994
0.07999999999999996 0.49566000000000054
0.07999999999999996 0.47240000000000054
0.07999999999999996 0.439300000000001
0.07999999999999996 0.4163000000000011
0.07999999999999996 0.3886599999999997
0.07999999999999996 0.3639599999999992
0.07999999999999996 0.3539999999999986
0.07999999999999996 0.3358599999999981
0.07999999999999996 0.3244599999999982
0.07999999999999996 0.3235399999999975
0.07999999999999996 0.3151399999999975
0.07999999999999996 0.30919999999999787
0.07999999999999996 0.30313999999999774
0.07999999999999996 0.2939799999999979
0.07999999999999996 0.2872999999999974
0.09999999999999998 0.2870999999999974
0.09999999999999998 0.2811999999999976
0.09999999999999998 0.2853599999999977
0.09999999999999998 0.2807799999999972
0.09999999999999998 0.2769199999999978
0.09999999999999998 0.27673999999999765
0.09999999999999998 0.279819999999998
0.09999999999999998 0.278819999999998
0.09999999999999998 0.2652999999999983
0.09999999999999998 0.26747999999999805
0.09999999999999998 0.2618199999999982
0.09999999999999998 0.2520199999999986
0.09999999999999998 0.25887999999999856
0.09999999999999998 0.25053999999999876
0.09999999999999998 0.24167999999999829
0.09999999999999998 0.25347999999999876
0.09999999999999998 0.25103999999999865
0.09999999999999998 0.24597999999999876
0.09999999999999998 0.239019999999999
0.09999999999999998 0.237059999999999
0.09999999999999998 0.23227999999999938
0.09999999999999998 0.23073999999999917
0.09999999999999998 0.23113999999999926
0.09999999999999998 0.2345399999999993
0.09999999999999998 0.240899999999999
0.09999999999999998 0.24099999999999921
0.09999999999999998 0.23921999999999918
0.09999999999999998 0.2325999999999994
0.09999999999999998 0.2271999999999993
0.09999999999999998 0.21135999999999935
0.09999999999999998 0.22231999999999955
0.09999999999999998 0.2063999999999997
0.09999999999999998 0.2169599999999995
0.09999999999999998 0.21279999999999988
0.09999999999999998 0.2191999999999997
0.09999999999999998 0.23038000000000014
0.09999999999999998 0.2213999999999999
0.09999999999999998 0.21283999999999953
0.09999999999999998 0.2201599999999994
0.09999999999999998 0.22065999999999952
0.09999999999999998 0.21147999999999958
0.09999999999999998 0.2116999999999999
0.09999999999999998 0.2221199999999996
0.09999999999999998 0.22116000000000005
0.09999999999999998 0.2149199999999998
0.09999999999999998 0.20492000000000005
0.09999999999999998 0.1921599999999999
0.09999999999999998 0.19346
0.09999999999999998 0.18982000000000007
0.09999999999999998 0.19618000000000027
0.09999999999999998 0.20178000000000024
0.09999999999999998 0.1959800000000002
0.09999999999999998 0.19948000000000024
0.09999999999999998 0.18956000000000012
0.09999999999999998 0.19360000000000008
0.09999999999999998 0.18796000000000013
0.09999999999999998 0.19364000000000006
0.09999999999999998 0.18362000000000014
0.09999999999999998 0.19282000000000027
0.09999999999999998 0.20838000000000015
0.09999999999999998 0.20100000000000004
0.09999999999999998 0.19552000000000005
0.09999999999999998 0.19480000000000025
0.09999999999999998 0.19014000000000048
0.09999999999999998 0.1947000000000001
0.09999999999999998 0.19510000000000008
0.09999999999999998 0.1924600000000002
0.09999999999999998 0.1977000000000004
0.09999999999999998 0.20502000000000054
0.09999999999999998 0.19880000000000028
0.09999999999999998 0.19974000000000042
0.09999999999999998 0.19596000000000038
0.09999999999999998 0.1994600000000003
0.09999999999999998 0.19976000000000035
0.09999999999999998 0.19980000000000017
0.09999999999999998 0.19372000000000034
0.09999999999999998 0.18136000000000058
0.09999999999999998 0.18256000000000064
0.09999999999999998 0.17666000000000034
0.09999999999999998 0.18794000000000008
0.09999999999999998 0.1872200000000001
0.09999999999999998 0.18218000000000034
0.09999999999999998 0.17570000000000033
