0.93 0.4085299999999979
0.93 0.4469199999999971
0.93 0.4810699999999996
0.93 0.5097300000000009
0.95 0.5454400000000029
0.95 0.5604000000000031
0.95 0.5593700000000027
0.97 0.5880400000000006
0.97 0.6098000000000011
0.97 0.6177699999999999
0.97 0.6369400000000002
0.97 0.6498700000000004
0.97 0.6641100000000021
0.97 0.6786600000000012
0.97 0.6815100000000002
0.97 0.691639999999999
0.97 0.6909999999999972
0.98 0.6968999999999964
0.98 0.7091099999999965
0.98 0.7124299999999979
0.98 0.7264499999999996
0.98 0.7303000000000023
0.98 0.7357400000000047
0.98 0.7528200000000079
0.98 0.7573500000000084
0.98 0.7515800000000056
0.98 0.7487400000000041
0.98 0.7552700000000051
0.98 0.7626400000000089
0.98 0.753380000000006
0.98 0.7457700000000045
0.98 0.7501400000000056
0.98 0.7517000000000054
0.98 0.7588400000000076
0.98 0.7570500000000063
0.98 0.7615500000000073
0.98 0.7596000000000058
0.98 0.7584900000000062
0.98 0.7628000000000075
0.98 0.7689400000000083
0.98 0.7756600000000053
0.98 0.7785800000000062
0.98 0.7913500000000057
0.98 0.7927800000000058
0.98 0.7955900000000063
0.98 0.7962800000000068
0.98 0.8024300000000055
0.98 0.8048000000000065
0.98 0.8095700000000053
0.98 0.8111499999999999
0.98 0.813320000000002
0.98 0.8183800000000021
0.98 0.8134400000000022
0.98 0.8145800000000035
0.98 0.8187500000000031
0.98 0.8206700000000026
0.98 0.8333600000000024
0.98 0.8250500000000028
0.98 0.8257000000000035
0.98 0.8471600000000016
0.98 0.8391400000000011
0.98 0.8377200000000011
0.98 0.8329300000000015
0.98 0.8399500000000002
0.98 0.850039999999999
0.98 0.8430799999999992
0.98 0.8434500000000018
0.98 0.8464000000000003
0.98 0.8473900000000025
0.98 0.8524199999999994
0.98 0.8477699999999987
0.98 0.8548000000000004
0.98 0.8645199999999981
0.98 0.8596799999999988
0.98 0.8565999999999976
0.98 0.8513299999999995
0.98 0.8520399999999995
0.98 0.8603999999999968
0.98 0.8665799999999956
0.98 0.8706099999999947
0.98 0.8807799999999981
0.98 0.8699899999999968
0.98 0.8769299999999993
0.98 0.8778499999999986
0.98 0.8682899999999991
0.98 0.8739499999999975
0.98 0.876559999999998
0.98 0.8664699999999967
0.98 0.8685799999999957
0.98 0.8652599999999957
0.98 0.8795999999999977
0.98 0.8671599999999964
0.98 0.8748699999999977
0.98 0.8597699999999942
0.98 0.8588999999999933
0.98 0.8661099999999952
0.98 0.8596199999999962
0.98 0.8723399999999945
0.98 0.8698299999999952
0.98 0.8659699999999968
