0.67 0.37604999999999983
0.67 0.38889999999999975
0.67 0.3493000000000003
0.67 0.36610000000000026
0.67 0.36584999999999995
0.69 0.3843500000000002
0.66 0.38300000000000023
0.82 0.39664999999999984
0.75 0.40579999999999944
0.67 0.42154999999999887
0.67 0.40054999999999985
0.65 0.3971999999999996
0.86 0.4053999999999994
0.72 0.37140000000000034
0.87 0.4050499999999994
0.76 0.39579999999999965
0.67 0.4004999999999994
0.82 0.38710000000000006
0.82 0.39554999999999974
0.79 0.3794500000000001
0.65 0.36690000000000017
0.67 0.37325000000000025
0.65 0.36535000000000023
0.67 0.3696000000000003
0.67 0.3748000000000002
0.65 0.3650000000000002
0.65 0.3735000000000001
0.64 0.3787
0.67 0.3674500000000003
0.65 0.37095000000000034
0.67 0.40034999999999926
0.67 0.410899999999999
0.9 0.4288499999999987
0.75 0.44159999999999855
0.75 0.4382499999999985
0.75 0.46169999999999795
0.75 0.45209999999999817
0.72 0.42454999999999876
0.84 0.44749999999999834
0.91 0.45359999999999845
0.71 0.482699999999999
0.76 0.47124999999999845
0.91 0.5025499999999987
0.82 0.49684999999999946
0.85 0.5222999999999991
0.96 0.5066499999999984
0.96 0.573299999999999
0.97 0.5565999999999989
0.95 0.5268999999999985
0.93 0.4877999999999989
0.95 0.5304999999999988
0.95 0.5217999999999986
0.97 0.5575499999999989
0.85 0.4854499999999987
0.85 0.48559999999999925
0.77 0.4260999999999997
0.85 0.45009999999999833
0.77 0.46274999999999844
0.77 0.4897999999999992
0.77 0.5214499999999986
0.79 0.5568
0.82 0.5404999999999999
0.89 0.53725
0.82 0.5683499999999995
0.83 0.45029999999999826
0.83 0.47489999999999744
0.83 0.5770999999999998
0.8 0.5126499999999988
0.85 0.6094499999999996
0.79 0.5661499999999999
0.82 0.5909500000000001
0.9 0.59585
0.91 0.6343499999999984
0.91 0.680899999999998
0.85 0.6497999999999994
0.85 0.674849999999999
0.92 0.6619999999999995
0.92 0.6773
0.83 0.61845
0.76 0.40754999999999947
0.85 0.4797499999999975
0.85 0.5922499999999985
0.73 0.3739000000000001
0.83 0.3790999999999998
0.65 0.36250000000000027
0.65 0.37070000000000014
0.65 0.36970000000000014
0.65 0.3742999999999999
0.65 0.3925999999999993
0.65 0.3931499999999992
0.65 0.402799999999999
0.64 0.40324999999999867
0.65 0.41699999999999826
0.65 0.4271999999999981
0.64 0.4518499999999985
0.65 0.4680499999999993
0.65 0.49914999999999893
0.65 0.4954499999999991
0.65 0.5202499999999993
0.65 0.5441499999999999
0.65 0.5040499999999982
0.65 0.4857999999999984
0.64 0.49669999999999853
0.65 0.482449999999998
0.65 0.5285499999999994
0.64 0.36170000000000024
0.35 0.3500000000000004
0.35 0.3500000000000004
0.35 0.3484000000000005
0.64 0.3842500000000003
0.65 0.3899000000000003
0.35 0.3500000000000004
0.65 0.4013999999999992
0.35 0.3500000000000004
0.35 0.3500000000000004
0.65 0.4182499999999991
0.65 0.4353499999999989
0.65 0.4881499999999987
0.65 0.5027999999999985
0.65 0.543249999999999
0.65 0.5614999999999994
0.65 0.5295499999999987
0.65 0.5678499999999993
0.65 0.5705499999999997
0.66 0.5690999999999998
0.66 0.5741499999999993
0.66 0.5479999999999992
0.66 0.5760499999999993
0.66 0.5351499999999997
0.66 0.4935499999999991
0.66 0.481849999999999
0.66 0.4987499999999994
0.66 0.466049999999999
0.66 0.4729499999999986
0.69 0.46964999999999857
0.69 0.4882499999999985
0.69 0.4540499999999987
0.69 0.4500499999999987
0.69 0.48164999999999836
0.65 0.49404999999999843
0.65 0.4967999999999983
0.65 0.5254499999999991
0.67 0.5530499999999989
0.67 0.555949999999999
0.67 0.5647999999999991
0.67 0.5730499999999996
0.78 0.553849999999999
0.65 0.5993500000000004
0.65 0.5935000000000002
0.65 0.6004000000000008
0.65 0.6111500000000012
0.65 0.618650000000001
0.65 0.6239500000000013
0.65 0.6152000000000011
0.66 0.6095000000000009
0.66 0.6011000000000005
0.66 0.6044000000000007
0.66 0.6093500000000008
0.66 0.6241500000000012
0.66 0.6137500000000011
0.67 0.6109500000000012
0.67 0.5838
0.67 0.5925500000000007
0.67 0.5828499999999996
0.67 0.5386499999999981
0.67 0.5493999999999987
0.76 0.5585499999999989
0.76 0.57865
0.76 0.5875500000000001
0.76 0.5788499999999996
0.76 0.5809499999999995
0.76 0.5887999999999998
0.76 0.5881999999999998
0.76 0.5906999999999999
0.76 0.6157000000000009
0.77 0.613400000000001
0.77 0.6105500000000008
0.77 0.612750000000001
0.76 0.5545499999999997
0.77 0.6039000000000008
0.77 0.6221500000000012
0.77 0.609950000000001
0.77 0.612650000000001
0.77 0.6053000000000006
0.77 0.609250000000001
0.77 0.6045000000000009
0.77 0.607750000000001
0.77 0.6156500000000014
0.82 0.6108000000000007
0.82 0.6040000000000003
0.82 0.6181500000000008
0.82 0.6083500000000004
0.86 0.5624499999999998
0.86 0.5683999999999994
0.71 0.5548499999999992
0.76 0.5723999999999995
0.76 0.5878999999999999
0.76 0.5959000000000007
0.86 0.5875000000000001
0.86 0.5891
0.86 0.6087500000000006
0.87 0.5992500000000004
0.87 0.5809999999999997
0.87 0.5880000000000002
0.87 0.5823000000000004
0.87 0.5969500000000008
0.87 0.6020000000000011
0.87 0.5985500000000007
0.87 0.6150500000000008
0.87 0.58605
0.87 0.5969500000000003
0.87 0.5930000000000001
0.87 0.5961500000000004
0.87 0.6185000000000008
0.87 0.6152000000000007
0.87 0.6098500000000007
0.87 0.6062500000000008
0.87 0.6192500000000014
0.87 0.6133000000000013
0.87 0.604950000000001
0.87 0.5989000000000009
0.87 0.6053500000000007
0.87 0.5974000000000004
0.87 0.5985500000000002
0.87 0.5993000000000006
0.87 0.607000000000001
0.87 0.6175000000000012
0.87 0.618950000000001
0.87 0.6181000000000014
0.87 0.6164000000000008
0.87 0.6049500000000009
0.87 0.5994000000000007
0.87 0.5861500000000003
0.87 0.6086500000000007
0.87 0.613300000000001
0.87 0.5702999999999997
0.87 0.57965
0.87 0.5826
0.87 0.6029000000000008
0.87 0.6107000000000009
0.87 0.5998500000000004
0.87 0.5910500000000003
0.87 0.5990500000000005
0.87 0.6047500000000009
0.87 0.5982500000000006
0.87 0.5932000000000003
0.87 0.6025000000000006
0.87 0.6058500000000006
0.87 0.6136000000000006
0.87 0.5950500000000003
0.87 0.6027000000000008
0.87 0.612950000000001
0.87 0.6090000000000011
0.87 0.6126500000000012
0.87 0.6220000000000012
0.87 0.58735
0.87 0.5974500000000003
0.87 0.5829000000000001
0.87 0.5562999999999996
0.87 0.5617499999999996
0.87 0.5912500000000005
0.87 0.6155500000000008
0.65 0.6276500000000016
0.65 0.6230500000000015
0.65 0.6213000000000013
0.65 0.6301000000000019
0.65 0.6219500000000016
0.65 0.6168500000000011
0.65 0.6189500000000012
0.65 0.6180000000000015
0.65 0.6179500000000013
0.65 0.6186000000000016
0.65 0.6005000000000008
0.65 0.5992500000000011
0.65 0.609600000000001
0.65 0.6237500000000015
0.65 0.6271000000000017
0.65 0.6182500000000014
0.65 0.6233500000000015
0.65 0.6194500000000015
0.65 0.6210500000000017
0.65 0.6191500000000013
0.65 0.6173000000000015
0.65 0.6074500000000009
0.65 0.6061500000000012
0.65 0.6103500000000008
0.65 0.6218500000000013
0.65 0.612750000000001
0.65 0.6078500000000008
0.65 0.6165000000000009
0.65 0.6071500000000006
0.65 0.6065500000000008
0.65 0.635200000000002
0.65 0.6209500000000017
0.65 0.6121500000000012
0.65 0.6095000000000008
0.65 0.6159000000000011
0.65 0.6353000000000019
0.65 0.6322500000000018
0.65 0.5900500000000002
0.65 0.5933000000000004
0.65 0.612400000000001
0.65 0.6209500000000014
0.65 0.6150000000000012
0.65 0.6146500000000013
0.65 0.6124000000000012
0.65 0.6171500000000014
0.65 0.6194500000000012
0.65 0.6295000000000016
0.65 0.6317000000000018
0.65 0.613550000000001
0.65 0.6217500000000014
0.65 0.6166500000000014
0.65 0.6132000000000014
0.65 0.6151500000000011
0.65 0.6204000000000015
0.65 0.6049500000000009
0.65 0.5966500000000007
0.65 0.6155000000000014
0.65 0.6141500000000014
0.65 0.6217000000000014
0.65 0.6344000000000017
0.65 0.6295500000000015
0.65 0.6263500000000015
0.65 0.6273500000000016
0.65 0.6213000000000015
0.65 0.6241000000000017
0.65 0.6121500000000011
0.65 0.6096500000000009
0.65 0.6162000000000013
0.65 0.6172000000000015
0.65 0.6295000000000018
0.65 0.6238000000000017
0.65 0.6260000000000017
0.65 0.6237500000000015
0.65 0.6209000000000015
0.65 0.6208500000000015
0.65 0.6184000000000014
0.65 0.601100000000001
0.65 0.5965000000000008
0.65 0.6093500000000012
0.65 0.6113000000000011
0.65 0.6266000000000016
0.65 0.609700000000001
0.65 0.6143500000000013
0.65 0.6150500000000013
0.65 0.6180000000000012
0.65 0.6134000000000013
0.65 0.6180500000000012
0.65 0.6223500000000013
0.65 0.6044500000000007
0.65 0.5977000000000006
0.65 0.6156500000000013
0.65 0.6227000000000015
0.65 0.6167000000000011
0.65 0.613850000000001
0.65 0.6119500000000009
0.65 0.6165500000000013
0.65 0.6164000000000013
0.65 0.6217500000000014
0.65 0.6277500000000016
0.65 0.6213000000000014
0.65 0.6330500000000018
0.65 0.6126500000000014
0.65 0.6179000000000016
0.65 0.608400000000001
0.65 0.6142500000000013
0.65 0.6207500000000014
0.65 0.5970500000000005
0.65 0.5830000000000001
0.65 0.6060500000000011
0.65 0.6045000000000011
0.65 0.6105000000000014
0.65 0.6168500000000013
0.65 0.6328000000000018
0.65 0.633000000000002
0.65 0.632500000000002
0.65 0.6242500000000015
0.65 0.6220000000000016
0.65 0.6248500000000017
0.65 0.6167000000000014
0.65 0.604900000000001
0.65 0.6189500000000016
0.65 0.6195000000000015
0.65 0.6259500000000016
0.65 0.6126000000000014
0.65 0.6060000000000009
0.65 0.610650000000001
0.65 0.6038000000000008
0.65 0.6234000000000015
0.65 0.6183000000000015
0.65 0.6274000000000018
0.65 0.6162000000000013
0.65 0.6281500000000019
0.65 0.6130500000000013
0.65 0.6037000000000009
0.65 0.6072000000000011
0.65 0.6138500000000011
0.65 0.6111500000000012
0.65 0.6184000000000014
0.65 0.6253500000000014
0.65 0.6076000000000008
0.65 0.6242000000000014
0.65 0.6263000000000015
0.65 0.6245500000000016
0.65 0.6242500000000016
0.65 0.607400000000001
0.65 0.6141500000000012
0.65 0.6220500000000015
0.65 0.6159000000000013
0.65 0.6191000000000014
0.65 0.6136000000000011
0.65 0.6038500000000007
0.65 0.5947000000000005
0.65 0.6092000000000009
0.65 0.5429499999999985
0.65 0.3698000000000002
0.65 0.38109999999999994
0.65 0.4063999999999993
0.65 0.4313499999999986
0.65 0.45944999999999786
0.65 0.45974999999999794
0.65 0.42869999999999864
0.65 0.4655499999999993
0.65 0.49054999999999976
0.65 0.5211999999999997
0.65 0.5557999999999993
0.65 0.5621499999999992
0.65 0.578849999999999
0.65 0.576049999999999
0.65 0.5421999999999991
0.65 0.5699999999999992
0.65 0.5936499999999995
0.65 0.6033000000000003
0.65 0.6152000000000006
0.65 0.615400000000001
0.65 0.6203500000000008
0.65 0.6209000000000012
0.65 0.6181500000000011
0.65 0.5818500000000005
0.65 0.5901000000000004
0.65 0.6027000000000007
0.65 0.6195000000000013
0.65 0.6293500000000016
0.65 0.6251000000000014
0.65 0.6191000000000013
0.65 0.5368999999999984
0.65 0.5563499999999988
0.65 0.5896000000000001
0.65 0.5687499999999995
0.65 0.38289999999999985
0.65 0.5090499999999978
0.65 0.5623499999999986
0.65 0.5778499999999992
0.65 0.6127500000000009
0.65 0.5598999999999988
0.65 0.5226499999999976
0.65 0.563549999999999
0.65 0.5614499999999994
0.65 0.5943000000000002
0.65 0.5983000000000002
0.65 0.5941500000000002
0.65 0.59335
0.65 0.5988000000000003
0.65 0.6041000000000009
0.65 0.6195500000000012
0.65 0.6271000000000011
0.65 0.6293500000000014
0.65 0.617900000000001
0.65 0.6095000000000007
0.65 0.6073000000000005
0.65 0.6272500000000014
0.65 0.6271500000000017
0.65 0.617900000000001
0.65 0.6217500000000012
0.65 0.6214500000000013
0.65 0.6275000000000014
0.65 0.6295500000000014
0.65 0.5543999999999992
0.65 0.5842499999999998
0.65 0.5856500000000002
0.65 0.4139999999999987
0.65 0.34134999999999865
0.65 0.5712499999999999
0.65 0.5844500000000001
0.65 0.6040500000000006
0.65 0.6042000000000006
0.65 0.6158000000000012
0.65 0.6149000000000016
0.65 0.6317000000000017
0.65 0.6196000000000015
0.65 0.6200500000000019
0.65 0.6171000000000018
0.65 0.6268000000000016
0.65 0.4238999999999988
0.65 0.6123500000000012
0.65 0.6253500000000014
0.65 0.5092499999999989
0.65 0.5968500000000002
0.65 0.6080000000000009
