0.7 0.3904499999999998
0.71 0.42359999999999975
0.92 0.45259999999999967
0.87 0.4754499999999999
0.78 0.42894999999999983
0.85 0.4298500000000003
0.76 0.4172500000000008
0.84 0.4443000000000006
0.66 0.3621500000000006
0.69 0.4142500000000006
0.66 0.4563500000000007
0.82 0.48090000000000055
0.71 0.4585500000000004
0.91 0.42115000000000075
0.75 0.4411000000000012
0.82 0.46705000000000113
0.71 0.4323500000000015
0.89 0.45530000000000137
0.87 0.4656500000000012
0.87 0.5440000000000003
0.81 0.5419999999999999
0.84 0.5306500000000004
0.91 0.5330499999999999
0.92 0.5056500000000003
0.82 0.56095
0.97 0.5687499999999998
0.97 0.5123999999999994
0.97 0.5302999999999993
0.96 0.5254499999999993
0.97 0.5357999999999996
0.97 0.5644999999999994
0.78 0.567649999999999
0.75 0.5613499999999989
0.78 0.5334000000000003
0.78 0.5773999999999996
0.85 0.560249999999999
0.91 0.5497499999999992
0.92 0.5871999999999988
0.78 0.5765000000000008
0.78 0.5891000000000007
0.72 0.5410000000000001
0.73 0.5110500000000002
0.94 0.5038500000000006
0.94 0.5439999999999998
0.9 0.6384999999999996
0.94 0.6493499999999996
0.95 0.5766500000000001
0.93 0.6197499999999995
0.78 0.5969499999999993
0.86 0.5755999999999997
0.89 0.6051999999999993
0.9 0.5990999999999999
0.76 0.5236999999999994
0.66 0.5191999999999997
0.66 0.4782000000000004
0.86 0.46784999999999977
0.78 0.42219999999999813
0.82 0.4318000000000015
0.66 0.40890000000000176
0.7 0.47255000000000036
0.76 0.4561000000000011
0.82 0.49205000000000043
0.87 0.5615499999999993
0.89 0.6198499999999988
0.89 0.623599999999999
0.87 0.5966999999999993
0.89 0.5230499999999999
0.87 0.5258999999999997
0.92 0.5876499999999991
0.95 0.6913999999999999
0.92 0.6994499999999992
0.92 0.6312999999999999
0.89 0.6132999999999993
0.92 0.7085000000000005
0.97 0.7233000000000007
0.97 0.7151500000000002
0.97 0.7310500000000004
0.97 0.7553500000000001
0.94 0.7179500000000003
0.98 0.7521500000000017
0.98 0.7897000000000013
0.98 0.8222500000000007
0.98 0.8590000000000013
0.98 0.8786000000000014
0.98 0.8579000000000004
0.95 0.7686500000000005
0.98 0.7167499999999994
0.98 0.7606500000000005
0.97 0.6895000000000004
0.97 0.7323000000000007
0.89 0.64805
0.97 0.7521000000000009
0.97 0.7953499999999998
0.94 0.7852499999999989
0.92 0.7010499999999997
0.97 0.7542500000000006
0.94 0.7663500000000005
0.94 0.7645500000000008
0.95 0.6943999999999997
0.93 0.6705999999999999
0.98 0.7253499999999995
0.98 0.6551999999999991
0.98 0.78775
0.98 0.7524000000000004
0.98 0.7791000000000002
0.97 0.7531500000000005
0.98 0.8657500000000005
0.98 0.8849500000000008
0.97 0.8403500000000007
0.97 0.8366999999999994
0.97 0.7845499999999991
0.95 0.7772499999999998
0.97 0.7996000000000002
0.97 0.8522999999999995
0.95 0.8560500000000001
0.96 0.8806000000000005
0.97 0.8994500000000006
0.97 0.842600000000001
0.96 0.8703999999999996
0.97 0.9021500000000005
0.98 0.8821500000000012
0.97 0.8271500000000005
0.97 0.8179500000000006
0.98 0.8252500000000002
0.97 0.7405500000000004
0.97 0.7698999999999998
0.98 0.8124999999999996
0.98 0.82615
0.98 0.9109
0.98 0.9214499999999994
0.98 0.92605
0.98 0.931549999999998
0.98 0.9571999999999984
0.98 0.9480999999999986
0.98 0.8081499999999996
0.98 0.8782499999999996
0.98 0.9136499999999989
0.98 0.889349999999999
0.98 0.9456499999999999
0.98 0.953649999999999
0.98 0.9642499999999995
0.98 0.9731000000000003
0.98 0.9748999999999995
0.98 0.8592999999999996
0.98 0.8868500000000005
0.98 0.8926500000000003
0.98 0.779249999999999
0.98 0.9039499999999987
0.98 0.917
0.98 0.9162999999999997
0.98 0.9489999999999996
0.98 0.9425500000000008
0.98 0.85545
0.98 0.8626500000000002
0.98 0.8078499999999991
0.98 0.7786499999999994
0.98 0.8175000000000001
0.98 0.7483999999999987
0.99 0.7452499999999982
0.66 0.6506999999999981
0.75 0.5407999999999992
0.66 0.5139000000000011
0.66 0.5829999999999997
0.66 0.6102999999999998
0.69 0.5884999999999992
0.71 0.5959499999999981
0.67 0.6210499999999989
0.77 0.6497499999999994
0.77 0.6578499999999989
0.77 0.662649999999998
0.7 0.6514499999999979
0.78 0.6365499999999986
0.78 0.6493999999999986
0.81 0.6686499999999984
0.81 0.6679999999999983
0.81 0.6903499999999988
0.66 0.6332999999999983
0.81 0.6504999999999984
0.86 0.6437499999999983
0.96 0.6483999999999982
0.93 0.6779999999999978
0.98 0.7025499999999988
0.98 0.7596999999999986
0.98 0.7847499999999995
0.98 0.8291499999999988
0.98 0.8617999999999995
0.98 0.9112999999999992
0.98 0.9161499999999994
0.98 0.9361
0.98 0.9318499999999975
0.98 0.9445999999999978
0.98 0.9658000000000005
0.98 0.9431000000000005
0.98 0.8993000000000008
0.98 0.7236
0.98 0.9061500000000007
0.98 0.8725500000000008
0.98 0.9312000000000008
0.98 0.9528499999999994
0.98 0.9651499999999987
0.98 0.9649499999999991
0.98 0.9446499999999998
0.98 0.9682499999999985
0.98 0.7880499999999979
0.98 0.8915000000000003
0.98 0.9545999999999987
0.98 0.9587499999999985
0.98 0.9607499999999987
0.98 0.9680999999999983
0.98 0.8716999999999993
0.98 0.9579999999999983
0.98 0.9580499999999984
0.98 0.9640499999999981
0.98 0.9689999999999988
0.98 0.9684999999999987
0.98 0.9744499999999979
0.98 0.9612999999999977
0.98 0.9566499999999983
0.98 0.9637499999999983
0.98 0.951749999999999
0.98 0.9738999999999979
0.98 0.9688999999999983
0.98 0.9452499999999998
0.98 0.9646499999999989
0.98 0.9772499999999975
0.98 0.9652499999999975
0.98 0.961599999999998
0.98 0.9667999999999979
0.98 0.968549999999998
0.98 0.9748499999999976
0.98 0.9642499999999989
0.98 0.9675500000000015
0.98 0.9648000000000019
0.98 0.9439499999999993
0.98 0.963350000000001
0.98 0.9555000000000003
0.98 0.9672000000000013
0.98 0.9752999999999982
0.98 0.9706999999999983
0.98 0.9675499999999981
0.98 0.947349999999999
0.98 0.9282999999999995
0.98 0.9402499999999986
0.98 0.9719999999999978
0.98 0.9702999999999976
0.98 0.9744999999999976
0.98 0.9711499999999978
0.98 0.8607999999999997
0.98 0.9385499999999993
0.98 0.9551499999999983
0.98 0.9592499999999993
0.98 0.9705999999999981
0.98 0.9512499999999993
0.98 0.8381999999999991
0.98 0.9478500000000022
0.98 0.9554500000000027
0.98 0.9781499999999975
0.98 0.9716499999999979
0.98 0.9721499999999977
0.98 0.9755999999999975
0.98 0.9787999999999974
0.98 0.9778499999999977
0.98 0.9742499999999977
0.98 0.9754999999999976
0.98 0.961199999999998
0.98 0.9637499999999983
0.98 0.9660499999999977
0.98 0.9723499999999978
0.98 0.9738499999999977
0.98 0.9751499999999979
0.98 0.9753499999999978
0.98 0.9700999999999976
0.98 0.9665999999999981
0.98 0.964449999999998
0.98 0.9668499999999979
0.98 0.9727999999999974
0.98 0.9727499999999975
0.98 0.9699499999999979
0.98 0.9730999999999977
0.98 0.9703999999999979
0.98 0.9719999999999978
0.98 0.9717999999999978
0.98 0.9698499999999979
0.98 0.9737499999999977
0.98 0.9710499999999973
0.98 0.9686499999999976
0.98 0.9605499999999977
0.98 0.9668999999999979
0.98 0.9727999999999976
0.98 0.9721499999999977
0.98 0.963649999999998
0.98 0.9728999999999977
0.98 0.9733999999999975
0.98 0.9714499999999974
0.98 0.9701999999999978
0.98 0.9724499999999984
0.98 0.9729499999999982
0.98 0.973249999999998
0.98 0.9768499999999976
0.98 0.9723999999999977
0.98 0.9721499999999977
0.98 0.9691999999999981
0.98 0.9697999999999978
0.98 0.9713499999999976
0.98 0.9721499999999978
0.98 0.9675499999999979
0.98 0.9747999999999978
0.98 0.9772999999999977
0.98 0.9754999999999977
0.98 0.9706999999999978
0.98 0.9741499999999976
0.98 0.9759999999999975
0.98 0.9720999999999975
0.98 0.9676499999999977
0.98 0.9755999999999975
0.98 0.9774499999999975
0.98 0.9751999999999974
0.98 0.9680999999999979
0.98 0.9613499999999979
0.98 0.967449999999998
0.98 0.9683999999999979
0.98 0.9649499999999981
0.98 0.9690499999999982
0.98 0.972249999999998
0.98 0.9705999999999976
0.98 0.9739499999999977
0.98 0.9697999999999977
0.98 0.9763499999999976
0.98 0.9660999999999977
0.98 0.9670499999999982
0.98 0.9725999999999978
0.98 0.9728999999999977
0.98 0.9774999999999975
0.98 0.9770999999999974
0.98 0.9770499999999974
0.98 0.9588499999999981
0.98 0.9744999999999979
0.98 0.9715499999999979
0.98 0.9526499999999988
0.98 0.9707999999999977
0.98 0.9753999999999975
0.98 0.9784999999999974
0.98 0.9696499999999978
0.98 0.9739999999999975
0.98 0.9698499999999979
0.98 0.9725499999999976
0.98 0.9756499999999977
0.98 0.9482999999999981
0.98 0.9623999999999979
0.98 0.9709499999999975
0.98 0.9588499999999981
0.98 0.9429499999999986
0.98 0.9666499999999982
0.98 0.9743999999999978
0.98 0.9747499999999976
0.98 0.9638999999999979
0.98 0.968749999999998
0.98 0.9623499999999986
0.98 0.9747499999999981
0.98 0.9765999999999977
0.98 0.9744499999999977
0.98 0.882050000000002
0.98 0.9646499999999982
0.98 0.9578999999999982
0.98 0.971599999999998
0.98 0.9607499999999983
0.98 0.9738999999999979
0.98 0.9574999999999985
0.98 0.9731999999999981
0.98 0.9767999999999976
0.98 0.966349999999998
0.98 0.9720999999999982
0.98 0.9601999999999987
0.98 0.9563999999999985
0.98 0.9765499999999977
0.98 0.9641499999999981
0.98 0.9714499999999976
0.98 0.9671999999999978
0.98 0.9691499999999976
0.98 0.9679999999999975
0.98 0.9666499999999981
0.98 0.9736499999999977
0.98 0.9701499999999977
0.98 0.969749999999998
0.98 0.9730999999999974
0.98 0.9733499999999978
0.98 0.9740499999999979
0.98 0.9777499999999977
0.98 0.9709499999999978
0.98 0.9794999999999974
0.98 0.9107499999999991
0.98 0.9339499999999991
0.98 0.8701499999999995
0.98 0.9404999999999996
0.98 0.9608999999999989
0.98 0.9685999999999986
0.98 0.9745499999999985
0.98 0.9759499999999979
0.98 0.9750499999999979
0.98 0.9713499999999979
0.98 0.9662999999999979
0.98 0.9777499999999977
0.98 0.9701999999999974
0.98 0.9735999999999977
0.98 0.9778499999999974
0.98 0.9749499999999975
0.98 0.9679499999999979
0.98 0.9743499999999977
0.98 0.9747999999999973
0.98 0.9770999999999974
0.98 0.9771999999999974
0.98 0.9781499999999974
0.98 0.9758499999999977
0.98 0.9724499999999976
0.98 0.9669999999999979
0.98 0.9712999999999978
0.98 0.9735999999999975
0.98 0.9711999999999977
0.98 0.9713499999999976
0.98 0.9739499999999977
0.98 0.9784499999999974
0.98 0.9752999999999975
0.98 0.9738499999999974
0.98 0.9772499999999976
0.98 0.9712499999999978
0.98 0.9753999999999976
0.98 0.9725999999999977
0.98 0.9707999999999976
0.98 0.9725999999999978
0.98 0.9738999999999975
0.98 0.9701999999999977
0.98 0.9737999999999976
0.98 0.9760499999999976
0.98 0.9762499999999978
0.98 0.9679999999999978
0.98 0.9733499999999977
0.98 0.9724499999999976
0.98 0.9748999999999975
0.98 0.9692999999999976
0.98 0.9686499999999976
0.98 0.9696999999999975
0.98 0.9495499999999982
0.98 0.9293999999999986
0.98 0.9033999999999993
0.98 0.9414999999999984
0.98 0.9412999999999986
0.98 0.9650999999999982
0.98 0.9749999999999979
0.98 0.9618499999999983
0.98 0.9185999999999994
0.98 0.9507499999999983
0.98 0.9575999999999987
0.98 0.9598999999999981
0.98 0.9442499999999983
0.98 0.9534
0.98 0.9541999999999996
0.98 0.940949999999999
0.98 0.9491499999999985
0.98 0.9473499999999985
0.98 0.9428499999999993
0.98 0.9216999999999997
0.98 0.8998000000000002
0.98 0.9213999999999999
0.98 0.9323499999999999
0.98 0.9371999999999993
0.98 0.9369999999999995
0.98 0.8191499999999989
0.98 0.8547999999999989
0.98 0.8778999999999995
0.98 0.834999999999999
0.98 0.8851499999999994
0.98 0.9085499999999979
0.98 0.9210499999999985
0.98 0.9340499999999998
0.98 0.9229999999999997
0.98 0.8875999999999997
0.98 0.9145499999999995
0.98 0.9461999999999989
0.98 0.9559999999999995
0.98 0.9620499999999984
0.98 0.9266000000000005
0.89 0.7369999999999982
0.89 0.7623499999999982
0.89 0.799349999999999
0.89 0.8294500000000015
0.98 0.9015500000000002
0.98 0.9064499999999992
0.98 0.9128999999999986
0.89 0.8454000000000025
0.89 0.8282500000000015
0.89 0.8493000000000008
0.89 0.873550000000001
0.89 0.8766999999999993
0.89 0.8811999999999983
0.89 0.8844999999999977
0.89 0.8877999999999967
0.89 0.8845499999999974
0.89 0.8807999999999977
0.89 0.8786499999999972
0.89 0.8857499999999969
