0.94 0.39416000000000095
0.94 0.4337599999999999
0.94 0.461710000000001
0.94 0.5107900000000009
0.94 0.5348399999999959
0.94 0.5671099999999984
0.95 0.5936799999999978
0.95 0.6135099999999988
0.95 0.6312300000000032
0.95 0.6305800000000006
0.96 0.6494500000000024
0.96 0.6500300000000027
0.96 0.6590600000000044
0.96 0.6569500000000038
0.96 0.6754100000000055
0.97 0.6827300000000037
0.97 0.6916100000000031
0.97 0.6912100000000022
0.97 0.7014400000000006
0.97 0.7185399999999983
0.97 0.7181499999999971
0.97 0.7250199999999956
0.97 0.7284299999999946
0.97 0.7223699999999967
0.97 0.7291099999999967
0.97 0.7285499999999957
0.97 0.7373499999999934
0.98 0.7404999999999925
0.98 0.732339999999993
0.98 0.7448799999999915
0.98 0.7469699999999916
0.98 0.747859999999993
0.98 0.7562699999999902
0.98 0.7552299999999901
0.98 0.7408699999999946
0.98 0.7337999999999949
0.98 0.7421099999999935
0.98 0.75500999999999
0.98 0.7393899999999934
0.98 0.735679999999994
0.98 0.7488699999999939
0.98 0.7474099999999914
0.98 0.7382599999999938
0.98 0.7475999999999917
0.98 0.7472899999999921
0.98 0.7459999999999926
0.98 0.7543199999999901
0.98 0.7526299999999904
0.98 0.7612399999999894
0.98 0.7649999999999922
0.98 0.7783799999999943
0.98 0.777299999999995
0.98 0.7775599999999947
0.98 0.7734899999999938
0.98 0.7887699999999956
0.98 0.7951699999999982
0.98 0.7932699999999973
0.98 0.8164999999999962
0.98 0.8136399999999963
0.98 0.8173799999999989
0.98 0.8157299999999958
0.98 0.8213199999999966
0.98 0.8203699999999977
0.98 0.8206699999999973
0.98 0.8221799999999942
0.98 0.8216799999999959
0.98 0.8278199999999959
0.98 0.8348999999999955
0.98 0.8386599999999963
0.98 0.8333699999999955
0.98 0.8410299999999982
0.98 0.8295999999999963
0.98 0.8269099999999951
0.98 0.8244899999999961
0.98 0.8207199999999958
0.98 0.8232499999999953
0.98 0.8305499999999966
0.98 0.8279399999999966
0.98 0.8347599999999972
0.98 0.8305999999999955
0.98 0.8349699999999971
0.98 0.8419399999999952
0.98 0.8277899999999951
0.98 0.8344499999999938
0.98 0.8342499999999952
0.98 0.8234099999999968
0.98 0.8268199999999982
0.98 0.8296499999999971
0.98 0.8295799999999977
0.98 0.8297399999999959
0.98 0.8375799999999974
0.98 0.8356399999999972
0.98 0.8347999999999972
0.98 0.8411699999999971
0.98 0.8369999999999974
0.98 0.8369199999999967
0.98 0.8307499999999972
0.98 0.8429899999999971
0.98 0.8469299999999941
0.98 0.8425199999999945
