0.4 0.6283000000000014
0.4 0.6135000000000018
0.21999999999999997 0.5880000000000017
0.21999999999999997 0.5845000000000017
0.36 0.5777000000000019
0.19999999999999996 0.6060000000000021
0.36 0.6122000000000021
0.4 0.6196000000000024
0.24 0.5995000000000023
0.16000000000000003 0.6121000000000025
0.21999999999999997 0.5507000000000017
0.21999999999999997 0.6019000000000025
0.16000000000000003 0.5666000000000022
0.24 0.5984000000000019
0.09999999999999998 0.5379000000000014
0.06000000000000005 0.5321000000000018
0.33999999999999997 0.553200000000002
0.18000000000000005 0.5540000000000019
0.24 0.551400000000002
0.16000000000000003 0.5077000000000017
0.14 0.5233000000000017
0.14 0.5028000000000014
0.14 0.47030000000000144
0.12 0.47930000000000095
0.020000000000000018 0.47840000000000116
0.14 0.4443000000000008
0.16000000000000003 0.4244000000000008
0.18000000000000005 0.44690000000000063
0.020000000000000018 0.39030000000000015
0.07999999999999996 0.4452000000000008
0.28 0.46520000000000045
0.040000000000000036 0.4216000000000007
0.040000000000000036 0.40640000000000037
0.07999999999999996 0.44850000000000056
0.14 0.38190000000000035
0.14 0.3890000000000002
0.09999999999999998 0.3611000000000002
0.07999999999999996 0.34820000000000023
0.07999999999999996 0.3629000000000002
0.040000000000000036 0.3656000000000006
0.040000000000000036 0.3650000000000004
0.040000000000000036 0.27540000000000037
0.12 0.3508000000000005
0.09999999999999998 0.32380000000000053
0.040000000000000036 0.27080000000000015
0.06000000000000005 0.2856000000000001
0.040000000000000036 0.2646000000000002
0.040000000000000036 0.23860000000000015
0.040000000000000036 0.22719999999999999
0.040000000000000036 0.3056000000000001
0.06000000000000005 0.3625000000000002
0.07999999999999996 0.4453000000000006
0.07999999999999996 0.35000000000000014
0.07999999999999996 0.37030000000000035
0.07999999999999996 0.4869000000000004
0.07999999999999996 0.3784000000000004
0.040000000000000036 0.29130000000000006
0.06000000000000005 0.2816
0.040000000000000036 0.28099999999999997
0.07999999999999996 0.3350999999999999
0.040000000000000036 0.3561000000000001
0.12 0.4566000000000007
0.06000000000000005 0.378800000000001
0.31999999999999995 0.5412000000000017
0.31999999999999995 0.45750000000000024
0.31999999999999995 0.49200000000000055
0.040000000000000036 0.3521
0.06000000000000005 0.4440000000000004
0.040000000000000036 0.39510000000000006
0.06000000000000005 0.36030000000000023
0.040000000000000036 0.46350000000000074
0.040000000000000036 0.4951000000000003
0.06000000000000005 0.5042000000000006
0.09999999999999998 0.46050000000000024
0.040000000000000036 0.35910000000000025
0.020000000000000018 0.26830000000000004
0.040000000000000036 0.4167000000000013
0.020000000000000018 0.2677999999999998
0.040000000000000036 0.29360000000000086
0.07999999999999996 0.33540000000000153
0.33999999999999997 0.3323000000000013
0.040000000000000036 0.3827000000000006
0.18000000000000005 0.3784000000000009
0.31999999999999995 0.3662000000000012
0.09999999999999998 0.38970000000000055
0.040000000000000036 0.4384000000000007
0.16000000000000003 0.40410000000000024
0.31999999999999995 0.5661999999999998
0.16000000000000003 0.49820000000000064
0.19999999999999996 0.45540000000000086
0.21999999999999997 0.4756000000000015
0.020000000000000018 0.35010000000000047
0.020000000000000018 0.31740000000000007
0.020000000000000018 0.2789000000000001
0.020000000000000018 0.2863000000000001
0.020000000000000018 0.22490000000000004
0.040000000000000036 0.2850000000000001
0.040000000000000036 0.27180000000000015
0.12 0.37440000000000034
0.12 0.4614000000000006
0.06000000000000005 0.3340000000000001
0.06000000000000005 0.30420000000000014
0.06000000000000005 0.4047000000000008
0.040000000000000036 0.2694000000000001
0.040000000000000036 0.2855000000000002
0.040000000000000036 0.24560000000000015
0.040000000000000036 0.23619999999999994
0.020000000000000018 0.22539999999999988
0.12 0.26860000000000006
0.12 0.20909999999999992
0.020000000000000018 0.20819999999999986
0.020000000000000018 0.2392000000000003
0.020000000000000018 0.3132000000000004
0.020000000000000018 0.18100000000000005
0.020000000000000018 0.212
0.020000000000000018 0.16249999999999998
0.020000000000000018 0.13959999999999995
0.020000000000000018 0.09339999999999997
0.020000000000000018 0.08729999999999997
0.020000000000000018 0.10580000000000002
0.020000000000000018 0.06990000000000009
0.020000000000000018 0.10530000000000003
0.020000000000000018 0.14620000000000008
0.020000000000000018 0.13490000000000005
0.020000000000000018 0.14850000000000008
0.020000000000000018 0.3094000000000003
0.020000000000000018 0.1819
0.020000000000000018 0.14820000000000003
0.020000000000000018 0.31189999999999984
0.020000000000000018 0.3394000000000009
0.020000000000000018 0.32430000000000087
0.020000000000000018 0.25139999999999996
0.020000000000000018 0.2688000000000004
0.020000000000000018 0.1996
0.020000000000000018 0.24050000000000005
0.020000000000000018 0.3303000000000011
0.020000000000000018 0.31440000000000085
0.020000000000000018 0.1866000000000001
0.040000000000000036 0.17470000000000005
0.020000000000000018 0.15519999999999995
0.040000000000000036 0.2809000000000001
0.020000000000000018 0.1912000000000001
0.020000000000000018 0.16180000000000003
0.020000000000000018 0.13950000000000004
0.020000000000000018 0.18580000000000005
0.020000000000000018 0.1263
0.020000000000000018 0.1053
0.020000000000000018 0.27409999999999995
0.040000000000000036 0.2858
0.020000000000000018 0.1967999999999998
0.020000000000000018 0.17709999999999987
0.020000000000000018 0.13569999999999996
0.020000000000000018 0.10350000000000004
0.020000000000000018 0.07160000000000007
0.020000000000000018 0.0722
0.040000000000000036 0.15890000000000007
0.040000000000000036 0.18799999999999994
0.020000000000000018 0.09300000000000004
0.040000000000000036 0.3897000000000002
0.040000000000000036 0.32259999999999955
0.040000000000000036 0.21589999999999976
0.040000000000000036 0.17009999999999992
0.040000000000000036 0.0971
0.040000000000000036 0.0705
0.040000000000000036 0.08309999999999997
0.040000000000000036 0.0986
0.4 0.3768000000000001
0.4 0.37640000000000007
0.4 0.3837000000000003
0.4 0.37509999999999993
0.28 0.37439999999999984
0.38 0.38330000000000025
0.36 0.3800000000000008
0.36 0.42910000000000126
0.4 0.4051000000000009
0.36 0.3858000000000005
0.38 0.38650000000000057
0.38 0.3869
0.38 0.3847
0.33999999999999997 0.4072000000000001
0.38 0.38779999999999964
0.28 0.38750000000000034
0.21999999999999997 0.3565000000000003
0.21999999999999997 0.34650000000000025
0.21999999999999997 0.34900000000000064
0.21999999999999997 0.33190000000000064
0.21999999999999997 0.3282000000000007
0.09999999999999998 0.3215
0.16000000000000003 0.3376000000000003
0.09999999999999998 0.32440000000000063
0.21999999999999997 0.33860000000000023
0.21999999999999997 0.3259000000000004
0.16000000000000003 0.30150000000000055
0.21999999999999997 0.28280000000000066
0.21999999999999997 0.2624000000000006
0.21999999999999997 0.2434000000000003
0.21999999999999997 0.2187
0.21999999999999997 0.20710000000000003
0.21999999999999997 0.20129999999999984
0.21999999999999997 0.19139999999999996
0.21999999999999997 0.18499999999999994
0.16000000000000003 0.19959999999999983
0.14 0.3341000000000001
0.06000000000000005 0.27620000000000017
0.14 0.42380000000000095
0.21999999999999997 0.44770000000000126
0.21999999999999997 0.4558000000000012
0.30000000000000004 0.5567000000000023
0.19999999999999996 0.4215000000000008
0.31999999999999995 0.5309000000000019
0.14 0.4588000000000011
0.09999999999999998 0.38290000000000035
0.09999999999999998 0.45740000000000125
0.09999999999999998 0.3654000000000003
0.07999999999999996 0.3992000000000005
0.07999999999999996 0.333
0.07999999999999996 0.3115
0.07999999999999996 0.2619000000000001
0.06000000000000005 0.4066000000000005
0.06000000000000005 0.4019000000000005
0.020000000000000018 0.3675000000000004
0.040000000000000036 0.2583
0.020000000000000018 0.3383000000000001
0.020000000000000018 0.26860000000000006
0.020000000000000018 0.2391
0.19999999999999996 0.44370000000000087
0.07999999999999996 0.4122000000000001
0.06000000000000005 0.3329999999999999
0.09999999999999998 0.3561000000000002
0.020000000000000018 0.2840999999999998
0.18000000000000005 0.512800000000001
0.040000000000000036 0.29599999999999976
0.040000000000000036 0.2755999999999999
0.040000000000000036 0.2768999999999998
0.19999999999999996 0.4531000000000007
0.040000000000000036 0.23079999999999992
0.020000000000000018 0.2699999999999999
0.020000000000000018 0.23589999999999986
0.020000000000000018 0.21069999999999997
0.020000000000000018 0.16939999999999988
0.020000000000000018 0.19370000000000015
0.36 0.46790000000000165
0.36 0.4299000000000008
0.36 0.5100000000000018
0.020000000000000018 0.4136000000000007
0.36 0.5280000000000019
0.36 0.5138000000000019
0.36 0.4905000000000011
0.36 0.4576
0.36 0.42529999999999946
0.36 0.40779999999999966
0.36 0.39159999999999967
0.30000000000000004 0.3818999999999997
0.33999999999999997 0.37089999999999956
0.36 0.49850000000000166
0.36 0.42070000000000074
0.36 0.40040000000000026
0.09999999999999998 0.4177000000000002
0.14 0.38369999999999993
0.14 0.3671999999999997
0.36 0.40289999999999987
0.14 0.37569999999999987
0.06000000000000005 0.36229999999999996
0.09999999999999998 0.3744999999999997
0.16000000000000003 0.4016999999999998
0.36 0.3686999999999997
0.16000000000000003 0.3533999999999996
0.14 0.3779000000000001
0.14 0.38500000000000006
0.14 0.34289999999999965
0.14 0.3398999999999998
0.09999999999999998 0.3372999999999999
0.07999999999999996 0.2949999999999997
0.14 0.35659999999999975
0.09999999999999998 0.31779999999999964
0.12 0.41070000000000056
0.36 0.3948
0.36 0.38129999999999986
0.36 0.37109999999999965
0.36 0.3670999999999996
0.36 0.37339999999999973
0.36 0.3682999999999997
0.31999999999999995 0.3619999999999996
0.18000000000000005 0.3630999999999996
0.31999999999999995 0.3629999999999996
0.31999999999999995 0.36399999999999966
0.16000000000000003 0.35749999999999965
0.09999999999999998 0.3746999999999999
0.16000000000000003 0.37560000000000004
0.16000000000000003 0.35809999999999986
0.16000000000000003 0.3377999999999998
0.31999999999999995 0.35689999999999983
0.31999999999999995 0.3486999999999996
0.19999999999999996 0.34449999999999986
0.19999999999999996 0.33959999999999996
0.040000000000000036 0.33040000000000014
0.16000000000000003 0.44610000000000055
0.14 0.3138000000000001
0.14 0.2925999999999999
0.14 0.2853
0.14 0.3497000000000002
0.06000000000000005 0.2936000000000001
0.06000000000000005 0.24000000000000005
0.06000000000000005 0.2288
0.06000000000000005 0.17579999999999982
0.06000000000000005 0.2243999999999999
0.040000000000000036 0.2750000000000002
0.040000000000000036 0.1569999999999998
0.06000000000000005 0.17009999999999983
0.06000000000000005 0.19509999999999983
0.040000000000000036 0.1710999999999998
0.06000000000000005 0.16279999999999997
0.06000000000000005 0.27350000000000013
0.06000000000000005 0.11489999999999995
0.06000000000000005 0.09899999999999988
0.020000000000000018 0.08359999999999994
0.020000000000000018 0.1648999999999999
0.040000000000000036 0.11580000000000001
0.040000000000000036 0.1307
0.040000000000000036 0.07259999999999998
0.040000000000000036 0.06980000000000003
0.040000000000000036 0.058599999999999985
0.040000000000000036 0.07720000000000002
0.040000000000000036 0.10430000000000005
0.040000000000000036 0.10460000000000004
0.040000000000000036 0.061500000000000055
0.020000000000000018 0.13310000000000005
0.020000000000000018 0.2510000000000001
0.040000000000000036 0.2061000000000001
0.06000000000000005 0.19699999999999995
0.12 0.3942000000000002
0.040000000000000036 0.3640000000000006
0.06000000000000005 0.2760000000000009
0.020000000000000018 0.23060000000000042
0.020000000000000018 0.14860000000000004
0.040000000000000036 0.2828999999999998
0.040000000000000036 0.11230000000000001
0.040000000000000036 0.21250000000000008
0.07999999999999996 0.3630000000000002
0.07999999999999996 0.33520000000000005
0.07999999999999996 0.40429999999999977
0.07999999999999996 0.32670000000000016
0.07999999999999996 0.2856000000000002
0.07999999999999996 0.29210000000000025
0.040000000000000036 0.1985000000000001
0.040000000000000036 0.20160000000000008
0.040000000000000036 0.11189999999999997
0.040000000000000036 0.11470000000000002
0.040000000000000036 0.0729
0.040000000000000036 0.06090000000000001
0.040000000000000036 0.05550000000000005
0.040000000000000036 0.07970000000000002
0.040000000000000036 0.05860000000000005
0.040000000000000036 0.05040000000000003
0.040000000000000036 0.05510000000000003
0.040000000000000036 0.05130000000000003
0.040000000000000036 0.054600000000000024
0.040000000000000036 0.04650000000000003
0.040000000000000036 0.06150000000000005
0.040000000000000036 0.056299999999999996
0.040000000000000036 0.054200000000000026
0.040000000000000036 0.05650000000000003
0.040000000000000036 0.04630000000000003
0.040000000000000036 0.04640000000000003
0.040000000000000036 0.09170000000000002
0.020000000000000018 0.0817
0.020000000000000018 0.1836000000000001
0.020000000000000018 0.17960000000000012
0.040000000000000036 0.16370000000000007
0.040000000000000036 0.18790000000000004
0.040000000000000036 0.4929000000000009
0.040000000000000036 0.27739999999999954
0.040000000000000036 0.1679
0.040000000000000036 0.11900000000000004
0.020000000000000018 0.07380000000000003
0.020000000000000018 0.05590000000000002
0.020000000000000018 0.05040000000000003
0.020000000000000018 0.051000000000000024
0.020000000000000018 0.06330000000000002
0.020000000000000018 0.07790000000000004
0.020000000000000018 0.07310000000000003
0.040000000000000036 0.07540000000000002
0.040000000000000036 0.13870000000000002
0.040000000000000036 0.3303000000000015
0.040000000000000036 0.33320000000000133
0.040000000000000036 0.3090000000000013
0.040000000000000036 0.3304000000000016
0.33999999999999997 0.3541000000000017
0.040000000000000036 0.27680000000000116
0.040000000000000036 0.26270000000000093
0.040000000000000036 0.18310000000000015
0.040000000000000036 0.17720000000000005
0.040000000000000036 0.11780000000000004
0.020000000000000018 0.2168000000000006
0.020000000000000018 0.14140000000000014
0.30000000000000004 0.32880000000000176
0.16000000000000003 0.3119000000000011
0.33999999999999997 0.3400000000000017
0.040000000000000036 0.3543000000000016
0.040000000000000036 0.35330000000000156
0.040000000000000036 0.4865000000000008
0.040000000000000036 0.24869999999999995
0.040000000000000036 0.20150000000000012
0.16000000000000003 0.4599000000000001
0.09999999999999998 0.4742999999999998
0.21999999999999997 0.5174000000000011
0.06000000000000005 0.4227999999999998
0.06000000000000005 0.3364000000000003
0.040000000000000036 0.3272000000000002
0.040000000000000036 0.1582
0.040000000000000036 0.16630000000000003
0.040000000000000036 0.14799999999999996
0.040000000000000036 0.25630000000000064
0.040000000000000036 0.16870000000000002
0.040000000000000036 0.22890000000000008
0.040000000000000036 0.2407
0.040000000000000036 0.1956
0.040000000000000036 0.19029999999999972
0.040000000000000036 0.15229999999999974
0.040000000000000036 0.3322000000000007
0.040000000000000036 0.2696000000000003
0.040000000000000036 0.2575000000000002
0.040000000000000036 0.13629999999999978
0.040000000000000036 0.11129999999999984
0.040000000000000036 0.16840000000000035
0.040000000000000036 0.07670000000000017
0.040000000000000036 0.06160000000000014
0.040000000000000036 0.061300000000000174
0.040000000000000036 0.06400000000000011
0.040000000000000036 0.2958000000000002
0.040000000000000036 0.05510000000000008
0.040000000000000036 0.1317000000000001
0.040000000000000036 0.4133000000000005
0.040000000000000036 0.32800000000000035
0.040000000000000036 0.1797000000000002
0.040000000000000036 0.09810000000000006
0.040000000000000036 0.07000000000000005
0.040000000000000036 0.0703
0.040000000000000036 0.04640000000000003
0.040000000000000036 0.0528
0.040000000000000036 0.05160000000000002
0.040000000000000036 0.044500000000000026
0.040000000000000036 0.04730000000000003
0.040000000000000036 0.048900000000000034
0.040000000000000036 0.06170000000000002
0.040000000000000036 0.04910000000000002
0.040000000000000036 0.05330000000000002
0.040000000000000036 0.046800000000000036
0.040000000000000036 0.10650000000000008
0.040000000000000036 0.05520000000000002
0.040000000000000036 0.05360000000000003
0.040000000000000036 0.04160000000000004
0.040000000000000036 0.04240000000000003
0.040000000000000036 0.044200000000000045
0.040000000000000036 0.04440000000000003
0.040000000000000036 0.15219999999999997
0.040000000000000036 0.21560000000000049
0.040000000000000036 0.16269999999999993
0.040000000000000036 0.107
0.040000000000000036 0.05480000000000002
0.040000000000000036 0.0722
0.040000000000000036 0.2739000000000011
0.040000000000000036 0.2173000000000006
0.040000000000000036 0.14249999999999996
0.040000000000000036 0.1061
0.040000000000000036 0.05120000000000004
0.040000000000000036 0.04660000000000004
0.040000000000000036 0.05360000000000003
0.040000000000000036 0.1759000000000001
0.040000000000000036 0.23510000000000073
0.040000000000000036 0.18540000000000023
0.040000000000000036 0.05820000000000001
0.040000000000000036 0.049200000000000035
0.040000000000000036 0.06590000000000001
0.040000000000000036 0.06919999999999997
0.040000000000000036 0.15760000000000027
0.020000000000000018 0.1834000000000004
0.040000000000000036 0.10750000000000004
0.040000000000000036 0.0825
0.040000000000000036 0.21089999999999967
0.040000000000000036 0.4369000000000011
0.040000000000000036 0.3845000000000005
0.040000000000000036 0.1624
0.040000000000000036 0.1052
0.040000000000000036 0.10769999999999998
0.040000000000000036 0.07779999999999998
0.040000000000000036 0.5732000000000025
0.040000000000000036 0.09850000000000002
0.040000000000000036 0.06100000000000005
0.040000000000000036 0.19010000000000007
0.040000000000000036 0.08
0.040000000000000036 0.07210000000000001
0.040000000000000036 0.27680000000000105
0.040000000000000036 0.2765000000000011
0.040000000000000036 0.20950000000000038
0.040000000000000036 0.15389999999999995
0.040000000000000036 0.08870000000000003
0.040000000000000036 0.06330000000000002
0.040000000000000036 0.04680000000000001
0.040000000000000036 0.04650000000000004
