0.24 0.5853200000000071
0.24 0.5525000000000049
0.18000000000000005 0.5146800000000051
0.18000000000000005 0.5018800000000047
0.09999999999999998 0.46292000000000405
0.07999999999999996 0.4436400000000027
0.06000000000000005 0.43298000000000303
0.06000000000000005 0.4125400000000012
0.06000000000000005 0.3993600000000015
0.06000000000000005 0.3805600000000003
0.06000000000000005 0.3698400000000001
0.040000000000000036 0.3629600000000007
0.040000000000000036 0.35378000000000015
0.040000000000000036 0.3406800000000005
0.040000000000000036 0.3405200000000012
0.040000000000000036 0.33142000000000105
0.040000000000000036 0.3355800000000008
0.040000000000000036 0.3221800000000009
0.040000000000000036 0.3138200000000014
0.040000000000000036 0.31092000000000103
0.040000000000000036 0.29782000000000103
0.040000000000000036 0.2868800000000012
0.040000000000000036 0.28090000000000126
0.040000000000000036 0.26418000000000086
0.040000000000000036 0.2593800000000004
0.040000000000000036 0.25322000000000017
0.040000000000000036 0.25154000000000026
0.040000000000000036 0.2553200000000003
0.040000000000000036 0.26510000000000017
0.040000000000000036 0.2551
0.040000000000000036 0.25350000000000034
0.040000000000000036 0.2389400000000005
0.040000000000000036 0.24340000000000045
0.040000000000000036 0.24060000000000042
0.040000000000000036 0.23572000000000026
0.040000000000000036 0.24014000000000044
0.020000000000000018 0.23004000000000044
0.020000000000000018 0.22552000000000053
0.020000000000000018 0.2149400000000004
0.020000000000000018 0.21351999999999993
0.020000000000000018 0.21562000000000028
0.020000000000000018 0.2101599999999998
0.020000000000000018 0.2037999999999998
0.020000000000000018 0.19289999999999993
0.020000000000000018 0.1935399999999998
0.020000000000000018 0.18367999999999982
0.020000000000000018 0.17953999999999973
0.020000000000000018 0.1751599999999998
0.020000000000000018 0.1709199999999996
0.020000000000000018 0.16373999999999975
0.020000000000000018 0.16583999999999954
0.020000000000000018 0.14971999999999988
0.020000000000000018 0.14793999999999963
0.020000000000000018 0.1410399999999996
0.020000000000000018 0.15283999999999956
0.020000000000000018 0.1552399999999997
0.020000000000000018 0.15011999999999967
0.020000000000000018 0.15289999999999987
0.020000000000000018 0.14273999999999992
0.020000000000000018 0.14021999999999984
0.020000000000000018 0.14643999999999985
0.020000000000000018 0.14243999999999993
0.020000000000000018 0.1413399999999998
0.020000000000000018 0.1397599999999998
0.020000000000000018 0.14163999999999966
0.020000000000000018 0.14165999999999984
0.020000000000000018 0.14711999999999975
0.020000000000000018 0.14533999999999975
0.020000000000000018 0.1458199999999998
0.020000000000000018 0.14209999999999967
0.020000000000000018 0.14153999999999956
0.020000000000000018 0.13669999999999968
0.020000000000000018 0.13757999999999962
0.020000000000000018 0.13243999999999972
0.020000000000000018 0.1356399999999998
0.020000000000000018 0.13447999999999974
0.020000000000000018 0.13691999999999974
0.020000000000000018 0.12767999999999952
0.020000000000000018 0.13129999999999964
0.020000000000000018 0.1394799999999997
0.020000000000000018 0.13905999999999985
0.020000000000000018 0.14105999999999974
0.020000000000000018 0.14423999999999987
0.020000000000000018 0.1376399999999996
0.020000000000000018 0.13627999999999957
0.020000000000000018 0.14033999999999966
0.020000000000000018 0.1439599999999997
0.020000000000000018 0.13385999999999956
0.020000000000000018 0.13179999999999964
0.020000000000000018 0.14501999999999984
0.020000000000000018 0.15006000000000003
0.020000000000000018 0.13577999999999985
0.020000000000000018 0.1366399999999999
0.020000000000000018 0.14553999999999978
0.020000000000000018 0.14001999999999973
0.020000000000000018 0.13803999999999972
0.020000000000000018 0.13157999999999964
0.020000000000000018 0.1365799999999997
0.020000000000000018 0.13519999999999974
0.020000000000000018 0.1351199999999998
