0.36 0.6262000000000009
0.18000000000000005 0.5805000000000012
0.18000000000000005 0.5636000000000009
0.18000000000000005 0.5753000000000003
0.18000000000000005 0.5880000000000003
0.30000000000000004 0.6020999999999994
0.42000000000000004 0.6460000000000005
0.36 0.6221999999999998
0.36 0.6083999999999989
0.36 0.6159999999999992
0.28 0.5907999999999993
0.09999999999999998 0.5667999999999993
0.14 0.5806999999999991
0.06000000000000005 0.5520999999999996
0.21999999999999997 0.5786999999999993
0.12 0.536299999999999
0.42000000000000004 0.5373999999999993
0.09999999999999998 0.5383999999999994
0.09999999999999998 0.49179999999999974
0.09999999999999998 0.4667000000000001
0.18000000000000005 0.49260000000000015
0.040000000000000036 0.4506999999999999
0.28 0.5222999999999994
0.24 0.47929999999999995
0.16000000000000003 0.44110000000000005
0.07999999999999996 0.4147000000000001
0.06000000000000005 0.41199999999999987
0.18000000000000005 0.48699999999999966
0.28 0.4904999999999993
0.26 0.4184999999999999
0.12 0.3808999999999998
0.26 0.45219999999999955
0.26 0.37209999999999965
0.21999999999999997 0.46559999999999924
0.07999999999999996 0.4249999999999996
0.12 0.34379999999999994
0.12 0.4027999999999998
0.24 0.49079999999999946
0.09999999999999998 0.4035000000000004
0.09999999999999998 0.4116000000000002
0.09999999999999998 0.3765999999999999
0.09999999999999998 0.3216999999999999
0.09999999999999998 0.34150000000000014
0.14 0.4244999999999998
0.14 0.44999999999999946
0.09999999999999998 0.37449999999999933
0.040000000000000036 0.3049
0.040000000000000036 0.3022
0.09999999999999998 0.3398000000000001
0.14 0.31340000000000023
0.040000000000000036 0.2602
0.09999999999999998 0.28650000000000014
0.040000000000000036 0.3303000000000003
0.040000000000000036 0.1821
0.09999999999999998 0.22459999999999986
0.040000000000000036 0.20470000000000005
0.040000000000000036 0.12550000000000006
0.040000000000000036 0.12060000000000003
0.040000000000000036 0.10779999999999995
0.040000000000000036 0.08669999999999993
0.040000000000000036 0.07959999999999991
0.040000000000000036 0.15030000000000018
0.06000000000000005 0.2305000000000003
0.040000000000000036 0.1874
0.040000000000000036 0.23680000000000065
0.040000000000000036 0.25750000000000073
0.040000000000000036 0.20470000000000052
0.06000000000000005 0.2669000000000007
0.040000000000000036 0.2630000000000005
0.07999999999999996 0.20880000000000032
0.09999999999999998 0.2524000000000001
0.06000000000000005 0.23110000000000025
0.040000000000000036 0.2446000000000003
0.040000000000000036 0.23200000000000018
0.07999999999999996 0.1997000000000002
0.040000000000000036 0.1904999999999999
0.040000000000000036 0.16779999999999998
0.040000000000000036 0.16510000000000014
0.040000000000000036 0.1502000000000001
0.040000000000000036 0.23280000000000053
0.06000000000000005 0.1978000000000004
0.06000000000000005 0.15240000000000006
0.040000000000000036 0.11180000000000007
0.040000000000000036 0.1108
0.040000000000000036 0.11740000000000002
0.040000000000000036 0.11149999999999997
0.040000000000000036 0.08300000000000005
0.040000000000000036 0.06750000000000007
0.040000000000000036 0.10469999999999993
0.040000000000000036 0.10719999999999999
0.040000000000000036 0.15569999999999987
0.040000000000000036 0.2152999999999998
0.040000000000000036 0.08760000000000004
0.040000000000000036 0.09530000000000001
0.040000000000000036 0.08410000000000002
0.040000000000000036 0.10219999999999999
0.040000000000000036 0.10060000000000002
0.040000000000000036 0.10059999999999997
0.040000000000000036 0.08379999999999996
0.040000000000000036 0.06499999999999999
0.040000000000000036 0.05060000000000002
0.040000000000000036 0.04730000000000003
0.040000000000000036 0.04739999999999999
0.040000000000000036 0.04629999999999999
0.040000000000000036 0.044
0.040000000000000036 0.04370000000000001
0.040000000000000036 0.04450000000000002
0.040000000000000036 0.05510000000000003
0.06000000000000005 0.15390000000000023
0.06000000000000005 0.073
0.06000000000000005 0.0583
0.040000000000000036 0.0557
0.040000000000000036 0.16250000000000017
0.06000000000000005 0.2059
0.06000000000000005 0.1052
0.040000000000000036 0.08529999999999997
0.040000000000000036 0.08559999999999995
0.040000000000000036 0.07609999999999997
0.040000000000000036 0.07119999999999999
0.040000000000000036 0.05670000000000001
0.040000000000000036 0.050100000000000006
0.040000000000000036 0.054299999999999994
0.040000000000000036 0.05630000000000004
0.040000000000000036 0.07480000000000006
0.040000000000000036 0.2422999999999997
0.040000000000000036 0.20809999999999979
0.040000000000000036 0.19079999999999983
0.040000000000000036 0.11019999999999998
0.040000000000000036 0.06050000000000004
0.040000000000000036 0.0632
0.040000000000000036 0.05140000000000007
0.040000000000000036 0.14079999999999987
0.09999999999999998 0.32339999999999974
0.09999999999999998 0.3116
0.14 0.3074
0.040000000000000036 0.2510000000000001
0.09999999999999998 0.21719999999999998
0.09999999999999998 0.19439999999999968
0.09999999999999998 0.16209999999999983
0.09999999999999998 0.14209999999999998
0.09999999999999998 0.21430000000000013
0.09999999999999998 0.1583000000000001
0.09999999999999998 0.17990000000000006
0.040000000000000036 0.34700000000000003
0.09999999999999998 0.39990000000000003
0.09999999999999998 0.27440000000000014
0.09999999999999998 0.14800000000000008
0.09999999999999998 0.1616999999999999
0.09999999999999998 0.16019999999999993
0.09999999999999998 0.13480000000000014
0.09999999999999998 0.24419999999999983
0.09999999999999998 0.28249999999999936
0.09999999999999998 0.2097999999999999
0.09999999999999998 0.15780000000000022
0.09999999999999998 0.2362000000000003
0.09999999999999998 0.1582999999999999
0.040000000000000036 0.10679999999999999
0.040000000000000036 0.07589999999999994
0.040000000000000036 0.06280000000000005
0.040000000000000036 0.05900000000000003
0.040000000000000036 0.08170000000000002
0.040000000000000036 0.059600000000000035
0.07999999999999996 0.06500000000000006
0.040000000000000036 0.11329999999999998
0.040000000000000036 0.08429999999999994
0.040000000000000036 0.06369999999999994
0.040000000000000036 0.07920000000000002
0.040000000000000036 0.059600000000000014
0.040000000000000036 0.06190000000000001
0.040000000000000036 0.0768
0.040000000000000036 0.08220000000000001
0.040000000000000036 0.20029999999999987
0.040000000000000036 0.07240000000000003
0.040000000000000036 0.06040000000000003
0.040000000000000036 0.05760000000000006
0.040000000000000036 0.05800000000000003
0.040000000000000036 0.08820000000000004
0.040000000000000036 0.12420000000000003
0.040000000000000036 0.06010000000000006
0.040000000000000036 0.13649999999999993
0.040000000000000036 0.052500000000000026
0.040000000000000036 0.056600000000000046
0.040000000000000036 0.049300000000000004
0.040000000000000036 0.06170000000000003
0.040000000000000036 0.05510000000000003
0.040000000000000036 0.04740000000000004
0.040000000000000036 0.04910000000000002
0.040000000000000036 0.04650000000000001
0.040000000000000036 0.04900000000000006
0.040000000000000036 0.06850000000000009
0.040000000000000036 0.0650000000000001
0.040000000000000036 0.05330000000000001
0.040000000000000036 0.05100000000000006
0.040000000000000036 0.0506000000000001
0.040000000000000036 0.10470000000000004
0.040000000000000036 0.07040000000000016
0.040000000000000036 0.0588000000000001
0.040000000000000036 0.07780000000000009
0.040000000000000036 0.07550000000000016
0.040000000000000036 0.10500000000000012
0.040000000000000036 0.05330000000000016
0.040000000000000036 0.058400000000000195
0.040000000000000036 0.07880000000000016
0.040000000000000036 0.056100000000000205
0.06000000000000005 0.07810000000000024
0.040000000000000036 0.06870000000000029
0.040000000000000036 0.0601000000000003
0.040000000000000036 0.06380000000000026
0.040000000000000036 0.05890000000000026
0.06000000000000005 0.059700000000000274
0.040000000000000036 0.06710000000000022
0.040000000000000036 0.058500000000000225
0.06000000000000005 0.05840000000000026
0.06000000000000005 0.058900000000000216
0.06000000000000005 0.059400000000000244
0.06000000000000005 0.06030000000000026
0.06000000000000005 0.05820000000000028
0.06000000000000005 0.05990000000000026
0.06000000000000005 0.06040000000000029
0.06000000000000005 0.05640000000000025
0.06000000000000005 0.06250000000000021
0.06000000000000005 0.06110000000000016
0.06000000000000005 0.06070000000000018
0.06000000000000005 0.06330000000000013
0.06000000000000005 0.055900000000000186
0.040000000000000036 0.057000000000000044
0.040000000000000036 0.059600000000000077
0.06000000000000005 0.05910000000000006
0.040000000000000036 0.06430000000000007
0.040000000000000036 0.05720000000000011
0.040000000000000036 0.07760000000000006
0.040000000000000036 0.11440000000000004
0.040000000000000036 0.06340000000000011
0.040000000000000036 0.05870000000000007
0.040000000000000036 0.05250000000000008
0.040000000000000036 0.05810000000000008
0.040000000000000036 0.05310000000000006
0.040000000000000036 0.08160000000000008
0.040000000000000036 0.051700000000000024
0.040000000000000036 0.06630000000000008
0.040000000000000036 0.057700000000000085
0.040000000000000036 0.06400000000000007
0.040000000000000036 0.054200000000000054
0.09999999999999998 0.060200000000000066
0.040000000000000036 0.05120000000000001
0.040000000000000036 0.05850000000000006
0.09999999999999998 0.07479999999999999
0.040000000000000036 0.047300000000000016
0.040000000000000036 0.05010000000000001
0.040000000000000036 0.04900000000000002
0.040000000000000036 0.046300000000000036
0.040000000000000036 0.04590000000000003
0.040000000000000036 0.048500000000000015
0.040000000000000036 0.054100000000000016
0.040000000000000036 0.04930000000000003
0.09999999999999998 0.1316999999999999
0.09999999999999998 0.10119999999999989
0.09999999999999998 0.0818999999999998
0.09999999999999998 0.07099999999999979
0.09999999999999998 0.07269999999999978
0.09999999999999998 0.07459999999999992
0.09999999999999998 0.0711999999999999
0.09999999999999998 0.08199999999999992
0.09999999999999998 0.07699999999999986
0.09999999999999998 0.08049999999999985
0.09999999999999998 0.07219999999999988
0.09999999999999998 0.07229999999999989
0.09999999999999998 0.07009999999999987
0.09999999999999998 0.07109999999999983
0.09999999999999998 0.07119999999999987
0.09999999999999998 0.07179999999999982
0.09999999999999998 0.07019999999999986
0.09999999999999998 0.07159999999999984
0.09999999999999998 0.07129999999999985
0.09999999999999998 0.07209999999999989
0.09999999999999998 0.07119999999999986
0.09999999999999998 0.07259999999999986
0.09999999999999998 0.06759999999999991
0.09999999999999998 0.06709999999999985
0.09999999999999998 0.06989999999999982
0.09999999999999998 0.06339999999999986
0.09999999999999998 0.0648999999999999
0.09999999999999998 0.06649999999999988
0.09999999999999998 0.06649999999999984
0.09999999999999998 0.06679999999999989
0.09999999999999998 0.060199999999999934
0.09999999999999998 0.07109999999999991
0.040000000000000036 0.0879999999999999
0.040000000000000036 0.06909999999999984
0.040000000000000036 0.06829999999999982
0.040000000000000036 0.06589999999999988
0.040000000000000036 0.05819999999999986
0.040000000000000036 0.04619999999999996
0.040000000000000036 0.049699999999999925
0.040000000000000036 0.06509999999999988
0.040000000000000036 0.06409999999999988
0.040000000000000036 0.05239999999999992
0.040000000000000036 0.056599999999999887
0.040000000000000036 0.06199999999999984
0.040000000000000036 0.06039999999999989
0.040000000000000036 0.05889999999999987
0.040000000000000036 0.058699999999999836
0.040000000000000036 0.0575999999999999
0.040000000000000036 0.057999999999999885
0.040000000000000036 0.05759999999999998
0.040000000000000036 0.05899999999999995
0.040000000000000036 0.05819999999999989
0.040000000000000036 0.05639999999999987
0.040000000000000036 0.06129999999999988
0.040000000000000036 0.05529999999999988
0.040000000000000036 0.06319999999999984
0.040000000000000036 0.06229999999999994
0.040000000000000036 0.06989999999999981
0.040000000000000036 0.0659999999999999
0.040000000000000036 0.06829999999999987
0.040000000000000036 0.06959999999999984
0.040000000000000036 0.06289999999999986
0.040000000000000036 0.061599999999999974
0.040000000000000036 0.06149999999999996
0.040000000000000036 0.061099999999999995
0.040000000000000036 0.06389999999999996
0.040000000000000036 0.05809999999999995
0.040000000000000036 0.05859999999999995
0.040000000000000036 0.06509999999999999
0.040000000000000036 0.05919999999999998
0.040000000000000036 0.05969999999999995
0.040000000000000036 0.058400000000000035
0.040000000000000036 0.06079999999999999
0.040000000000000036 0.062399999999999956
0.06000000000000005 0.08329999999999994
0.06000000000000005 0.056200000000000055
0.06000000000000005 0.05430000000000005
0.06000000000000005 0.05610000000000008
0.06000000000000005 0.09029999999999996
0.06000000000000005 0.05990000000000004
0.06000000000000005 0.06230000000000006
0.06000000000000005 0.06610000000000003
0.06000000000000005 0.05960000000000009
0.040000000000000036 0.06989999999999999
0.040000000000000036 0.05890000000000005
0.040000000000000036 0.06200000000000005
0.040000000000000036 0.05470000000000001
0.040000000000000036 0.055400000000000046
0.040000000000000036 0.05370000000000001
0.040000000000000036 0.057399999999999965
0.040000000000000036 0.06690000000000004
0.040000000000000036 0.05770000000000003
0.040000000000000036 0.0845
0.040000000000000036 0.2071000000000001
0.040000000000000036 0.1960999999999999
0.040000000000000036 0.24770000000000025
0.040000000000000036 0.07430000000000005
0.040000000000000036 0.06000000000000006
0.040000000000000036 0.05830000000000005
0.040000000000000036 0.057400000000000055
0.040000000000000036 0.05940000000000008
0.040000000000000036 0.06360000000000002
0.040000000000000036 0.05200000000000004
0.040000000000000036 0.04960000000000005
0.040000000000000036 0.05490000000000007
0.040000000000000036 0.05490000000000008
0.040000000000000036 0.05160000000000007
0.040000000000000036 0.05650000000000008
0.040000000000000036 0.06240000000000004
0.040000000000000036 0.04750000000000006
0.040000000000000036 0.05060000000000008
0.040000000000000036 0.0532000000000001
0.040000000000000036 0.054600000000000065
0.040000000000000036 0.05040000000000006
0.040000000000000036 0.08150000000000002
0.040000000000000036 0.06070000000000006
0.040000000000000036 0.04610000000000003
0.040000000000000036 0.05720000000000028
0.06000000000000005 0.06570000000000033
0.06000000000000005 0.06440000000000033
0.06000000000000005 0.06520000000000031
0.06000000000000005 0.06560000000000032
0.040000000000000036 0.06830000000000021
0.040000000000000036 0.06640000000000028
0.040000000000000036 0.0615000000000003
0.040000000000000036 0.06240000000000027
0.06000000000000005 0.06390000000000028
0.06000000000000005 0.06210000000000027
0.06000000000000005 0.060000000000000255
0.06000000000000005 0.05890000000000027
0.040000000000000036 0.05860000000000027
0.06000000000000005 0.06020000000000026
0.06000000000000005 0.06680000000000025
0.06000000000000005 0.07170000000000026
0.06000000000000005 0.06750000000000025
0.06000000000000005 0.06460000000000025
0.06000000000000005 0.06300000000000026
0.06000000000000005 0.06080000000000025
0.06000000000000005 0.061400000000000274
0.06000000000000005 0.06130000000000029
0.06000000000000005 0.05990000000000028
0.040000000000000036 0.059700000000000246
0.06000000000000005 0.06350000000000028
0.06000000000000005 0.0634000000000003
0.06000000000000005 0.06140000000000029
0.06000000000000005 0.0828000000000002
0.040000000000000036 0.07580000000000021
0.040000000000000036 0.05900000000000019
0.040000000000000036 0.05710000000000022
0.040000000000000036 0.06380000000000016
0.040000000000000036 0.05680000000000016
0.040000000000000036 0.050500000000000156
0.040000000000000036 0.04740000000000007
0.040000000000000036 0.11090000000000001
0.040000000000000036 0.049300000000000066
0.040000000000000036 0.054400000000000066
0.040000000000000036 0.04820000000000004
0.040000000000000036 0.04670000000000005
0.040000000000000036 0.11000000000000007
0.040000000000000036 0.0832000000000001
0.040000000000000036 0.045100000000000036
0.040000000000000036 0.049700000000000036
0.040000000000000036 0.07670000000000005
0.040000000000000036 0.052100000000000035
0.040000000000000036 0.046900000000000025
0.040000000000000036 0.04570000000000003
0.040000000000000036 0.04370000000000004
0.040000000000000036 0.04150000000000003
0.040000000000000036 0.043200000000000065
0.040000000000000036 0.04210000000000003
0.040000000000000036 0.04460000000000003
0.040000000000000036 0.044500000000000026
0.040000000000000036 0.04230000000000003
0.040000000000000036 0.041400000000000034
0.040000000000000036 0.04240000000000005
0.040000000000000036 0.04250000000000004
0.040000000000000036 0.04260000000000003
0.040000000000000036 0.04320000000000004
0.040000000000000036 0.05170000000000016
0.040000000000000036 0.05370000000000025
0.040000000000000036 0.051800000000000235
0.040000000000000036 0.05620000000000028
0.040000000000000036 0.05330000000000021
0.040000000000000036 0.049100000000000116
0.040000000000000036 0.0462000000000001
0.040000000000000036 0.04420000000000004
0.040000000000000036 0.04110000000000003
0.040000000000000036 0.04380000000000003
0.040000000000000036 0.04310000000000002
0.040000000000000036 0.04400000000000004
0.040000000000000036 0.04390000000000003
0.040000000000000036 0.042900000000000035
0.040000000000000036 0.04200000000000004
0.040000000000000036 0.04250000000000004
0.040000000000000036 0.04010000000000003
0.040000000000000036 0.040200000000000034
0.040000000000000036 0.04100000000000003
0.040000000000000036 0.04220000000000004
0.040000000000000036 0.04370000000000004
0.040000000000000036 0.04320000000000004
0.06000000000000005 0.04320000000000003
0.06000000000000005 0.04660000000000003
0.040000000000000036 0.045500000000000006
0.040000000000000036 0.04550000000000003
0.040000000000000036 0.04460000000000004
0.040000000000000036 0.04820000000000014
0.040000000000000036 0.04660000000000004
0.040000000000000036 0.045000000000000026
0.040000000000000036 0.04550000000000003
0.040000000000000036 0.04190000000000003
0.040000000000000036 0.041300000000000045
0.040000000000000036 0.04170000000000004
0.040000000000000036 0.04190000000000003
0.040000000000000036 0.04360000000000002
0.040000000000000036 0.043100000000000034
0.040000000000000036 0.042600000000000034
0.040000000000000036 0.042800000000000046
0.040000000000000036 0.043200000000000086
0.040000000000000036 0.042100000000000054
0.040000000000000036 0.043100000000000034
0.040000000000000036 0.04440000000000008
0.040000000000000036 0.042400000000000077
0.040000000000000036 0.04300000000000009
0.040000000000000036 0.043700000000000065
0.040000000000000036 0.0455000000000001
0.040000000000000036 0.04850000000000009
0.040000000000000036 0.04790000000000015
0.040000000000000036 0.044500000000000046
0.040000000000000036 0.04740000000000009
0.040000000000000036 0.046600000000000044
0.040000000000000036 0.05590000000000015
0.040000000000000036 0.05500000000000025
0.040000000000000036 0.06340000000000029
0.040000000000000036 0.05710000000000022
0.06000000000000005 0.060400000000000294
0.040000000000000036 0.05590000000000023
0.06000000000000005 0.0626000000000003
0.06000000000000005 0.05920000000000028
0.06000000000000005 0.06300000000000029
0.06000000000000005 0.06170000000000031
0.06000000000000005 0.05950000000000032
0.06000000000000005 0.06970000000000016
0.06000000000000005 0.0634000000000002
0.06000000000000005 0.05900000000000022
0.06000000000000005 0.0572000000000002
