0.82 0.4039799999999976
0.82 0.44781999999999905
0.95 0.4829500000000006
0.95 0.5150800000000002
0.95 0.5422100000000049
0.95 0.5656700000000038
0.96 0.5937999999999987
0.96 0.6148399999999975
0.96 0.6316300000000004
0.96 0.6429799999999991
0.96 0.6592200000000008
0.96 0.6667100000000021
0.97 0.6721600000000044
0.97 0.6881100000000033
0.97 0.6936000000000015
0.97 0.6997000000000015
0.97 0.7109400000000001
0.97 0.717869999999997
0.98 0.7216999999999965
0.98 0.731529999999994
0.98 0.7389399999999937
0.98 0.7557699999999907
0.98 0.7594599999999896
0.98 0.7622099999999901
0.98 0.7727399999999925
0.98 0.7774799999999958
0.99 0.7986599999999949
0.99 0.8105099999999935
0.99 0.8128799999999956
0.99 0.822539999999997
0.99 0.8290899999999961
0.99 0.8301599999999965
0.99 0.8358099999999973
0.99 0.8402199999999969
0.99 0.8355399999999965
0.99 0.8372699999999957
0.99 0.8373999999999966
0.99 0.8426299999999953
0.99 0.8363599999999966
0.99 0.845509999999994
0.99 0.858199999999993
0.99 0.8442499999999961
0.99 0.8550599999999938
0.99 0.852139999999994
0.99 0.8559199999999939
0.99 0.8571499999999966
0.99 0.8542499999999955
0.99 0.8569399999999954
0.99 0.8612599999999958
0.99 0.8641299999999944
0.99 0.8683899999999942
0.99 0.8556699999999948
0.99 0.851639999999996
0.99 0.8541199999999965
0.99 0.855139999999998
0.99 0.8558099999999973
0.99 0.8596899999999964
0.99 0.8540999999999933
0.99 0.8605599999999914
0.99 0.8535499999999949
0.99 0.8606999999999934
0.99 0.8562099999999943
0.99 0.8686099999999917
0.99 0.8599299999999936
0.99 0.8649299999999929
0.99 0.8738499999999938
0.99 0.8701799999999936
0.99 0.8586399999999935
0.99 0.8592399999999925
0.99 0.8599999999999928
0.99 0.8620999999999925
0.99 0.8627199999999913
0.99 0.8668499999999917
0.99 0.8665099999999913
0.99 0.8651299999999917
0.99 0.8694899999999913
0.99 0.8528899999999959
0.99 0.8552599999999956
0.99 0.8586599999999925
0.99 0.8635499999999909
0.99 0.864859999999994
0.99 0.8548599999999964
0.99 0.8618899999999936
0.99 0.8741099999999934
0.99 0.8645299999999939
0.99 0.8763799999999928
0.99 0.8783199999999942
0.99 0.8808799999999978
0.99 0.8741699999999935
0.99 0.8736399999999936
0.99 0.8728999999999939
0.99 0.8654299999999937
0.99 0.865919999999994
0.99 0.8779599999999926
0.99 0.8751999999999939
0.99 0.8734399999999931
0.99 0.8672599999999924
0.99 0.8654499999999937
0.99 0.8646399999999925
0.99 0.8513999999999953
