0.24 0.5775600000000033
0.16000000000000003 0.5389200000000032
0.07999999999999996 0.49760000000000315
0.040000000000000036 0.46594000000000296
0.040000000000000036 0.42720000000000197
0.040000000000000036 0.4072000000000023
0.040000000000000036 0.38648000000000277
0.040000000000000036 0.36250000000000226
0.040000000000000036 0.35128000000000215
0.040000000000000036 0.3372200000000023
0.040000000000000036 0.3305000000000024
0.040000000000000036 0.321180000000002
0.040000000000000036 0.3189600000000019
0.040000000000000036 0.3085000000000018
0.040000000000000036 0.3028000000000021
0.040000000000000036 0.29526000000000213
0.040000000000000036 0.3071400000000023
0.040000000000000036 0.28114000000000194
0.040000000000000036 0.2821000000000018
0.040000000000000036 0.2860000000000021
0.040000000000000036 0.28176000000000156
0.040000000000000036 0.2833200000000013
0.040000000000000036 0.2754200000000016
0.040000000000000036 0.27276000000000183
0.040000000000000036 0.2681800000000013
0.040000000000000036 0.24284000000000122
0.040000000000000036 0.23600000000000088
0.040000000000000036 0.23244000000000117
0.040000000000000036 0.23340000000000083
0.040000000000000036 0.23118000000000086
0.040000000000000036 0.2283200000000006
0.040000000000000036 0.22250000000000084
0.040000000000000036 0.22524000000000075
0.040000000000000036 0.2212600000000008
0.040000000000000036 0.2171000000000007
0.040000000000000036 0.21050000000000052
0.040000000000000036 0.21120000000000053
0.040000000000000036 0.21102000000000057
0.040000000000000036 0.21542000000000064
0.040000000000000036 0.21326000000000067
0.040000000000000036 0.20780000000000043
0.040000000000000036 0.2050000000000006
0.040000000000000036 0.1977000000000003
0.040000000000000036 0.1992000000000003
0.040000000000000036 0.19390000000000024
0.040000000000000036 0.19130000000000033
0.040000000000000036 0.18394000000000021
0.040000000000000036 0.19074000000000035
0.040000000000000036 0.19080000000000025
0.040000000000000036 0.19258000000000017
0.040000000000000036 0.18664000000000025
0.040000000000000036 0.19578000000000054
0.040000000000000036 0.2004200000000003
0.040000000000000036 0.20046000000000044
0.040000000000000036 0.19218000000000054
0.040000000000000036 0.19324000000000036
0.040000000000000036 0.19742000000000018
0.040000000000000036 0.18612000000000023
0.040000000000000036 0.17998000000000033
0.040000000000000036 0.18170000000000033
0.040000000000000036 0.19018000000000046
0.040000000000000036 0.17494000000000015
0.040000000000000036 0.1688800000000001
0.040000000000000036 0.16976000000000002
0.040000000000000036 0.1684199999999999
0.040000000000000036 0.17436000000000015
0.040000000000000036 0.18640000000000023
0.040000000000000036 0.17966000000000049
0.040000000000000036 0.17476000000000025
0.040000000000000036 0.18264000000000022
0.040000000000000036 0.1790000000000002
0.040000000000000036 0.17444000000000026
0.040000000000000036 0.15957999999999997
0.040000000000000036 0.16502000000000003
0.040000000000000036 0.16478000000000018
0.040000000000000036 0.1684200000000001
0.040000000000000036 0.15713999999999992
0.040000000000000036 0.16688000000000008
0.040000000000000036 0.15506
0.040000000000000036 0.15651999999999994
0.040000000000000036 0.16050000000000003
0.040000000000000036 0.15946000000000005
0.040000000000000036 0.15970000000000004
0.040000000000000036 0.15992000000000017
0.040000000000000036 0.16134000000000004
0.040000000000000036 0.15810000000000002
0.040000000000000036 0.1609999999999999
0.040000000000000036 0.1619399999999999
0.040000000000000036 0.15048000000000006
0.040000000000000036 0.1543199999999998
0.040000000000000036 0.16304
0.040000000000000036 0.15543999999999986
0.040000000000000036 0.16448000000000007
0.040000000000000036 0.16759999999999992
0.040000000000000036 0.15907999999999994
0.040000000000000036 0.1683600000000002
0.040000000000000036 0.16733999999999977
0.040000000000000036 0.1698
0.040000000000000036 0.17424000000000017
0.040000000000000036 0.15783999999999987
