0.38 0.6390000000000016
0.38 0.6091000000000012
0.38 0.5859000000000012
0.38 0.5959000000000015
0.42000000000000004 0.6273000000000019
0.31999999999999995 0.6228000000000018
0.42000000000000004 0.5983000000000014
0.42000000000000004 0.6017000000000017
0.38 0.6135000000000013
0.42000000000000004 0.6020000000000015
0.38 0.5602000000000015
0.26 0.5768000000000013
0.30000000000000004 0.5950000000000014
0.30000000000000004 0.6209000000000019
0.30000000000000004 0.632000000000002
0.38 0.6215000000000012
0.38 0.5907000000000011
0.38 0.606700000000001
0.33999999999999997 0.5815000000000012
0.31999999999999995 0.568100000000001
0.30000000000000004 0.5906000000000011
0.31999999999999995 0.5918000000000013
0.43999999999999995 0.5832000000000012
0.06000000000000005 0.5677000000000016
0.33999999999999997 0.5745000000000009
0.24 0.5147000000000004
0.28 0.4999000000000007
0.28 0.5125000000000004
0.16000000000000003 0.45490000000000036
0.12 0.4902000000000007
0.07999999999999996 0.45820000000000066
0.12 0.43660000000000077
0.14 0.45040000000000047
0.07999999999999996 0.46490000000000076
0.12 0.4064999999999999
0.07999999999999996 0.3474000000000003
0.07999999999999996 0.3512000000000002
0.06000000000000005 0.31430000000000013
0.040000000000000036 0.3303999999999999
0.040000000000000036 0.283
0.06000000000000005 0.3030999999999999
0.040000000000000036 0.34669999999999995
0.040000000000000036 0.32470000000000016
0.040000000000000036 0.26660000000000017
0.06000000000000005 0.2800999999999999
0.06000000000000005 0.3847000000000002
0.12 0.4146
0.040000000000000036 0.31090000000000007
0.06000000000000005 0.3242000000000003
0.06000000000000005 0.26750000000000007
0.06000000000000005 0.2155
0.06000000000000005 0.19070000000000006
0.040000000000000036 0.2341999999999999
0.16000000000000003 0.3489000000000006
0.040000000000000036 0.25410000000000027
0.26 0.33630000000000065
0.28 0.3398000000000005
0.06000000000000005 0.40900000000000025
0.040000000000000036 0.3074000000000001
0.31999999999999995 0.3902000000000009
0.19999999999999996 0.3740000000000008
0.06000000000000005 0.2403999999999999
0.040000000000000036 0.23100000000000012
0.040000000000000036 0.2065000000000001
0.040000000000000036 0.20640000000000008
0.040000000000000036 0.4217
0.040000000000000036 0.17810000000000006
0.040000000000000036 0.1384
0.06000000000000005 0.13650000000000004
0.06000000000000005 0.14059999999999995
0.09999999999999998 0.2712000000000009
0.09999999999999998 0.22980000000000053
0.09999999999999998 0.2835000000000004
0.06000000000000005 0.2399000000000003
0.040000000000000036 0.3645000000000001
0.040000000000000036 0.36109999999999987
0.31999999999999995 0.3791000000000003
0.30000000000000004 0.3464000000000009
0.040000000000000036 0.28490000000000015
0.040000000000000036 0.4117000000000004
0.040000000000000036 0.30510000000000004
0.06000000000000005 0.28550000000000014
0.07999999999999996 0.33099999999999985
0.31999999999999995 0.42760000000000054
0.040000000000000036 0.2840999999999998
0.09999999999999998 0.27919999999999995
0.040000000000000036 0.2240999999999998
0.040000000000000036 0.18389999999999992
0.040000000000000036 0.16490000000000005
0.12 0.39569999999999994
0.12 0.3924
0.09999999999999998 0.12810000000000005
0.040000000000000036 0.37300000000000005
0.040000000000000036 0.12170000000000009
0.040000000000000036 0.34820000000000023
0.12 0.3452000000000004
0.14 0.33850000000000036
0.09999999999999998 0.48090000000000005
0.09999999999999998 0.308
0.09999999999999998 0.3699999999999998
0.07999999999999996 0.26880000000000015
0.09999999999999998 0.3206000000000001
0.26 0.5488000000000013
0.09999999999999998 0.2583000000000004
0.07999999999999996 0.5240000000000008
0.06000000000000005 0.5114000000000002
0.16000000000000003 0.5230000000000004
0.040000000000000036 0.4752000000000002
0.07999999999999996 0.46690000000000026
0.09999999999999998 0.43530000000000013
0.09999999999999998 0.40329999999999977
0.040000000000000036 0.42060000000000036
0.040000000000000036 0.3923000000000007
0.040000000000000036 0.3550000000000002
0.040000000000000036 0.43030000000000057
0.040000000000000036 0.32659999999999983
0.040000000000000036 0.3113999999999999
0.040000000000000036 0.29129999999999984
0.040000000000000036 0.2763999999999998
0.040000000000000036 0.2486000000000002
0.040000000000000036 0.23550000000000001
0.040000000000000036 0.14839999999999998
0.040000000000000036 0.18449999999999997
0.040000000000000036 0.15789999999999998
0.06000000000000005 0.09649999999999999
0.040000000000000036 0.16809999999999994
0.040000000000000036 0.141
0.06000000000000005 0.18659999999999996
0.06000000000000005 0.13909999999999992
0.040000000000000036 0.32989999999999964
0.06000000000000005 0.14799999999999996
0.07999999999999996 0.10749999999999997
0.06000000000000005 0.17429999999999984
0.040000000000000036 0.34319999999999984
0.07999999999999996 0.13779999999999992
0.07999999999999996 0.10010000000000005
0.040000000000000036 0.09499999999999999
0.040000000000000036 0.11180000000000004
0.040000000000000036 0.3051000000000001
0.040000000000000036 0.13019999999999993
0.040000000000000036 0.07830000000000005
0.040000000000000036 0.08010000000000003
0.040000000000000036 0.08279999999999997
0.040000000000000036 0.13539999999999996
0.040000000000000036 0.3748000000000009
0.06000000000000005 0.3451000000000006
0.06000000000000005 0.3888000000000009
0.040000000000000036 0.44000000000000095
0.040000000000000036 0.4251000000000002
0.06000000000000005 0.1284
0.06000000000000005 0.13360000000000002
0.06000000000000005 0.16689999999999988
0.06000000000000005 0.22869999999999965
0.06000000000000005 0.29159999999999986
0.06000000000000005 0.124
0.06000000000000005 0.09220000000000006
0.06000000000000005 0.14020000000000005
0.06000000000000005 0.13230000000000003
0.06000000000000005 0.08850000000000001
0.06000000000000005 0.07240000000000002
0.06000000000000005 0.1543
0.06000000000000005 0.12780000000000005
0.06000000000000005 0.28390000000000043
0.06000000000000005 0.0870000000000002
0.06000000000000005 0.07880000000000031
0.06000000000000005 0.0648000000000003
0.06000000000000005 0.06950000000000031
0.06000000000000005 0.2311000000000004
0.06000000000000005 0.21350000000000008
0.06000000000000005 0.08710000000000027
0.06000000000000005 0.09320000000000028
0.06000000000000005 0.2579000000000004
0.12 0.36870000000000075
0.06000000000000005 0.27570000000000056
0.06000000000000005 0.18530000000000008
0.06000000000000005 0.3246000000000009
0.06000000000000005 0.2665000000000001
0.14 0.37990000000000074
0.06000000000000005 0.22620000000000004
0.06000000000000005 0.20220000000000013
0.06000000000000005 0.16690000000000013
0.06000000000000005 0.31920000000000015
0.06000000000000005 0.20150000000000007
0.06000000000000005 0.13510000000000005
0.06000000000000005 0.10910000000000021
0.06000000000000005 0.1710000000000001
0.06000000000000005 0.4359000000000005
0.06000000000000005 0.4002000000000001
0.06000000000000005 0.2227999999999998
0.06000000000000005 0.29819999999999997
0.06000000000000005 0.17289999999999994
0.06000000000000005 0.1393
0.06000000000000005 0.1773
0.06000000000000005 0.10820000000000003
0.06000000000000005 0.15239999999999998
0.06000000000000005 0.2659000000000005
0.06000000000000005 0.26550000000000046
0.06000000000000005 0.22980000000000028
0.06000000000000005 0.24650000000000014
0.06000000000000005 0.20240000000000002
0.06000000000000005 0.1888
0.06000000000000005 0.19609999999999989
0.06000000000000005 0.20349999999999976
0.06000000000000005 0.16869999999999982
0.06000000000000005 0.18089999999999973
0.06000000000000005 0.1681999999999997
0.06000000000000005 0.15999999999999973
0.06000000000000005 0.13829999999999973
0.06000000000000005 0.1344999999999998
0.06000000000000005 0.10889999999999984
0.06000000000000005 0.0914999999999999
0.06000000000000005 0.09289999999999995
0.06000000000000005 0.08079999999999998
0.06000000000000005 0.07800000000000001
0.06000000000000005 0.0664000000000001
0.06000000000000005 0.06350000000000014
0.06000000000000005 0.07920000000000017
0.06000000000000005 0.16
0.06000000000000005 0.11410000000000009
0.06000000000000005 0.08560000000000015
0.06000000000000005 0.06960000000000025
0.06000000000000005 0.07540000000000027
0.06000000000000005 0.06510000000000032
0.06000000000000005 0.0793000000000003
0.06000000000000005 0.07610000000000032
0.06000000000000005 0.1163000000000003
0.06000000000000005 0.25139999999999996
0.06000000000000005 0.10110000000000027
0.06000000000000005 0.1390000000000003
0.06000000000000005 0.0700000000000003
0.06000000000000005 0.0698000000000003
0.06000000000000005 0.0669000000000003
0.06000000000000005 0.06460000000000032
0.06000000000000005 0.06310000000000034
0.06000000000000005 0.06730000000000035
0.06000000000000005 0.07080000000000033
0.06000000000000005 0.14660000000000037
0.06000000000000005 0.12680000000000033
0.06000000000000005 0.1047000000000002
0.06000000000000005 0.10300000000000027
0.06000000000000005 0.09320000000000031
0.06000000000000005 0.0905000000000003
0.06000000000000005 0.0844000000000003
0.06000000000000005 0.09550000000000029
0.06000000000000005 0.08000000000000031
0.06000000000000005 0.0838000000000003
0.06000000000000005 0.0743000000000003
0.06000000000000005 0.06830000000000033
0.06000000000000005 0.0746000000000003
0.06000000000000005 0.07820000000000031
0.06000000000000005 0.06080000000000034
0.06000000000000005 0.06710000000000033
0.06000000000000005 0.06370000000000033
0.06000000000000005 0.06870000000000034
0.06000000000000005 0.07570000000000031
0.06000000000000005 0.06630000000000032
0.06000000000000005 0.06870000000000032
0.06000000000000005 0.0710000000000003
0.06000000000000005 0.07030000000000032
0.06000000000000005 0.07760000000000013
0.06000000000000005 0.08379999999999997
0.06000000000000005 0.07860000000000003
0.06000000000000005 0.08260000000000006
0.06000000000000005 0.06760000000000019
0.06000000000000005 0.09110000000000024
0.06000000000000005 0.06690000000000029
0.06000000000000005 0.07520000000000028
0.06000000000000005 0.07140000000000032
0.06000000000000005 0.06380000000000033
0.06000000000000005 0.10720000000000027
0.06000000000000005 0.0885000000000003
0.06000000000000005 0.07950000000000026
0.06000000000000005 0.06860000000000026
0.06000000000000005 0.06700000000000031
0.06000000000000005 0.06300000000000033
0.06000000000000005 0.06700000000000031
0.06000000000000005 0.07270000000000029
0.06000000000000005 0.06310000000000031
0.06000000000000005 0.06260000000000032
0.06000000000000005 0.06510000000000032
0.06000000000000005 0.06980000000000032
0.06000000000000005 0.06880000000000032
0.06000000000000005 0.06840000000000034
0.06000000000000005 0.0691000000000003
0.06000000000000005 0.0764000000000003
0.06000000000000005 0.0799000000000003
0.06000000000000005 0.07270000000000035
0.06000000000000005 0.0703000000000003
0.06000000000000005 0.07620000000000031
0.06000000000000005 0.07910000000000031
0.06000000000000005 0.07570000000000031
0.06000000000000005 0.07200000000000033
0.06000000000000005 0.06820000000000032
0.06000000000000005 0.06600000000000032
0.06000000000000005 0.06510000000000031
0.06000000000000005 0.08880000000000032
0.06000000000000005 0.08300000000000031
0.06000000000000005 0.06580000000000032
0.06000000000000005 0.06430000000000034
0.06000000000000005 0.06320000000000035
0.06000000000000005 0.06410000000000034
0.06000000000000005 0.07110000000000032
0.06000000000000005 0.07280000000000032
0.06000000000000005 0.07450000000000034
0.06000000000000005 0.08770000000000035
0.06000000000000005 0.09750000000000032
0.06000000000000005 0.1016000000000003
0.06000000000000005 0.09520000000000031
0.06000000000000005 0.11330000000000026
0.06000000000000005 0.1836000000000001
0.06000000000000005 0.13930000000000012
0.06000000000000005 0.13870000000000013
0.06000000000000005 0.11380000000000018
0.06000000000000005 0.10670000000000023
0.06000000000000005 0.09860000000000035
0.06000000000000005 0.07880000000000026
0.06000000000000005 0.0691000000000003
0.06000000000000005 0.07600000000000026
0.06000000000000005 0.17530000000000015
0.06000000000000005 0.0719000000000003
0.06000000000000005 0.10080000000000032
0.06000000000000005 0.07380000000000032
0.06000000000000005 0.06950000000000033
0.06000000000000005 0.06800000000000032
0.06000000000000005 0.07930000000000026
0.06000000000000005 0.07160000000000029
0.06000000000000005 0.07140000000000031
0.06000000000000005 0.08740000000000028
0.06000000000000005 0.07050000000000031
0.06000000000000005 0.07080000000000031
0.06000000000000005 0.06720000000000033
0.06000000000000005 0.06700000000000034
0.06000000000000005 0.07430000000000028
0.06000000000000005 0.0712000000000003
0.06000000000000005 0.08750000000000023
0.06000000000000005 0.08630000000000025
0.06000000000000005 0.07470000000000032
0.06000000000000005 0.06710000000000033
0.06000000000000005 0.07530000000000027
0.06000000000000005 0.06490000000000032
0.06000000000000005 0.08360000000000029
0.06000000000000005 0.06400000000000032
0.06000000000000005 0.07020000000000033
0.06000000000000005 0.06630000000000032
0.06000000000000005 0.0735000000000003
0.06000000000000005 0.06520000000000033
0.06000000000000005 0.06920000000000033
0.06000000000000005 0.06730000000000033
0.06000000000000005 0.07850000000000035
0.06000000000000005 0.08890000000000034
0.06000000000000005 0.09890000000000031
0.06000000000000005 0.09530000000000027
0.06000000000000005 0.09230000000000028
0.06000000000000005 0.08840000000000028
0.06000000000000005 0.09530000000000026
0.06000000000000005 0.08480000000000032
0.06000000000000005 0.07870000000000033
0.06000000000000005 0.09640000000000029
0.06000000000000005 0.09910000000000029
0.06000000000000005 0.0945000000000003
0.06000000000000005 0.08880000000000032
0.06000000000000005 0.07290000000000033
0.06000000000000005 0.07500000000000034
0.06000000000000005 0.06490000000000032
0.06000000000000005 0.06550000000000032
0.06000000000000005 0.0729000000000003
0.06000000000000005 0.0738000000000003
0.06000000000000005 0.07060000000000029
0.06000000000000005 0.06640000000000029
0.06000000000000005 0.06460000000000031
0.06000000000000005 0.07170000000000032
0.06000000000000005 0.07310000000000033
0.06000000000000005 0.08170000000000023
0.06000000000000005 0.0735000000000003
0.06000000000000005 0.07330000000000032
0.06000000000000005 0.06470000000000031
0.06000000000000005 0.07550000000000029
0.06000000000000005 0.06680000000000032
0.06000000000000005 0.06530000000000033
0.06000000000000005 0.0801000000000003
0.06000000000000005 0.06830000000000033
0.06000000000000005 0.06830000000000032
0.06000000000000005 0.07190000000000034
0.06000000000000005 0.07210000000000033
0.06000000000000005 0.07350000000000032
0.06000000000000005 0.06800000000000032
0.06000000000000005 0.06840000000000034
0.06000000000000005 0.07080000000000031
0.06000000000000005 0.0664000000000003
0.06000000000000005 0.06750000000000031
0.06000000000000005 0.06810000000000033
0.06000000000000005 0.11590000000000034
0.06000000000000005 0.06840000000000032
0.06000000000000005 0.06310000000000032
0.06000000000000005 0.0755000000000003
0.06000000000000005 0.0780000000000003
0.06000000000000005 0.06670000000000031
0.06000000000000005 0.07380000000000032
0.06000000000000005 0.09540000000000032
0.06000000000000005 0.0779000000000003
0.06000000000000005 0.07790000000000032
0.06000000000000005 0.06540000000000032
0.06000000000000005 0.07780000000000027
0.06000000000000005 0.08460000000000027
0.06000000000000005 0.06450000000000031
0.06000000000000005 0.07290000000000033
0.06000000000000005 0.07080000000000032
0.06000000000000005 0.06770000000000032
0.06000000000000005 0.06640000000000032
0.06000000000000005 0.08920000000000028
0.06000000000000005 0.07120000000000032
0.06000000000000005 0.07850000000000028
0.06000000000000005 0.08770000000000028
0.06000000000000005 0.06990000000000032
0.06000000000000005 0.06710000000000033
0.06000000000000005 0.06850000000000031
0.06000000000000005 0.07130000000000032
0.06000000000000005 0.06700000000000032
0.06000000000000005 0.06740000000000033
0.06000000000000005 0.06570000000000033
0.06000000000000005 0.07900000000000029
0.06000000000000005 0.07020000000000033
0.06000000000000005 0.06640000000000032
0.06000000000000005 0.08100000000000032
0.06000000000000005 0.0766000000000003
0.06000000000000005 0.06830000000000033
0.06000000000000005 0.06150000000000034
0.06000000000000005 0.060900000000000336
0.06000000000000005 0.06660000000000033
0.06000000000000005 0.06640000000000032
0.06000000000000005 0.06860000000000027
0.06000000000000005 0.06280000000000033
0.06000000000000005 0.06550000000000034
0.06000000000000005 0.07230000000000032
0.06000000000000005 0.0719000000000003
0.06000000000000005 0.08310000000000028
0.06000000000000005 0.06760000000000034
0.06000000000000005 0.06680000000000033
0.06000000000000005 0.06790000000000034
0.06000000000000005 0.06410000000000034
0.06000000000000005 0.06970000000000033
0.06000000000000005 0.07270000000000032
0.06000000000000005 0.19300000000000017
0.06000000000000005 0.06670000000000031
0.06000000000000005 0.08990000000000027
0.06000000000000005 0.10170000000000029
0.06000000000000005 0.1010000000000003
0.06000000000000005 0.09690000000000028
0.06000000000000005 0.08860000000000028
0.06000000000000005 0.06380000000000033
0.06000000000000005 0.10210000000000032
0.06000000000000005 0.1480000000000003
0.06000000000000005 0.3416999999999997
0.06000000000000005 0.1251000000000003
0.06000000000000005 0.18100000000000027
0.06000000000000005 0.21830000000000008
0.06000000000000005 0.18700000000000025
0.06000000000000005 0.22950000000000004
0.06000000000000005 0.18890000000000018
0.06000000000000005 0.24889999999999987
0.06000000000000005 0.3162999999999996
0.06000000000000005 0.2665999999999997
0.06000000000000005 0.34979999999999944
0.06000000000000005 0.2920999999999996
0.28 0.6018000000000014
0.5 0.6074000000000016
0.4 0.5959000000000013
0.06000000000000005 0.35109999999999963
0.06000000000000005 0.21179999999999982
0.06000000000000005 0.17600000000000002
0.06000000000000005 0.19139999999999993
0.06000000000000005 0.18599999999999997
0.06000000000000005 0.1501000000000001
0.06000000000000005 0.21069999999999997
0.06000000000000005 0.27169999999999966
0.06000000000000005 0.1956000000000001
0.06000000000000005 0.1414000000000003
0.06000000000000005 0.1769000000000002
0.5 0.6160000000000015
0.54 0.6144000000000016
0.54 0.6108000000000016
0.06000000000000005 0.40099999999999997
0.06000000000000005 0.25709999999999955
0.06000000000000005 0.19150000000000003
0.06000000000000005 0.24139999999999961
0.06000000000000005 0.18469999999999998
0.06000000000000005 0.1585000000000001
0.06000000000000005 0.15470000000000017
0.06000000000000005 0.13230000000000028
0.06000000000000005 0.09890000000000025
0.06000000000000005 0.10150000000000026
0.06000000000000005 0.1238000000000003
0.06000000000000005 0.10560000000000028
0.06000000000000005 0.12110000000000029
0.06000000000000005 0.1151000000000003
0.06000000000000005 0.1147000000000003
0.06000000000000005 0.11710000000000029
0.06000000000000005 0.11890000000000028
0.06000000000000005 0.1465000000000003
0.06000000000000005 0.1306000000000003
