0.88 0.41874000000000366
0.88 0.46757000000000487
0.92 0.49953000000000397
0.97 0.5278900000000029
0.97 0.5588000000000016
0.97 0.5764100000000022
0.97 0.5992100000000016
0.97 0.6257699999999984
0.98 0.6402999999999991
0.98 0.652100000000001
0.98 0.6699700000000008
0.98 0.6736200000000022
0.98 0.6884700000000097
0.98 0.6984400000000127
0.98 0.6956300000000131
0.98 0.7052100000000155
0.98 0.7113400000000139
0.98 0.7207200000000149
0.98 0.7212400000000149
0.98 0.724740000000015
0.98 0.7345400000000148
0.99 0.7448700000000125
0.99 0.7512200000000104
0.99 0.7535800000000116
0.99 0.7564000000000094
0.99 0.7643000000000086
0.99 0.7792600000000085
0.99 0.7896600000000065
0.99 0.7961700000000063
0.99 0.8089200000000052
0.99 0.8113100000000049
0.99 0.8280200000000045
0.99 0.8358700000000058
0.99 0.8359900000000046
0.99 0.8443500000000043
0.99 0.8488500000000032
0.99 0.8499400000000042
0.99 0.862990000000003
0.99 0.8641100000000008
0.99 0.8640000000000013
0.99 0.874789999999998
0.99 0.8810299999999963
0.99 0.878629999999995
0.99 0.8682399999999945
0.99 0.874069999999997
0.99 0.8765499999999975
0.99 0.8802000000000003
0.99 0.8829200000000006
0.99 0.8882900000000029
0.99 0.8909500000000027
0.99 0.8936300000000035
0.99 0.8900900000000054
0.99 0.8862900000000038
0.99 0.8934300000000075
0.99 0.885410000000004
0.99 0.8879900000000056
0.99 0.8894700000000065
0.99 0.8918500000000079
0.99 0.8915800000000093
0.99 0.8914600000000072
0.99 0.8890100000000086
0.99 0.8791400000000061
0.99 0.8740200000000048
0.99 0.8807400000000056
0.99 0.8877500000000067
0.99 0.8883900000000083
0.99 0.8763100000000072
0.99 0.8717400000000063
0.99 0.8732600000000066
0.99 0.8722300000000056
0.99 0.8737800000000029
0.99 0.8738000000000044
0.99 0.884610000000006
0.99 0.8851700000000065
0.99 0.8808900000000068
0.99 0.8801000000000089
0.99 0.873010000000008
0.99 0.8802200000000088
0.99 0.8683500000000032
0.99 0.8665900000000014
0.99 0.8755500000000048
0.99 0.8873100000000067
0.99 0.8912500000000071
0.99 0.8924100000000081
0.99 0.8929000000000081
0.99 0.8828400000000082
0.99 0.8873300000000068
0.99 0.8802800000000058
0.99 0.8874900000000077
0.99 0.8787300000000037
0.99 0.8765700000000037
0.99 0.8755600000000051
0.99 0.8717100000000069
0.99 0.8776900000000052
0.99 0.8712100000000057
0.99 0.8728900000000048
0.99 0.875750000000004
0.99 0.8759200000000051
0.99 0.879010000000003
0.99 0.8774200000000063
