0.21999999999999997 0.5994000000000017
0.21999999999999997 0.6148000000000022
0.18000000000000005 0.5930000000000022
0.38 0.5977000000000021
0.18000000000000005 0.5938000000000022
0.31999999999999995 0.5950000000000021
0.31999999999999995 0.568200000000002
0.21999999999999997 0.5673000000000021
0.09999999999999998 0.5808000000000022
0.09999999999999998 0.5626000000000022
0.16000000000000003 0.550500000000002
0.14 0.545600000000002
0.16000000000000003 0.5222000000000016
0.16000000000000003 0.48370000000000146
0.18000000000000005 0.5460000000000022
0.18000000000000005 0.4855000000000014
0.31999999999999995 0.5545000000000014
0.18000000000000005 0.4998000000000014
0.14 0.5065000000000015
0.18000000000000005 0.43590000000000084
0.16000000000000003 0.5361000000000016
0.16000000000000003 0.5245000000000014
0.12 0.5350000000000017
0.06000000000000005 0.4934000000000012
0.12 0.49250000000000144
0.040000000000000036 0.5201000000000016
0.21999999999999997 0.4102000000000007
0.21999999999999997 0.4269000000000006
0.30000000000000004 0.44620000000000054
0.16000000000000003 0.37780000000000036
0.040000000000000036 0.3493000000000007
0.16000000000000003 0.3183000000000001
0.19999999999999996 0.3341000000000004
0.020000000000000018 0.30469999999999997
0.18000000000000005 0.4117000000000004
0.020000000000000018 0.35730000000000023
0.18000000000000005 0.32520000000000027
0.040000000000000036 0.35620000000000046
0.06000000000000005 0.3810000000000005
0.06000000000000005 0.4012000000000004
0.020000000000000018 0.3499000000000001
0.0 0.26610000000000006
