0.83 0.41772000000000353
0.96 0.45202000000000425
0.96 0.49095000000000505
0.96 0.535360000000005
0.96 0.5652200000000025
0.96 0.5793500000000019
0.98 0.6068800000000041
0.98 0.6231200000000053
0.98 0.6386000000000063
0.98 0.6521900000000066
0.98 0.6702800000000042
0.98 0.6920200000000004
0.98 0.6989299999999984
0.98 0.7029699999999992
0.98 0.7171899999999957
0.98 0.7294999999999925
0.98 0.7350699999999918
0.98 0.7395499999999917
0.98 0.7455199999999904
0.98 0.762009999999987
0.98 0.7717999999999893
0.99 0.772719999999992
0.99 0.7854899999999908
0.99 0.7841099999999936
0.99 0.7950599999999931
0.99 0.8048299999999927
0.99 0.8044199999999937
0.99 0.8205599999999966
0.99 0.8234299999999963
0.99 0.8260699999999948
0.99 0.816309999999997
0.99 0.820899999999996
0.99 0.8160499999999963
0.99 0.8130899999999944
0.99 0.8276199999999971
0.99 0.832969999999998
0.99 0.8320099999999973
0.99 0.8359499999999973
0.99 0.8422299999999956
0.99 0.8491799999999956
0.99 0.8446899999999954
0.99 0.850079999999996
0.99 0.8464499999999963
0.99 0.8472999999999966
0.99 0.8426999999999969
0.99 0.8431799999999962
0.99 0.8475699999999986
0.99 0.8431799999999978
0.99 0.8478799999999961
0.99 0.8523699999999966
0.99 0.8445199999999954
0.99 0.8518499999999952
0.99 0.855779999999995
0.99 0.8578399999999956
0.99 0.8611799999999982
0.99 0.8694299999999962
0.99 0.8544099999999953
0.99 0.8414899999999987
0.99 0.8571899999999976
0.99 0.8674400000000001
0.99 0.8614000000000003
0.99 0.8593599999999987
0.99 0.863060000000003
0.99 0.8584999999999988
0.99 0.8698599999999977
0.99 0.8663499999999982
0.99 0.8594099999999996
0.99 0.8508099999999987
0.99 0.872390000000002
0.99 0.8732900000000022
0.99 0.8662600000000024
0.99 0.859080000000001
0.99 0.8679300000000019
0.99 0.8646400000000029
0.99 0.8568899999999998
0.99 0.8650700000000019
0.99 0.8660500000000005
0.99 0.8675900000000032
0.99 0.86453
0.99 0.8577499999999992
0.99 0.8647599999999974
0.99 0.8559099999999975
0.99 0.8577599999999974
0.99 0.8692199999999994
0.99 0.8674500000000007
0.99 0.8730600000000046
0.99 0.8818300000000059
0.99 0.8772700000000073
0.99 0.8747100000000028
0.99 0.8707000000000027
0.99 0.8747300000000013
0.99 0.8789000000000047
0.99 0.8718000000000034
0.99 0.872440000000003
0.99 0.871070000000004
0.99 0.8701700000000037
0.99 0.8670000000000057
0.99 0.8707600000000041
0.99 0.8814500000000057
0.99 0.8839300000000034
