0.14 0.5953000000000043
0.19999999999999996 0.5693400000000035
0.07999999999999996 0.5519600000000039
0.07999999999999996 0.5271400000000037
0.07999999999999996 0.5024400000000041
0.07999999999999996 0.47736000000000367
0.07999999999999996 0.45542000000000316
0.06000000000000005 0.436960000000003
0.06000000000000005 0.4155800000000031
0.06000000000000005 0.4007400000000012
0.06000000000000005 0.39590000000000275
0.06000000000000005 0.37376000000000215
0.06000000000000005 0.3677600000000022
0.06000000000000005 0.35700000000000215
0.06000000000000005 0.3413000000000015
0.06000000000000005 0.3382200000000016
0.06000000000000005 0.33100000000000096
0.06000000000000005 0.3258000000000009
0.06000000000000005 0.3267000000000014
0.06000000000000005 0.31198000000000176
0.06000000000000005 0.290500000000001
0.06000000000000005 0.2780400000000008
0.06000000000000005 0.28062000000000054
0.06000000000000005 0.26412000000000063
0.06000000000000005 0.2707200000000008
0.06000000000000005 0.2657200000000011
0.06000000000000005 0.2567600000000007
0.06000000000000005 0.25660000000000055
0.06000000000000005 0.24878000000000056
0.06000000000000005 0.2526600000000005
0.06000000000000005 0.2512000000000007
0.06000000000000005 0.23228000000000043
0.06000000000000005 0.2401800000000006
0.06000000000000005 0.23088000000000047
0.06000000000000005 0.23544000000000065
0.06000000000000005 0.23208000000000062
0.06000000000000005 0.22684000000000076
0.06000000000000005 0.22554000000000077
0.06000000000000005 0.22800000000000084
0.06000000000000005 0.23086000000000076
0.06000000000000005 0.2203400000000006
0.06000000000000005 0.21058000000000068
0.06000000000000005 0.21346000000000032
0.06000000000000005 0.2155800000000005
0.06000000000000005 0.21542000000000044
0.06000000000000005 0.20388000000000042
0.06000000000000005 0.18284000000000034
0.06000000000000005 0.18991999999999998
0.06000000000000005 0.19174000000000005
0.06000000000000005 0.1940800000000003
0.06000000000000005 0.1949000000000001
0.06000000000000005 0.18208000000000052
0.06000000000000005 0.17562000000000036
0.06000000000000005 0.17712000000000036
0.06000000000000005 0.1678400000000003
0.06000000000000005 0.16870000000000007
0.06000000000000005 0.16812000000000007
0.06000000000000005 0.16303999999999985
0.06000000000000005 0.1656000000000003
0.06000000000000005 0.1682200000000002
0.06000000000000005 0.17099999999999999
0.06000000000000005 0.17316000000000012
0.06000000000000005 0.16942000000000018
0.06000000000000005 0.16468000000000005
0.06000000000000005 0.15624000000000005
0.06000000000000005 0.15496000000000004
0.06000000000000005 0.15174000000000012
0.06000000000000005 0.1678200000000002
0.06000000000000005 0.1786400000000002
0.06000000000000005 0.16456000000000023
0.06000000000000005 0.17672000000000018
0.06000000000000005 0.16648000000000024
0.06000000000000005 0.1614600000000002
0.06000000000000005 0.1605200000000001
0.06000000000000005 0.1624400000000001
0.06000000000000005 0.16618000000000013
0.06000000000000005 0.15888000000000002
0.06000000000000005 0.1448600000000001
0.06000000000000005 0.1472200000000001
0.06000000000000005 0.1526600000000001
0.06000000000000005 0.14568000000000011
0.06000000000000005 0.1455000000000001
0.06000000000000005 0.15038000000000024
0.06000000000000005 0.15452000000000002
0.06000000000000005 0.1531200000000002
0.06000000000000005 0.14754000000000037
0.06000000000000005 0.1570400000000002
0.06000000000000005 0.15966000000000014
0.06000000000000005 0.15510000000000004
0.06000000000000005 0.15185999999999986
0.06000000000000005 0.1552599999999998
0.06000000000000005 0.16177999999999984
0.06000000000000005 0.1523400000000001
0.06000000000000005 0.16236000000000012
0.06000000000000005 0.1612
0.06000000000000005 0.15597999999999992
0.06000000000000005 0.1541799999999998
0.06000000000000005 0.14952000000000001
0.06000000000000005 0.15780000000000002
0.06000000000000005 0.16542000000000004
